00:00||540836500||408258||0.00075241
00:01||541486000||408258||0.00075241
00:02||541486000||408258||0.00075241
00:03||541486000||408258||0.00075241
00:04||541486000||408258||0.00075241
00:05||541535000||408258||0.00075241
00:06||541535000||408258||0.00075241
00:07||541535000||408258||0.00075241
00:08||541535000||408258||0.00075241
00:09||541989000||408258||0.00075241
00:10||542545000||408258||0.00075241
00:11||541547500||408258||0.00075241
00:12||541547500||408258||0.00075241
00:13||541547500||408258||0.00075241
00:14||541547500||408258||0.00075241
00:15||541547500||408258||0.00075241
00:16||541547500||408258||0.00075241
00:17||541547500||408258||0.00075241
00:18||541547500||408258||0.00075241
00:19||541547500||409235||0.00075241
00:20||541547500||409235||0.00075241
00:21||541451500||409235||0.00075241
00:22||541451500||409235||0.00075241
00:23||541451500||409235||0.00075241
00:24||541451500||409235||0.00075241
00:25||541451500||409235||0.00075241
00:26||541451500||409235||0.00075241
00:27||541059500||409235||0.00075241
00:28||540324500||409235||0.00075241
00:29||541549000||409235||0.00075241
00:30||539981500||409235||0.00075241
00:31||539834500||409235||0.00075241
00:32||541549000||409235||0.00075241
00:33||541549000||409235||0.00075241
00:34||541549000||409235||0.00075241
00:35||539696500||409235||0.00075241
00:36||541157000||409235||0.00075241
00:37||541157000||409235||0.00075241
00:38||541157000||409235||0.00075241
00:39||541157000||409235||0.00075241
00:40||541157000||409235||0.00075241
00:41||541157000||409235||0.00075241
00:42||541157000||409235||0.00075241
00:43||541157000||409235||0.00075241
00:44||541157000||409235||0.00075241
00:45||541157000||409235||0.00075241
00:46||541157000||409235||0.00075241
00:47||541157000||409235||0.00075241
00:48||541157000||409235||0.00075241
00:49||541196500||409235||0.00075241
00:50||541196500||409235||0.00075241
00:51||541196500||409235||0.00075241
00:52||541236500||409235||0.00075241
00:53||541236500||409235||0.00075241
00:54||541236500||409235||0.00075241
00:55||541236500||409235||0.00075241
00:56||541236500||409235||0.00075241
00:57||541236500||409235||0.00075241
00:58||541236500||409235||0.00075241
00:59||541236500||409235||0.00075241
01:00||541636500||409310||0.00075241
01:01||541589000||409310||0.00075241
01:02||541589000||409238||0.00075241
01:03||541589000||409238||0.00075241
01:04||542040000||409238||0.00075241
01:05||542040000||409238||0.00075241
01:06||542040000||409238||0.00075241
01:07||542040000||409238||0.00075241
01:08||542040000||409238||0.00075241
01:09||542040000||409238||0.00075241
01:10||542040000||409238||0.00075241
01:11||542040000||406433||0.00075241
01:12||542040000||406433||0.00075241
01:13||542040000||406433||0.00075241
01:14||542040000||406433||0.00075241
01:15||542040000||406433||0.00075241
01:16||542040000||406433||0.00075241
01:17||542040000||406433||0.00075241
01:18||542040000||406433||0.00075241
01:19||541452000||406433||0.00075241
01:20||541501000||406433||0.00075241
01:21||541501000||406433||0.00075241
01:22||541501000||406433||0.00075241
01:23||541402000||406433||0.00075241
01:24||541402000||406433||0.00075241
01:25||541402000||406433||0.00075241
01:26||541307000||406433||0.00075241
01:27||541548000||406433||0.00075241
01:28||541548000||406433||0.00075241
01:29||541499000||406433||0.00075241
01:30||541499000||406433||0.00075241
01:31||541499000||406433||0.00075241
01:32||541499000||406433||0.00075241
01:33||541499000||406433||0.00075241
01:34||541499000||406433||0.00075241
01:35||541499000||406433||0.00075241
01:36||541499000||406433||0.00075241
01:37||541547500||406433||0.00075241
01:38||541547500||406433||0.00075241
01:39||541547500||406433||0.00075241
01:40||541347500||406433||0.00075241
01:41||541347500||406433||0.00075241
01:42||541347500||406433||0.00075241
01:43||542080500||406433||0.00075241
01:44||542407000||406433||0.00075241
01:45||542919000||408060||0.00075241
01:46||542919000||408060||0.00075241
01:47||543119000||408060||0.00075241
01:48||543119000||408060||0.00075241
01:49||543624500||408060||0.00075241
01:50||541499500||408060||0.00075241
01:51||541451500||408060||0.00075241
01:52||541451500||408060||0.00075241
01:53||541451500||408060||0.00075241
01:54||541451500||408060||0.00075241
01:55||541451500||408060||0.00075241
01:56||541451500||408060||0.00075241
01:57||541695000||408060||0.00075241
01:58||541695000||408060||0.00075241
01:59||541652500||408060||0.00075241
02:00||541694500||408060||0.00075241
02:01||541694500||408060||0.00075241
02:02||541694500||408060||0.00075241
02:03||541694500||408060||0.00075241
02:04||541694500||408060||0.00075241
02:05||541094500||408060||0.00075241
02:06||541094500||408060||0.00075241
02:07||541094500||408196||0.00075241
02:08||541094500||408196||0.00075241
02:09||541094500||408196||0.00075241
02:10||541094500||408196||0.00075241
02:11||541094500||408196||0.00075241
02:12||541094500||408196||0.00075241
02:13||541094500||408196||0.00075241
02:14||541094500||408196||0.00075241
02:15||541094500||408196||0.00075241
02:16||541742500||409235||0.00075241
02:17||541742500||409235||0.00075241
02:18||541742500||409235||0.00075241
02:19||541742500||409235||0.00075241
02:20||541742500||409235||0.00075241
02:21||541742500||409235||0.00075241
02:22||541742500||409235||0.00075241
02:23||541945500||409235||0.00075241
02:24||541945500||409235||0.00075241
02:25||541945500||409235||0.00075241
02:26||541754000||409235||0.00075241
02:27||540994500||409235||0.00075241
02:28||540994500||409235||0.00075241
02:29||540994500||409235||0.00075241
02:30||540994500||407740||0.00075241
02:31||540994500||407740||0.00075241
02:32||540994500||407740||0.00075241
02:33||540994500||407740||0.00075241
02:34||541001500||407740||0.00075241
02:35||541001500||407740||0.00075241
02:36||541019500||407740||0.00075241
02:37||541019500||407740||0.00075241
02:38||541019500||407740||0.00075241
02:39||541019500||407740||0.00075241
02:40||541506500||407740||0.00075241
02:41||541506500||407740||0.00075241
02:42||541506500||407740||0.00075241
02:43||541506500||407740||0.00075241
02:44||541506500||407740||0.00075241
02:45||541506500||407740||0.00075241
02:46||541511500||407740||0.00075241
02:47||541511500||407740||0.00075241
02:48||541511500||407740||0.00075241
02:49||541511500||407740||0.00075241
02:50||541503500||407740||0.00075241
02:51||541503500||407740||0.00075241
02:52||541503500||407740||0.00075241
02:53||541503500||407740||0.00075241
02:54||541503500||407740||0.00075241
02:55||541503500||407740||0.00075241
02:56||541503500||407740||0.00075241
02:57||541503500||407740||0.00075241
02:58||541503500||407740||0.00075241
02:59||541503500||407740||0.00075241
03:00||541503500||407740||0.00075241
03:01||541503500||407740||0.00075241
03:02||541503500||407740||0.00075241
03:03||541503500||407740||0.00075241
03:04||541503500||407740||0.00075241
03:05||541511500||407740||0.00075241
03:06||541503500||407740||0.00075241
03:07||541503500||407740||0.00075241
03:08||541503500||407740||0.00075241
03:09||541503500||407129||0.00075241
03:10||541503500||407129||0.00075241
03:11||541503500||407129||0.00075241
03:12||541503500||407129||0.00075241
03:13||541503500||407129||0.00075241
03:14||541503500||407129||0.00075241
03:15||541503500||407129||0.00075241
03:16||541503500||407129||0.00075241
03:17||540563500||407129||0.00075241
03:18||540563500||407129||0.00075241
03:19||540563500||407129||0.00075241
03:20||540563500||407129||0.00075241
03:21||540563500||407129||0.00075241
03:22||540563500||407129||0.00075241
03:23||540563500||407129||0.00075241
03:24||540563500||407129||0.00075241
03:25||540563500||407129||0.00075241
03:26||540563500||407129||0.00075241
03:27||540563500||407129||0.00075241
03:28||540563500||407129||0.00075241
03:29||540563500||407129||0.00075241
03:30||540563500||407129||0.00075241
03:31||540563500||407129||0.00075241
03:32||540563500||407129||0.00075241
03:33||540563500||407129||0.00075241
03:34||540563500||407129||0.00075241
03:35||540563500||407092||0.00075241
03:36||540563500||407092||0.00075241
03:37||540563500||407092||0.00075241
03:38||540563500||407092||0.00075241
03:39||540563500||407092||0.00075241
03:40||540563500||407092||0.00075241
03:41||540563500||407092||0.00075241
03:42||540563500||407092||0.00075241
03:43||540563500||407092||0.00075241
03:44||540563500||407092||0.00075241
03:45||540563500||407092||0.00075241
03:46||540563500||407092||0.00075241
03:47||540563500||407092||0.00075241
03:48||540563500||407092||0.00075241
03:49||540563500||407092||0.00075241
03:50||540563500||407092||0.00075241
03:51||540563500||407092||0.00075241
03:52||540563500||407092||0.00075241
03:53||540563500||407092||0.00075241
03:54||540563500||407092||0.00075241
03:55||540563500||407092||0.00075241
03:56||540563500||407092||0.00075241
03:57||540563500||407092||0.00075241
03:58||540563500||407092||0.00075241
03:59||540563500||407092||0.00075241
04:00||540563500||407092||0.00075241
04:01||540563500||407092||0.00075241
04:02||540563500||407092||0.00075241
04:03||540563500||407092||0.00075241
04:04||540563500||407092||0.00075241
04:05||540563500||407092||0.00075241
04:06||540563500||407092||0.00075241
04:07||540563500||407092||0.00075241
04:08||540563500||407092||0.00075241
04:09||540563500||407092||0.00075241
04:10||540563500||407092||0.00075241
04:11||540563500||407092||0.00075241
04:12||540563500||407092||0.00075241
04:13||540563500||407092||0.00075241
04:14||540563500||407092||0.00075241
04:15||540563500||407092||0.00075241
04:16||540573500||407092||0.00075241
04:17||540573500||407092||0.00075241
04:18||540573500||407092||0.00075241
04:19||540573500||407092||0.00075241
04:20||540573500||407092||0.00075241
04:21||540573500||407092||0.00075241
04:22||540573500||407092||0.00075241
04:23||540573500||407092||0.00075241
04:24||540573500||407092||0.00075241
04:25||540573500||407092||0.00075241
04:26||540573500||407092||0.00075241
04:27||540563500||407092||0.00075241
04:28||540553500||407092||0.00075241
04:29||540553500||407092||0.00075241
04:30||540553500||407092||0.00075241
04:31||540553500||407092||0.00075241
04:32||540573500||407092||0.00075241
04:33||540573500||407092||0.00075241
04:34||540573500||407092||0.00075241
04:35||540573500||407092||0.00075241
04:36||540553500||407092||0.00075241
04:37||540563500||406373||0.00075241
04:38||540573500||406373||0.00075241
04:39||540553500||406373||0.00075241
04:40||540553500||406373||0.00075241
04:41||540553500||406373||0.00075241
04:42||540553500||406373||0.00075241
04:43||540553500||406373||0.00075241
04:44||540563500||406373||0.00075241
04:45||540563500||406373||0.00075241
04:46||540573500||406373||0.00075241
04:47||540573500||406373||0.00075241
04:48||540573500||406373||0.00075241
04:49||540573500||406373||0.00075241
04:50||540573500||406373||0.00075241
04:51||540573500||406373||0.00075241
04:52||540548000||406373||0.00075241
04:53||540548000||406373||0.00075241
04:54||540548000||406373||0.00075241
04:55||540548000||406373||0.00075241
04:56||540548000||406373||0.00075241
04:57||540548000||406373||0.00075241
04:58||540320500||406373||0.00075241
04:59||540539000||406373||0.00075241
05:00||540208000||406373||0.00075241
05:01||540208000||406373||0.00075241
05:02||540148000||406373||0.00075241
05:03||540148000||406373||0.00075241
05:04||540148000||406373||0.00075241
05:05||540149000||406373||0.00075241
05:06||540149000||406373||0.00075241
05:07||540149000||406373||0.00075241
05:08||540149000||406373||0.00075241
05:09||540149000||406373||0.00075241
05:10||540149000||406373||0.00075241
05:11||540149000||406373||0.00075241
05:12||540149000||406373||0.00075241
05:13||540199500||406451||0.00075241
05:14||540199500||406451||0.00075241
05:15||540199500||406451||0.00075241
05:16||540199500||406451||0.00075241
05:17||540199500||406451||0.00075241
05:18||540199500||406451||0.00075241
05:19||540199500||406451||0.00075241
05:20||540199500||406451||0.00075241
05:21||540199500||406451||0.00075241
05:22||540199500||406451||0.00075241
05:23||540199500||406451||0.00075241
05:24||540199500||406451||0.00075241
05:25||540199500||406451||0.00075241
05:26||540199500||406451||0.00075241
05:27||540199500||406451||0.00075241
05:28||540199500||406451||0.00075241
05:29||540099000||406451||0.00075241
05:30||540099000||406451||0.00075241
05:31||540099000||406451||0.00075241
05:32||540099000||406451||0.00075241
05:33||540099000||406451||0.00075241
05:34||540138000||406451||0.00075241
05:35||540137000||406451||0.00075241
05:36||539421000||406301||0.00075241
05:37||539421000||406301||0.00075241
05:38||539421000||406301||0.00075241
05:39||538179500||405548||0.00075241
05:40||538179500||405548||0.00075241
05:41||537244000||404420||0.00075241
05:42||537244000||404420||0.00075241
05:43||537244000||404420||0.00075241
05:44||537244000||404420||0.00075241
05:45||537244000||404420||0.00075241
05:46||537244000||404420||0.00075241
05:47||537244000||404420||0.00075241
05:48||537244000||404420||0.00075241
05:49||537244000||404420||0.00075241
05:50||537244000||404420||0.00075241
05:51||537244000||404420||0.00075241
05:52||537244000||404420||0.00075241
05:53||537244000||404420||0.00075241
05:54||537244000||404420||0.00075241
05:55||537244000||404420||0.00075241
05:56||537244000||404420||0.00075241
05:57||537244000||404420||0.00075241
05:58||538256000||404420||0.00075241
05:59||538256000||404420||0.00075241
06:00||538256000||404420||0.00075241
06:01||538256000||404420||0.00075241
06:02||538256000||404420||0.00075241
06:03||538225000||404420||0.00075241
06:04||537980000||404420||0.00075241
06:05||537735000||404420||0.00075241
06:06||537500000||404420||0.00075241
06:07||537250000||404420||0.00075241
06:08||537250000||404044||0.00075241
06:09||537250000||404044||0.00075241
06:10||537250000||404044||0.00075241
06:11||537250000||404044||0.00075241
06:12||537250000||404044||0.00075241
06:13||537250000||404044||0.00075241
06:14||537250000||404420||0.00075241
06:15||537250000||404420||0.00075241
06:16||537250000||404420||0.00075241
06:17||537250000||404420||0.00075241
06:18||537250000||404420||0.00075241
06:19||537250000||404420||0.00075241
06:20||537255000||404420||0.00075241
06:21||537255000||404420||0.00075241
06:22||537255000||404420||0.00075241
06:23||537451000||404420||0.00075241
06:24||537755000||404420||0.00075241
06:25||537951000||404420||0.00075241
06:26||537951000||404420||0.00075241
06:27||537999500||404758||0.00075241
06:28||537999500||404758||0.00075241
06:29||539255000||405548||0.00075241
06:30||539250000||405548||0.00075241
06:31||539250000||405548||0.00075241
06:32||539250000||405548||0.00075241
06:33||539250000||405548||0.00075241
06:34||539250000||405548||0.00075241
06:35||539250000||405548||0.00075241
06:36||539250000||405925||0.00075241
06:37||539750000||405925||0.00075241
06:38||538746000||405925||0.00075241
06:39||538746000||405925||0.00075241
06:40||538746000||405925||0.00075241
06:41||538746000||405925||0.00075241
06:42||538746000||405925||0.00075241
06:43||538746000||405925||0.00075241
06:44||538746000||405925||0.00075241
06:45||538746000||405925||0.00075241
06:46||538746000||405925||0.00075241
06:47||538731000||405925||0.00075241
06:48||538235500||404044||0.00075241
06:49||538235500||404044||0.00075241
06:50||538275000||404081||0.00075241
06:51||538275000||405925||0.00075241
06:52||538275000||405925||0.00075241
06:53||538300000||405925||0.00075241
06:54||538299500||405925||0.00075241
06:55||538299500||405925||0.00075241
06:56||538299500||405925||0.00075241
06:57||538299500||405925||0.00075241
06:58||538299500||405925||0.00075241
06:59||538275500||405925||0.00075241
07:00||538275500||405925||0.00075241
07:01||538275500||405925||0.00075241
07:02||538274500||405925||0.00075241
07:03||538274000||405925||0.00075241
07:04||538297500||405925||0.00075241
07:05||538297500||405925||0.00075241
07:06||538369500||405925||0.00075241
07:07||538369500||405925||0.00075241
07:08||538369500||405925||0.00075241
07:09||538348000||405925||0.00075241
07:10||537787500||405925||0.00075241
07:11||537813500||405925||0.00075241
07:12||537786000||405925||0.00075241
07:13||537799500||405925||0.00075241
07:14||537786000||405152||0.00075241
07:15||537048500||404118||0.00075241
07:16||537048500||404118||0.00075241
07:17||537048500||404044||0.00075241
07:18||537048500||404117||0.00075241
07:19||537048500||404117||0.00075241
07:20||537048500||404117||0.00075241
07:21||537048500||404117||0.00075241
07:22||537048500||404117||0.00075241
07:23||537048500||404117||0.00075241
07:24||537049500||404117||0.00075241
07:25||537048500||404117||0.00075241
07:26||537048500||404117||0.00075241
07:27||537048500||404044||0.00075241
07:28||537048500||404044||0.00075241
07:29||537001500||404044||0.00075241
07:30||537001000||404044||0.00075241
07:31||537001000||404044||0.00075241
07:32||537001000||404044||0.00075241
07:33||537001000||404044||0.00075241
07:34||536600000||404044||0.00075241
07:35||536600000||404044||0.00075241
07:36||536600000||404044||0.00075241
07:37||536600000||404044||0.00075241
07:38||536106000||403454||0.00075241
07:39||536106000||403454||0.00075241
07:40||536106000||403291||0.00075241
07:41||535557500||402959||0.00075241
07:42||535557500||402958||0.00075241
07:43||535557500||402958||0.00075241
07:44||535555500||402957||0.00075241
07:45||535453500||402803||0.00075241
07:46||535351500||402803||0.00075241
07:47||535351500||402803||0.00075241
07:48||535351500||402803||0.00075241
07:49||535351500||402803||0.00075241
07:50||535351500||402803||0.00075241
07:51||535351500||402803||0.00075241
07:52||535351500||402803||0.00075241
07:53||535351500||402803||0.00075241
07:54||535351500||402803||0.00075241
07:55||535351500||402803||0.00075241
07:56||535351500||402803||0.00075241
07:57||535454500||402803||0.00075241
07:58||535454500||402803||0.00075241
07:59||535454500||402803||0.00075241
08:00||535456500||402803||0.00075241
08:01||536894000||405172||0.00075241
08:02||536804000||402850||0.00075241
08:03||536902000||402850||0.00075241
08:04||536765000||402850||0.00075241
08:05||537217500||402850||0.00075241
08:06||537035000||402850||0.00075241
08:07||536844500||402850||0.00075241
08:08||536703000||402850||0.00075241
08:09||536573000||404255||0.00075241
08:10||536549000||404255||0.00075241
08:11||536549000||404255||0.00075241
08:12||536549000||404255||0.00075241
08:13||537035000||405166||0.00075241
08:14||536934000||405166||0.00075241
08:15||536934000||405166||0.00075241
08:16||536952500||405166||0.00075241
08:17||538164500||404665||0.00075241
08:18||538158000||404665||0.00075241
08:19||538095500||404665||0.00075241
08:20||538042500||404665||0.00075241
08:21||537081000||403291||0.00075241
08:22||536893500||403291||0.00075241
08:23||536737000||403291||0.00075241
08:24||536646500||403291||0.00075241
08:25||537161000||403291||0.00075241
08:26||537450500||403291||0.00075241
08:27||537147500||403839||0.00075241
08:28||537211500||403291||0.00075241
08:29||537403500||404449||0.00075241
08:30||537265500||404449||0.00075241
08:31||537153000||404650||0.00075241
08:32||537061000||404441||0.00075241
08:33||536986000||404441||0.00075241
08:34||536925000||404248||0.00075241
08:35||536490000||404028||0.00075241
08:36||536391500||403880||0.00075241
08:37||537203500||403667||0.00075241
08:38||536666500||403667||0.00075241
08:39||536666500||403793||0.00075241
08:40||536666500||403793||0.00075241
08:41||536666500||403792||0.00075241
08:42||536666500||403792||0.00075241
08:43||536666500||403792||0.00075241
08:44||536666500||403792||0.00075241
08:45||536666500||403792||0.00075241
08:46||536666500||403793||0.00075241
08:47||536666500||403793||0.00075241
08:48||536666500||403792||0.00075241
08:49||536666500||403792||0.00075241
08:50||536666500||403792||0.00075241
08:51||536666500||403792||0.00075241
08:52||536666500||403793||0.00075241
08:53||536666500||403792||0.00075241
08:54||536334000||403792||0.00075241
08:55||536333500||403291||0.00075241
08:56||536001500||403291||0.00075241
08:57||536001500||403291||0.00075241
08:58||536001500||403291||0.00075241
08:59||536001500||403291||0.00075241
09:00||536001500||403291||0.00075241
09:01||536001500||403293||0.00075241
09:02||535771500||403292||0.00075241
09:03||535771500||402946||0.00075241
09:04||535771500||402946||0.00075241
09:05||535771500||402946||0.00075241
09:06||535771500||402946||0.00075241
09:07||535771500||402946||0.00075241
09:08||535772000||402946||0.00075241
09:09||535772000||402946||0.00075241
09:10||535772000||402946||0.00075241
09:11||536001000||402946||0.00075241
09:12||536000500||402946||0.00075241
09:13||536000500||402946||0.00075241
09:14||536000500||402946||0.00075241
09:15||536000500||402946||0.00075241
09:16||536000500||403292||0.00075241
09:17||536000500||403292||0.00075241
09:18||536000500||403292||0.00075241
09:19||536000500||403292||0.00075241
09:20||536000500||403292||0.00075241
09:21||536000500||403291||0.00075241
09:22||536000500||403291||0.00075241
09:23||536000500||403291||0.00075241
09:24||536000500||403292||0.00075241
09:25||536000500||403292||0.00075241
09:26||536000500||403292||0.00075241
09:27||536000500||403292||0.00075241
09:28||536000500||403292||0.00075241
09:29||536000500||403292||0.00075241
09:30||536000500||403292||0.00075241
09:31||536000500||403292||0.00075241
09:32||536000500||403292||0.00075241
09:33||536000500||403292||0.00075241
09:34||536000500||403292||0.00075241
09:35||536000500||403292||0.00075241
09:36||536000500||403292||0.00075241
09:37||536000500||403292||0.00075241
09:38||536000500||403292||0.00075241
09:39||537062000||404922||0.00075241
09:40||537062000||404922||0.00075241
09:41||537062000||404889||0.00075241
09:42||537062000||404889||0.00075241
09:43||537062000||404889||0.00075241
09:44||537062000||404889||0.00075241
09:45||537062000||404889||0.00075241
09:46||537062000||404889||0.00075241
09:47||536873500||404796||0.00075241
09:48||536500500||404796||0.00075241
09:49||536500500||403668||0.00075241
09:50||536500500||403668||0.00075241
09:51||536500500||403668||0.00075241
09:52||536250500||403291||0.00075241
09:53||536250500||403291||0.00075241
09:54||536250500||403291||0.00075241
09:55||536250500||403291||0.00075241
09:56||536250500||403291||0.00075241
09:57||536500000||403291||0.00075241
09:58||536500000||403291||0.00075241
09:59||536525000||403291||0.00075241
10:00||536550000||403291||0.00075241
10:01||536550500||403291||0.00075241
10:02||536300500||403291||0.00075241
10:03||536750000||404044||0.00075241
10:04||536745500||404044||0.00075241
10:05||536745000||404044||0.00075241
10:06||536750000||404044||0.00075241
10:07||536750000||404044||0.00075241
10:08||536768000||404044||0.00075241
10:09||536768000||404044||0.00075241
10:10||536999500||404044||0.00075241
10:11||536999500||404043||0.00075241
10:12||536999500||404044||0.00075241
10:13||536999500||404044||0.00075241
10:14||536999500||404044||0.00075241
10:15||536999500||404044||0.00075241
10:16||536999500||404044||0.00075241
10:17||536999500||404044||0.00075241
10:18||536999500||404044||0.00075241
10:19||536999500||404044||0.00075241
10:20||536999500||404044||0.00075241
10:21||536999500||404044||0.00075241
10:22||536999500||404044||0.00075241
10:23||536999500||404044||0.00075241
10:24||536999500||404044||0.00075241
10:25||536999500||404044||0.00075241
10:26||537499000||404044||0.00075241
10:27||537499000||404795||0.00075241
10:28||537499000||404795||0.00075241
10:29||537499000||404795||0.00075241
10:30||537499000||404795||0.00075241
10:31||537499000||404795||0.00075241
10:32||537499000||404795||0.00075241
10:33||537498500||404795||0.00075241
10:34||537498500||404795||0.00075241
10:35||537498500||404795||0.00075241
10:36||537498500||404043||0.00075241
10:37||537498500||404043||0.00075241
10:38||537498500||404043||0.00075241
10:39||537498500||404795||0.00075241
10:40||537498500||404795||0.00075241
10:41||537520500||404795||0.00075241
10:42||537992500||404795||0.00075241
10:43||537992500||404795||0.00075241
10:44||537992500||404795||0.00075241
10:45||537992500||404795||0.00075241
10:46||537994000||404795||0.00075241
10:47||537997500||404795||0.00075241
10:48||537997500||404795||0.00075241
10:49||537997500||404795||0.00075241
10:50||537998000||404795||0.00075241
10:51||537998000||404795||0.00075241
10:52||538097000||404922||0.00075241
10:53||538139500||404922||0.00075241
10:54||538166500||404922||0.00075241
10:55||539170000||405548||0.00075241
10:56||538998500||405548||0.00075241
10:57||539386500||406293||0.00075241
10:58||539473000||406293||0.00075241
10:59||539547500||406293||0.00075241
11:00||539997500||405685||0.00075241
11:01||539997500||405685||0.00075241
11:02||539997500||405685||0.00075241
11:03||539999500||406301||0.00075241
11:04||539999500||406301||0.00075241
11:05||539999500||406301||0.00075241
11:06||539999500||406301||0.00075241
11:07||539999500||406301||0.00075241
11:08||540108500||406311||0.00075241
11:09||540108500||406314||0.00075241
11:10||540108500||406451||0.00075241
11:11||540108500||406451||0.00075241
11:12||540108500||406451||0.00075241
11:13||540108500||406451||0.00075241
11:14||540199500||406451||0.00075241
11:15||540599500||407053||0.00075241
11:16||540599500||407053||0.00075241
11:17||540599500||407053||0.00075241
11:18||540870000||407053||0.00075241
11:19||540849500||407053||0.00075241
11:20||540849500||407053||0.00075241
11:21||541402000||407053||0.00075241
11:22||541304500||407053||0.00075241
11:23||541304500||407053||0.00075241
11:24||541304500||407053||0.00075241
11:25||541304500||407282||0.00075241
11:26||541304500||407282||0.00075241
11:27||541422500||407460||0.00075241
11:28||541422500||407460||0.00075241
11:29||541651500||407805||0.00075241
11:30||541651500||407805||0.00075241
11:31||541659000||407293||0.00075241
11:32||541852500||407293||0.00075241
11:33||541954000||407736||0.00075241
11:34||541908500||407736||0.00075241
11:35||542398000||407806||0.00075241
11:36||542829500||407806||0.00075241
11:37||542879500||407806||0.00075241
11:38||542879500||407806||0.00075241
11:39||542879500||407806||0.00075241
11:40||542879500||407806||0.00075241
11:41||542879500||407806||0.00075241
11:42||542879500||408468||0.00075241
11:43||542883500||408468||0.00075241
11:44||542939500||408474||0.00075241
11:45||542939500||408558||0.00075241
11:46||542999500||408558||0.00075241
11:47||542999500||408558||0.00075241
11:48||542999500||408558||0.00075241
11:49||542999500||408558||0.00075241
11:50||543499500||409311||0.00075241
11:51||543499500||409311||0.00075241
11:52||543510000||409311||0.00075241
11:53||544248500||409685||0.00075241
11:54||544997500||410061||0.00075241
11:55||544997500||410061||0.00075241
11:56||544998000||410061||0.00075241
11:57||545084000||410070||0.00075241
11:58||544985500||410715||0.00075241
11:59||544940500||410715||0.00075241
12:00||544940500||410019||0.00075241
12:01||544940500||410019||0.00075241
12:02||544940500||410019||0.00075241
12:03||544940500||410019||0.00075241
12:04||544940500||410019||0.00075241
12:05||544940500||410019||0.00075241
12:06||544940500||410019||0.00075241
12:07||544940500||410019||0.00075241
12:08||546319000||410815||0.00075241
12:09||546545500||410815||0.00075241
12:10||547275500||411606||0.00075241
12:11||547997500||412319||0.00075241
12:12||548504500||412320||0.00075241
12:13||548504500||413073||0.00075241
12:14||548504500||412327||0.00075241
12:15||549004500||412327||0.00075241
12:16||549004000||412327||0.00075241
12:17||549004000||412327||0.00075241
12:18||549043000||412327||0.00075241
12:19||549043000||412386||0.00075241
12:20||549043000||412386||0.00075241
12:21||548087500||412386||0.00075241
12:22||548087500||412386||0.00075241
12:23||548087500||412386||0.00075241
12:24||549043500||413825||0.00075241
12:25||549063000||413825||0.00075241
12:26||549044000||413825||0.00075241
12:27||548576000||413825||0.00075241
12:28||548276000||413825||0.00075241
12:29||548276000||413825||0.00075241
12:30||548276000||413825||0.00075241
12:31||549044000||413825||0.00075241
12:32||549044000||413825||0.00075241
12:33||549024500||413767||0.00075241
12:34||549024500||413767||0.00075241
12:35||549922500||413766||0.00075241
12:36||549922500||413766||0.00075241
12:37||549922500||413767||0.00075241
12:38||549960000||413823||0.00075241
12:39||550115000||413825||0.00075241
12:40||550140000||414577||0.00075241
12:41||550145000||414577||0.00075241
12:42||551529500||415754||0.00075241
12:43||552999500||416081||0.00075241
12:44||553994500||417580||0.00075241
12:45||553994500||417580||0.00075241
12:46||553999500||417587||0.00075241
12:47||553999000||417587||0.00075241
12:48||553999000||416081||0.00075241
12:49||553999000||416081||0.00075241
12:50||553999000||416081||0.00075241
12:51||554999500||417586||0.00075241
12:52||553247500||417586||0.00075241
12:53||554994500||417583||0.00075241
12:54||553297500||417583||0.00075241
12:55||553297500||417583||0.00075241
12:56||553297500||417583||0.00075241
12:57||553297500||417583||0.00075241
12:58||553298000||417583||0.00075241
12:59||553297500||417583||0.00075241
13:00||553298500||417583||0.00075241
13:01||553498000||417583||0.00075241
13:02||553498000||417583||0.00075241
13:03||553497000||415331||0.00075241
13:04||553495000||415331||0.00075241
13:05||553495000||415331||0.00075241
13:06||553000000||415331||0.00075241
13:07||553000000||415331||0.00075241
13:08||553000000||415331||0.00075241
13:09||553000000||415331||0.00075241
13:10||553000000||415331||0.00075241
13:11||553001500||415331||0.00075241
13:12||553250000||415331||0.00075241
13:13||553250000||415708||0.00075241
13:14||553251500||415708||0.00075241
13:15||553249000||416833||0.00075241
13:16||553249000||415710||0.00075241
13:17||553249000||415710||0.00075241
13:18||553203000||415710||0.00075241
13:19||553201500||415706||0.00075241
13:20||553201500||415706||0.00075241
13:21||553201500||415706||0.00075241
13:22||553245500||415706||0.00075241
13:23||553245500||416828||0.00075241
13:24||552996500||415331||0.00075241
13:25||552996500||415331||0.00075241
13:26||552998000||416828||0.00075241
13:27||552998000||415334||0.00075241
13:28||552998000||415334||0.00075241
13:29||552998000||415334||0.00075241
13:30||552998000||415334||0.00075241
13:31||552998000||415334||0.00075241
13:32||552998000||415334||0.00075241
13:33||553497500||417580||0.00075241
13:34||553499000||417580||0.00075241
13:35||553499000||415336||0.00075241
13:36||553500000||415336||0.00075241
13:37||553500000||415336||0.00075241
13:38||553381000||415336||0.00075241
13:39||552507000||416082||0.00075241
13:40||552507000||416082||0.00075241
13:41||552014500||416082||0.00075241
13:42||552014500||416082||0.00075241
13:43||552014500||416082||0.00075241
13:44||552014500||415341||0.00075241
13:45||554000000||419092||0.00075241
13:46||554852000||419092||0.00075241
13:47||554852000||419092||0.00075241
13:48||556001000||417587||0.00075241
13:49||556853000||417587||0.00075241
13:50||556852000||418871||0.00075241
13:51||554000500||416835||0.00075241
13:52||555496500||416835||0.00075241
13:53||555519000||416835||0.00075241
13:54||555304500||416835||0.00075241
13:55||555226500||418714||0.00075241
13:56||555501000||417963||0.00075241
13:57||555501000||417963||0.00075241
13:58||555499500||417963||0.00075241
13:59||555749500||417963||0.00075241
14:00||555749500||418339||0.00075241
14:01||555749500||418339||0.00075241
14:02||556115000||418716||0.00075241
14:03||556102500||418716||0.00075241
14:04||556089000||417963||0.00075241
14:05||555499500||417963||0.00075241
14:06||555499500||417963||0.00075241
14:07||555499500||417963||0.00075241
14:08||555499500||417963||0.00075241
14:09||555499500||417963||0.00075241
14:10||555499500||417963||0.00075241
14:11||555499500||417963||0.00075241
14:12||555499500||417963||0.00075241
14:13||555499500||417963||0.00075241
14:14||555499500||417963||0.00075241
14:15||555499500||417963||0.00075241
14:16||555499500||417963||0.00075241
14:17||555499500||417963||0.00075241
14:18||555001500||417963||0.00075241
14:19||555001500||417963||0.00075241
14:20||555001500||417588||0.00075241
14:21||555001500||417588||0.00075241
14:22||554520000||417553||0.00075241
14:23||554520000||417553||0.00075241
14:24||554520000||417553||0.00075241
14:25||554520000||416917||0.00075241
14:26||554520000||416917||0.00075241
14:27||554497000||416917||0.00075241
14:28||554497000||417500||0.00075241
14:29||554497000||417500||0.00075241
14:30||554497000||417500||0.00075241
14:31||554110500||417500||0.00075241
14:32||554504500||417511||0.00075241
14:33||554501500||417511||0.00075241
14:34||554306000||416925||0.00075241
14:35||554306000||416925||0.00075241
14:36||554310000||416925||0.00075241
14:37||554310000||416925||0.00075241
14:38||554310000||416925||0.00075241
14:39||554310000||416925||0.00075241
14:40||554310000||416925||0.00075241
14:41||554370000||416925||0.00075241
14:42||554240500||416925||0.00075241
14:43||554240500||417015||0.00075241
14:44||554240500||417015||0.00075241
14:45||554240500||417015||0.00075241
14:46||554240500||417015||0.00075241
14:47||554240500||417015||0.00075241
14:48||554240500||417015||0.00075241
14:49||554240500||417015||0.00075241
14:50||554240500||417015||0.00075241
14:51||554240500||417016||0.00075241
14:52||554240500||417016||0.00075241
14:53||554240500||417016||0.00075241
14:54||554240500||417016||0.00075241
14:55||554240500||417016||0.00075241
14:56||554240500||417016||0.00075241
14:57||554240500||417015||0.00075241
14:58||554240500||417015||0.00075241
14:59||554240500||417015||0.00075241
15:00||554240500||417015||0.00075241
15:01||554240500||417015||0.00075241
15:02||554240500||417015||0.00075241
15:03||554240500||417015||0.00075241
15:04||554240500||417015||0.00075241
15:05||554240500||417015||0.00075241
15:06||554240500||417015||0.00075241
15:07||554240500||417015||0.00075241
15:08||554240500||417016||0.00075241
15:09||554240500||417016||0.00075241
15:10||554240500||417016||0.00075241
15:11||554240500||417016||0.00075241
15:12||554240500||417016||0.00075241
15:13||554240500||417016||0.00075241
15:14||554240500||417016||0.00075241
15:15||554240500||417015||0.00075241
15:16||554240500||417015||0.00075241
15:17||554240500||417015||0.00075241
15:18||554240500||417015||0.00075241
15:19||555399500||417016||0.00075241
15:20||555399500||417016||0.00075241
15:21||555749500||417963||0.00075241
15:22||555998500||418714||0.00075241
15:23||555998500||418714||0.00075241
15:24||555998500||418713||0.00075241
15:25||556248500||418713||0.00075241
15:26||556248500||418713||0.00075241
15:27||556248500||418713||0.00075241
15:28||556248500||418339||0.00075241
15:29||556248000||418339||0.00075241
15:30||556248000||418713||0.00075241
15:31||556245000||418708||0.00075241
15:32||556000500||418708||0.00075241
15:33||556000500||418339||0.00075241
15:34||556000500||418339||0.00075241
15:35||556000500||418339||0.00075241
15:36||556000500||418339||0.00075241
15:37||556000500||418339||0.00075241
15:38||556000500||418339||0.00075241
15:39||556000500||418339||0.00075241
15:40||556000500||418339||0.00075241
15:41||556000500||418339||0.00075241
15:42||556000500||418339||0.00075241
15:43||556000500||418339||0.00075241
15:44||556000500||418340||0.00075241
15:45||556000500||418340||0.00075241
15:46||556000500||418340||0.00075241
15:47||556000500||418339||0.00075241
15:48||556000500||418339||0.00075241
15:49||556000500||418339||0.00075241
15:50||556000500||418339||0.00075241
15:51||556000500||418339||0.00075241
15:52||556000500||418339||0.00075241
15:53||556000500||418340||0.00075241
15:54||556000500||418340||0.00075241
15:55||556000500||418340||0.00075241
15:56||556000500||418340||0.00075241
15:57||556000500||418340||0.00075241
15:58||556000500||418339||0.00075241
15:59||556000500||418339||0.00075241
16:00||556000500||418339||0.00075241
16:01||556000500||418339||0.00075241
16:02||556000500||418339||0.00075241
16:03||556000500||418340||0.00075241
16:04||556000500||418340||0.00075241
16:05||556222000||418340||0.00075241
16:06||556225000||418674||0.00075241
16:07||556225000||418674||0.00075241
16:08||556225000||418339||0.00075241
16:09||556225000||418339||0.00075241
16:10||556225000||418339||0.00075241
16:11||556229500||418339||0.00075241
16:12||556449500||418677||0.00075241
16:13||556989500||419077||0.00075241
16:14||557475000||419092||0.00075241
16:15||557988500||419836||0.00075241
16:16||557991500||419836||0.00075241
16:17||558994000||421349||0.00075241
16:18||559464000||421355||0.00075241
16:19||560939500||421355||0.00075241
16:20||560939500||421355||0.00075241
16:21||556099500||418415||0.00075241
16:22||556099500||418415||0.00075241
16:23||558473500||418415||0.00075241
16:24||557818000||418415||0.00075241
16:25||557884500||420220||0.00075241
16:26||559499500||418492||0.00075241
16:27||559499500||418492||0.00075241
16:28||559499500||420972||0.00075241
16:29||559499500||420972||0.00075241
16:30||559499500||420972||0.00075241
16:31||559499500||420973||0.00075241
16:32||559499500||420972||0.00075241
16:33||559499500||420972||0.00075241
16:34||559499500||420972||0.00075241
16:35||559499500||420972||0.00075241
16:36||559499500||420972||0.00075241
16:37||559499500||420973||0.00075241
16:38||559499500||420973||0.00075241
16:39||559499500||420973||0.00075241
16:40||559499500||420972||0.00075241
16:41||559499500||420972||0.00075241
16:42||559499500||420972||0.00075241
16:43||559499500||420972||0.00075241
16:44||559499500||420972||0.00075241
16:45||559499500||420972||0.00075241
16:46||559750000||420973||0.00075241
16:47||560000500||420973||0.00075241
16:48||560000500||420973||0.00075241
16:49||560000500||420973||0.00075241
16:50||559700500||420973||0.00075241
16:51||559700500||420973||0.00075241
16:52||559425500||420973||0.00075241
16:53||559414000||420973||0.00075241
16:54||559977500||421333||0.00075241
16:55||559977500||421332||0.00075241
16:56||559977500||421332||0.00075241
16:57||559977500||421332||0.00075241
16:58||559977500||421332||0.00075241
16:59||559989000||421332||0.00075241
17:00||559989000||421332||0.00075241
17:01||559989000||421332||0.00075241
17:02||559977500||421333||0.00075241
17:03||559989000||421333||0.00075241
17:04||559989000||421332||0.00075241
17:05||559989000||421332||0.00075241
17:06||559989000||421332||0.00075241
17:07||559989000||421350||0.00075241
17:08||560000500||421350||0.00075241
17:09||560286000||421770||0.00075241
17:10||560286000||421770||0.00075241
17:11||562510000||422854||0.00075241
17:12||563551000||424030||0.00075241
17:13||563556500||424030||0.00075241
17:14||564537500||424030||0.00075241
17:15||564531500||424768||0.00075241
17:16||564525500||424759||0.00075241
17:17||561731000||423904||0.00075241
17:18||561999500||421812||0.00075241
17:19||561998000||423852||0.00075241
17:20||562073500||423852||0.00075241
17:21||562073500||423852||0.00075241
17:22||562073500||423852||0.00075241
17:23||563785500||424783||0.00075241
17:24||563785500||424783||0.00075241
17:25||563766500||424783||0.00075241
17:26||564533500||424761||0.00075241
17:27||564533500||424761||0.00075241
17:28||564533500||424761||0.00075241
17:29||564533500||424761||0.00075241
17:30||564533500||424761||0.00075241
17:31||564533500||424761||0.00075241
17:32||564533500||424761||0.00075241
17:33||564533500||424761||0.00075241
17:34||564533500||424761||0.00075241
17:35||564533500||424761||0.00075241
17:36||564533500||424760||0.00075241
17:37||564533500||424760||0.00075241
17:38||562669000||422162||0.00075241
17:39||563193000||422162||0.00075241
17:40||563201000||423138||0.00075241
17:41||563407000||423617||0.00075241
17:42||563302000||424682||0.00075241
17:43||563205500||424465||0.00075241
17:44||563101500||424465||0.00075241
17:45||563024000||424465||0.00075241
17:46||562969000||423134||0.00075241
17:47||562895500||423134||0.00075241
17:48||563051500||423134||0.00075241
17:49||563051500||424156||0.00075241
17:50||563730500||424156||0.00075241
17:51||563862500||424158||0.00075241
17:52||563813500||424156||0.00075241
17:53||563730500||424156||0.00075241
17:54||563730500||424156||0.00075241
17:55||563730500||424156||0.00075241
17:56||563730500||424156||0.00075241
17:57||563730500||424156||0.00075241
17:58||563730500||424156||0.00075241
17:59||563730500||424156||0.00075241
18:00||563730500||424156||0.00075241
18:01||563730500||424156||0.00075241
18:02||563730500||424156||0.00075241
18:03||563730500||424156||0.00075241
18:04||563730500||424156||0.00075241
18:05||563730500||424156||0.00075241
18:06||563008500||423606||0.00075241
18:07||562000500||423114||0.00075241
18:08||561360000||422854||0.00075241
18:09||560820500||422108||0.00075241
18:10||560820500||422108||0.00075241
18:11||560560500||421771||0.00075241
18:12||559688500||421745||0.00075241
18:13||559419000||420485||0.00075241
18:14||559371000||420485||0.00075241
18:15||559316500||420485||0.00075241
18:16||559286000||420485||0.00075241
18:17||559241000||420485||0.00075241
18:18||559208000||420485||0.00075241
18:19||559447500||420485||0.00075241
18:20||559799000||421284||0.00075241
18:21||559786500||421284||0.00075241
18:22||559774500||421284||0.00075241
18:23||559774500||421111||0.00075241
18:24||559774500||421111||0.00075241
18:25||559774500||421111||0.00075241
18:26||559000500||421111||0.00075241
18:27||556938500||420484||0.00075241
18:28||556816000||420445||0.00075241
18:29||556836000||420445||0.00075241
18:30||557764000||420242||0.00075241
18:31||557514000||420242||0.00075241
18:32||556516500||420242||0.00075241
18:33||556994000||420242||0.00075241
18:34||557288000||420242||0.00075241
18:35||557447500||419079||0.00075241
18:36||557466500||419079||0.00075241
18:37||557466500||419079||0.00075241
18:38||557466500||419079||0.00075241
18:39||557466500||419079||0.00075241
18:40||557466500||419079||0.00075241
18:41||557466500||419079||0.00075241
18:42||557466500||419079||0.00075241
18:43||557466500||419079||0.00075241
18:44||557466500||419079||0.00075241
18:45||557466500||419807||0.00075241
18:46||557466500||419807||0.00075241
18:47||557466500||419079||0.00075241
18:48||557466500||419079||0.00075241
18:49||557466500||419079||0.00075241
18:50||557466500||419807||0.00075241
18:51||558093000||419807||0.00075241
18:52||558665500||419807||0.00075241
18:53||558362500||420117||0.00075241
18:54||556129000||419957||0.00075241
18:55||555938000||419957||0.00075241
18:56||555798500||416977||0.00075241
18:57||555701000||419300||0.00075241
18:58||553884000||414577||0.00075241
18:59||553709000||418653||0.00075241
19:00||553543000||418653||0.00075241
19:01||553542000||418653||0.00075241
19:02||553439000||414492||0.00075241
19:03||553079500||417861||0.00075241
19:04||553500500||417861||0.00075241
19:05||553067500||417861||0.00075241
19:06||552092000||417861||0.00075241
19:07||552996500||417861||0.00075241
19:08||552996500||416080||0.00075241
19:09||552996500||416080||0.00075241
19:10||552996500||416080||0.00075241
19:11||552996500||416080||0.00075241
19:12||553997500||416080||0.00075241
19:13||552775000||414541||0.00075241
19:14||552775500||414541||0.00075241
19:15||552747500||414541||0.00075241
19:16||552789500||414541||0.00075241
19:17||552789500||414541||0.00075241
19:18||552799500||414562||0.00075241
19:19||552799500||414562||0.00075241
19:20||552800000||414562||0.00075241
19:21||552800000||414562||0.00075241
19:22||552790000||414562||0.00075241
19:23||552740500||414562||0.00075241
19:24||552740500||414563||0.00075241
19:25||552740500||414563||0.00075241
19:26||552740500||414563||0.00075241
19:27||552742500||414563||0.00075241
19:28||552745000||414563||0.00075241
19:29||552735000||414555||0.00075241
19:30||552235000||414555||0.00075241
19:31||552235000||414555||0.00075241
19:32||552235000||416458||0.00075241
19:33||552735500||416458||0.00075241
19:34||552735000||416458||0.00075241
19:35||552730500||416458||0.00075241
19:36||552745000||416458||0.00075241
19:37||552745000||416458||0.00075241
19:38||552745000||416458||0.00075241
19:39||552745000||416458||0.00075241
19:40||552745000||416458||0.00075241
19:41||553245000||416458||0.00075241
19:42||553245000||417203||0.00075241
19:43||553245000||417203||0.00075241
19:44||553990000||417203||0.00075241
19:45||553990000||417203||0.00075241
19:46||553990000||417203||0.00075241
19:47||553990000||417203||0.00075241
19:48||553995000||417211||0.00075241
19:49||554025000||417211||0.00075241
19:50||554025000||417211||0.00075241
19:51||554020000||417211||0.00075241
19:52||554025000||417211||0.00075241
19:53||554524500||417211||0.00075241
19:54||554995000||417211||0.00075241
19:55||554995000||417211||0.00075241
19:56||554999500||417211||0.00075241
19:57||554999500||417211||0.00075241
19:58||555498000||417963||0.00075241
19:59||555497500||417961||0.00075241
20:00||555497000||417961||0.00075241
20:01||555497000||417961||0.00075241
20:02||555497000||417960||0.00075241
20:03||555497000||417960||0.00075241
20:04||555497500||417960||0.00075241
20:05||555497500||417962||0.00075241
20:06||555497500||417962||0.00075241
20:07||555745000||417963||0.00075241
20:08||556245000||418332||0.00075241
20:09||556995500||419844||0.00075241
20:10||556995500||419844||0.00075241
20:11||557055500||419844||0.00075241
20:12||557055500||419844||0.00075241
20:13||557055500||419844||0.00075241
20:14||557055500||419844||0.00075241
20:15||557570000||420371||0.00075241
20:16||557570000||420589||0.00075241
20:17||557569500||420589||0.00075241
20:18||557541000||418452||0.00075241
20:19||556987500||417961||0.00075241
20:20||556680500||417961||0.00075241
20:21||556655000||417961||0.00075241
20:22||556655000||417961||0.00075241
20:23||556625500||417961||0.00075241
20:24||555748500||417961||0.00075241
20:25||555748500||417961||0.00075241
20:26||555999500||418339||0.00075241
20:27||555999500||418339||0.00075241
20:28||555999500||418339||0.00075241
20:29||555999500||418339||0.00075241
20:30||555999500||418339||0.00075241
20:31||556735000||418339||0.00075241
20:32||556999500||418339||0.00075241
20:33||556352500||419091||0.00075241
20:34||555748500||418339||0.00075241
20:35||555693000||418339||0.00075241
20:36||555693000||417961||0.00075241
20:37||555693000||417961||0.00075241
20:38||555693000||417961||0.00075241
20:39||554716500||417961||0.00075241
20:40||554716500||417961||0.00075241
20:41||554716500||417961||0.00075241
20:42||553719000||415334||0.00075241
20:43||553719000||417913||0.00075241
20:44||553719000||417913||0.00075241
20:45||553719000||417913||0.00075241
20:46||553365500||413938||0.00075241
20:47||553365500||417381||0.00075241
20:48||552256000||413938||0.00075241
20:49||553178000||413938||0.00075241
20:50||552121500||413938||0.00075241
20:51||551301500||413938||0.00075241
20:52||550816500||414933||0.00075241
20:53||550821500||414933||0.00075241
20:54||551857000||414933||0.00075241
20:55||551109000||414942||0.00075241
20:56||550848500||414942||0.00075241
20:57||550716000||414714||0.00075241
20:58||550721000||414714||0.00075241
20:59||550716000||414714||0.00075241
21:00||550716000||414714||0.00075241
21:01||550716000||414714||0.00075241
21:02||550734500||414013||0.00075241
21:03||551199500||414013||0.00075241
21:04||552571500||414727||0.00075241
21:05||553472000||414727||0.00075241
21:06||553472000||414727||0.00075241
21:07||553000500||414727||0.00075241
21:08||553000500||414727||0.00075241
21:09||553000500||414727||0.00075241
21:10||552572000||414728||0.00075241
21:11||552572000||414728||0.00075241
21:12||551924000||414728||0.00075241
21:13||551500500||414728||0.00075241
21:14||551500500||414728||0.00075241
21:15||552750500||414954||0.00075241
21:16||551804000||414954||0.00075241
21:17||552241000||416799||0.00075241
21:18||552241000||416799||0.00075241
21:19||551554500||415330||0.00075241
21:20||551554500||415330||0.00075241
21:21||551554500||415330||0.00075241
21:22||551554500||414729||0.00075241
21:23||551554500||415261||0.00075241
21:24||551554500||415261||0.00075241
21:25||551545000||415261||0.00075241
21:26||551545000||415261||0.00075241
21:27||551545000||415261||0.00075241
21:28||551545000||415261||0.00075241
21:29||551545000||415261||0.00075241
21:30||551545000||415261||0.00075241
21:31||551545000||415261||0.00075241
21:32||551545500||415261||0.00075241
21:33||551545500||415261||0.00075241
21:34||551546000||415261||0.00075241
21:35||551539000||415261||0.00075241
21:36||551901000||415261||0.00075241
21:37||551546000||415261||0.00075241
21:38||551543000||415261||0.00075241
21:39||551702000||415256||0.00075241
21:40||551697000||415256||0.00075241
21:41||551697000||415256||0.00075241
21:42||551697000||415256||0.00075241
21:43||551697000||414955||0.00075241
21:44||551697000||414955||0.00075241
21:45||551697000||414955||0.00075241
21:46||551697000||414955||0.00075241
21:47||551537000||414955||0.00075241
21:48||551537000||414955||0.00075241
21:49||550692500||414714||0.00075241
21:50||550711500||414714||0.00075241
21:51||550711500||414714||0.00075241
21:52||550711500||414714||0.00075241
21:53||550711500||414714||0.00075241
21:54||550711500||414714||0.00075241
21:55||550711500||414714||0.00075241
21:56||550711500||414714||0.00075241
21:57||550711500||414714||0.00075241
21:58||550711500||414714||0.00075241
21:59||550711500||414006||0.00075241
22:00||550721500||414021||0.00075241
22:01||550734500||414021||0.00075241
22:02||550734500||414021||0.00075241
22:03||550734500||414021||0.00075241
22:04||550744000||414021||0.00075241
22:05||551181500||414021||0.00075241
22:06||551181500||414021||0.00075241
22:07||551181500||414021||0.00075241
22:08||551181500||414021||0.00075241
22:09||551181500||414021||0.00075241
22:10||551181500||414021||0.00075241
22:11||551181500||414021||0.00075241
22:12||552589500||415261||0.00075241
22:13||553997500||415261||0.00075241
22:14||553997500||415261||0.00075241
22:15||553997500||415261||0.00075241
22:16||553997500||415261||0.00075241
22:17||553997500||415261||0.00075241
22:18||552999000||415261||0.00075241
22:19||552999000||415261||0.00075241
22:20||552999000||415261||0.00075241
22:21||552999000||415261||0.00075241
22:22||552999000||415261||0.00075241
22:23||552999000||415261||0.00075241
22:24||552999000||416833||0.00075241
22:25||553000000||416833||0.00075241
22:26||553000000||416833||0.00075241
22:27||553000000||416833||0.00075241
22:28||553000000||416833||0.00075241
22:29||553000000||416833||0.00075241
22:30||553000000||416833||0.00075241
22:31||552979500||416833||0.00075241
22:32||552979500||416833||0.00075241
22:33||552001000||415331||0.00075241
22:34||552001500||415331||0.00075241
22:35||552001500||415331||0.00075241
22:36||552001500||415331||0.00075241
22:37||552001500||415331||0.00075241
22:38||552001500||415331||0.00075241
22:39||552001500||415331||0.00075241
22:40||552001500||415331||0.00075241
22:41||552001500||415331||0.00075241
22:42||552001500||415331||0.00075241
22:43||552001500||415331||0.00075241
22:44||552001500||415331||0.00075241
22:45||552001500||415331||0.00075241
22:46||552001500||415331||0.00075241
22:47||552001500||415331||0.00075241
22:48||552001500||415331||0.00075241
22:49||552001000||415331||0.00075241
22:50||552000500||415331||0.00075241
22:51||552000500||415331||0.00075241
22:52||552000500||415331||0.00075241
22:53||552000500||415331||0.00075241
22:54||552000500||415331||0.00075241
22:55||552000500||415331||0.00075241
22:56||552000500||415331||0.00075241
22:57||552000500||415331||0.00075241
22:58||552000500||415331||0.00075241
22:59||552000500||415331||0.00075241
23:00||552000500||415331||0.00075241
23:01||552000500||415331||0.00075241
23:02||552000500||415331||0.00075241
23:03||552000500||415331||0.00075241
23:04||552000500||415331||0.00075241
23:05||548839500||410573||0.00075241
23:06||548543000||410573||0.00075241
23:07||548542000||410573||0.00075241
23:08||548542000||410573||0.00075241
23:09||548542000||410573||0.00075241
23:10||548542000||410573||0.00075241
23:11||548542000||410573||0.00075241
23:12||550636500||410573||0.00075241
23:13||551101500||410573||0.00075241
23:14||551101500||410573||0.00075241
23:15||551197500||410573||0.00075241
23:16||551197500||410573||0.00075241
23:17||551197500||410573||0.00075241
23:18||551197500||414726||0.00075241
23:19||551197500||414726||0.00075241
23:20||551197500||414726||0.00075241
23:21||551606500||415331||0.00075241
23:22||551605000||415331||0.00075241
23:23||551605000||415331||0.00075241
23:24||551605000||415331||0.00075241
23:25||551995500||415327||0.00075241
23:26||551995500||415327||0.00075241
23:27||553075000||415331||0.00075241
23:28||553749000||415331||0.00075241
23:29||553987500||415331||0.00075241
23:30||553987500||416826||0.00075241
23:31||553987500||416826||0.00075241
23:32||553987500||416826||0.00075241
23:33||553987500||416826||0.00075241
23:34||553987500||416826||0.00075241
23:35||553987500||416826||0.00075241
23:36||553987500||416826||0.00075241
23:37||553987500||416826||0.00075241
23:38||553987500||416826||0.00075241
23:39||554594500||417042||0.00075241
23:40||554899500||417042||0.00075241
23:41||554899500||417042||0.00075241
23:42||554899500||417042||0.00075241
23:43||554899500||417512||0.00075241
23:44||554899500||417512||0.00075241
23:45||554899500||417511||0.00075241
23:46||554899500||417511||0.00075241
23:47||554899500||417512||0.00075241
23:48||554899500||417512||0.00075241
23:49||554899500||417512||0.00075241
23:50||554899500||417512||0.00075241
23:51||554899500||417512||0.00075241
23:52||554899500||417512||0.00075241
23:53||554899500||417512||0.00075241
23:54||554899500||417512||0.00075241
23:55||554899500||417512||0.00075241
23:56||554899500||417512||0.00075241
23:57||554899500||417511||0.00075241
23:58||554899500||417511||0.00075241
23:59||554899500||417511||0.00075241
