00:00||805228500||605860||0.00075241
00:01||805227500||605860||0.00075241
00:02||805227500||605860||0.00075241
00:03||805228000||605860||0.00075241
00:04||805228000||605860||0.00075241
00:05||805228000||605860||0.00075241
00:06||805228000||605860||0.00075241
00:07||805228000||605860||0.00075241
00:08||805227000||605860||0.00075241
00:09||805227000||605860||0.00075241
00:10||805227000||605860||0.00075241
00:11||805227000||605860||0.00075241
00:12||805226500||605860||0.00075241
00:13||805227000||605860||0.00075241
00:14||805227000||605860||0.00075241
00:15||805222000||605852||0.00075241
00:16||804999500||605690||0.00075241
00:17||805113500||605690||0.00075241
00:18||804799500||605689||0.00075241
00:19||804600500||605689||0.00075241
00:20||804600500||605689||0.00075241
00:21||803909000||604937||0.00075241
00:22||803910500||604937||0.00075241
00:23||803860000||604937||0.00075241
00:24||803860000||604937||0.00075241
00:25||803860000||604937||0.00075241
00:26||803608500||604937||0.00075241
00:27||803217500||604937||0.00075241
00:28||803217500||604937||0.00075241
00:29||802861500||604347||0.00075241
00:30||802861500||604347||0.00075241
00:31||803252500||603812||0.00075241
00:32||803866500||603812||0.00075241
00:33||803866500||603812||0.00075241
00:34||803866500||603812||0.00075241
00:35||803866500||603812||0.00075241
00:36||803876500||603812||0.00075241
00:37||803762500||603812||0.00075241
00:38||802752500||603827||0.00075241
00:39||802752500||603812||0.00075241
00:40||802752500||603812||0.00075241
00:41||802752500||603812||0.00075241
00:42||802752500||603812||0.00075241
00:43||802752500||603812||0.00075241
00:44||802752500||603812||0.00075241
00:45||802757500||603820||0.00075241
00:46||803539000||604185||0.00075241
00:47||803539000||604185||0.00075241
00:48||803539000||604243||0.00075241
00:49||803559000||604243||0.00075241
00:50||803951000||604243||0.00075241
00:51||803999500||604863||0.00075241
00:52||803999500||604936||0.00075241
00:53||803999500||604936||0.00075241
00:54||803002500||603432||0.00075241
00:55||803164000||603432||0.00075241
00:56||802528500||603830||0.00075241
00:57||803164000||603830||0.00075241
00:58||803164000||603830||0.00075241
00:59||803164000||604787||0.00075241
01:00||800750000||602680||0.00075241
01:01||800750000||602304||0.00075241
01:02||800501500||602304||0.00075241
01:03||800501500||602304||0.00075241
01:04||800501500||602304||0.00075241
01:05||800262500||602304||0.00075241
01:06||800261500||602304||0.00075241
01:07||800261500||602304||0.00075241
01:08||800261500||602304||0.00075241
01:09||800261500||601945||0.00075241
01:10||800262500||601945||0.00075241
01:11||800262500||601945||0.00075241
01:12||800262500||601945||0.00075241
01:13||800262500||601945||0.00075241
01:14||800262500||601945||0.00075241
01:15||799500000||601928||0.00075241
01:16||799500000||601928||0.00075241
01:17||799500000||601928||0.00075241
01:18||799500000||601175||0.00075241
01:19||799000500||601175||0.00075241
01:20||799000500||601175||0.00075241
01:21||799000500||601175||0.00075241
01:22||799000500||601175||0.00075241
01:23||799000500||601175||0.00075241
01:24||799000500||601175||0.00075241
01:25||799000500||601175||0.00075241
01:26||799000500||601175||0.00075241
01:27||799000500||601175||0.00075241
01:28||799000500||601175||0.00075241
01:29||799000500||600424||0.00075241
01:30||798503000||600424||0.00075241
01:31||798503000||600424||0.00075241
01:32||798503000||600424||0.00075241
01:33||798503000||600424||0.00075241
01:34||798503000||600424||0.00075241
01:35||798503000||600424||0.00075241
01:36||798503000||600424||0.00075241
01:37||798503000||600424||0.00075241
01:38||798503000||600424||0.00075241
01:39||798503000||600424||0.00075241
01:40||798503000||600424||0.00075241
01:41||798503500||600424||0.00075241
01:42||799003000||601176||0.00075241
01:43||799003000||601176||0.00075241
01:44||799003000||601176||0.00075241
01:45||799003000||601176||0.00075241
01:46||799003000||601176||0.00075241
01:47||799003000||601176||0.00075241
01:48||799003000||601176||0.00075241
01:49||799003000||601176||0.00075241
01:50||799003000||601176||0.00075241
01:51||799003000||601176||0.00075241
01:52||799003000||601176||0.00075241
01:53||799003000||601176||0.00075241
01:54||799003000||601176||0.00075241
01:55||799003000||601176||0.00075241
01:56||799003000||601176||0.00075241
01:57||799003000||601176||0.00075241
01:58||799003000||601176||0.00075241
01:59||799003000||601176||0.00075241
02:00||799003000||601176||0.00075241
02:01||799003000||601176||0.00075241
02:02||798983000||601176||0.00075241
02:03||798983000||601176||0.00075241
02:04||798983000||601176||0.00075241
02:05||798983000||601176||0.00075241
02:06||798983000||601176||0.00075241
02:07||798983000||601176||0.00075241
02:08||798983000||601176||0.00075241
02:09||799003000||600427||0.00075241
02:10||799003000||600427||0.00075241
02:11||799003000||600427||0.00075241
02:12||799003000||600427||0.00075241
02:13||799003000||600427||0.00075241
02:14||799003000||600427||0.00075241
02:15||799003000||600427||0.00075241
02:16||799003000||600427||0.00075241
02:17||799003000||600427||0.00075241
02:18||799003000||600427||0.00075241
02:19||799003000||600427||0.00075241
02:20||799003000||600427||0.00075241
02:21||799003000||600427||0.00075241
02:22||799003000||600427||0.00075241
02:23||799003000||600427||0.00075241
02:24||799003000||601928||0.00075241
02:25||799003000||601928||0.00075241
02:26||799003000||601928||0.00075241
02:27||799003000||601928||0.00075241
02:28||799003000||601928||0.00075241
02:29||799003000||601928||0.00075241
02:30||799003000||601928||0.00075241
02:31||799003000||601928||0.00075241
02:32||799003000||601928||0.00075241
02:33||799003000||601928||0.00075241
02:34||799003000||601928||0.00075241
02:35||799003000||601928||0.00075241
02:36||799003000||601928||0.00075241
02:37||799003000||601928||0.00075241
02:38||799003000||601928||0.00075241
02:39||799003000||601928||0.00075241
02:40||799003000||601928||0.00075241
02:41||799003000||601928||0.00075241
02:42||799003000||601928||0.00075241
02:43||799003000||601928||0.00075241
02:44||799003000||601928||0.00075241
02:45||799003000||601928||0.00075241
02:46||799003000||601928||0.00075241
02:47||799003000||601928||0.00075241
02:48||799003000||601928||0.00075241
02:49||799003000||601928||0.00075241
02:50||799003000||601928||0.00075241
02:51||798983000||601928||0.00075241
02:52||798983000||601928||0.00075241
02:53||798983000||601928||0.00075241
02:54||798983000||601928||0.00075241
02:55||798983000||601928||0.00075241
02:56||797450000||598393||0.00075241
02:57||797450000||598393||0.00075241
02:58||797450000||598393||0.00075241
02:59||797450000||598393||0.00075241
03:00||797450000||598393||0.00075241
03:01||797450000||598393||0.00075241
03:02||794464000||598165||0.00075241
03:03||792748500||597037||0.00075241
03:04||794901000||595908||0.00075241
03:05||794901000||595908||0.00075241
03:06||794901000||595908||0.00075241
03:07||794901000||595908||0.00075241
03:08||785211000||590850||0.00075241
03:09||789192000||586879||0.00075241
03:10||789192000||586879||0.00075241
03:11||789692000||586879||0.00075241
03:12||789692000||586879||0.00075241
03:13||789692500||586879||0.00075241
03:14||790192000||586879||0.00075241
03:15||790192000||586879||0.00075241
03:16||790192500||586879||0.00075241
03:17||790193000||586879||0.00075241
03:18||790193000||586879||0.00075241
03:19||790193000||587633||0.00075241
03:20||790193000||587633||0.00075241
03:21||790193000||587633||0.00075241
03:22||790194500||587633||0.00075241
03:23||790194500||587633||0.00075241
03:24||790194500||587633||0.00075241
03:25||790195000||587633||0.00075241
03:26||790195000||587633||0.00075241
03:27||790195500||587633||0.00075241
03:28||790195500||587633||0.00075241
03:29||790195500||587633||0.00075241
03:30||790195500||587633||0.00075241
03:31||790010000||587633||0.00075241
03:32||790010000||587633||0.00075241
03:33||790010000||587633||0.00075241
03:34||790010000||587633||0.00075241
03:35||790010000||587633||0.00075241
03:36||789823500||587633||0.00075241
03:37||789823500||587633||0.00075241
03:38||789823500||587633||0.00075241
03:39||790073500||587633||0.00075241
03:40||790073500||587633||0.00075241
03:41||790253500||587633||0.00075241
03:42||790253500||587633||0.00075241
03:43||790078500||587633||0.00075241
03:44||790078500||587633||0.00075241
03:45||790078500||587633||0.00075241
03:46||790078500||587633||0.00075241
03:47||790078500||587633||0.00075241
03:48||790078500||587633||0.00075241
03:49||790078500||587633||0.00075241
03:50||789906000||587633||0.00075241
03:51||789906000||587633||0.00075241
03:52||789906000||587633||0.00075241
03:53||789906000||587633||0.00075241
03:54||789906000||587633||0.00075241
03:55||789906000||587633||0.00075241
03:56||789906000||587633||0.00075241
03:57||789735500||587633||0.00075241
03:58||789735500||587633||0.00075241
03:59||790964500||587633||0.00075241
04:00||790964500||587633||0.00075241
04:01||790964500||587633||0.00075241
04:02||790964500||587633||0.00075241
04:03||790964500||587633||0.00075241
04:04||790964500||587633||0.00075241
04:05||790964500||587633||0.00075241
04:06||790964500||587633||0.00075241
04:07||790964500||587633||0.00075241
04:08||790964500||587633||0.00075241
04:09||790964500||587633||0.00075241
04:10||790964500||587633||0.00075241
04:11||790964500||587633||0.00075241
04:12||790964500||587633||0.00075241
04:13||790964500||587633||0.00075241
04:14||790964500||587633||0.00075241
04:15||790964500||587633||0.00075241
04:16||790964500||587633||0.00075241
04:17||790964500||587633||0.00075241
04:18||790964500||587633||0.00075241
04:19||790964500||587633||0.00075241
04:20||790964500||595129||0.00075241
04:21||794728500||595129||0.00075241
04:22||793921500||595129||0.00075241
04:23||792982000||595129||0.00075241
04:24||792983000||595129||0.00075241
04:25||792983000||595129||0.00075241
04:26||792983000||595129||0.00075241
04:27||792983000||595129||0.00075241
04:28||792983000||595129||0.00075241
04:29||792983000||595129||0.00075241
04:30||792983000||595129||0.00075241
04:31||792983000||595129||0.00075241
04:32||792983000||595129||0.00075241
04:33||792983000||595129||0.00075241
04:34||792983000||595129||0.00075241
04:35||792985500||595129||0.00075241
04:36||792985500||595129||0.00075241
04:37||792985500||595129||0.00075241
04:38||793001000||595129||0.00075241
04:39||795001000||601175||0.00075241
04:40||795501000||601175||0.00075241
04:41||796500000||597413||0.00075241
04:42||796251000||597413||0.00075241
04:43||796300000||597413||0.00075241
04:44||796300000||597413||0.00075241
04:45||796300000||597413||0.00075241
04:46||797051000||601928||0.00075241
04:47||797551000||602680||0.00075241
04:48||797501000||602680||0.00075241
04:49||798001000||602680||0.00075241
04:50||798001000||602680||0.00075241
04:51||798001000||602680||0.00075241
04:52||798001000||602680||0.00075241
04:53||798001000||602680||0.00075241
04:54||798501000||602680||0.00075241
04:55||798501000||602680||0.00075241
04:56||798501000||602680||0.00075241
04:57||798501000||602680||0.00075241
04:58||798501000||602680||0.00075241
04:59||798501000||602680||0.00075241
05:00||798501000||602680||0.00075241
05:01||798501000||602680||0.00075241
05:02||800250000||601928||0.00075241
05:03||800250000||601928||0.00075241
05:04||800501000||602680||0.00075241
05:05||800551000||602680||0.00075241
05:06||800551000||602680||0.00075241
05:07||800551000||602680||0.00075241
05:08||800551000||602680||0.00075241
05:09||802500000||603432||0.00075241
05:10||802501000||603432||0.00075241
05:11||802501000||603432||0.00075241
05:12||802883000||604937||0.00075241
05:13||802785000||604937||0.00075241
05:14||802736000||604937||0.00075241
05:15||802736000||603986||0.00075241
05:19||802750500||604937||0.00075241
05:16||802736000||604937||0.00075241
05:17||802736000||604937||0.00075241
05:20||802750500||604937||0.00075241
05:18||802002500||604937||0.00075241
05:21||802750500||604937||0.00075241
05:22||802750500||604937||0.00075241
05:23||802750500||604937||0.00075241
05:24||802750500||604937||0.00075241
05:25||803615000||605861||0.00075241
05:26||803615000||605861||0.00075241
05:27||803585000||605861||0.00075241
05:28||803584000||605861||0.00075241
05:29||803585000||605861||0.00075241
05:30||803585000||605861||0.00075241
05:31||803585000||605861||0.00075241
05:32||803617500||605861||0.00075241
05:33||803617500||605861||0.00075241
05:34||803617500||605861||0.00075241
05:35||803618000||605861||0.00075241
05:36||803619000||605861||0.00075241
05:37||803619000||605861||0.00075241
05:38||803619000||605861||0.00075241
05:39||803619000||605861||0.00075241
05:40||803619000||605861||0.00075241
05:41||803619000||605861||0.00075241
05:42||803619000||605861||0.00075241
05:43||803619000||605861||0.00075241
05:44||803619000||605861||0.00075241
05:45||803619000||605861||0.00075241
05:46||803619000||605861||0.00075241
05:47||804944500||607946||0.00075241
05:48||804944500||607946||0.00075241
05:49||804944500||607856||0.00075241
05:50||804885500||607856||0.00075241
05:51||802010500||607856||0.00075241
05:52||804944000||607856||0.00075241
05:53||804991000||607945||0.00075241
05:54||804991000||604909||0.00075241
05:55||802551000||604909||0.00075241
05:56||803051000||604909||0.00075241
05:57||804932500||604909||0.00075241
05:58||803551000||604909||0.00075241
05:59||804990500||604909||0.00075241
06:00||804002000||603434||0.00075241
06:01||804001500||603436||0.00075241
06:02||804004000||603438||0.00075241
06:03||804005500||603438||0.00075241
06:04||804007500||603438||0.00075241
06:05||804009000||603438||0.00075241
06:06||804007500||603438||0.00075241
06:07||804023500||603438||0.00075241
06:08||804025000||603438||0.00075241
06:09||803828000||609452||0.00075241
06:10||804050000||609452||0.00075241
06:11||805050000||607856||0.00075241
06:12||805027500||607644||0.00075241
06:13||805001500||607644||0.00075241
06:14||805981000||607644||0.00075241
06:15||805001500||607644||0.00075241
06:16||805001500||607644||0.00075241
06:17||805000500||607644||0.00075241
06:18||804501000||605690||0.00075241
06:19||804499500||604939||0.00075241
06:20||804002500||604939||0.00075241
06:21||804000500||604939||0.00075241
06:22||804000500||604939||0.00075241
06:23||804000500||604939||0.00075241
06:24||804000500||604939||0.00075241
06:25||804000500||604937||0.00075241
06:26||804501000||605690||0.00075241
06:27||804002500||604939||0.00075241
06:28||804000500||604939||0.00075241
06:29||804000500||604938||0.00075241
06:30||804000500||604938||0.00075241
06:31||804000500||604938||0.00075241
06:32||804000500||604937||0.00075241
06:33||804000500||604938||0.00075241
06:34||804000500||604938||0.00075241
06:35||804000500||604938||0.00075241
06:36||803502000||604937||0.00075241
06:37||803502000||604937||0.00075241
06:38||803501000||604937||0.00075241
06:39||803003000||604188||0.00075241
06:40||803001000||604186||0.00075241
06:41||803000500||604186||0.00075241
06:42||803000500||604185||0.00075241
06:43||803000500||604185||0.00075241
06:44||803499000||604185||0.00075241
06:45||803499000||604185||0.00075241
06:46||803495500||604185||0.00075241
06:47||803495500||604185||0.00075241
06:48||803474000||604185||0.00075241
06:49||803474000||604185||0.00075241
06:50||803474000||604185||0.00075241
06:51||803474000||604185||0.00075241
06:52||803451000||604185||0.00075241
06:53||802229000||603850||0.00075241
06:54||800999000||603434||0.00075241
06:55||800999000||603434||0.00075241
06:56||800979000||603434||0.00075241
06:57||800899500||603434||0.00075241
06:58||800808500||603434||0.00075241
06:59||800742000||603434||0.00075241
07:00||800680500||603434||0.00075241
07:01||800624000||603434||0.00075241
07:02||800571000||603434||0.00075241
07:03||800573500||603434||0.00075241
07:04||800573500||603434||0.00075241
07:05||798653500||601928||0.00075241
07:06||797783500||600581||0.00075241
07:07||799203000||600581||0.00075241
07:08||799888000||602884||0.00075241
07:09||799889000||602884||0.00075241
07:10||799890500||602884||0.00075241
07:11||799892500||602884||0.00075241
07:12||801637000||602885||0.00075241
07:13||801637000||602885||0.00075241
07:14||801998500||602885||0.00075241
07:15||802490000||603432||0.00075241
07:16||802490000||603432||0.00075241
07:17||802490000||603432||0.00075241
07:18||800649500||604170||0.00075241
07:19||800652000||604170||0.00075241
07:20||800652000||604170||0.00075241
07:21||800653500||604170||0.00075241
07:22||800655000||604170||0.00075241
07:23||800656500||604170||0.00075241
07:24||800656500||603801||0.00075241
07:25||800658500||603801||0.00075241
07:26||801246000||603801||0.00075241
07:27||801246000||603801||0.00075241
07:28||801501000||603801||0.00075241
07:29||802646000||603801||0.00075241
07:30||802645000||603801||0.00075241
07:31||802645000||603801||0.00075241
07:32||802645000||603801||0.00075241
07:33||802645000||603801||0.00075241
07:34||802495000||603801||0.00075241
07:35||801251000||601928||0.00075241
07:36||801251000||601928||0.00075241
07:37||801201000||601928||0.00075241
07:38||801201000||601928||0.00075241
07:39||801201000||601928||0.00075241
07:40||801201000||601928||0.00075241
07:41||801201000||601928||0.00075241
07:42||801205000||601928||0.00075241
07:43||801205000||601928||0.00075241
07:44||801205000||601928||0.00075241
07:45||801255000||601928||0.00075241
07:46||801291000||601928||0.00075241
07:47||801291000||601928||0.00075241
07:48||801291000||601928||0.00075241
07:49||801291000||601928||0.00075241
07:50||801291000||601928||0.00075241
07:51||801291000||601928||0.00075241
07:52||801291000||603809||0.00075241
07:53||801451000||603809||0.00075241
07:54||801450000||603733||0.00075241
07:55||802399000||603733||0.00075241
07:56||802399000||603733||0.00075241
07:57||802399000||603732||0.00075241
07:58||802399000||603732||0.00075241
07:59||802399000||603732||0.00075241
08:00||802399500||603733||0.00075241
08:01||802399500||603733||0.00075241
08:02||802399500||603733||0.00075241
08:03||802399500||603733||0.00075241
08:04||802399500||603733||0.00075241
08:05||802399500||603733||0.00075241
08:06||802399500||603733||0.00075241
08:07||802399500||603733||0.00075241
08:08||802399500||603733||0.00075241
08:09||802399500||603733||0.00075241
08:10||802399500||603733||0.00075241
08:11||802399500||603733||0.00075241
08:12||802399500||603733||0.00075241
08:13||802399500||603733||0.00075241
08:14||802399500||603733||0.00075241
08:15||802399500||603733||0.00075241
08:16||802399500||603733||0.00075241
08:17||802399500||603733||0.00075241
08:18||802699500||603733||0.00075241
08:19||802699500||603733||0.00075241
08:20||802667000||603733||0.00075241
08:21||802638500||603733||0.00075241
08:22||802401500||603733||0.00075241
08:23||802401500||603733||0.00075241
08:24||802401500||603733||0.00075241
08:25||802401500||603733||0.00075241
08:26||801962500||603732||0.00075241
08:27||801912000||603152||0.00075241
08:28||801861000||603152||0.00075241
08:29||801824000||603152||0.00075241
08:30||801796500||603152||0.00075241
08:31||801767500||603152||0.00075241
08:32||801746000||603336||0.00075241
08:33||801727000||603336||0.00075241
08:34||801709000||603336||0.00075241
08:35||801709000||603336||0.00075241
08:36||802097500||603275||0.00075241
08:37||802096500||603275||0.00075241
08:38||802098000||603275||0.00075241
08:39||802055000||603275||0.00075241
08:40||802060500||603275||0.00075241
08:41||802313500||603275||0.00075241
08:42||802313500||603275||0.00075241
08:43||802313500||603275||0.00075241
08:44||802313500||603275||0.00075241
08:45||802313500||603275||0.00075241
08:46||802313500||603275||0.00075241
08:47||802313500||603275||0.00075241
08:48||802038000||603668||0.00075241
08:49||802021500||603668||0.00075241
08:50||802006000||603586||0.00075241
08:51||801991500||603586||0.00075241
08:52||802078500||603586||0.00075241
08:53||802071000||603432||0.00075241
08:54||801305500||603151||0.00075241
08:55||800769000||602680||0.00075241
08:56||800745000||602590||0.00075241
08:57||801436000||602584||0.00075241
08:58||801375500||602584||0.00075241
08:59||801344000||603218||0.00075241
09:00||801313500||603218||0.00075241
09:01||801286000||603218||0.00075241
09:02||801260500||603218||0.00075241
09:03||801237000||603218||0.00075241
09:04||801220500||603218||0.00075241
09:05||801225000||603218||0.00075241
09:06||801151500||603218||0.00075241
09:07||801151500||603218||0.00075241
09:08||801151500||603218||0.00075241
09:09||801151500||603218||0.00075241
09:10||801152000||602684||0.00075241
09:11||801152000||602684||0.00075241
09:12||801152000||602684||0.00075241
09:13||801152000||602684||0.00075241
09:14||801152000||602684||0.00075241
09:15||801647000||603669||0.00075241
09:16||801647000||603669||0.00075241
09:17||801666000||603669||0.00075241
09:18||802157000||603669||0.00075241
09:19||802154000||603669||0.00075241
09:20||802154000||603669||0.00075241
09:21||801457500||603432||0.00075241
09:22||801547500||603432||0.00075241
09:23||801200500||602832||0.00075241
09:24||801584500||602832||0.00075241
09:25||801551000||603395||0.00075241
09:26||801520000||603395||0.00075241
09:27||801493000||603395||0.00075241
09:28||801467000||603395||0.00075241
09:29||801446500||603395||0.00075241
09:30||801423500||603395||0.00075241
09:31||801407500||603395||0.00075241
09:32||801387500||603395||0.00075241
09:33||801374000||603395||0.00075241
09:34||801344500||602830||0.00075241
09:35||801322500||602830||0.00075241
09:36||801321500||602830||0.00075241
09:37||801321500||602830||0.00075241
09:38||801321500||602830||0.00075241
09:39||801321500||602830||0.00075241
09:40||801231500||602695||0.00075241
09:41||801209000||602695||0.00075241
09:42||801209500||602696||0.00075241
09:43||801209500||602696||0.00075241
09:44||801209500||602696||0.00075241
09:45||801209500||602696||0.00075241
09:46||801209500||602696||0.00075241
09:47||801021500||602697||0.00075241
09:48||801635500||602696||0.00075241
09:49||801526000||602696||0.00075241
09:50||801749000||603055||0.00075241
09:51||801749000||603055||0.00075241
09:52||801749000||603055||0.00075241
09:53||801749000||603055||0.00075241
09:54||801749000||603055||0.00075241
09:55||801749000||603055||0.00075241
09:56||801749000||603055||0.00075241
09:57||801749000||603431||0.00075241
09:58||801750000||603431||0.00075241
09:59||801999000||603431||0.00075241
10:00||802218000||603523||0.00075241
10:01||802609000||603670||0.00075241
10:02||802899500||603670||0.00075241
10:03||802899500||604109||0.00075241
10:04||802899500||604109||0.00075241
10:05||802899500||604109||0.00075241
10:06||802899500||604109||0.00075241
10:07||802899500||604109||0.00075241
10:08||802899500||604109||0.00075241
10:09||802899500||604109||0.00075241
10:10||802899500||604109||0.00075241
10:11||802899500||604109||0.00075241
10:12||802899500||604109||0.00075241
10:13||802899500||604109||0.00075241
10:14||802899500||604109||0.00075241
10:15||802899500||604109||0.00075241
10:16||802899500||604109||0.00075241
10:17||802899500||604109||0.00075241
10:18||802899500||604109||0.00075241
10:19||802899500||604109||0.00075241
10:20||802899500||604109||0.00075241
10:21||802899500||604109||0.00075241
10:22||802899500||604109||0.00075241
10:23||802899500||604109||0.00075241
10:24||802320500||604109||0.00075241
10:25||802320500||604109||0.00075241
10:26||802320500||604109||0.00075241
10:27||802318500||603670||0.00075241
10:28||802318500||603674||0.00075241
10:29||802318500||603674||0.00075241
10:30||802318500||603674||0.00075241
10:31||802318500||603674||0.00075241
10:32||802320500||603674||0.00075241
10:33||802320500||603674||0.00075241
10:34||802320500||603674||0.00075241
10:35||802320500||603674||0.00075241
10:36||802320500||603674||0.00075241
10:37||802320500||603674||0.00075241
10:38||802320500||603674||0.00075241
10:39||802320500||603673||0.00075241
10:40||802320500||603674||0.00075241
10:41||802320500||603674||0.00075241
10:42||802320500||603674||0.00075241
10:43||802320500||603674||0.00075241
10:44||802320500||603674||0.00075241
10:45||802320500||603674||0.00075241
10:46||802320500||603674||0.00075241
10:47||802320500||603674||0.00075241
10:48||802320500||603673||0.00075241
10:49||802320500||603673||0.00075241
10:50||802320500||603673||0.00075241
10:51||802320500||603673||0.00075241
10:52||802320500||603673||0.00075241
10:53||802320500||603673||0.00075241
10:54||802320500||603673||0.00075241
10:55||802320500||603673||0.00075241
10:56||802320500||603673||0.00075241
10:57||802320500||603673||0.00075241
10:58||802320500||603674||0.00075241
10:59||802320500||603674||0.00075241
11:00||802320500||603673||0.00075241
11:01||802320500||603673||0.00075241
11:02||802320500||603673||0.00075241
11:03||802320500||603673||0.00075241
11:04||802320500||603673||0.00075241
11:05||802320500||603673||0.00075241
11:06||802320500||603674||0.00075241
11:07||802320500||603673||0.00075241
11:08||802320500||603673||0.00075241
11:09||802320500||603673||0.00075241
11:10||802320500||603673||0.00075241
11:11||802320500||603673||0.00075241
11:12||802320500||603673||0.00075241
11:13||802320500||603673||0.00075241
11:14||802320500||603673||0.00075241
11:15||802589000||603674||0.00075241
11:16||802856000||603674||0.00075241
11:17||802855500||604078||0.00075241
11:18||802855500||604078||0.00075241
11:19||802855500||604078||0.00075241
11:20||802855500||604078||0.00075241
11:21||802855500||604078||0.00075241
11:22||802855500||604078||0.00075241
11:23||802855500||604076||0.00075241
11:24||802855500||604076||0.00075241
11:25||802855500||604076||0.00075241
11:26||802855500||604076||0.00075241
11:27||802855500||604076||0.00075241
11:28||802539500||604076||0.00075241
11:29||802607000||603987||0.00075241
11:30||802592000||603987||0.00075241
11:31||802142500||603673||0.00075241
11:32||801585000||603432||0.00075241
11:33||801384000||603058||0.00075241
11:34||801384000||603058||0.00075241
11:35||801384000||603058||0.00075241
11:36||801384000||602766||0.00075241
11:37||801062000||602696||0.00075241
11:38||801022000||602696||0.00075241
11:39||801022000||602696||0.00075241
11:40||801022000||602696||0.00075241
11:41||801022000||602696||0.00075241
11:42||801022000||602696||0.00075241
11:43||801022000||602696||0.00075241
11:44||801022000||602696||0.00075241
11:45||801022000||602696||0.00075241
11:46||801022000||602696||0.00075241
11:47||801022000||602696||0.00075241
11:48||801022000||602696||0.00075241
11:49||801022000||602696||0.00075241
11:50||801022000||602696||0.00075241
11:51||801022000||602696||0.00075241
11:52||801022000||602696||0.00075241
11:53||801022000||602696||0.00075241
11:54||801022000||602696||0.00075241
11:55||801022000||602696||0.00075241
11:56||801022000||602696||0.00075241
11:57||801022000||602696||0.00075241
11:58||801022000||602696||0.00075241
11:59||800523500||602678||0.00075241
12:00||800448500||602678||0.00075241
12:01||800386000||602019||0.00075241
12:02||800338000||602019||0.00075241
12:03||800119500||602018||0.00075241
12:04||800119500||602018||0.00075241
12:05||800119500||602018||0.00075241
12:06||800119500||602018||0.00075241
12:07||800119500||602018||0.00075241
12:08||800119500||602018||0.00075241
12:09||800119500||602018||0.00075241
12:10||800119500||602018||0.00075241
12:11||800119500||602018||0.00075241
12:12||800119500||602017||0.00075241
12:13||800119500||602017||0.00075241
12:14||800119000||602017||0.00075241
12:15||800119000||602017||0.00075241
12:16||800119000||602017||0.00075241
12:17||800119000||602017||0.00075241
12:18||800119000||602017||0.00075241
12:19||800119000||602018||0.00075241
12:20||800119000||602018||0.00075241
12:21||801258000||602018||0.00075241
12:22||801128000||602018||0.00075241
12:23||800629500||602680||0.00075241
12:24||800577500||602557||0.00075241
12:25||800542500||602496||0.00075241
12:26||800517000||602496||0.00075241
12:27||800493500||602496||0.00075241
12:28||800470500||602496||0.00075241
12:29||800452500||602365||0.00075241
12:30||799567000||601928||0.00075241
12:31||799499000||601835||0.00075241
12:32||798394500||601033||0.00075241
12:33||796540500||598990||0.00075241
12:34||795164500||598918||0.00075241
12:35||792936500||597798||0.00075241
12:36||793091500||595571||0.00075241
12:37||793507500||597393||0.00075241
12:38||794514500||597376||0.00075241
12:39||796761000||597802||0.00075241
12:40||796715000||597864||0.00075241
12:41||796165000||597864||0.00075241
12:42||795599500||597864||0.00075241
12:43||794750000||598916||0.00075241
12:44||794752500||598916||0.00075241
12:45||792750000||597037||0.00075241
12:46||792750000||597037||0.00075241
12:47||793499000||597035||0.00075241
12:48||792400000||597037||0.00075241
12:49||792400000||597037||0.00075241
12:50||792400000||595910||0.00075241
12:51||792102500||595986||0.00075241
12:52||792102500||595986||0.00075241
12:53||792025500||595986||0.00075241
12:54||791499500||595154||0.00075241
12:55||791230500||595129||0.00075241
12:56||791496500||595129||0.00075241
12:57||790965500||595130||0.00075241
12:58||790965500||595130||0.00075241
12:59||790965500||595130||0.00075241
13:00||790965500||595130||0.00075241
13:01||790732000||594403||0.00075241
13:02||789482000||592257||0.00075241
13:03||789952000||592257||0.00075241
13:04||790190500||595156||0.00075241
13:05||790571500||594804||0.00075241
13:06||790766500||594804||0.00075241
13:07||790766500||595156||0.00075241
13:08||790765000||595156||0.00075241
13:09||790766000||595156||0.00075241
13:10||790764500||595156||0.00075241
13:11||790764500||595156||0.00075241
13:12||790764500||595156||0.00075241
13:13||790764500||595156||0.00075241
13:14||790763500||594804||0.00075241
13:15||790763500||594804||0.00075241
13:16||790043500||593721||0.00075241
13:17||790045000||593721||0.00075241
13:18||790045000||593721||0.00075241
13:19||790045000||593721||0.00075241
13:20||790045000||593721||0.00075241
13:21||790140000||595149||0.00075241
13:22||790992500||595151||0.00075241
13:23||791629500||595156||0.00075241
13:24||791997500||595908||0.00075241
13:25||791997500||595908||0.00075241
13:26||791997500||595907||0.00075241
13:27||791997500||595907||0.00075241
13:28||791997500||595907||0.00075241
13:29||791997500||595907||0.00075241
13:30||790940500||595907||0.00075241
13:31||791310000||595907||0.00075241
13:32||791432500||595907||0.00075241
13:33||791545000||595907||0.00075241
13:34||791470000||595111||0.00075241
13:35||791470000||595907||0.00075241
13:36||791470000||595907||0.00075241
13:37||791470000||595907||0.00075241
13:38||791470000||595907||0.00075241
13:39||791470000||595907||0.00075241
13:40||791470000||595907||0.00075241
13:41||791470000||595907||0.00075241
13:42||791470000||595907||0.00075241
13:43||791470000||595907||0.00075241
13:44||791470000||595907||0.00075241
13:45||790750000||594027||0.00075241
13:46||790750000||594027||0.00075241
13:47||790748500||594027||0.00075241
13:48||790748500||594027||0.00075241
13:49||790748500||594027||0.00075241
13:50||789591000||592213||0.00075241
13:51||789642000||592213||0.00075241
13:52||789642000||592213||0.00075241
13:53||789642000||592213||0.00075241
13:54||789640500||592213||0.00075241
13:55||789593500||592213||0.00075241
13:56||789593500||592213||0.00075241
13:57||789588500||592213||0.00075241
13:58||789588500||592431||0.00075241
13:59||790122500||592431||0.00075241
14:00||789722500||592431||0.00075241
14:01||789722500||592431||0.00075241
14:02||790753000||594780||0.00075241
14:03||790999500||595155||0.00075241
14:04||791161500||595156||0.00075241
14:05||791161500||595156||0.00075241
14:06||791161500||595156||0.00075241
14:07||791161500||595380||0.00075241
14:08||791161500||595380||0.00075241
14:09||791161500||595380||0.00075241
14:10||791161500||595380||0.00075241
14:11||791160000||595380||0.00075241
14:12||791027500||595380||0.00075241
14:13||791027500||595380||0.00075241
14:14||790262500||595176||0.00075241
14:15||790250000||594027||0.00075241
14:16||790245000||594027||0.00075241
14:17||790241000||594027||0.00075241
14:18||790241000||594027||0.00075241
14:19||789500500||594029||0.00075241
14:20||789500500||594028||0.00075241
14:21||788974000||594028||0.00075241
14:22||789849500||594028||0.00075241
14:23||790290500||595142||0.00075241
14:24||790295500||595142||0.00075241
14:25||789804500||595141||0.00075241
14:26||789703000||594110||0.00075241
14:27||789703000||594110||0.00075241
14:28||789610500||594251||0.00075241
14:29||789610500||594251||0.00075241
14:30||789610500||594251||0.00075241
14:31||789610500||594110||0.00075241
14:32||789056500||594102||0.00075241
14:33||789055500||593275||0.00075241
14:34||789028000||593235||0.00075241
14:35||788474000||593235||0.00075241
14:36||788475000||593235||0.00075241
14:37||788475000||593235||0.00075241
14:38||788475000||593235||0.00075241
14:39||788475000||593277||0.00075241
14:40||786750500||590641||0.00075241
14:41||786751500||590641||0.00075241
14:42||786750000||590641||0.00075241
14:43||786750000||593273||0.00075241
14:44||785002500||590644||0.00075241
14:45||785000500||590641||0.00075241
14:46||785000500||590641||0.00075241
14:47||785000500||590641||0.00075241
14:48||785001500||590641||0.00075241
14:49||785001500||590641||0.00075241
14:50||785001500||590641||0.00075241
14:51||785002500||590641||0.00075241
14:52||785002500||590641||0.00075241
14:53||784756000||590641||0.00075241
14:54||784757500||590566||0.00075241
14:55||784757500||590352||0.00075241
14:56||784757500||590352||0.00075241
14:57||784757500||590352||0.00075241
14:58||784757500||590352||0.00075241
14:59||784757500||590352||0.00075241
15:00||784757500||590352||0.00075241
15:01||784685500||590352||0.00075241
15:02||784685500||590352||0.00075241
15:03||783999500||589137||0.00075241
15:04||783999500||589889||0.00075241
15:05||783051500||588467||0.00075241
15:06||783051500||588462||0.00075241
15:07||782951500||588462||0.00075241
15:08||782951000||588462||0.00075241
15:09||783020000||589738||0.00075241
15:10||784362000||589738||0.00075241
15:11||784962500||590583||0.00075241
15:12||784424000||590583||0.00075241
15:13||784421000||590583||0.00075241
15:14||784425000||590583||0.00075241
15:15||784426000||590583||0.00075241
15:16||784425500||590583||0.00075241
15:17||784425500||590583||0.00075241
15:18||784425500||590583||0.00075241
15:19||787441000||591394||0.00075241
15:20||787488000||591394||0.00075241
15:21||787510000||592161||0.00075241
15:22||787510000||592161||0.00075241
15:23||787510000||592161||0.00075241
15:24||787510000||592161||0.00075241
15:25||789138500||595378||0.00075241
15:26||789509500||593651||0.00075241
15:27||789060500||593651||0.00075241
15:28||789053000||593651||0.00075241
15:29||788999000||593651||0.00075241
15:30||788999000||593275||0.00075241
15:31||788999000||593275||0.00075241
15:32||788997500||593275||0.00075241
15:33||788997500||593275||0.00075241
15:34||788997500||593275||0.00075241
15:35||788500500||593275||0.00075241
15:36||788500500||593275||0.00075241
15:37||787500500||593200||0.00075241
15:38||787500500||593200||0.00075241
15:39||787500500||593200||0.00075241
15:40||787500500||593200||0.00075241
15:41||786755500||593200||0.00075241
15:42||786254000||591770||0.00075241
15:43||786300000||591027||0.00075241
15:44||786300000||591027||0.00075241
15:45||786300000||591027||0.00075241
15:46||786300000||591093||0.00075241
15:47||786398000||591093||0.00075241
15:48||786397500||591093||0.00075241
15:49||786397500||591243||0.00075241
15:50||786395500||591243||0.00075241
15:51||786394000||591243||0.00075241
15:52||786199000||591243||0.00075241
15:53||786696500||591243||0.00075241
15:54||786149000||591025||0.00075241
15:55||786108000||591025||0.00075241
15:56||786108000||591025||0.00075241
15:57||785152500||590641||0.00075241
15:58||784145000||589790||0.00075241
15:59||783718500||589142||0.00075241
16:00||783718500||589142||0.00075241
16:01||783294000||589142||0.00075241
16:02||783294000||588503||0.00075241
16:03||783294000||588503||0.00075241
16:04||783294000||588503||0.00075241
16:05||783265000||588503||0.00075241
16:06||783265000||588503||0.00075241
16:07||783265500||590212||0.00075241
16:08||783261500||590212||0.00075241
16:09||783135500||588460||0.00075241
16:10||783100500||588271||0.00075241
16:11||783100500||588219||0.00075241
16:12||783100500||588219||0.00075241
16:13||783100500||588219||0.00075241
16:14||783101000||588219||0.00075241
16:15||783200000||588219||0.00075241
16:16||783174000||588219||0.00075241
16:17||783175000||588219||0.00075241
16:18||783761000||588219||0.00075241
16:19||783741000||589270||0.00075241
16:20||783733500||589270||0.00075241
16:21||783732500||589270||0.00075241
16:22||783732500||589270||0.00075241
16:23||783732500||590106||0.00075241
16:24||783732500||590106||0.00075241
16:25||783732500||589270||0.00075241
16:26||783767000||589270||0.00075241
16:27||783801500||589270||0.00075241
16:28||783812000||589270||0.00075241
16:29||783812000||589270||0.00075241
16:30||783812000||589270||0.00075241
16:31||784144000||589270||0.00075241
16:32||784287500||589270||0.00075241
16:33||784287500||590106||0.00075241
16:34||784287500||590106||0.00075241
16:35||783798000||589353||0.00075241
16:36||784147000||590106||0.00075241
16:37||784287500||590106||0.00075241
16:38||784287500||590106||0.00075241
16:39||784287500||590106||0.00075241
16:40||784287500||590106||0.00075241
16:41||784287500||590106||0.00075241
16:42||784287500||590106||0.00075241
16:43||784287500||590106||0.00075241
16:44||784287500||590106||0.00075241
16:45||784287500||590106||0.00075241
16:46||784287500||590106||0.00075241
16:47||784287500||590105||0.00075241
16:48||784287500||590105||0.00075241
16:49||784287500||590105||0.00075241
16:50||784287500||590106||0.00075241
16:51||784872000||590205||0.00075241
16:52||784516500||590205||0.00075241
16:53||784516500||590205||0.00075241
16:54||784516500||590205||0.00075241
16:55||784516500||590205||0.00075241
16:56||784532000||590106||0.00075241
16:57||784903500||590641||0.00075241
16:58||784905000||590641||0.00075241
16:59||784904500||590641||0.00075241
17:00||784904500||590641||0.00075241
17:01||784904500||590641||0.00075241
17:02||784912500||590506||0.00075241
17:03||784922500||590506||0.00075241
17:04||784998500||590506||0.00075241
17:05||784998500||590506||0.00075241
17:06||784998500||590641||0.00075241
17:07||785103000||590641||0.00075241
17:08||785883000||590792||0.00075241
17:09||785935000||590792||0.00075241
17:10||785982500||590792||0.00075241
17:11||786026500||590792||0.00075241
17:12||785813000||590792||0.00075241
17:13||785826500||590792||0.00075241
17:14||785832000||590792||0.00075241
17:15||785664500||590792||0.00075241
17:16||785664500||591141||0.00075241
17:17||785664500||591141||0.00075241
17:18||785664500||591141||0.00075241
17:19||785664500||591141||0.00075241
17:20||785664500||591141||0.00075241
17:21||785664500||591142||0.00075241
17:22||785664500||591142||0.00075241
17:23||785664500||591142||0.00075241
17:24||785664500||591142||0.00075241
17:25||785664500||591142||0.00075241
17:26||785664500||591142||0.00075241
17:27||785664500||591142||0.00075241
17:28||785664500||591142||0.00075241
17:29||785664500||591142||0.00075241
17:30||785664500||591142||0.00075241
17:31||785664500||591142||0.00075241
17:32||785664500||591142||0.00075241
17:33||786080000||591394||0.00075241
17:34||786654000||591770||0.00075241
17:35||787564000||592146||0.00075241
17:36||787601000||592896||0.00075241
17:37||787993000||592896||0.00075241
17:38||787992500||592896||0.00075241
17:39||787992500||592896||0.00075241
17:40||787992500||592896||0.00075241
17:41||786727500||592893||0.00075241
17:42||785829500||592893||0.00075241
17:43||785614000||591141||0.00075241
17:44||785614000||591141||0.00075241
17:45||785614000||591114||0.00075241
17:46||785799500||591114||0.00075241
17:47||784490000||590498||0.00075241
17:48||784490000||590498||0.00075241
17:49||783707500||590105||0.00075241
17:50||783606000||590105||0.00075241
17:51||782946000||589741||0.00075241
17:52||781513500||588030||0.00075241
17:53||782674500||588030||0.00075241
17:54||782493000||588030||0.00075241
17:55||781017500||587782||0.00075241
17:56||780527000||587466||0.00075241
17:57||781563000||587466||0.00075241
17:58||781303500||587466||0.00075241
17:59||781542500||587466||0.00075241
18:00||781540000||587486||0.00075241
18:01||781540000||587486||0.00075241
18:02||782649000||588608||0.00075241
18:03||782649000||588608||0.00075241
18:04||782298500||588608||0.00075241
18:05||782298500||588608||0.00075241
18:06||781552000||588608||0.00075241
18:07||781552000||588608||0.00075241
18:08||781551500||588608||0.00075241
18:09||781566500||588608||0.00075241
18:10||781566500||588608||0.00075241
18:11||781566500||588608||0.00075241
18:12||781566500||588608||0.00075241
18:13||781581500||588608||0.00075241
18:14||781581500||587532||0.00075241
18:15||782660000||588606||0.00075241
18:16||782660000||588625||0.00075241
18:17||783361500||589137||0.00075241
18:18||783361500||589154||0.00075241
18:19||783023500||589154||0.00075241
18:20||783023500||589154||0.00075241
18:21||783023500||589154||0.00075241
18:22||783023500||589154||0.00075241
18:23||783023500||589154||0.00075241
18:24||782400000||589154||0.00075241
18:25||782399500||589154||0.00075241
18:26||782399500||589154||0.00075241
18:27||782398500||589154||0.00075241
18:28||782399000||589154||0.00075241
18:29||782399000||588219||0.00075241
18:30||782397500||588219||0.00075241
18:31||782399000||588219||0.00075241
18:32||782398500||588219||0.00075241
18:33||782397500||588219||0.00075241
18:34||782396000||588219||0.00075241
18:35||782396000||588219||0.00075241
18:36||782390500||588219||0.00075241
18:37||782393000||588219||0.00075241
18:38||782503000||589135||0.00075241
18:39||782503000||589137||0.00075241
18:40||783351000||589155||0.00075241
18:41||783999000||589137||0.00075241
18:42||784000000||589137||0.00075241
18:43||784000000||589139||0.00075241
18:44||784000000||589139||0.00075241
18:45||784000000||590639||0.00075241
18:46||784000000||590639||0.00075241
18:47||783998000||589139||0.00075241
18:48||783950500||589139||0.00075241
18:49||783945500||589139||0.00075241
18:50||783946500||589139||0.00075241
18:51||783946500||589139||0.00075241
18:52||783986500||589139||0.00075241
18:53||783986500||589139||0.00075241
18:54||783986500||590557||0.00075241
18:55||783986500||590557||0.00075241
18:56||783986500||590557||0.00075241
18:57||783986500||590557||0.00075241
18:58||783986500||590557||0.00075241
18:59||783989000||590557||0.00075241
19:00||783994500||590557||0.00075241
19:01||784040500||590557||0.00075241
19:02||784040500||590557||0.00075241
19:03||784095500||590641||0.00075241
19:04||784097500||590641||0.00075241
19:05||784250000||589513||0.00075241
19:06||784250000||589513||0.00075241
19:07||784499000||589889||0.00075241
19:08||784499000||589889||0.00075241
19:09||784943000||589889||0.00075241
19:10||784944000||590640||0.00075241
19:11||784945000||590640||0.00075241
19:12||784945000||590640||0.00075241
19:13||784945000||590640||0.00075241
19:14||784945000||590641||0.00075241
19:15||784945000||590641||0.00075241
19:16||784148500||589286||0.00075241
19:17||784253500||589286||0.00075241
19:18||784332000||589286||0.00075241
19:19||784498000||589286||0.00075241
19:20||784291000||589286||0.00075241
19:21||784499500||589286||0.00075241
19:22||784499500||589286||0.00075241
19:23||785249000||591393||0.00075241
19:24||785249000||591393||0.00075241
19:25||785249000||591393||0.00075241
19:26||785500000||592145||0.00075241
19:27||785250000||592145||0.00075241
19:28||785250000||592145||0.00075241
19:29||785100000||592145||0.00075241
19:30||785000000||592145||0.00075241
19:31||785000000||591018||0.00075241
19:32||785000000||591018||0.00075241
19:33||785000000||591018||0.00075241
19:35||784650000||590641||0.00075241
19:36||784650000||590641||0.00075241
19:37||784650000||590416||0.00075241
19:38||784699500||590416||0.00075241
19:39||784699500||590416||0.00075241
19:40||784699500||590416||0.00075241
19:41||784699500||590415||0.00075241
19:42||784699500||590415||0.00075241
19:43||784699500||590415||0.00075241
19:44||784699500||590416||0.00075241
19:45||784699500||590416||0.00075241
19:46||784699500||590415||0.00075241
19:47||784599500||590340||0.00075241
19:48||784599500||590340||0.00075241
19:49||784599500||590340||0.00075241
19:50||784599500||590340||0.00075241
19:51||784599500||590340||0.00075241
19:52||784599500||590340||0.00075241
19:53||784599500||590416||0.00075241
19:54||784599500||590416||0.00075241
19:55||784599500||590416||0.00075241
19:56||784599500||590416||0.00075241
19:57||784599500||590416||0.00075241
19:58||784599500||590416||0.00075241
19:59||784599500||590416||0.00075241
20:00||784599500||590416||0.00075241
20:01||782475000||587143||0.00075241
20:02||782477500||587143||0.00075241
20:03||782476500||587146||0.00075241
20:04||782476500||587146||0.00075241
20:05||782479000||590339||0.00075241
20:06||782483500||590338||0.00075241
20:07||782494000||590338||0.00075241
20:08||782503000||590338||0.00075241
20:09||784596000||590337||0.00075241
20:10||782508000||590337||0.00075241
20:11||782797500||590338||0.00075241
20:12||782803000||590338||0.00075241
20:13||782803000||590337||0.00075241
20:14||782802500||590337||0.00075241
20:15||782806000||590337||0.00075241
20:16||782805000||590337||0.00075241
20:17||782809500||590337||0.00075241
20:18||782809500||590333||0.00075241
20:19||782814500||590333||0.00075241
20:20||782945000||590333||0.00075241
20:21||783095000||590333||0.00075241
20:22||783099500||590333||0.00075241
20:23||783194500||588090||0.00075241
20:24||783150000||588090||0.00075241
20:25||783100000||588090||0.00075241
20:26||783100000||588090||0.00075241
20:27||783104500||588240||0.00075241
20:28||783109000||590190||0.00075241
20:29||783150000||590190||0.00075241
20:30||783150000||590190||0.00075241
20:31||783104500||590190||0.00075241
20:32||783150000||590190||0.00075241
20:33||782327500||587197||0.00075241
20:34||781750000||587197||0.00075241
20:35||781750000||587197||0.00075241
20:36||781759500||587197||0.00075241
20:37||781759500||589137||0.00075241
20:38||781799500||587270||0.00075241
20:39||781837000||587331||0.00075241
20:40||781902500||587487||0.00075241
20:41||781800000||588760||0.00075241
20:42||781962500||588760||0.00075241
20:43||782050000||588760||0.00075241
20:44||782088000||588140||0.00075241
20:45||782150000||588142||0.00075241
20:46||782400000||588985||0.00075241
20:47||782400000||588985||0.00075241
20:48||782399500||588985||0.00075241
20:49||782399500||588985||0.00075241
20:50||782399000||588985||0.00075241
20:51||782399000||588985||0.00075241
20:52||782300000||588985||0.00075241
20:53||782000500||588384||0.00075241
20:54||781950000||588384||0.00075241
20:55||781950000||588384||0.00075241
20:56||781900500||588384||0.00075241
20:57||781900500||588384||0.00075241
20:58||781900500||588384||0.00075241
20:59||781900500||588310||0.00075241
21:00||781900500||588310||0.00075241
21:01||781900500||588234||0.00075241
21:02||780465000||586191||0.00075241
21:03||780465000||586191||0.00075241
21:04||780515000||586191||0.00075241
21:05||780515000||586191||0.00075241
21:06||780515500||586191||0.00075241
21:07||780672500||588267||0.00075241
21:08||780797500||588267||0.00075241
21:09||780797500||588267||0.00075241
21:10||781345000||586503||0.00075241
21:11||780112500||587515||0.00075241
21:12||780112500||587515||0.00075241
21:13||780362500||587515||0.00075241
21:14||780362500||587515||0.00075241
21:15||780237500||586691||0.00075241
21:16||780237500||586691||0.00075241
21:17||780250000||587425||0.00075241
21:18||780250000||587425||0.00075241
21:19||780250000||587425||0.00075241
21:20||780375000||587444||0.00075241
21:21||780520000||586533||0.00075241
21:22||780937500||588267||0.00075241
21:23||781015000||588196||0.00075241
21:24||781015000||588196||0.00075241
21:25||781015000||588196||0.00075241
21:26||781185000||588196||0.00075241
21:27||782472500||588384||0.00075241
21:28||783421000||589059||0.00075241
21:29||783895000||589809||0.00075241
21:30||783895000||589809||0.00075241
21:31||783895000||589809||0.00075241
21:32||783895000||589809||0.00075241
21:33||784873000||590450||0.00075241
21:34||789629500||593847||0.00075241
21:35||790798500||594403||0.00075241
21:36||790995000||594744||0.00075241
21:37||791081500||595156||0.00075241
21:38||791050000||595156||0.00075241
21:39||787947500||590265||0.00075241
21:40||791000500||590265||0.00075241
21:41||791055000||595157||0.00075241
21:42||791055000||595157||0.00075241
21:43||791054500||595157||0.00075241
21:44||791718500||595318||0.00075241
21:45||792510000||595908||0.00075241
21:46||792352500||596661||0.00075241
21:47||792352500||596823||0.00075241
21:48||792017000||596823||0.00075241
21:49||792017000||595558||0.00075241
21:50||792866500||596284||0.00075241
21:51||792866500||596823||0.00075241
21:52||792816500||596823||0.00075241
21:53||792334500||596823||0.00075241
21:54||792560000||596823||0.00075241
21:55||792755000||595925||0.00075241
21:56||792999500||596661||0.00075241
21:57||792999500||596660||0.00075241
21:58||792999500||596660||0.00075241
21:59||792999500||596661||0.00075241
22:00||792999500||596660||0.00075241
22:01||794505500||597413||0.00075241
22:02||794505500||597413||0.00075241
22:03||797028000||598918||0.00075241
22:04||797028000||600422||0.00075241
22:05||795886500||600422||0.00075241
22:06||798579000||600423||0.00075241
22:07||799540500||601551||0.00075241
22:08||800040500||601928||0.00075241
22:09||800848000||601270||0.00075241
22:10||800917000||601270||0.00075241
22:11||800984000||603806||0.00075241
22:12||801215500||603806||0.00075241
22:13||801166000||603719||0.00075241
22:14||802000500||603719||0.00075241
22:15||800980000||603432||0.00075241
22:16||800490000||601928||0.00075241
22:17||799520000||601928||0.00075241
22:18||799550000||602679||0.00075241
22:19||799608500||602679||0.00075241
22:20||799755000||602679||0.00075241
22:21||799809500||602679||0.00075241
22:22||799838000||602679||0.00075241
22:23||800020000||602679||0.00075241
22:24||801010000||602680||0.00075241
22:25||801226000||602680||0.00075241
22:26||801242000||602680||0.00075241
22:27||801242000||602680||0.00075241
22:28||800520000||603432||0.00075241
22:29||800549500||603432||0.00075241
22:30||800549500||603432||0.00075241
22:31||800299500||603432||0.00075241
22:32||800372500||603432||0.00075241
22:33||800372500||601359||0.00075241
22:34||800372000||601359||0.00075241
22:35||800372000||601359||0.00075241
22:36||800396500||601359||0.00075241
22:37||800396500||601359||0.00075241
22:38||801497500||601359||0.00075241
22:39||800350500||603054||0.00075241
22:40||798824500||601250||0.00075241
22:41||798824500||601250||0.00075241
22:42||798824500||601250||0.00075241
22:43||798824500||601250||0.00075241
22:44||799948500||602984||0.00075241
22:45||798975000||602984||0.00075241
22:46||798975000||602984||0.00075241
22:47||798974500||602984||0.00075241
22:48||798775000||601175||0.00075241
22:49||799950000||601175||0.00075241
22:50||799924500||601175||0.00075241
22:51||799263500||601175||0.00075241
22:52||798780000||601175||0.00075241
22:53||798999500||601175||0.00075241
22:54||800176000||601175||0.00075241
22:55||800225500||601175||0.00075241
22:56||800225500||601175||0.00075241
22:57||800225500||601175||0.00075241
22:58||801351000||601175||0.00075241
22:59||800202000||602943||0.00075241
23:00||800202500||602943||0.00075241
23:01||800203000||602943||0.00075241
23:02||800203000||602943||0.00075241
23:03||800203000||602943||0.00075241
23:04||800203000||602943||0.00075241
23:05||800031500||602943||0.00075241
23:06||800031500||602943||0.00075241
23:07||800031500||602943||0.00075241
23:08||800031500||602943||0.00075241
23:09||800031500||602943||0.00075241
23:10||800031500||602651||0.00075241
23:11||800031500||602651||0.00075241
23:12||800031500||602651||0.00075241
23:13||800031500||602651||0.00075241
23:14||800031500||602651||0.00075241
23:15||800031500||602651||0.00075241
23:16||800031500||602651||0.00075241
23:17||800031500||602651||0.00075241
23:18||800031500||602651||0.00075241
23:19||800031500||602651||0.00075241
23:20||800031500||602651||0.00075241
23:21||800031500||602651||0.00075241
23:22||800031500||602651||0.00075241
23:23||800031500||602651||0.00075241
23:24||800098500||602651||0.00075241
23:25||800245500||602651||0.00075241
23:26||800490000||601942||0.00075241
23:27||800490000||601942||0.00075241
23:28||800490000||601942||0.00075241
23:29||801009500||603432||0.00075241
23:30||800759500||603432||0.00075241
23:31||800509500||603432||0.00075241
23:32||801025000||603432||0.00075241
23:33||801180000||601943||0.00075241
23:34||801135000||601943||0.00075241
23:35||801110500||601943||0.00075241
23:36||801110500||601943||0.00075241
23:37||801125000||601943||0.00075241
23:38||801110500||601943||0.00075241
23:39||801110500||601943||0.00075241
23:40||801110500||601943||0.00075241
23:41||801100000||601943||0.00075241
23:42||801100000||601943||0.00075241
23:43||801100000||601943||0.00075241
23:44||801100000||601943||0.00075241
23:45||801050000||602153||0.00075241
23:46||802150000||604185||0.00075241
23:47||801700000||604185||0.00075241
23:48||803481000||605690||0.00075241
23:49||803481000||605690||0.00075241
23:50||803981000||606413||0.00075241
23:51||805499000||606413||0.00075241
23:52||805498500||606413||0.00075241
23:53||805998500||606413||0.00075241
23:54||805997500||606413||0.00075241
23:55||805998500||607193||0.00075241
23:56||805997500||607193||0.00075241
23:57||804997500||604185||0.00075241
23:58||804997500||604185||0.00075241
23:59||804997500||604185||0.00075241
