00:00||478599000||360404||0.00075241
00:01||478599000||360553||0.00075241
00:02||478500000||360553||0.00075241
00:03||478599500||360553||0.00075241
00:04||478700000||360704||0.00075241
00:05||478700000||360704||0.00075241
00:06||479199500||360704||0.00075241
00:07||479199500||360704||0.00075241
00:08||478639000||360704||0.00075241
00:09||478639000||360704||0.00075241
00:10||478639000||359710||0.00075241
00:11||478638500||360554||0.00075241
00:12||478539000||360404||0.00075241
00:13||478539000||360404||0.00075241
00:14||478538500||359710||0.00075241
00:15||478432000||360317||0.00075241
00:16||478439000||360253||0.00075241
00:17||478489000||360253||0.00075241
00:18||478489000||360329||0.00075241
00:19||478489000||360329||0.00075241
00:20||478481000||360329||0.00075241
00:21||478481000||360317||0.00075241
00:22||478289000||360028||0.00075241
00:23||478439000||360028||0.00075241
00:24||478439000||360253||0.00075241
00:25||478439000||359710||0.00075241
00:26||478439000||359710||0.00075241
00:27||478488500||360328||0.00075241
00:28||478488500||359710||0.00075241
00:29||478488500||359710||0.00075241
00:30||478538500||360403||0.00075241
00:31||478538500||360403||0.00075241
00:32||478538500||360403||0.00075241
00:33||478549500||360403||0.00075241
00:34||478549500||360403||0.00075241
00:35||478549500||360402||0.00075241
00:36||478949000||360402||0.00075241
00:37||478949000||360402||0.00075241
00:38||478949000||360402||0.00075241
00:39||478948500||360402||0.00075241
00:40||478948500||360402||0.00075241
00:41||478948500||360402||0.00075241
00:42||478948500||360402||0.00075241
00:43||477999000||358900||0.00075241
00:44||478248500||360402||0.00075241
00:45||478248000||359275||0.00075241
00:46||478248000||359275||0.00075241
00:47||478248000||359275||0.00075241
00:48||478498000||359275||0.00075241
00:49||478498500||360402||0.00075241
00:50||478498500||360402||0.00075241
00:51||478498000||359651||0.00075241
00:52||478498000||360401||0.00075241
00:53||478498000||360401||0.00075241
00:54||478498000||360401||0.00075241
00:55||478498000||360401||0.00075241
00:56||478450000||359651||0.00075241
00:57||478400000||359651||0.00075241
00:58||478400000||360253||0.00075241
00:59||478350000||360253||0.00075241
01:00||478350000||360253||0.00075241
01:01||478350000||360253||0.00075241
01:02||478350000||360253||0.00075241
01:03||478350000||360178||0.00075241
01:04||478350000||360178||0.00075241
01:05||478350000||360178||0.00075241
01:06||477800500||360178||0.00075241
01:07||477800500||360178||0.00075241
01:08||477800500||358900||0.00075241
01:09||477800500||360103||0.00075241
01:10||477750500||360103||0.00075241
01:11||477750500||360028||0.00075241
01:12||477750500||360028||0.00075241
01:13||477750500||360028||0.00075241
01:14||477750500||358900||0.00075241
01:15||477750500||358900||0.00075241
01:16||477750500||360028||0.00075241
01:17||477750500||360028||0.00075241
01:18||477750500||360028||0.00075241
01:19||477750500||360028||0.00075241
01:20||477735500||358900||0.00075241
01:21||477735500||358900||0.00075241
01:22||477735500||360005||0.00075241
01:23||477735500||358900||0.00075241
01:24||477735500||360005||0.00075241
01:25||477735500||360005||0.00075241
01:26||477735500||358900||0.00075241
01:27||477735500||358900||0.00075241
01:28||477637500||358900||0.00075241
01:29||477490500||358900||0.00075241
01:30||477490500||358900||0.00075241
01:31||477490500||359636||0.00075241
01:32||477490500||359636||0.00075241
01:33||477490500||359636||0.00075241
01:34||477490500||359636||0.00075241
01:35||477490500||359636||0.00075241
01:36||477490500||359636||0.00075241
01:37||477500500||359636||0.00075241
01:38||477500500||359651||0.00075241
01:39||477500500||359651||0.00075241
01:40||477500500||359651||0.00075241
01:41||477490500||359651||0.00075241
01:42||477490500||359636||0.00075241
01:43||477500500||358900||0.00075241
01:44||477500500||359651||0.00075241
01:45||477500500||359651||0.00075241
01:46||477500500||359651||0.00075241
01:47||477500500||358900||0.00075241
01:48||477500500||359651||0.00075241
01:49||477490500||359651||0.00075241
01:50||477490500||359651||0.00075241
01:51||477490500||359651||0.00075241
01:52||477500500||359651||0.00075241
01:53||477500500||358900||0.00075241
01:54||477588500||359802||0.00075241
01:55||477588500||359784||0.00075241
01:56||477588500||359784||0.00075241
01:57||477600500||359784||0.00075241
01:58||477600500||359784||0.00075241
01:59||477600500||359802||0.00075241
02:00||477600500||359802||0.00075241
02:01||477600500||359802||0.00075241
02:02||477600500||359802||0.00075241
02:03||477686500||359952||0.00075241
02:04||477686500||359952||0.00075241
02:05||477686500||359952||0.00075241
02:06||477686500||359952||0.00075241
02:07||477686500||359952||0.00075241
02:08||477686500||359931||0.00075241
02:09||477686500||359931||0.00075241
02:10||477686500||359931||0.00075241
02:11||477686500||359931||0.00075241
02:12||477686500||359931||0.00075241
02:13||477441000||358530||0.00075241
02:14||477441000||358530||0.00075241
02:15||477441000||358530||0.00075241
02:16||477441000||359931||0.00075241
02:17||476290500||358523||0.00075241
02:18||476290500||358495||0.00075241
02:19||476290500||358495||0.00075241
02:20||476290500||358495||0.00075241
02:21||477236000||358495||0.00075241
02:22||477236000||359918||0.00075241
02:23||477236000||359918||0.00075241
02:24||477236000||359918||0.00075241
02:25||477236000||359918||0.00075241
02:26||477259000||359918||0.00075241
02:27||477259000||359918||0.00075241
02:28||477259000||359918||0.00075241
02:29||477500000||360028||0.00075241
02:30||477700000||360028||0.00075241
02:31||477748000||360329||0.00075241
02:32||477700000||360401||0.00075241
02:33||477700000||360401||0.00075241
02:34||477700000||360329||0.00075241
02:35||477700000||360329||0.00075241
02:36||477650000||360253||0.00075241
02:37||477600000||360253||0.00075241
02:38||477650000||360178||0.00075241
02:39||477700000||360178||0.00075241
02:40||477700000||360178||0.00075241
02:41||477700000||360329||0.00075241
02:42||477700000||360329||0.00075241
02:43||477700000||360329||0.00075241
02:44||477650000||360329||0.00075241
02:45||477650000||360329||0.00075241
02:46||477650000||360329||0.00075241
02:47||477650000||360329||0.00075241
02:48||477650000||360329||0.00075241
02:49||477650000||358523||0.00075241
02:50||477550000||358523||0.00075241
02:51||477382000||358523||0.00075241
02:52||477350000||358523||0.00075241
02:53||477600000||358523||0.00075241
02:54||477700000||358523||0.00075241
02:55||477700000||360329||0.00075241
02:56||477749000||360329||0.00075241
02:57||477949500||360329||0.00075241
02:58||477949500||360329||0.00075241
02:59||477949500||360329||0.00075241
03:00||477949500||360329||0.00075241
03:01||477949500||360329||0.00075241
03:02||477949500||360329||0.00075241
03:03||477700000||360329||0.00075241
03:04||477700000||360328||0.00075241
03:05||477700000||360328||0.00075241
03:06||477699000||360328||0.00075241
03:07||477699000||360328||0.00075241
03:08||477699000||360328||0.00075241
03:09||477700000||360328||0.00075241
03:10||477700000||360328||0.00075241
03:11||477700000||360328||0.00075241
03:12||477700000||360328||0.00075241
03:13||477700000||360326||0.00075241
03:14||477699000||360328||0.00075241
03:15||477700000||360328||0.00075241
03:16||477650500||360328||0.00075241
03:17||477551500||360328||0.00075241
03:18||477551500||360103||0.00075241
03:19||477500500||360103||0.00075241
03:20||477556500||358524||0.00075241
03:21||477383000||358524||0.00075241
03:22||476750500||358524||0.00075241
03:23||476800000||358524||0.00075241
03:24||476801500||358524||0.00075241
03:25||476801500||358524||0.00075241
03:26||476801500||358524||0.00075241
03:27||477451500||359877||0.00075241
03:28||477451500||359877||0.00075241
03:29||477451500||359877||0.00075241
03:30||477451500||359877||0.00075241
03:31||477449000||359877||0.00075241
03:32||477449000||359877||0.00075241
03:33||477450000||359877||0.00075241
03:34||477450000||359877||0.00075241
03:35||477450000||359877||0.00075241
03:36||477450000||359877||0.00075241
03:37||477445500||359877||0.00075241
03:38||477445500||359794||0.00075241
03:39||477445500||359794||0.00075241
03:40||477445500||359795||0.00075241
03:41||477445500||359795||0.00075241
03:42||477288500||359795||0.00075241
03:43||477216500||359557||0.00075241
03:44||477194000||359449||0.00075241
03:45||477193000||359449||0.00075241
03:46||477193000||359449||0.00075241
03:47||477193000||359449||0.00075241
03:48||477193000||359449||0.00075241
03:49||477193000||359449||0.00075241
03:50||477193000||359449||0.00075241
03:51||477193000||359449||0.00075241
03:52||477193000||359449||0.00075241
03:53||477193000||359449||0.00075241
03:54||477193000||359449||0.00075241
03:55||477193000||359449||0.00075241
03:56||477193000||359449||0.00075241
03:57||477183000||359399||0.00075241
03:58||477183000||358675||0.00075241
03:59||477104000||359399||0.00075241
04:00||477021500||359399||0.00075241
04:01||476954000||359399||0.00075241
04:02||476898000||359399||0.00075241
04:03||476898000||359399||0.00075241
04:04||476898000||359399||0.00075241
04:05||476898000||359399||0.00075241
04:06||476898000||359399||0.00075241
04:07||477445000||359794||0.00075241
04:08||477445000||359794||0.00075241
04:09||477445000||359794||0.00075241
04:10||477445000||359794||0.00075241
04:11||477445000||359794||0.00075241
04:12||477446000||359794||0.00075241
04:13||477447500||359794||0.00075241
04:14||477447500||359794||0.00075241
04:15||477447500||359794||0.00075241
04:16||477447500||359794||0.00075241
04:17||477447500||359794||0.00075241
04:18||477432500||359794||0.00075241
04:19||477432500||359794||0.00075241
04:20||477290500||359794||0.00075241
04:21||477184500||359794||0.00075241
04:22||477162500||359794||0.00075241
04:23||477162500||359794||0.00075241
04:24||477162500||359794||0.00075241
04:25||477162500||359794||0.00075241
04:26||477162500||359794||0.00075241
04:27||477162500||359794||0.00075241
04:28||477351000||359650||0.00075241
04:29||477351000||359650||0.00075241
04:30||477351000||359650||0.00075241
04:31||477351000||359650||0.00075241
04:32||477351000||359650||0.00075241
04:33||477351000||359651||0.00075241
04:34||477351000||359651||0.00075241
04:35||477351000||359651||0.00075241
04:36||477351000||359651||0.00075241
04:37||477351000||359651||0.00075241
04:38||477351000||359651||0.00075241
04:39||477351000||359651||0.00075241
04:40||477351000||359651||0.00075241
04:41||477351000||359651||0.00075241
04:42||477351000||359650||0.00075241
04:43||477351000||359650||0.00075241
04:44||477351000||359650||0.00075241
04:45||477351000||359650||0.00075241
04:46||477351000||358675||0.00075241
04:47||477351000||358675||0.00075241
04:48||477351000||358675||0.00075241
04:49||477351000||358675||0.00075241
04:50||477351000||359651||0.00075241
04:51||477351000||359651||0.00075241
04:52||477236000||359532||0.00075241
04:53||477130000||359378||0.00075241
04:54||477043000||359378||0.00075241
04:55||476365000||358675||0.00075241
04:56||476306000||358581||0.00075241
04:57||476267500||358581||0.00075241
04:58||476231000||358421||0.00075241
04:59||476021500||358235||0.00075241
05:00||475691500||358097||0.00075241
05:01||475643500||357770||0.00075241
05:02||475627500||357969||0.00075241
05:03||476674000||357969||0.00075241
05:04||476160000||357969||0.00075241
05:05||476043000||357969||0.00075241
05:06||475945000||357969||0.00075241
05:07||475855000||357969||0.00075241
05:08||475248000||357770||0.00075241
05:09||475199000||357395||0.00075241
05:10||474234000||357281||0.00075241
05:11||475626500||356992||0.00075241
05:12||475348500||356992||0.00075241
05:13||474006000||358627||0.00075241
05:14||474005000||358627||0.00075241
05:15||475407000||356648||0.00075241
05:16||475117000||356648||0.00075241
05:17||474923000||356648||0.00075241
05:18||474745500||356648||0.00075241
05:19||474600000||356648||0.00075241
05:20||474503500||357433||0.00075241
05:21||474434500||356646||0.00075241
05:22||474230500||356646||0.00075241
05:23||474230500||356646||0.00075241
05:24||474230500||356646||0.00075241
05:25||474230500||356646||0.00075241
05:26||474230500||356646||0.00075241
05:27||474230500||356646||0.00075241
05:28||474230500||356646||0.00075241
05:29||474230500||356646||0.00075241
05:30||474226000||356646||0.00075241
05:31||474215000||356977||0.00075241
05:32||475665500||357349||0.00075241
05:33||475727000||357349||0.00075241
05:34||473772000||356643||0.00075241
05:35||473729000||356643||0.00075241
05:36||473688000||356509||0.00075241
05:37||473655500||356509||0.00075241
05:38||474674500||358335||0.00075241
05:39||474251000||357852||0.00075241
05:40||474128000||357852||0.00075241
05:41||474015000||357852||0.00075241
05:42||473925000||357852||0.00075241
05:43||473856000||356310||0.00075241
05:44||473800500||356310||0.00075241
05:45||473753000||356310||0.00075241
05:46||473705500||356527||0.00075241
05:47||473804500||356515||0.00075241
05:48||473804500||356515||0.00075241
05:49||473804500||356515||0.00075241
05:50||473804500||356515||0.00075241
05:51||474050000||356868||0.00075241
05:52||474051000||356868||0.00075241
05:53||474051000||356868||0.00075241
05:54||474053000||356871||0.00075241
05:55||474303500||356869||0.00075241
05:56||474303500||356869||0.00075241
05:57||474303500||356869||0.00075241
05:58||474303500||356869||0.00075241
05:59||474303500||356870||0.00075241
06:00||474948500||356871||0.00075241
06:01||474948500||356871||0.00075241
06:02||475004500||356309||0.00075241
06:03||475227500||356309||0.00075241
06:04||475227500||356309||0.00075241
06:05||475228500||358139||0.00075241
06:06||475228500||358139||0.00075241
06:07||475232000||358146||0.00075241
06:08||475232000||358146||0.00075241
06:09||475182500||358146||0.00075241
06:10||475181000||358146||0.00075241
06:11||475181000||358146||0.00075241
06:12||475132500||358146||0.00075241
06:13||475132500||357996||0.00075241
06:14||475133500||357996||0.00075241
06:15||475150000||357996||0.00075241
06:16||475150000||357996||0.00075241
06:17||475150000||357996||0.00075241
06:18||475148500||357996||0.00075241
06:19||475100000||357996||0.00075241
06:20||475112000||357996||0.00075241
06:21||475400500||357996||0.00075241
06:22||475421000||357996||0.00075241
06:23||475651000||357996||0.00075241
06:24||476290000||358147||0.00075241
06:25||476450500||358147||0.00075241
06:26||476577000||358147||0.00075241
06:27||476994000||358890||0.00075241
06:28||476995000||358899||0.00075241
06:29||476529500||358899||0.00075241
06:30||476929500||358899||0.00075241
06:31||476929500||358899||0.00075241
06:32||476929500||358899||0.00075241
06:33||476929500||358899||0.00075241
06:34||476431000||358793||0.00075241
06:35||476436000||358793||0.00075241
06:36||476436000||358793||0.00075241
06:37||476444500||358793||0.00075241
06:38||476536500||358793||0.00075241
06:39||476627500||358793||0.00075241
06:40||476780500||358899||0.00075241
06:41||476780500||358899||0.00075241
06:42||476782000||358899||0.00075241
06:43||476782000||358899||0.00075241
06:44||476799000||358899||0.00075241
06:45||476928000||358899||0.00075241
06:46||476926500||358788||0.00075241
06:47||476926500||358788||0.00075241
06:48||476926500||358788||0.00075241
06:49||476926500||358788||0.00075241
06:50||476928000||358788||0.00075241
06:51||476949000||358788||0.00075241
06:52||476949000||358788||0.00075241
06:53||476949000||358788||0.00075241
06:54||476949000||358822||0.00075241
06:55||476162000||358822||0.00075241
06:56||476669000||358822||0.00075241
06:57||476822500||358822||0.00075241
06:58||476822500||358899||0.00075241
06:59||476999500||358899||0.00075241
07:00||477104500||358899||0.00075241
07:01||478976000||360329||0.00075241
07:02||478995000||360396||0.00075241
07:03||478031000||360401||0.00075241
07:04||478114000||359199||0.00075241
07:05||477841000||360176||0.00075241
07:06||477742500||360176||0.00075241
07:07||477739000||360176||0.00075241
07:08||477725500||360176||0.00075241
07:09||476774500||357771||0.00075241
07:10||477249000||357771||0.00075241
07:11||477249000||357771||0.00075241
07:12||477250000||357771||0.00075241
07:13||476764000||358147||0.00075241
07:14||476764000||359275||0.00075241
07:15||476880500||359275||0.00075241
07:16||476947000||359275||0.00075241
07:17||478652500||360103||0.00075241
07:18||478954000||360329||0.00075241
07:19||477917500||360329||0.00075241
07:20||477748500||360329||0.00075241
07:21||478098500||360401||0.00075241
07:22||478270000||359318||0.00075241
07:23||478329500||359318||0.00075241
07:24||478280500||359318||0.00075241
07:25||478230500||360103||0.00075241
07:26||477450000||360103||0.00075241
07:27||477699000||358899||0.00075241
07:28||477699000||359952||0.00075241
07:29||477699000||359951||0.00075241
07:30||477699000||359951||0.00075241
07:31||477699000||359951||0.00075241
07:32||477649000||359951||0.00075241
07:33||477599000||359951||0.00075241
07:34||477550000||359651||0.00075241
07:35||477549000||359651||0.00075241
07:36||477549000||359651||0.00075241
07:37||477549000||358974||0.00075241
07:38||477549000||359650||0.00075241
07:39||477549000||359651||0.00075241
07:40||477549000||359651||0.00075241
07:41||477549000||358974||0.00075241
07:42||476999000||358974||0.00075241
07:43||476900000||358147||0.00075241
07:44||476849000||359426||0.00075241
07:45||476850000||359426||0.00075241
07:46||476799000||359426||0.00075241
07:47||476799000||359351||0.00075241
07:48||476800000||359351||0.00075241
07:49||476800000||359351||0.00075241
07:50||476799000||359349||0.00075241
07:51||476749000||359275||0.00075241
07:52||476745500||359269||0.00075241
07:53||476746000||359269||0.00075241
07:54||476744000||358147||0.00075241
07:55||476700500||358147||0.00075241
07:56||476650500||358147||0.00075241
07:57||476653500||359125||0.00075241
07:58||476653500||359125||0.00075241
07:59||476660000||359125||0.00075241
08:00||476661000||359125||0.00075241
08:01||476661000||358163||0.00075241
08:02||477601000||359576||0.00075241
08:03||477601000||359576||0.00075241
08:04||477650500||359651||0.00075241
08:05||477652000||359651||0.00075241
08:06||477652000||359651||0.00075241
08:07||477652500||359651||0.00075241
08:08||477602500||359129||0.00075241
08:09||477451500||359129||0.00075241
08:10||477454000||359351||0.00075241
08:11||477454000||359351||0.00075241
08:12||476811500||358165||0.00075241
08:13||477088000||359727||0.00075241
08:14||477088000||359727||0.00075241
08:15||477088000||359727||0.00075241
08:16||477500000||359727||0.00075241
08:17||477002500||359727||0.00075241
08:18||477002500||359727||0.00075241
08:19||476540500||358901||0.00075241
08:20||476540500||358901||0.00075241
08:21||477002500||358901||0.00075241
08:22||477002500||358901||0.00075241
08:23||477002500||358901||0.00075241
08:24||477002500||358901||0.00075241
08:25||477500500||359651||0.00075241
08:26||477500500||359651||0.00075241
08:27||477538000||359651||0.00075241
08:28||477539000||359651||0.00075241
08:29||477539000||359651||0.00075241
08:30||477539000||359651||0.00075241
08:31||477600500||359651||0.00075241
08:32||477649500||359651||0.00075241
08:33||477650500||359651||0.00075241
08:34||477667000||359651||0.00075241
08:35||477667000||359651||0.00075241
08:36||477667000||359651||0.00075241
08:37||477667000||359651||0.00075241
08:38||477667500||359651||0.00075241
08:39||477667500||359150||0.00075241
08:40||477666500||359150||0.00075241
08:41||477667500||359651||0.00075241
08:42||477666500||359150||0.00075241
08:43||477700500||359150||0.00075241
08:44||477701000||359651||0.00075241
08:45||477751000||359651||0.00075241
08:46||477751000||359651||0.00075241
08:47||477751000||359651||0.00075241
08:48||477701000||359651||0.00075241
08:49||477700000||359200||0.00075241
08:50||477701000||359651||0.00075241
08:51||477751000||359651||0.00075241
08:52||477751000||359651||0.00075241
08:53||477751000||359651||0.00075241
08:54||477501000||359277||0.00075241
08:55||477750500||359651||0.00075241
08:56||477751500||359651||0.00075241
08:57||477818500||359372||0.00075241
08:58||477857000||359436||0.00075241
08:59||477880000||359436||0.00075241
09:00||477979500||359801||0.00075241
09:01||477979500||359801||0.00075241
09:02||477979500||359385||0.00075241
09:03||477979500||359385||0.00075241
09:04||477979500||359800||0.00075241
09:05||477979500||359800||0.00075241
09:06||477979500||359800||0.00075241
09:07||477979500||359800||0.00075241
09:08||477979500||359800||0.00075241
09:09||477979500||359800||0.00075241
09:10||477979000||359800||0.00075241
09:11||477998500||359487||0.00075241
09:12||478036500||359557||0.00075241
09:13||478074500||359799||0.00075241
09:14||478085000||359632||0.00075241
09:15||477978000||359471||0.00075241
09:16||477988500||359799||0.00075241
09:17||478298500||359876||0.00075241
09:18||478373500||359876||0.00075241
09:19||479217500||360396||0.00075241
09:20||479241500||360630||0.00075241
09:21||479248500||360630||0.00075241
09:22||478573000||360630||0.00075241
09:23||479355500||360703||0.00075241
09:24||479313500||360703||0.00075241
09:25||479313500||360639||0.00075241
09:26||479313500||360640||0.00075241
09:27||479313500||360640||0.00075241
09:28||479989000||361155||0.00075241
09:29||479997500||361155||0.00075241
09:30||479118000||361155||0.00075241
09:31||479272000||361155||0.00075241
09:32||479400500||361155||0.00075241
09:33||479519000||360350||0.00075241
09:34||479598500||361155||0.00075241
09:35||479598500||361155||0.00075241
09:36||479548500||361155||0.00075241
09:37||479548500||361080||0.00075241
09:38||479548500||361080||0.00075241
09:39||479548500||361080||0.00075241
09:40||479548500||361080||0.00075241
09:41||479598500||361155||0.00075241
09:42||479598500||361155||0.00075241
09:43||479598500||361155||0.00075241
09:44||479600000||361155||0.00075241
09:45||479599000||360556||0.00075241
09:46||479601500||360558||0.00075241
09:47||479601500||360558||0.00075241
09:48||479601500||360558||0.00075241
09:49||479997000||361153||0.00075241
09:50||479997000||361155||0.00075241
09:51||479998500||361156||0.00075241
09:52||479999000||361156||0.00075241
09:53||479999000||361156||0.00075241
09:54||479999000||361156||0.00075241
09:55||479999000||361156||0.00075241
09:56||480494500||361833||0.00075241
09:57||480577000||361833||0.00075241
09:58||480704500||361908||0.00075241
09:59||480772500||361908||0.00075241
10:00||480823000||361607||0.00075241
10:01||480697500||361454||0.00075241
10:02||480713500||361475||0.00075241
10:03||481558500||361909||0.00075241
10:04||481648000||362660||0.00075241
10:05||481702500||362654||0.00075241
10:06||481999500||362660||0.00075241
10:07||481999500||362660||0.00075241
10:08||481999500||362660||0.00075241
10:09||482101000||362812||0.00075241
10:10||484101000||365821||0.00075241
10:11||483032000||365758||0.00075241
10:12||482542000||363400||0.00075241
10:13||482001500||362660||0.00075241
10:14||482001500||362663||0.00075241
10:15||482500500||363414||0.00075241
10:16||482490500||363398||0.00075241
10:17||482458500||363335||0.00075241
10:18||482000000||362662||0.00075241
10:19||482000000||362662||0.00075241
10:20||482000000||362662||0.00075241
10:21||482000000||362662||0.00075241
10:22||482000000||362662||0.00075241
10:23||482000000||362662||0.00075241
10:24||482000000||362662||0.00075241
10:25||482000000||362662||0.00075241
10:26||481999500||362660||0.00075241
10:27||481999500||362660||0.00075241
10:28||482000000||362662||0.00075241
10:29||481999500||362661||0.00075241
10:30||481999500||362660||0.00075241
10:31||481999500||362661||0.00075241
10:32||481999500||362661||0.00075241
10:33||481999500||362660||0.00075241
10:34||481999500||362661||0.00075241
10:35||481999500||362661||0.00075241
10:36||482000000||362662||0.00075241
10:37||482000000||362662||0.00075241
10:38||482000000||362662||0.00075241
10:39||482000000||362662||0.00075241
10:40||482000000||362662||0.00075241
10:41||482000000||362662||0.00075241
10:42||482000000||362662||0.00075241
10:43||482000000||362662||0.00075241
10:44||482000000||362662||0.00075241
10:45||482000000||362662||0.00075241
10:46||482000000||362662||0.00075241
10:47||480907500||362660||0.00075241
10:48||480739000||362660||0.00075241
10:49||480739000||362660||0.00075241
10:50||479698000||361099||0.00075241
10:51||479678000||361048||0.00075241
10:52||479678000||360780||0.00075241
10:53||480075000||361817||0.00075241
10:54||480501000||361909||0.00075241
10:55||480501000||361909||0.00075241
10:56||480751000||362285||0.00075241
10:57||480781500||362285||0.00075241
10:58||481179000||362285||0.00075241
10:59||482872500||364849||0.00075241
11:00||482872500||364849||0.00075241
11:01||482711000||361786||0.00075241
11:02||482711000||361786||0.00075241
11:03||481897000||361786||0.00075241
11:04||480918500||361786||0.00075241
11:05||481897000||363381||0.00075241
11:06||481993500||363381||0.00075241
11:07||482052000||363381||0.00075241
11:08||482196000||363381||0.00075241
11:09||482482500||363381||0.00075241
11:10||482655000||362120||0.00075241
11:11||482383500||363414||0.00075241
11:12||482608000||363414||0.00075241
11:13||482721500||363414||0.00075241
11:14||482557000||361920||0.00075241
11:15||482669000||363414||0.00075241
11:16||483421000||364166||0.00075241
11:17||484287500||364606||0.00075241
11:18||483050000||364167||0.00075241
11:19||482860500||364009||0.00075241
11:20||482844000||362805||0.00075241
11:21||482856500||363659||0.00075241
11:22||482586500||363544||0.00075241
11:23||483268500||364606||0.00075241
11:24||483464500||364567||0.00075241
11:25||483616500||364494||0.00075241
11:26||483617500||364494||0.00075241
11:27||483617500||364494||0.00075241
11:28||483119500||364381||0.00075241
11:29||483028500||362662||0.00075241
11:30||482814000||363967||0.00075241
11:31||482231500||363761||0.00075241
11:32||482563000||364606||0.00075241
11:33||482765500||364602||0.00075241
11:34||481250500||363022||0.00075241
11:35||483041000||363022||0.00075241
11:36||483159500||364549||0.00075241
11:37||483169500||364606||0.00075241
11:38||483169500||364606||0.00075241
11:39||483169500||364564||0.00075241
11:40||482258500||364564||0.00075241
11:41||482258500||364564||0.00075241
11:42||482233500||362663||0.00075241
11:43||482002500||362663||0.00075241
11:44||482002500||362663||0.00075241
11:45||482002500||362663||0.00075241
11:46||482900000||362663||0.00075241
11:47||482002500||363932||0.00075241
11:48||482002500||362663||0.00075241
11:49||482000500||362661||0.00075241
11:50||482000500||362661||0.00075241
11:51||482000500||362661||0.00075241
11:52||482981000||364166||0.00075241
11:53||482981000||364136||0.00075241
11:54||482981000||364136||0.00075241
11:55||482981000||364136||0.00075241
11:56||483020500||364136||0.00075241
11:57||483179000||364136||0.00075241
11:58||483910000||364092||0.00075241
11:59||483900500||364092||0.00075241
12:00||482834500||363969||0.00075241
12:01||482674000||363969||0.00075241
12:02||482630500||362664||0.00075241
12:03||483126000||364166||0.00075241
12:04||483537500||364542||0.00075241
12:05||483699000||364512||0.00075241
12:06||483847500||363462||0.00075241
12:07||483945500||364512||0.00075241
12:08||483990500||363755||0.00075241
12:09||483990500||363755||0.00075241
12:10||483990500||364512||0.00075241
12:11||483990500||364512||0.00075241
12:12||483990500||364512||0.00075241
12:13||483990500||364512||0.00075241
12:14||483804500||364512||0.00075241
12:15||483810500||364512||0.00075241
12:16||483810500||364241||0.00075241
12:17||483938500||363998||0.00075241
12:18||484822000||364606||0.00075241
12:19||484855500||364903||0.00075241
12:20||484138500||364903||0.00075241
12:21||484456500||364903||0.00075241
12:22||484531000||364903||0.00075241
12:23||484727000||364896||0.00075241
12:24||484512000||364896||0.00075241
12:25||484766500||363790||0.00075241
12:26||484745500||364605||0.00075241
12:27||484584500||364605||0.00075241
12:28||484584500||364605||0.00075241
12:29||484584500||364605||0.00075241
12:30||484584500||364606||0.00075241
12:31||483990500||364527||0.00075241
12:32||484240000||364527||0.00075241
12:33||484240000||364166||0.00075241
12:34||484250000||364166||0.00075241
12:35||484245000||364166||0.00075241
12:36||483997500||364535||0.00075241
12:37||483997500||363793||0.00075241
12:38||483943500||363793||0.00075241
12:39||483943500||364453||0.00075241
12:40||483894500||364380||0.00075241
12:41||483894500||364380||0.00075241
12:42||483501500||363793||0.00075241
12:43||483501500||363790||0.00075241
12:44||483873500||363790||0.00075241
12:45||483790000||363790||0.00075241
12:46||482996500||362723||0.00075241
12:47||482820000||363933||0.00075241
12:48||482786000||363933||0.00075241
12:49||482657000||363550||0.00075241
12:50||482613000||363395||0.00075241
12:51||482613000||363395||0.00075241
12:52||482613000||363395||0.00075241
12:53||482613000||363395||0.00075241
12:54||482613000||363395||0.00075241
12:55||482613000||363395||0.00075241
12:56||482613000||363395||0.00075241
12:57||482613500||363395||0.00075241
12:58||482613500||363395||0.00075241
12:59||482613500||363395||0.00075241
13:00||482613500||363395||0.00075241
13:01||482250500||362849||0.00075241
13:02||481493000||362661||0.00075241
13:03||481493000||362590||0.00075241
13:04||481493000||362590||0.00075241
13:05||481493000||362590||0.00075241
13:06||481493000||362590||0.00075241
13:07||481493000||361970||0.00075241
13:08||481493000||362590||0.00075241
13:09||482130000||361970||0.00075241
13:10||482130000||363548||0.00075241
13:11||482131000||361970||0.00075241
13:12||482098500||363364||0.00075241
13:13||482395500||363581||0.00075241
13:14||482507500||363553||0.00075241
13:15||482507500||363553||0.00075241
13:16||482308500||363553||0.00075241
13:17||482200000||363390||0.00075241
13:18||481715500||362661||0.00075241
13:19||481684000||362661||0.00075241
13:20||481684000||362661||0.00075241
13:21||481684000||362611||0.00075241
13:22||482212500||363037||0.00075241
13:23||482212500||362249||0.00075241
13:24||481877500||362917||0.00075241
13:25||481791000||362917||0.00075241
13:26||481754000||362711||0.00075241
13:27||481454500||362702||0.00075241
13:28||481193000||362231||0.00075241
13:29||481143000||361909||0.00075241
13:30||481750000||362661||0.00075241
13:31||481700000||362285||0.00075241
13:32||481450000||362586||0.00075241
13:33||481450000||361909||0.00075241
13:34||481500000||362586||0.00075241
13:35||481300000||362285||0.00075241
13:36||481300000||361984||0.00075241
13:37||481300000||362285||0.00075241
13:38||481250000||362285||0.00075241
13:39||481250000||362285||0.00075241
13:40||481249000||362283||0.00075241
13:41||481249000||361909||0.00075241
13:42||481250000||362283||0.00075241
13:43||481249000||361909||0.00075241
13:44||481248500||362283||0.00075241
13:45||481497500||362283||0.00075241
13:46||481250000||362283||0.00075241
13:47||481251000||362283||0.00075241
13:48||481249000||361910||0.00075241
13:49||481250000||361912||0.00075241
13:50||481250000||362282||0.00075241
13:51||481248000||361909||0.00075241
13:52||481247500||362282||0.00075241
13:53||481248000||361909||0.00075241
13:54||481248000||361909||0.00075241
13:55||480932500||361434||0.00075241
13:56||480933500||362282||0.00075241
13:57||480933500||362282||0.00075241
13:58||480933500||362282||0.00075241
13:59||480932500||362282||0.00075241
14:00||480934000||362282||0.00075241
14:01||480935000||362282||0.00075241
14:02||480935000||362282||0.00075241
14:03||480935000||362282||0.00075241
14:04||480935000||361438||0.00075241
14:05||481248000||362282||0.00075241
14:06||480935000||362282||0.00075241
14:07||480935000||362282||0.00075241
14:08||480935000||362282||0.00075241
14:09||480935000||361438||0.00075241
14:10||480687000||361438||0.00075241
14:11||480935500||362282||0.00075241
14:12||480936000||362282||0.00075241
14:13||480937000||362281||0.00075241
14:14||480937000||362281||0.00075241
14:15||480937000||362281||0.00075241
14:16||480937500||362282||0.00075241
14:17||480936500||361441||0.00075241
14:18||480936000||361439||0.00075241
14:19||480944000||362280||0.00075241
14:20||480934500||361439||0.00075241
14:21||480884500||362204||0.00075241
14:22||480885000||362204||0.00075241
14:23||480885500||362204||0.00075241
14:24||480935500||362280||0.00075241
14:25||480986500||361516||0.00075241
14:26||480986000||361517||0.00075241
14:27||480986000||362279||0.00075241
14:28||480986500||361517||0.00075241
14:29||480985500||362280||0.00075241
14:30||480986000||362279||0.00075241
14:31||480986000||362279||0.00075241
14:32||480986000||362280||0.00075241
14:33||480756000||361171||0.00075241
14:34||480755500||362277||0.00075241
14:35||480755500||362277||0.00075241
14:36||480755000||362277||0.00075241
14:37||480755000||362277||0.00075241
14:38||480755500||362277||0.00075241
14:39||480985000||361517||0.00075241
14:40||481488500||362277||0.00075241
14:41||480991000||361517||0.00075241
14:42||480991000||362285||0.00075241
14:43||480941000||362210||0.00075241
14:44||480941000||361519||0.00075241
14:45||481094500||361519||0.00075241
14:46||481312000||361519||0.00075241
14:47||481367500||362210||0.00075241
14:48||481370500||362210||0.00075241
14:49||481420500||362285||0.00075241
14:50||481420500||362285||0.00075241
14:51||481420500||362285||0.00075241
14:52||481420500||362285||0.00075241
14:53||481420000||362165||0.00075241
14:54||481420500||362165||0.00075241
14:55||481419000||362164||0.00075241
14:56||480759500||361171||0.00075241
14:57||480809000||362283||0.00075241
14:58||480809000||362283||0.00075241
14:59||480809000||362283||0.00075241
15:00||480809000||362283||0.00075241
15:01||480809000||362283||0.00075241
15:02||480809000||362282||0.00075241
15:03||480809000||362282||0.00075241
15:04||480810000||362285||0.00075241
15:05||480811500||362285||0.00075241
15:06||480811500||362285||0.00075241
15:07||480151000||361271||0.00075241
15:08||480151500||361270||0.00075241
15:09||480151500||361271||0.00075241
15:10||480815500||361270||0.00075241
15:11||480813000||361270||0.00075241
15:12||480760500||361270||0.00075241
15:13||480761500||362187||0.00075241
15:14||480761500||362189||0.00075241
15:15||480761500||362189||0.00075241
15:16||480759500||361271||0.00075241
15:17||480683000||361156||0.00075241
15:18||480683000||361156||0.00075241
15:19||480683000||362183||0.00075241
15:20||480631000||361156||0.00075241
15:21||480582000||362107||0.00075241
15:22||480582000||362031||0.00075241
15:23||479611500||360572||0.00075241
15:24||479611500||360572||0.00075241
15:25||479612000||361155||0.00075241
15:26||479612000||361155||0.00075241
15:27||479613000||361156||0.00075241
15:28||479651000||361156||0.00075241
15:29||479651500||361156||0.00075241
15:30||479628000||361092||0.00075241
15:31||479678500||361092||0.00075241
15:32||479772000||360860||0.00075241
15:33||479958000||361092||0.00075241
15:34||479999500||361156||0.00075241
15:35||480594500||361156||0.00075241
15:36||480703500||362014||0.00075241
15:37||480826000||362013||0.00075241
15:38||480804500||361909||0.00075241
15:39||481139500||362014||0.00075241
15:40||481139500||362013||0.00075241
15:41||481139500||362014||0.00075241
15:42||481139500||362014||0.00075241
15:43||481145500||362022||0.00075241
15:44||481150500||362029||0.00075241
15:45||481149500||362013||0.00075241
15:46||481261500||362029||0.00075241
15:47||481251500||362183||0.00075241
15:48||481027000||362284||0.00075241
15:49||481104000||362283||0.00075241
15:50||481185000||362283||0.00075241
15:51||481251000||362283||0.00075241
15:52||481252000||361913||0.00075241
15:53||481497500||362283||0.00075241
15:54||481498000||362284||0.00075241
15:55||481498000||362284||0.00075241
15:56||481498000||362284||0.00075241
15:57||481499500||362285||0.00075241
15:58||481499500||362285||0.00075241
15:59||481499500||362285||0.00075241
16:00||481499500||362285||0.00075241
16:01||481498500||362283||0.00075241
16:02||481498500||362285||0.00075241
16:03||481499000||362285||0.00075241
16:04||481499500||362285||0.00075241
16:05||481499500||362284||0.00075241
16:06||481499500||362285||0.00075241
16:07||481499500||362285||0.00075241
16:08||481499500||362285||0.00075241
16:09||481748500||362660||0.00075241
16:10||481750000||362660||0.00075241
16:11||481748500||362284||0.00075241
16:12||481748500||362660||0.00075241
16:13||481748500||362660||0.00075241
16:14||481999500||362660||0.00075241
16:15||481999500||362660||0.00075241
16:16||481999500||362660||0.00075241
16:17||482249000||362660||0.00075241
16:18||482271500||363037||0.00075241
16:19||482283500||363037||0.00075241
16:20||482248500||362660||0.00075241
16:21||482248500||363036||0.00075241
16:22||482000500||363036||0.00075241
16:23||482249500||363037||0.00075241
16:24||482250000||363037||0.00075241
16:25||482200000||363037||0.00075241
16:26||482200000||362962||0.00075241
16:27||482254000||363037||0.00075241
16:28||482303500||362742||0.00075241
16:29||482307500||362742||0.00075241
16:30||482499500||363037||0.00075241
16:31||482998500||363037||0.00075241
16:32||482998500||363037||0.00075241
16:33||482562000||363413||0.00075241
16:34||482712500||363413||0.00075241
16:35||483212500||364165||0.00075241
16:36||483206500||362982||0.00075241
16:37||483207000||364166||0.00075241
16:38||483204500||364162||0.00075241
16:39||483208000||364164||0.00075241
16:40||483208000||364164||0.00075241
16:41||483205000||362973||0.00075241
16:42||483456500||364541||0.00075241
16:43||483456000||362973||0.00075241
16:44||483455000||364541||0.00075241
16:45||483459000||364541||0.00075241
16:46||483696500||364878||0.00075241
16:47||483696500||364878||0.00075241
16:48||483696500||364878||0.00075241
16:49||483696500||362995||0.00075241
16:50||483697000||364879||0.00075241
16:51||483697000||364879||0.00075241
16:52||483693000||364873||0.00075241
16:53||483643000||362997||0.00075241
16:54||483630500||362997||0.00075241
16:55||483629500||362997||0.00075241
16:56||483629500||363006||0.00075241
16:57||483649500||363008||0.00075241
16:58||483684500||363008||0.00075241
16:59||483731500||364774||0.00075241
17:00||483730000||364766||0.00075241
17:01||483727500||364760||0.00075241
17:02||483730000||363161||0.00075241
17:03||483713500||364760||0.00075241
17:04||483771000||364760||0.00075241
17:05||483771000||364760||0.00075241
17:06||483796000||364760||0.00075241
17:07||483796000||363263||0.00075241
17:08||483796000||364766||0.00075241
17:09||483796000||364766||0.00075241
17:10||483795000||364760||0.00075241
17:11||483795000||364760||0.00075241
17:12||484291500||364012||0.00075241
17:13||484288500||364753||0.00075241
17:14||484288500||364753||0.00075241
17:15||484292500||364753||0.00075241
17:16||484292500||364753||0.00075241
17:17||484293500||364759||0.00075241
17:18||484293500||364759||0.00075241
17:19||484293500||364757||0.00075241
17:20||484299500||364757||0.00075241
17:21||484299500||364757||0.00075241
17:22||484302500||364757||0.00075241
17:23||484302500||364757||0.00075241
17:24||484298000||364026||0.00075241
17:25||484298000||364027||0.00075241
17:26||484328500||364798||0.00075241
17:27||484328500||364798||0.00075241
17:28||484328500||364798||0.00075241
17:29||484158500||364028||0.00075241
17:30||484401000||364768||0.00075241
17:31||484500000||364768||0.00075241
17:32||484455000||364849||0.00075241
17:33||484456500||364170||0.00075241
17:34||484456000||364170||0.00075241
17:35||484453000||364848||0.00075241
17:36||484455500||364848||0.00075241
17:37||484455500||364846||0.00075241
17:38||484456500||364848||0.00075241
17:39||484456500||364848||0.00075241
17:40||484456500||364848||0.00075241
17:41||484456500||364848||0.00075241
17:42||484456000||364169||0.00075241
17:43||484456000||364169||0.00075241
17:44||484453000||364169||0.00075241
17:45||484452000||364169||0.00075241
17:46||484446000||364169||0.00075241
17:47||484445000||364169||0.00075241
17:48||484444500||364169||0.00075241
17:49||484005000||364170||0.00075241
17:50||484005000||364170||0.00075241
17:51||484005000||364170||0.00075241
17:52||484002000||364166||0.00075241
17:53||484002000||364169||0.00075241
17:54||484002000||364169||0.00075241
17:55||484005000||364169||0.00075241
17:56||484444000||364169||0.00075241
17:57||484005000||364170||0.00075241
17:58||484005000||364169||0.00075241
17:59||484005000||364169||0.00075241
18:00||484005000||364169||0.00075241
18:01||484402000||364169||0.00075241
18:02||484402000||364169||0.00075241
18:03||484367000||364169||0.00075241
18:04||484367000||364169||0.00075241
18:05||484367000||364169||0.00075241
18:06||484367000||364169||0.00075241
18:07||484367000||364169||0.00075241
18:08||484367000||364169||0.00075241
18:09||484367000||364169||0.00075241
18:10||484615000||364169||0.00075241
18:11||484500500||364542||0.00075241
18:12||484500500||364542||0.00075241
18:13||484500500||364542||0.00075241
18:14||484500500||364542||0.00075241
18:15||484500500||364542||0.00075241
18:16||484500500||364542||0.00075241
18:17||484252500||364169||0.00075241
18:18||484252500||364169||0.00075241
18:19||484252500||364169||0.00075241
18:20||484252500||364169||0.00075241
18:21||484252500||364169||0.00075241
18:22||484252500||364169||0.00075241
18:23||482887500||363414||0.00075241
18:24||482887500||363414||0.00075241
18:25||482721000||362995||0.00075241
18:26||482719500||362995||0.00075241
18:27||482704500||362973||0.00075241
18:28||482704500||362973||0.00075241
18:29||482704500||362973||0.00075241
18:30||482704500||362973||0.00075241
18:31||482704500||362973||0.00075241
18:32||482704500||362973||0.00075241
18:33||482704500||362973||0.00075241
18:34||482703000||362973||0.00075241
18:35||482703000||362973||0.00075241
18:36||482703000||362973||0.00075241
18:37||482703000||362973||0.00075241
18:38||482703000||362973||0.00075241
18:39||482703000||362973||0.00075241
18:40||482746000||362973||0.00075241
18:41||482746000||362973||0.00075241
18:42||482746000||363037||0.00075241
18:43||482703000||362973||0.00075241
18:44||482701500||362973||0.00075241
18:45||482414500||362973||0.00075241
18:46||482414500||362667||0.00075241
18:47||482210500||362972||0.00075241
18:48||482206500||362661||0.00075241
18:49||482495500||362972||0.00075241
18:50||482496500||363408||0.00075241
18:51||482503500||363408||0.00075241
18:52||482503500||363408||0.00075241
18:53||482503500||363408||0.00075241
18:54||482503500||363408||0.00075241
18:55||482503500||362672||0.00075241
18:56||482503500||362672||0.00075241
18:57||482503500||362672||0.00075241
18:58||482008000||362672||0.00075241
18:59||482496500||363406||0.00075241
19:00||482390000||363406||0.00075241
19:01||482389000||362662||0.00075241
19:02||482389000||362662||0.00075241
19:03||482389000||362662||0.00075241
19:04||482389500||362662||0.00075241
19:05||482389500||362662||0.00075241
19:06||482389500||362662||0.00075241
19:07||482389500||362662||0.00075241
19:08||482388500||362662||0.00075241
19:09||482388500||362662||0.00075241
19:10||482387500||362661||0.00075241
19:11||482387500||362661||0.00075241
19:12||482136500||362283||0.00075241
19:13||482136500||362283||0.00075241
19:14||482136500||362283||0.00075241
19:15||482136500||362283||0.00075241
19:16||482136500||362283||0.00075241
19:17||482136500||362283||0.00075241
19:18||482135500||362283||0.00075241
19:19||479695000||360690||0.00075241
19:20||481169000||361156||0.00075241
19:21||481316000||361609||0.00075241
19:22||481019000||361156||0.00075241
19:23||481019000||361156||0.00075241
19:24||481019000||361186||0.00075241
19:25||481019000||361186||0.00075241
19:26||481017500||361186||0.00075241
19:27||481017500||361186||0.00075241
19:28||481017500||361186||0.00075241
19:29||481017500||361186||0.00075241
19:30||481135500||362657||0.00075241
19:31||481301000||362657||0.00075241
19:32||481438000||362657||0.00075241
19:33||481525500||362657||0.00075241
19:34||481603500||362657||0.00075241
19:35||481691500||362657||0.00075241
19:36||482756000||364166||0.00075241
19:37||482755500||364166||0.00075241
19:38||482806000||364166||0.00075241
19:39||483014000||364166||0.00075241
19:40||483014000||364166||0.00075241
19:41||483093500||364166||0.00075241
19:42||483219500||364166||0.00075241
19:43||482641500||363037||0.00075241
19:44||483257500||363414||0.00075241
19:45||483257500||363425||0.00075241
19:46||483257500||363425||0.00075241
19:47||483257500||363425||0.00075241
19:48||483257500||363425||0.00075241
19:49||483883000||363991||0.00075241
19:50||483998500||364165||0.00075241
19:51||483034500||364166||0.00075241
19:52||484018500||362730||0.00075241
19:53||484258500||364179||0.00075241
19:54||482521000||363414||0.00075241
19:55||482521000||363414||0.00075241
19:56||482521000||363414||0.00075241
19:57||483765000||363414||0.00075241
19:58||483765000||363414||0.00075241
19:59||483520000||363414||0.00075241
20:00||483744000||363414||0.00075241
20:01||483773500||364091||0.00075241
20:02||483773500||363900||0.00075241
20:03||484253500||364166||0.00075241
20:04||484254500||364541||0.00075241
20:05||481818500||362525||0.00075241
20:06||481818500||362525||0.00075241
20:07||481818500||362524||0.00075241
20:08||481818500||362525||0.00075241
20:09||481999500||362661||0.00075241
20:10||482499000||363413||0.00075241
20:11||482500000||363414||0.00075241
20:12||482500500||362661||0.00075241
20:13||482508500||363414||0.00075241
20:14||482511000||363414||0.00075241
20:15||482901000||363414||0.00075241
20:16||482999500||363414||0.00075241
20:17||482999500||363414||0.00075241
20:18||483399500||364015||0.00075241
20:19||483399000||364015||0.00075241
20:20||483398500||364015||0.00075241
20:21||483580500||364000||0.00075241
20:22||483776500||363997||0.00075241
20:23||483776500||363998||0.00075241
20:24||483776500||363998||0.00075241
20:25||483352500||363998||0.00075241
20:26||483349500||363940||0.00075241
20:27||483324500||363940||0.00075241
20:28||483299500||363940||0.00075241
20:29||483295000||363831||0.00075241
20:30||483326000||363903||0.00075241
20:31||483322500||363895||0.00075241
20:32||483303000||364165||0.00075241
20:33||483550000||363865||0.00075241
20:34||483999500||364166||0.00075241
20:35||483999500||364166||0.00075241
20:36||483999500||364166||0.00075241
20:37||483999500||364166||0.00075241
20:38||483999500||364166||0.00075241
20:39||483999500||364166||0.00075241
20:40||483999500||364828||0.00075241
20:41||483999500||364165||0.00075241
20:42||483999500||364166||0.00075241
20:43||483999500||364166||0.00075241
20:44||483999500||364166||0.00075241
20:45||484438500||364827||0.00075241
20:46||483999500||364166||0.00075241
20:47||484250000||364542||0.00075241
20:48||484250000||364542||0.00075241
20:49||484002000||364166||0.00075241
20:50||484003500||364166||0.00075241
20:51||484003500||364169||0.00075241
20:52||484003500||364169||0.00075241
20:53||484351500||364693||0.00075241
20:54||484441000||364827||0.00075241
20:55||484436500||364168||0.00075241
20:56||484436500||364821||0.00075241
20:57||484402500||364768||0.00075241
20:58||484403500||364768||0.00075241
20:59||484443500||364177||0.00075241
21:00||484443500||364821||0.00075241
21:01||484440500||364169||0.00075241
21:02||484405500||364773||0.00075241
21:03||484403500||364769||0.00075241
21:04||484403500||364770||0.00075241
21:05||484403500||364769||0.00075241
21:06||484408500||364178||0.00075241
21:07||484408500||364178||0.00075241
21:08||484409000||364178||0.00075241
21:09||484408000||364768||0.00075241
21:10||484409000||364768||0.00075241
21:11||484409000||364768||0.00075241
21:12||484409000||364768||0.00075241
21:13||484409500||364769||0.00075241
21:14||484408000||364178||0.00075241
21:15||484408000||364766||0.00075241
21:16||484405000||364178||0.00075241
21:17||484400000||364754||0.00075241
21:18||484385000||364754||0.00075241
21:19||484400000||364754||0.00075241
21:20||484451000||364754||0.00075241
21:21||485893500||365669||0.00075241
21:22||485997500||366421||0.00075241
21:23||486499500||366421||0.00075241
21:24||486549000||365746||0.00075241
21:25||486549000||366420||0.00075241
21:26||486550000||366422||0.00075241
21:27||486551500||366422||0.00075241
21:28||486550500||366422||0.00075241
21:29||486500500||366346||0.00075241
21:30||486500500||366346||0.00075241
21:31||486500500||366346||0.00075241
21:32||486500500||366346||0.00075241
21:33||486483500||366346||0.00075241
21:34||486481500||366321||0.00075241
21:35||486862000||366321||0.00075241
21:36||486301500||366318||0.00075241
21:37||486476500||366310||0.00075241
21:38||486301500||365748||0.00075241
21:39||486499500||366046||0.00075241
21:40||486857000||366321||0.00075241
21:41||486857000||366321||0.00075241
21:42||486925000||366423||0.00075241
21:43||486925000||366423||0.00075241
21:44||486925000||366310||0.00075241
21:45||486925000||366310||0.00075241
21:46||486925000||366423||0.00075241
21:47||486925500||366423||0.00075241
21:48||486851500||366311||0.00075241
21:49||486851500||366311||0.00075241
21:50||486925500||366423||0.00075241
21:51||486926000||366423||0.00075241
21:52||486999500||366423||0.00075241
21:53||486999500||366423||0.00075241
21:54||486999500||366423||0.00075241
21:55||486999500||366423||0.00075241
21:56||487099000||366573||0.00075241
21:57||487499500||367176||0.00075241
21:58||487599500||366423||0.00075241
21:59||487500000||367176||0.00075241
22:00||487500000||367176||0.00075241
22:01||487600500||367326||0.00075241
22:02||487576000||367288||0.00075241
22:03||487551000||367288||0.00075241
22:04||487575500||367288||0.00075241
22:05||487575500||367288||0.00075241
22:06||487550500||366424||0.00075241
22:07||487555000||366424||0.00075241
22:08||487555000||366507||0.00075241
22:09||487556000||367176||0.00075241
22:10||487335000||367176||0.00075241
22:11||488028000||367551||0.00075241
22:12||488027500||366842||0.00075241
22:13||488029000||366842||0.00075241
22:14||488029000||367552||0.00075241
22:15||488029000||367552||0.00075241
22:16||488029000||367552||0.00075241
22:17||487779000||367552||0.00075241
22:18||487779000||366843||0.00075241
22:19||488745000||367920||0.00075241
22:20||488274000||367920||0.00075241
22:21||488274500||366843||0.00075241
22:22||488273500||366843||0.00075241
22:23||488274000||367920||0.00075241
22:24||488495500||367920||0.00075241
22:25||488495500||367176||0.00075241
22:26||488376000||367176||0.00075241
22:27||488150000||367176||0.00075241
22:28||488374500||367739||0.00075241
22:29||488375000||367739||0.00075241
22:30||488375000||367740||0.00075241
22:31||488375500||367740||0.00075241
22:32||488250500||367732||0.00075241
22:33||487950000||366799||0.00075241
22:34||487940500||366799||0.00075241
22:35||487931000||366799||0.00075241
22:36||488362500||367449||0.00075241
22:37||487932000||367449||0.00075241
22:38||487875500||366800||0.00075241
22:39||487875000||367364||0.00075241
22:40||487880500||367364||0.00075241
22:41||487881000||367364||0.00075241
22:42||487882000||367364||0.00075241
22:43||487876000||367352||0.00075241
22:44||487876000||366813||0.00075241
22:45||487876500||366813||0.00075241
22:46||487950000||367461||0.00075241
22:47||487950500||367461||0.00075241
22:48||487950500||367461||0.00075241
22:49||487904000||366815||0.00075241
22:50||488015000||366815||0.00075241
22:51||488015000||367386||0.00075241
22:52||488015000||367386||0.00075241
22:53||488015000||367386||0.00075241
22:54||488125000||367552||0.00075241
22:55||488250000||367740||0.00075241
22:56||488255000||367747||0.00075241
22:57||488257000||367747||0.00075241
22:58||488260000||367747||0.00075241
22:59||488320500||367747||0.00075241
23:00||490398500||370937||0.00075241
23:01||489664000||370124||0.00075241
23:02||488450000||368280||0.00075241
23:03||487950500||367176||0.00075241
23:04||489499500||369754||0.00075241
23:05||489514000||369388||0.00075241
23:06||489720000||369388||0.00075241
23:07||488990000||369388||0.00075241
23:08||488941000||368215||0.00075241
23:09||488225500||367552||0.00075241
23:10||488000500||367176||0.00075241
23:11||488000500||367176||0.00075241
23:12||488000500||367176||0.00075241
23:13||488000500||367176||0.00075241
23:14||488000500||367176||0.00075241
23:15||488000500||367176||0.00075241
23:16||488000500||367176||0.00075241
23:17||488000500||367176||0.00075241
23:18||487500500||366423||0.00075241
23:19||487490500||366423||0.00075241
23:20||487043500||367161||0.00075241
23:21||486553000||367161||0.00075241
23:22||487479500||367145||0.00075241
23:23||487479500||366422||0.00075241
23:24||487479500||367145||0.00075241
23:25||486745500||366422||0.00075241
23:26||486745500||366416||0.00075241
23:27||487117500||366235||0.00075241
23:28||486867500||366600||0.00075241
23:29||486958000||366047||0.00075241
23:30||486958500||366611||0.00075241
23:31||487083500||366799||0.00075241
23:32||487083000||366799||0.00075241
23:33||487083000||366172||0.00075241
23:34||487283000||367100||0.00075241
23:35||487277000||367100||0.00075241
23:36||487499500||367895||0.00075241
23:37||487625500||367342||0.00075241
23:38||488013500||367364||0.00075241
23:39||488014000||367364||0.00075241
23:40||487444500||367091||0.00075241
23:41||487447500||367091||0.00075241
23:42||487447500||367091||0.00075241
23:43||487738500||367552||0.00075241
23:44||487738500||367529||0.00075241
23:45||487384500||367529||0.00075241
23:46||487384500||366997||0.00075241
23:47||487384500||366997||0.00075241
23:48||487384500||366428||0.00075241
23:49||487384500||366428||0.00075241
23:50||487756000||366428||0.00075241
23:51||487756000||366997||0.00075241
23:52||487763500||367008||0.00075241
23:53||487763500||367008||0.00075241
23:54||487763500||367008||0.00075241
23:55||487763500||367008||0.00075241
23:56||487763500||367008||0.00075241
23:57||487389000||366424||0.00075241
23:58||487381000||366424||0.00075241
23:59||487381000||366424||0.00075241
