00:00||636401000||479285||0.00075241
00:01||636401000||479285||0.00075241
00:02||635258500||478344||0.00075241
00:03||635258500||478169||0.00075241
00:04||636432000||478169||0.00075241
00:05||636932000||478169||0.00075241
00:06||636932500||478169||0.00075241
00:07||636932500||478169||0.00075241
00:08||636932500||478169||0.00075241
00:09||634090000||477780||0.00075241
00:10||634090000||477663||0.00075241
00:11||632641500||476486||0.00075241
00:12||632641500||476486||0.00075241
00:13||632641500||476486||0.00075241
00:14||632250500||476275||0.00075241
00:15||631472000||475525||0.00075241
00:16||632970000||475457||0.00075241
00:17||631031500||474794||0.00075241
00:18||631031500||474794||0.00075241
00:19||631031500||474794||0.00075241
00:20||631031500||474794||0.00075241
00:21||631031500||474794||0.00075241
00:22||631031500||474794||0.00075241
00:23||631031500||474794||0.00075241
00:24||631031500||474794||0.00075241
00:25||631031500||474794||0.00075241
00:26||630518000||474770||0.00075241
00:27||630518000||474721||0.00075241
00:28||630517500||474721||0.00075241
00:29||632496000||474721||0.00075241
00:30||632015000||474721||0.00075241
00:31||632056000||474093||0.00075241
00:32||634007500||477039||0.00075241
00:33||636204500||477039||0.00075241
00:34||638403500||477039||0.00075241
00:35||638403500||477039||0.00075241
00:36||638454000||480346||0.00075241
00:37||639254500||483799||0.00075241
00:38||641479500||481556||0.00075241
00:39||640827500||482773||0.00075241
00:40||641577500||482709||0.00075241
00:41||640767500||482709||0.00075241
00:42||640767500||482683||0.00075241
00:43||640767500||482683||0.00075241
00:44||634419000||481556||0.00075241
00:45||634419000||481556||0.00075241
00:46||634419000||481556||0.00075241
00:47||634419000||481556||0.00075241
00:48||634419000||481556||0.00075241
00:49||635637500||480645||0.00075241
00:50||635637500||482479||0.00075241
00:51||635637500||482479||0.00075241
00:52||635637500||482479||0.00075241
00:53||635637500||482479||0.00075241
00:54||635637500||482479||0.00075241
00:55||635637500||482479||0.00075241
00:56||635637500||482479||0.00075241
00:57||635637500||482479||0.00075241
00:58||635410000||482136||0.00075241
00:59||635410000||482136||0.00075241
01:00||635410000||482136||0.00075241
01:01||635410000||482136||0.00075241
01:02||636405500||482136||0.00075241
01:03||631920000||477027||0.00075241
01:04||634027000||474040||0.00075241
01:05||634027000||474040||0.00075241
01:06||639299000||480055||0.00075241
01:07||640565500||480055||0.00075241
01:08||641777500||481959||0.00075241
01:09||636515500||483799||0.00075241
01:10||637675000||483799||0.00075241
01:11||637675000||484815||0.00075241
01:12||637675000||484815||0.00075241
01:13||637675000||484815||0.00075241
01:14||637400000||484614||0.00075241
01:15||637272000||480037||0.00075241
01:16||637125000||480037||0.00075241
01:17||634251000||477404||0.00075241
01:18||632752000||477404||0.00075241
01:19||637003500||476087||0.00075241
01:20||632753500||476087||0.00075241
01:21||636003500||476087||0.00075241
01:22||635905000||476087||0.00075241
01:23||636005000||477404||0.00075241
01:24||635660000||477404||0.00075241
01:25||635755000||477404||0.00075241
01:26||635755000||477404||0.00075241
01:27||636250000||477404||0.00075241
01:28||636250000||477404||0.00075241
01:29||636250000||477404||0.00075241
01:30||636165000||477404||0.00075241
01:31||636165000||477404||0.00075241
01:32||636165000||477404||0.00075241
01:33||636250000||477404||0.00075241
01:34||636250000||477404||0.00075241
01:35||636250000||481918||0.00075241
01:36||636250000||481918||0.00075241
01:37||636250000||481918||0.00075241
01:38||636250000||481918||0.00075241
01:39||636250000||481918||0.00075241
01:40||636250000||481918||0.00075241
01:41||639333000||482136||0.00075241
01:42||639250000||482136||0.00075241
01:43||643250000||486433||0.00075241
01:44||639450500||486056||0.00075241
01:45||643450500||486056||0.00075241
01:46||643450500||486734||0.00075241
01:47||643450500||486734||0.00075241
01:48||643450500||486734||0.00075241
01:49||644201000||486734||0.00075241
01:50||649478000||487862||0.00075241
01:51||649184000||487862||0.00075241
01:52||649234000||487862||0.00075241
01:53||649250000||489042||0.00075241
01:54||649725000||489042||0.00075241
01:55||648745000||489042||0.00075241
01:56||649725000||488306||0.00075241
01:57||648647000||488159||0.00075241
01:58||648647000||488159||0.00075241
01:59||648647000||488159||0.00075241
02:00||648647000||488159||0.00075241
02:01||648647000||488159||0.00075241
02:02||649250000||489066||0.00075241
02:03||649548000||489066||0.00075241
02:04||649548000||489066||0.00075241
02:05||649999500||489066||0.00075241
02:06||649999500||489066||0.00075241
02:07||651974500||489818||0.00075241
02:08||652941500||491286||0.00075241
02:09||652941500||491286||0.00075241
02:10||652949500||491286||0.00075241
02:11||652941500||491286||0.00075241
02:12||652941500||491286||0.00075241
02:13||654990500||491286||0.00075241
02:14||654982500||491286||0.00075241
02:15||654982500||491286||0.00075241
02:16||654974500||491286||0.00075241
02:17||654974500||491286||0.00075241
02:18||654974500||491286||0.00075241
02:19||654966500||491286||0.00075241
02:20||654958500||491286||0.00075241
02:21||654958500||491286||0.00075241
02:22||654966500||491286||0.00075241
02:23||654966500||491286||0.00075241
02:24||655623500||493580||0.00075241
02:25||657134000||493580||0.00075241
02:26||657111500||493580||0.00075241
02:27||658208500||493580||0.00075241
02:28||658200500||493580||0.00075241
02:29||658200500||495237||0.00075241
02:30||659136500||496439||0.00075241
02:31||659764500||496419||0.00075241
02:32||659756500||496407||0.00075241
02:33||659748500||496407||0.00075241
02:34||659740500||496407||0.00075241
02:35||659080500||496381||0.00075241
02:36||653386500||495461||0.00075241
02:37||653483000||495461||0.00075241
02:38||653483000||495461||0.00075241
02:39||653351500||495461||0.00075241
02:40||653351500||495461||0.00075241
02:41||653351500||495461||0.00075241
02:42||653351500||495461||0.00075241
02:43||653351500||495461||0.00075241
02:44||653351500||495461||0.00075241
02:45||653351500||495461||0.00075241
02:46||653351500||495461||0.00075241
02:47||653351500||495461||0.00075241
02:48||653351500||495461||0.00075241
02:49||653351500||495461||0.00075241
02:50||653351500||495461||0.00075241
02:51||653351500||495461||0.00075241
02:52||653351500||495461||0.00075241
02:53||653351500||495461||0.00075241
02:54||653351500||495461||0.00075241
02:55||653351500||495461||0.00075241
02:56||653351500||495461||0.00075241
02:57||653894500||495461||0.00075241
02:58||653894500||495461||0.00075241
02:59||653894500||495461||0.00075241
03:00||653792500||495461||0.00075241
03:01||653792500||495461||0.00075241
03:02||653792500||495461||0.00075241
03:03||653792500||495461||0.00075241
03:04||653792500||495461||0.00075241
03:05||653792500||495461||0.00075241
03:06||653792500||495684||0.00075241
03:07||653792500||495684||0.00075241
03:08||653792500||495684||0.00075241
03:09||653792500||495684||0.00075241
03:10||653792500||495684||0.00075241
03:11||653792500||495684||0.00075241
03:12||653792500||495684||0.00075241
03:13||653792500||495684||0.00075241
03:14||653792500||495684||0.00075241
03:15||653792500||495684||0.00075241
03:16||653792500||495684||0.00075241
03:17||653792500||495684||0.00075241
03:18||653894500||495684||0.00075241
03:19||653894500||495684||0.00075241
03:20||653894500||495684||0.00075241
03:21||653792500||495684||0.00075241
03:22||653792500||495684||0.00075241
03:23||653894500||495684||0.00075241
03:24||653894500||495684||0.00075241
03:25||653894500||495684||0.00075241
03:26||653894500||495684||0.00075241
03:27||653894500||495684||0.00075241
03:28||653894500||495684||0.00075241
03:29||653894500||495684||0.00075241
03:30||653894500||495684||0.00075241
03:31||653894500||495684||0.00075241
03:32||653894500||495684||0.00075241
03:33||653894500||495684||0.00075241
03:34||653889000||495684||0.00075241
03:35||653889000||495684||0.00075241
03:36||653889000||495684||0.00075241
03:37||653889000||495684||0.00075241
03:38||653889000||495684||0.00075241
03:39||653889000||495684||0.00075241
03:40||653889000||495684||0.00075241
03:41||661889500||497343||0.00075241
03:42||661889500||497343||0.00075241
03:43||661889500||497343||0.00075241
03:44||661889500||497343||0.00075241
03:45||661889500||497343||0.00075241
03:46||663241500||498847||0.00075241
03:47||663241500||500126||0.00075241
03:48||663241500||500126||0.00075241
03:49||663241500||500126||0.00075241
03:50||663241500||500126||0.00075241
03:51||663241500||500126||0.00075241
03:52||663241500||500126||0.00075241
03:53||663241500||500126||0.00075241
03:54||663241500||500126||0.00075241
03:55||663241500||500126||0.00075241
03:56||663241500||500126||0.00075241
03:57||663241500||500126||0.00075241
03:58||663241500||500126||0.00075241
03:59||663241000||500126||0.00075241
04:00||663241000||500126||0.00075241
04:01||663241000||500126||0.00075241
04:02||663241000||500126||0.00075241
04:03||663210000||500082||0.00075241
04:04||663210000||500082||0.00075241
04:05||663210000||500082||0.00075241
04:06||663210000||500082||0.00075241
04:07||663210000||500082||0.00075241
04:08||663210000||500082||0.00075241
04:09||663181000||500082||0.00075241
04:10||663181000||500082||0.00075241
04:11||662867500||500082||0.00075241
04:12||662355500||500082||0.00075241
04:13||662355500||500082||0.00075241
04:14||655407000||497929||0.00075241
04:15||655182000||497929||0.00075241
04:16||655182000||497929||0.00075241
04:17||655182000||497929||0.00075241
04:18||655182000||497929||0.00075241
04:19||655182000||497929||0.00075241
04:20||655182000||497929||0.00075241
04:21||655182000||497929||0.00075241
04:22||655010500||497929||0.00075241
04:23||655010500||497929||0.00075241
04:24||655010500||497929||0.00075241
04:25||655010500||497929||0.00075241
04:26||655010500||497929||0.00075241
04:27||655010500||497929||0.00075241
04:28||655010500||497929||0.00075241
04:29||655010500||497320||0.00075241
04:30||655010500||497320||0.00075241
04:31||655010500||497320||0.00075241
04:32||655010500||497320||0.00075241
04:33||655010500||497320||0.00075241
04:34||655010500||497320||0.00075241
04:35||655010500||497320||0.00075241
04:36||655010500||497320||0.00075241
04:37||655010500||497320||0.00075241
04:38||655010500||497320||0.00075241
04:39||654522000||497320||0.00075241
04:40||654522000||497320||0.00075241
04:41||652771500||497320||0.00075241
04:42||652771500||497320||0.00075241
04:43||652771500||497320||0.00075241
04:44||652771500||497320||0.00075241
04:45||652771500||497320||0.00075241
04:46||652642000||497320||0.00075241
04:47||652642000||497320||0.00075241
04:48||652642000||497320||0.00075241
04:49||652642000||497320||0.00075241
04:50||651837000||497320||0.00075241
04:51||651837000||497320||0.00075241
04:52||650415500||497320||0.00075241
04:53||648588500||488146||0.00075241
04:54||644195000||487730||0.00075241
04:55||644195000||487730||0.00075241
04:56||644195000||487730||0.00075241
04:57||646612500||481666||0.00075241
04:58||645980000||481666||0.00075241
04:59||645980000||481666||0.00075241
05:00||645980000||481666||0.00075241
05:01||647881500||488960||0.00075241
05:02||648881500||488960||0.00075241
05:03||649624000||488960||0.00075241
05:04||649624000||488960||0.00075241
05:05||649624000||490005||0.00075241
05:06||649656500||490005||0.00075241
05:07||651457500||490005||0.00075241
05:08||651457500||490005||0.00075241
05:09||651457500||490005||0.00075241
05:10||651457500||490005||0.00075241
05:11||654425000||490005||0.00075241
05:12||654433500||490005||0.00075241
05:13||656425500||492834||0.00075241
05:14||656423500||492834||0.00075241
05:15||656423500||492834||0.00075241
05:16||656423500||492834||0.00075241
05:17||656423500||493822||0.00075241
05:18||655074500||493822||0.00075241
05:19||655074500||493822||0.00075241
05:20||653574500||493822||0.00075241
05:21||653574500||493822||0.00075241
05:22||653522500||493614||0.00075241
05:23||653522500||493614||0.00075241
05:24||653522500||489819||0.00075241
05:25||653522500||489819||0.00075241
05:26||653522500||489819||0.00075241
05:27||653522500||489819||0.00075241
05:28||651000500||489819||0.00075241
05:29||649147000||489818||0.00075241
05:30||649147000||489818||0.00075241
05:31||649147000||489818||0.00075241
05:32||644750000||487102||0.00075241
05:33||644750000||487102||0.00075241
05:34||644016000||487102||0.00075241
05:35||643470000||485998||0.00075241
05:36||643470000||485998||0.00075241
05:37||643470000||485998||0.00075241
05:38||641960000||481542||0.00075241
05:39||641960000||484491||0.00075241
05:40||641960000||484491||0.00075241
05:41||642960500||484491||0.00075241
05:42||643919500||484491||0.00075241
05:43||641823000||484285||0.00075241
05:44||641823000||481542||0.00075241
05:45||641823000||481542||0.00075241
05:46||641859500||481597||0.00075241
05:47||641859500||481542||0.00075241
05:48||641823000||481542||0.00075241
05:49||641823000||481542||0.00075241
05:50||641823000||481542||0.00075241
05:51||637537500||481542||0.00075241
05:52||637537500||481542||0.00075241
05:53||637538000||481542||0.00075241
05:54||637538000||481542||0.00075241
05:55||637586000||481542||0.00075241
05:56||637586500||481542||0.00075241
05:57||637538000||481485||0.00075241
05:58||637634500||481485||0.00075241
05:59||639924500||481485||0.00075241
06:00||638920500||481485||0.00075241
06:01||638920500||481485||0.00075241
06:02||638920500||481485||0.00075241
06:03||641449000||481422||0.00075241
06:04||641652500||481422||0.00075241
06:05||642333500||485199||0.00075241
06:06||643613500||485475||0.00075241
06:07||643613500||485475||0.00075241
06:08||643613500||485475||0.00075241
06:09||643613500||485475||0.00075241
06:10||640319000||483047||0.00075241
06:11||637161000||480756||0.00075241
06:12||635363500||478054||0.00075241
06:13||635363500||478054||0.00075241
06:14||635183500||478054||0.00075241
06:15||635183500||478054||0.00075241
06:16||638969000||478054||0.00075241
06:17||637934000||478054||0.00075241
06:18||637108000||478054||0.00075241
06:19||638700000||478054||0.00075241
06:20||638676500||478054||0.00075241
06:21||639429500||478054||0.00075241
06:22||639959500||478054||0.00075241
06:23||640139500||483716||0.00075241
06:24||638315500||483716||0.00075241
06:25||640701500||483716||0.00075241
06:26||641218000||483716||0.00075241
06:27||638815500||483716||0.00075241
06:28||641400000||483716||0.00075241
06:29||641008500||483716||0.00075241
06:30||640197500||484289||0.00075241
06:31||640161500||484289||0.00075241
06:32||645519500||484289||0.00075241
06:33||644570000||484289||0.00075241
06:34||649578000||484289||0.00075241
06:35||646978500||484289||0.00075241
06:36||647575500||484289||0.00075241
06:37||647612500||487559||0.00075241
06:38||647996500||487559||0.00075241
06:39||647996500||487559||0.00075241
06:40||650998500||487559||0.00075241
06:41||650879500||487559||0.00075241
06:42||650544000||487559||0.00075241
06:43||650113000||487559||0.00075241
06:44||649948000||487559||0.00075241
06:45||650630500||487559||0.00075241
06:46||650552500||487559||0.00075241
06:47||650462500||487559||0.00075241
06:48||650395500||489717||0.00075241
06:49||650322000||489717||0.00075241
06:50||650254000||489551||0.00075241
06:51||650218500||489405||0.00075241
06:52||648972000||489066||0.00075241
06:53||648892500||489066||0.00075241
06:54||648892500||489066||0.00075241
06:55||648806500||489066||0.00075241
06:56||649513500||488700||0.00075241
06:57||648705000||488700||0.00075241
06:58||644040000||488700||0.00075241
06:59||647249500||488700||0.00075241
07:00||648206500||488700||0.00075241
07:01||648206500||488700||0.00075241
07:02||649410500||487605||0.00075241
07:03||650286500||488623||0.00075241
07:04||649411500||488623||0.00075241
07:05||649411500||488623||0.00075241
07:06||649411500||488623||0.00075241
07:07||653264000||490280||0.00075241
07:08||653999000||492074||0.00075241
07:09||657917000||493979||0.00075241
07:10||659296500||493979||0.00075241
07:11||659296500||493979||0.00075241
07:12||654446500||496052||0.00075241
07:13||654446500||496052||0.00075241
07:14||654444000||496050||0.00075241
07:15||654444000||496050||0.00075241
07:16||654444000||496050||0.00075241
07:17||654444000||496050||0.00075241
07:18||654445000||496050||0.00075241
07:19||654541500||496050||0.00075241
07:20||655468000||496050||0.00075241
07:21||659143000||496050||0.00075241
07:22||659140000||496050||0.00075241
07:23||659140000||496050||0.00075241
07:24||659140000||496050||0.00075241
07:25||659140000||496050||0.00075241
07:26||659140000||496050||0.00075241
07:27||655223500||496050||0.00075241
07:28||658163000||496050||0.00075241
07:29||659143000||496050||0.00075241
07:30||659143000||496050||0.00075241
07:31||659143000||496050||0.00075241
07:32||659143000||496050||0.00075241
07:33||659143000||496050||0.00075241
07:34||659143000||496050||0.00075241
07:35||659143000||495842||0.00075241
07:36||659279500||495842||0.00075241
07:37||659279500||495842||0.00075241
07:38||657183000||495842||0.00075241
07:39||657183000||495842||0.00075241
07:40||657183000||495842||0.00075241
07:41||657183000||495842||0.00075241
07:42||657183000||495842||0.00075241
07:43||659035000||498837||0.00075241
07:44||659035000||498835||0.00075241
07:45||659032000||498835||0.00075241
07:46||659032000||498835||0.00075241
07:47||658581000||498835||0.00075241
07:48||658581000||498835||0.00075241
07:49||658581000||498835||0.00075241
07:50||658581000||498835||0.00075241
07:51||657965500||498152||0.00075241
07:52||657964500||498152||0.00075241
07:53||659924500||497230||0.00075241
07:54||659942000||495836||0.00075241
07:55||660099000||495836||0.00075241
07:56||655597000||496602||0.00075241
07:57||658503000||496604||0.00075241
07:58||659003000||496604||0.00075241
07:59||655665000||489935||0.00075241
08:00||658529000||489935||0.00075241
08:01||658619500||489935||0.00075241
08:02||658732500||496595||0.00075241
08:03||659555000||496595||0.00075241
08:04||659584500||496595||0.00075241
08:05||659584500||496593||0.00075241
08:06||662675500||499524||0.00075241
08:07||662675500||499524||0.00075241
08:08||662674500||497682||0.00075241
08:09||662674000||499524||0.00075241
08:10||663174000||499524||0.00075241
08:11||663188500||499524||0.00075241
08:12||663897500||499524||0.00075241
08:13||663907500||499538||0.00075241
08:14||663906500||499538||0.00075241
08:15||663915500||499538||0.00075241
08:16||663915500||499538||0.00075241
08:17||663910500||499538||0.00075241
08:18||663910500||499538||0.00075241
08:19||663910500||499538||0.00075241
08:20||663907000||499538||0.00075241
08:21||663903500||499538||0.00075241
08:22||663903500||499538||0.00075241
08:23||663908500||499538||0.00075241
08:24||664448000||501104||0.00075241
08:25||665992500||501105||0.00075241
08:26||665997500||501105||0.00075241
08:27||665997500||501105||0.00075241
08:28||665998500||501105||0.00075241
08:29||667493000||501105||0.00075241
08:30||668973500||503335||0.00075241
08:31||668979000||503347||0.00075241
08:32||668983500||503354||0.00075241
08:33||666494500||499522||0.00075241
08:34||666494500||499599||0.00075241
08:35||666493500||499599||0.00075241
08:36||666489000||499600||0.00075241
08:37||666539000||503345||0.00075241
08:38||666449000||503345||0.00075241
08:39||666447500||503345||0.00075241
08:40||664947500||499600||0.00075241
08:41||664968500||499600||0.00075241
08:42||664968500||499600||0.00075241
08:43||664968500||499600||0.00075241
08:44||664317500||499600||0.00075241
08:45||664317500||499600||0.00075241
08:46||665368500||500125||0.00075241
08:47||665368500||502608||0.00075241
08:48||666708500||502608||0.00075241
08:49||666606000||500669||0.00075241
08:50||665709500||500669||0.00075241
08:51||667769000||503272||0.00075241
08:52||667929000||503272||0.00075241
08:53||665929000||501857||0.00075241
08:54||666771500||502266||0.00075241
08:55||668433000||501808||0.00075241
08:56||668406000||502611||0.00075241
08:57||668251000||502611||0.00075241
08:58||668001500||502611||0.00075241
08:59||668000500||502611||0.00075241
09:00||668440000||502611||0.00075241
09:01||668449000||502611||0.00075241
09:02||668000500||502611||0.00075241
09:03||661987500||499522||0.00075241
09:04||662060000||499522||0.00075241
09:05||663211500||498492||0.00075241
09:06||663457500||498861||0.00075241
09:07||663456500||499522||0.00075241
09:08||664509000||502610||0.00075241
09:09||664624000||498994||0.00075241
09:10||664762000||501059||0.00075241
09:11||664341000||501059||0.00075241
09:12||664727500||501059||0.00075241
09:13||664441000||501059||0.00075241
09:14||664422000||501059||0.00075241
09:15||662674500||496751||0.00075241
09:16||661885000||495989||0.00075241
09:17||662732500||495989||0.00075241
09:18||661100500||495989||0.00075241
09:19||660088500||496631||0.00075241
09:20||661680500||496631||0.00075241
09:21||661272000||496631||0.00075241
09:22||663477500||498699||0.00075241
09:23||660993000||498813||0.00075241
09:24||660726000||496171||0.00075241
09:25||660220500||496171||0.00075241
09:26||660220500||496171||0.00075241
09:27||660533500||496171||0.00075241
09:28||660301000||496171||0.00075241
09:29||660301000||496171||0.00075241
09:30||660199500||496171||0.00075241
09:31||660199500||496171||0.00075241
09:32||662136000||496840||0.00075241
09:33||662136000||496840||0.00075241
09:34||662134500||496840||0.00075241
09:35||662761000||497343||0.00075241
09:36||663894500||497343||0.00075241
09:37||663894500||497343||0.00075241
09:38||663456500||497343||0.00075241
09:39||663894500||497343||0.00075241
09:40||663894500||497343||0.00075241
09:41||663894500||497343||0.00075241
09:42||663894500||497343||0.00075241
09:43||663894500||497343||0.00075241
09:44||663894500||497343||0.00075241
09:45||663894500||497343||0.00075241
09:46||663894500||497343||0.00075241
09:47||663894500||499522||0.00075241
09:48||665884500||500375||0.00075241
09:49||666663500||500375||0.00075241
09:50||666663500||500375||0.00075241
09:51||666663500||500375||0.00075241
09:52||663153500||501606||0.00075241
09:53||662781500||501606||0.00075241
09:54||665219500||500359||0.00075241
09:55||665219500||500359||0.00075241
09:56||665219500||500677||0.00075241
09:57||665219500||500677||0.00075241
09:58||665998500||501848||0.00075241
09:59||665997500||501848||0.00075241
10:00||665997500||501848||0.00075241
10:01||665997500||501848||0.00075241
10:02||665997500||501848||0.00075241
10:03||665879500||501848||0.00075241
10:04||665842000||500359||0.00075241
10:05||666830500||501612||0.00075241
10:06||666830500||501612||0.00075241
10:07||666675500||501797||0.00075241
10:08||663575500||496853||0.00075241
10:09||663189000||496949||0.00075241
10:10||662985000||496949||0.00075241
10:11||663431000||501842||0.00075241
10:12||663509000||499600||0.00075241
10:13||663509000||499600||0.00075241
10:14||664499000||500352||0.00075241
10:15||664019000||498877||0.00075241
10:16||664092500||500352||0.00075241
10:17||662637000||500352||0.00075241
10:18||662671500||500351||0.00075241
10:19||662534000||500351||0.00075241
10:20||662346000||499600||0.00075241
10:21||664373500||499600||0.00075241
10:22||662454000||499731||0.00075241
10:23||662454000||496843||0.00075241
10:24||664571500||500029||0.00075241
10:25||664571500||500029||0.00075241
10:26||664571500||500032||0.00075241
10:27||664571500||500032||0.00075241
10:28||664571500||500032||0.00075241
10:29||664571500||500032||0.00075241
10:30||664571500||500032||0.00075241
10:31||664571500||500032||0.00075241
10:32||664571500||500032||0.00075241
10:33||664571500||500032||0.00075241
10:34||664571500||500032||0.00075241
10:35||664571500||500032||0.00075241
10:36||664573000||500030||0.00075241
10:37||664573000||500030||0.00075241
10:38||664573000||500030||0.00075241
10:39||662364500||496708||0.00075241
10:40||662067500||500032||0.00075241
10:41||661741000||496708||0.00075241
10:42||662381500||496708||0.00075241
10:43||660656000||496708||0.00075241
10:44||662052500||496708||0.00075241
10:45||661729000||496708||0.00075241
10:46||661487000||496708||0.00075241
10:47||664734500||501819||0.00075241
10:48||665789500||501819||0.00075241
10:49||664216500||496710||0.00075241
10:50||662672500||496710||0.00075241
10:51||662226000||499950||0.00075241
10:52||661946000||499950||0.00075241
10:53||661909500||501360||0.00075241
10:54||663112000||501360||0.00075241
10:55||662568500||501360||0.00075241
10:56||662207000||501360||0.00075241
10:57||661076500||501360||0.00075241
10:58||664024000||501330||0.00075241
10:59||662182000||498434||0.00075241
11:00||662434500||498371||0.00075241
11:01||662497500||498371||0.00075241
11:02||662497500||498371||0.00075241
11:03||664208500||501097||0.00075241
11:04||664245000||501097||0.00075241
11:05||664272500||498373||0.00075241
11:06||664278500||501105||0.00075241
11:07||664278500||501105||0.00075241
11:08||664278500||498847||0.00075241
11:09||664278500||501360||0.00075241
11:10||666665500||501360||0.00075241
11:11||666665500||501606||0.00075241
11:12||667533500||501856||0.00075241
11:13||667533500||501856||0.00075241
11:14||667533500||502910||0.00075241
11:15||665480000||502910||0.00075241
11:16||665421500||502910||0.00075241
11:17||665423000||502910||0.00075241
11:18||663783000||502527||0.00075241
11:19||663283000||502527||0.00075241
11:20||663283000||502527||0.00075241
11:21||663282000||498521||0.00075241
11:22||663280500||498517||0.00075241
11:23||664281500||501105||0.00075241
11:24||664737000||501857||0.00075241
11:25||664737000||501790||0.00075241
11:26||664737000||501790||0.00075241
11:27||665456500||501790||0.00075241
11:28||665456500||501790||0.00075241
11:29||665456500||501790||0.00075241
11:30||665427500||501790||0.00075241
11:31||665427500||501790||0.00075241
11:32||665456500||501790||0.00075241
11:33||665456500||501790||0.00075241
11:34||665373000||501790||0.00075241
11:35||665456500||501790||0.00075241
11:36||665456500||501790||0.00075241
11:37||665456500||501790||0.00075241
11:38||665456500||501790||0.00075241
11:39||665456500||501790||0.00075241
11:40||665457500||501790||0.00075241
11:41||665454000||501790||0.00075241
11:42||667504000||504114||0.00075241
11:43||670999500||504114||0.00075241
11:44||670999500||504114||0.00075241
11:45||670999500||504114||0.00075241
11:46||670999500||504867||0.00075241
11:47||670999500||504867||0.00075241
11:48||670998500||504866||0.00075241
11:49||670498500||504866||0.00075241
11:50||669999500||504114||0.00075241
11:51||666914500||504113||0.00075241
11:52||667015500||504113||0.00075241
11:53||667016500||504113||0.00075241
11:54||666899000||504113||0.00075241
11:55||667025500||504113||0.00075241
11:56||668000500||504113||0.00075241
11:57||668000500||504113||0.00075241
11:58||666503000||504112||0.00075241
11:59||666005000||504112||0.00075241
12:00||668001000||504112||0.00075241
12:01||667731500||504112||0.00075241
12:02||667571500||503464||0.00075241
12:03||667571500||503464||0.00075241
12:04||667603500||503464||0.00075241
12:05||667601000||503464||0.00075241
12:06||667601000||503464||0.00075241
12:07||667601000||503464||0.00075241
12:08||667601000||503464||0.00075241
12:09||668199500||503464||0.00075241
12:10||668700500||503512||0.00075241
12:11||668499000||502761||0.00075241
12:12||668499000||502761||0.00075241
12:13||668501000||504865||0.00075241
12:14||669000500||504865||0.00075241
12:15||669000500||504114||0.00075241
12:16||669469500||504865||0.00075241
12:17||668500500||504865||0.00075241
12:18||668751000||504865||0.00075241
12:19||669751000||504867||0.00075241
12:20||669751000||504867||0.00075241
12:21||669726000||504867||0.00075241
12:22||669751000||504867||0.00075241
12:23||669751000||504867||0.00075241
12:24||669751000||504867||0.00075241
12:25||669751000||504867||0.00075241
12:26||669602500||504789||0.00075241
12:27||669411500||504789||0.00075241
12:28||669219500||504789||0.00075241
12:29||669146000||504789||0.00075241
12:30||669119500||504789||0.00075241
12:31||669008000||502986||0.00075241
12:32||668905000||502986||0.00075241
12:33||667735000||502986||0.00075241
12:34||666490000||501857||0.00075241
12:35||666427500||501857||0.00075241
12:36||666499000||501857||0.00075241
12:37||665574500||501105||0.00075241
12:38||667207000||504113||0.00075241
12:39||666857500||503496||0.00075241
12:40||666499000||503496||0.00075241
12:41||666499000||503496||0.00075241
12:42||666997500||503496||0.00075241
12:43||668498500||501857||0.00075241
12:44||668497000||504113||0.00075241
12:45||668497000||504113||0.00075241
12:46||668499500||504113||0.00075241
12:47||668499500||504113||0.00075241
12:48||669996500||504113||0.00075241
12:49||669996500||504113||0.00075241
12:50||668098500||504113||0.00075241
12:51||668099500||504113||0.00075241
12:52||668099500||504112||0.00075241
12:53||668099500||504112||0.00075241
12:54||668099500||504112||0.00075241
12:55||668024500||502007||0.00075241
12:56||667201000||502007||0.00075241
12:57||667201000||502007||0.00075241
12:58||667202000||502007||0.00075241
12:59||667202000||502007||0.00075241
13:00||668199500||502007||0.00075241
13:01||668199500||502007||0.00075241
13:02||668199500||502007||0.00075241
13:03||668599500||502760||0.00075241
13:04||668997500||503362||0.00075241
13:05||668999500||503362||0.00075241
13:06||668999500||503362||0.00075241
13:07||668999500||503362||0.00075241
13:08||669498500||504114||0.00075241
13:09||669498500||504867||0.00075241
13:10||669999500||504867||0.00075241
13:11||670501000||504867||0.00075241
13:12||670999500||504867||0.00075241
13:13||671500000||505618||0.00075241
13:14||671500000||505618||0.00075241
13:15||671500000||505618||0.00075241
13:16||671500000||505618||0.00075241
13:17||671500000||505618||0.00075241
13:18||671500000||505618||0.00075241
13:19||671500000||505618||0.00075241
13:20||671500000||505618||0.00075241
13:21||671500000||505618||0.00075241
13:22||671500000||505618||0.00075241
13:23||671490000||505603||0.00075241
13:24||671490000||505603||0.00075241
13:25||671978500||505603||0.00075241
13:26||671978500||505602||0.00075241
13:27||668205500||502765||0.00075241
13:28||668205500||502765||0.00075241
13:29||669854000||505243||0.00075241
13:30||670355000||505243||0.00075241
13:31||670332000||505243||0.00075241
13:32||669352000||505243||0.00075241
13:33||669209000||503520||0.00075241
13:34||668676000||503518||0.00075241
13:35||668208500||502766||0.00075241
13:36||668204000||502765||0.00075241
13:37||668201500||502765||0.00075241
13:38||668201500||502765||0.00075241
13:39||668201500||502761||0.00075241
13:40||668201500||502761||0.00075241
13:41||667203000||501258||0.00075241
13:42||667101000||501105||0.00075241
13:43||667101000||501105||0.00075241
13:44||667102000||501105||0.00075241
13:45||667102000||501105||0.00075241
13:46||667102000||501105||0.00075241
13:47||667102000||501105||0.00075241
13:48||667102000||501105||0.00075241
13:49||667101000||502760||0.00075241
13:50||667101000||502760||0.00075241
13:51||667079000||502760||0.00075241
13:52||667328000||502760||0.00075241
13:53||665575500||501105||0.00075241
13:54||659582500||496590||0.00075241
13:55||657499000||495962||0.00075241
13:56||657499000||495962||0.00075241
13:57||656671500||491583||0.00075241
13:58||657499000||496589||0.00075241
13:59||657560000||496589||0.00075241
14:00||657561000||496589||0.00075241
14:01||659997500||496589||0.00075241
14:02||659997500||496589||0.00075241
14:03||659997500||496589||0.00075241
14:04||659997500||496589||0.00075241
14:05||659997500||496589||0.00075241
14:06||659997500||496589||0.00075241
14:07||662384500||500181||0.00075241
14:08||662384500||500181||0.00075241
14:09||662336500||498095||0.00075241
14:10||662337500||498095||0.00075241
14:11||662287000||498095||0.00075241
14:12||662283500||500029||0.00075241
14:13||661919000||500029||0.00075241
14:14||661625000||500029||0.00075241
14:15||661346500||500029||0.00075241
14:16||659997500||496588||0.00075241
14:17||659997500||496588||0.00075241
14:18||659998500||496590||0.00075241
14:19||659997500||496590||0.00075241
14:20||659997500||496590||0.00075241
14:21||659998500||496589||0.00075241
14:22||659999500||496589||0.00075241
14:23||659999500||496589||0.00075241
14:24||659999500||496590||0.00075241
14:25||659998500||496590||0.00075241
14:26||659998500||496590||0.00075241
14:27||659998500||496590||0.00075241
14:28||659998500||496590||0.00075241
14:29||659998500||496590||0.00075241
14:30||659998500||496590||0.00075241
14:31||659998500||496590||0.00075241
14:32||659998500||496590||0.00075241
14:33||659998500||496590||0.00075241
14:34||659998500||496590||0.00075241
14:35||659998500||496590||0.00075241
14:36||659998500||496590||0.00075241
14:37||659998500||496590||0.00075241
14:38||661499500||496590||0.00075241
14:39||661999500||498847||0.00075241
14:40||661999500||499600||0.00075241
14:41||662000000||499600||0.00075241
14:42||661960000||499600||0.00075241
14:43||663425000||501849||0.00075241
14:44||661000000||501744||0.00075241
14:45||663420000||498095||0.00075241
14:46||661959500||499540||0.00075241
14:47||661959500||499540||0.00075241
14:48||661959500||499540||0.00075241
14:49||661959500||499540||0.00075241
14:50||661959500||499540||0.00075241
14:51||661959500||499540||0.00075241
14:52||661960000||499540||0.00075241
14:53||661960500||499540||0.00075241
14:54||661960500||499540||0.00075241
14:55||661804000||499362||0.00075241
14:56||661496000||499194||0.00075241
14:57||661403000||499600||0.00075241
14:58||661403000||499600||0.00075241
14:59||661403000||499600||0.00075241
15:00||663040000||501556||0.00075241
15:01||662579000||501556||0.00075241
15:02||662187000||501556||0.00075241
15:03||661777500||501556||0.00075241
15:04||661249000||499103||0.00075241
15:05||661249000||498471||0.00075241
15:06||661249000||498471||0.00075241
15:07||661249000||498471||0.00075241
15:08||661148000||498471||0.00075241
15:09||661148000||498471||0.00075241
15:10||661148500||498471||0.00075241
15:11||664500500||503362||0.00075241
15:12||665199000||503362||0.00075241
15:13||667037500||501886||0.00075241
15:14||667037500||501886||0.00075241
15:15||667027500||501886||0.00075241
15:16||667027500||501886||0.00075241
15:17||667017500||501871||0.00075241
15:18||667017500||501871||0.00075241
15:19||667005500||501871||0.00075241
15:20||667005500||501871||0.00075241
15:21||666989500||501849||0.00075241
15:22||664954500||501728||0.00075241
15:23||664621500||501498||0.00075241
15:24||664620500||501287||0.00075241
15:25||664620500||501287||0.00075241
15:26||664620500||501287||0.00075241
15:27||664620500||501287||0.00075241
15:28||664621500||501287||0.00075241
15:29||664621500||501287||0.00075241
15:30||664621500||501287||0.00075241
15:31||664621500||501287||0.00075241
15:32||664524500||501287||0.00075241
15:33||664317000||501287||0.00075241
15:34||664316000||501287||0.00075241
15:35||664316000||501287||0.00075241
15:36||664316000||501287||0.00075241
15:37||663999500||501287||0.00075241
15:38||663999500||501287||0.00075241
15:39||664373500||501287||0.00075241
15:40||664160500||501287||0.00075241
15:41||663960500||501287||0.00075241
15:42||663776000||498848||0.00075241
15:43||663639000||498848||0.00075241
15:44||663514500||498848||0.00075241
15:45||663423500||498848||0.00075241
15:46||661913500||498848||0.00075241
15:47||661753000||498552||0.00075241
15:48||661607500||498552||0.00075241
15:49||661499000||498093||0.00075241
15:50||661408000||497984||0.00075241
15:51||661332000||497877||0.00075241
15:52||661269000||497877||0.00075241
15:53||661222000||497877||0.00075241
15:54||661180000||497659||0.00075241
15:55||660586000||496591||0.00075241
15:56||660481000||496591||0.00075241
15:57||660402000||496591||0.00075241
15:58||660383000||496591||0.00075241
15:59||662885500||497166||0.00075241
16:00||662398000||497166||0.00075241
16:01||662033000||497166||0.00075241
16:02||661757500||496591||0.00075241
16:03||660001500||496592||0.00075241
16:04||660001500||496592||0.00075241
16:05||660001500||496591||0.00075241
16:06||660001500||496591||0.00075241
16:07||660001500||496591||0.00075241
16:08||660001500||496592||0.00075241
16:09||660001500||496592||0.00075241
16:10||660001500||496592||0.00075241
16:11||660001500||496591||0.00075241
16:12||660001500||496591||0.00075241
16:13||660001500||496591||0.00075241
16:14||660001500||496591||0.00075241
16:15||660001000||496590||0.00075241
16:16||660001000||496592||0.00075241
16:17||660001000||496592||0.00075241
16:18||660001000||496592||0.00075241
16:19||659120000||496590||0.00075241
16:20||659120000||496590||0.00075241
16:21||659120000||496590||0.00075241
16:22||659120000||496590||0.00075241
16:23||659120000||496590||0.00075241
16:24||658982000||495266||0.00075241
16:25||660936000||495266||0.00075241
16:26||660434500||498637||0.00075241
16:27||660024000||498637||0.00075241
16:28||659750500||498637||0.00075241
16:29||659491500||498637||0.00075241
16:30||659254000||498637||0.00075241
16:31||659095000||498637||0.00075241
16:32||659076000||498637||0.00075241
16:33||658945000||496473||0.00075241
16:34||658831500||496473||0.00075241
16:35||659950500||499324||0.00075241
16:36||659705500||499324||0.00075241
16:37||659711500||499324||0.00075241
16:38||659711500||499324||0.00075241
16:39||659120000||495266||0.00075241
16:40||659120000||495266||0.00075241
16:41||659120000||496590||0.00075241
16:42||659120000||496590||0.00075241
16:43||659120000||496590||0.00075241
16:44||659120000||496590||0.00075241
16:45||659120000||496590||0.00075241
16:46||659120000||496590||0.00075241
16:47||659120000||496590||0.00075241
16:48||661333500||496590||0.00075241
16:49||661333500||499349||0.00075241
16:50||661833500||499349||0.00075241
16:51||661833500||499349||0.00075241
16:52||661833500||499349||0.00075241
16:53||661833500||499349||0.00075241
16:54||661833500||499349||0.00075241
16:55||661833500||499349||0.00075241
16:56||661833500||496590||0.00075241
16:57||661833500||496590||0.00075241
16:58||661833500||496590||0.00075241
16:59||661833500||496590||0.00075241
17:00||661833500||496590||0.00075241
17:01||661833500||496590||0.00075241
17:02||661834000||496590||0.00075241
17:03||661470500||496590||0.00075241
17:04||661470500||496590||0.00075241
17:05||661470500||496590||0.00075241
17:06||661470500||496590||0.00075241
17:07||660980500||496590||0.00075241
17:08||660881000||496590||0.00075241
17:09||660826500||497834||0.00075241
17:10||660826500||497834||0.00075241
17:11||660826500||497834||0.00075241
17:12||661326500||497834||0.00075241
17:13||660826500||497834||0.00075241
17:14||660826500||497834||0.00075241
17:15||660980000||496591||0.00075241
17:16||660980000||498065||0.00075241
17:17||660980000||498065||0.00075241
17:18||660980500||498065||0.00075241
17:19||660980500||498065||0.00075241
17:20||660002500||496592||0.00075241
17:21||660980000||496590||0.00075241
17:22||661490500||496591||0.00075241
17:23||661500500||496591||0.00075241
17:24||661500500||498847||0.00075241
17:25||661505500||498847||0.00075241
17:26||663005500||499407||0.00075241
17:27||662965000||499407||0.00075241
17:28||662965500||499407||0.00075241
17:29||665879500||501014||0.00075241
17:30||665879500||501014||0.00075241
17:31||665879500||501014||0.00075241
17:32||665879500||501014||0.00075241
17:33||665879500||501014||0.00075241
17:34||665879500||501014||0.00075241
17:35||665879500||501014||0.00075241
17:36||665879500||501014||0.00075241
17:37||664880500||501014||0.00075241
17:38||665380000||500263||0.00075241
17:39||665429500||501089||0.00075241
17:40||665418500||501072||0.00075241
17:41||665429500||500262||0.00075241
17:42||665429500||500262||0.00075241
17:43||663489500||500262||0.00075241
17:44||663490500||501105||0.00075241
17:45||663490500||501105||0.00075241
17:46||663492000||501105||0.00075241
17:47||663494000||501105||0.00075241
17:48||665977500||501105||0.00075241
17:49||665977500||501088||0.00075241
17:50||665977500||501088||0.00075241
17:51||665977500||501088||0.00075241
17:52||665977500||501088||0.00075241
17:53||665977500||501088||0.00075241
17:54||665977500||501087||0.00075241
17:55||664478500||498831||0.00075241
17:56||664479000||501088||0.00075241
17:57||664479000||501088||0.00075241
17:58||664478500||501088||0.00075241
17:59||664478500||501088||0.00075241
18:00||664478500||501088||0.00075241
18:01||664478000||501088||0.00075241
18:02||664478000||501088||0.00075241
18:03||664478000||501088||0.00075241
18:04||664478000||501088||0.00075241
18:05||664477500||498832||0.00075241
18:06||663976500||498832||0.00075241
18:07||663775000||500031||0.00075241
18:08||663624500||499804||0.00075241
18:09||663624500||499804||0.00075241
18:10||663622500||499804||0.00075241
18:11||663571500||498908||0.00075241
18:12||663560000||498908||0.00075241
18:13||663554500||499623||0.00075241
18:14||663559000||499623||0.00075241
18:15||664643500||501105||0.00075241
18:16||664539500||501105||0.00075241
18:17||664391000||499072||0.00075241
18:18||664390500||500716||0.00075241
18:19||664390500||499074||0.00075241
18:20||665479500||499074||0.00075241
18:21||665479500||500713||0.00075241
18:22||665999000||501103||0.00075241
18:23||665999500||501105||0.00075241
18:24||666499500||501857||0.00075241
18:25||666999500||501856||0.00075241
18:26||666999500||501856||0.00075241
18:27||666999500||501857||0.00075241
18:28||667500000||501857||0.00075241
18:29||667500000||502609||0.00075241
18:30||669000000||504866||0.00075241
18:31||670998500||504866||0.00075241
18:32||670998500||504866||0.00075241
18:33||670998500||504865||0.00075241
18:34||670998500||504865||0.00075241
18:35||670998500||504865||0.00075241
18:36||671048000||504865||0.00075241
18:37||671048000||504940||0.00075241
18:38||670998500||504865||0.00075241
18:39||671048000||504866||0.00075241
18:40||671047000||504939||0.00075241
18:41||671047000||504939||0.00075241
18:42||671047000||504939||0.00075241
18:43||671047000||504939||0.00075241
18:44||671047000||504939||0.00075241
18:45||671047000||504939||0.00075241
18:46||671047000||504939||0.00075241
18:47||671047000||504939||0.00075241
18:48||671047000||504939||0.00075241
18:49||669048500||501858||0.00075241
18:50||669046500||501858||0.00075241
18:51||669046500||501858||0.00075241
18:52||669046500||501858||0.00075241
18:53||669046500||501858||0.00075241
18:54||669046500||501858||0.00075241
18:55||668884500||504751||0.00075241
18:56||668563500||504466||0.00075241
18:57||670596000||504191||0.00075241
18:58||668788500||504191||0.00075241
18:59||668761500||502234||0.00075241
19:00||668589000||502234||0.00075241
19:01||668400000||502234||0.00075241
19:02||667969000||501858||0.00075241
19:03||667798000||501858||0.00075241
19:04||666488000||501856||0.00075241
19:05||664843500||501688||0.00075241
19:06||663982000||498831||0.00075241
19:07||663807000||498831||0.00075241
19:08||663661000||498831||0.00075241
19:09||663539500||498831||0.00075241
19:10||662978500||498831||0.00075241
19:11||662978500||498831||0.00075241
19:12||662978500||498831||0.00075241
19:13||662978500||498831||0.00075241
19:14||663127000||498831||0.00075241
19:15||663069000||498831||0.00075241
19:16||663066000||498831||0.00075241
19:17||662288500||496590||0.00075241
19:18||661940000||496590||0.00075241
19:19||661609500||496590||0.00075241
19:20||662354500||500357||0.00075241
19:21||661470000||500357||0.00075241
19:22||661470000||500357||0.00075241
19:23||661381500||500357||0.00075241
19:24||661193000||496592||0.00075241
19:25||661001000||496592||0.00075241
19:26||660902500||496592||0.00075241
19:27||660002500||496594||0.00075241
19:28||659167500||496417||0.00075241
19:29||659054000||496417||0.00075241
19:30||655832000||493580||0.00075241
19:31||655627000||493580||0.00075241
19:32||655627500||493580||0.00075241
19:33||655627500||493580||0.00075241
19:34||655628000||493580||0.00075241
19:35||655627500||493580||0.00075241
19:36||655627500||493579||0.00075241
19:37||655627500||493579||0.00075241
19:38||655627500||493579||0.00075241
19:39||654526000||492828||0.00075241
19:40||653497500||491325||0.00075241
19:41||653000000||489969||0.00075241
19:42||652822000||489969||0.00075241
19:43||652601500||489970||0.00075241
19:44||652386000||491753||0.00075241
19:45||652223000||491753||0.00075241
19:46||652028000||491753||0.00075241
19:47||651943000||491753||0.00075241
19:48||651896500||491753||0.00075241
19:49||651812500||491753||0.00075241
19:50||651725000||491753||0.00075241
19:51||650249500||489451||0.00075241
19:52||650201000||489074||0.00075241
19:53||650010500||489074||0.00075241
19:54||648325500||489066||0.00075241
19:55||648221500||488512||0.00075241
19:56||648076500||488512||0.00075241
19:57||644225500||482296||0.00075241
19:58||644095500||482296||0.00075241
19:59||644431500||486950||0.00075241
20:00||644432500||486950||0.00075241
20:01||644428000||486950||0.00075241
20:02||644924500||486950||0.00075241
20:03||643933000||486950||0.00075241
20:04||644324500||486950||0.00075241
20:05||644325500||486532||0.00075241
20:06||644440000||486695||0.00075241
20:07||644445000||486695||0.00075241
20:08||644445000||486695||0.00075241
20:09||644445000||486695||0.00075241
20:10||644445000||486695||0.00075241
20:11||644825500||486695||0.00075241
20:12||645262500||486600||0.00075241
20:13||645113000||486600||0.00075241
20:14||645611500||486600||0.00075241
20:15||645339500||486600||0.00075241
20:16||645225000||484552||0.00075241
20:17||645225000||486395||0.00075241
20:18||645950000||485643||0.00075241
20:19||646649500||485643||0.00075241
20:20||646649500||485643||0.00075241
20:21||646649500||485643||0.00075241
20:22||646284000||485643||0.00075241
20:23||645559500||484552||0.00075241
20:24||646284000||486898||0.00075241
20:25||648556000||489066||0.00075241
20:26||648561000||489066||0.00075241
20:27||649000000||489066||0.00075241
20:28||649000000||489066||0.00075241
20:29||648561000||486901||0.00075241
20:30||648561000||486901||0.00075241
20:31||648561000||486901||0.00075241
20:32||648561000||489066||0.00075241
20:33||648561000||489066||0.00075241
20:34||648561000||486901||0.00075241
20:35||648561000||486901||0.00075241
20:36||648560500||486901||0.00075241
20:37||649999500||489065||0.00075241
20:38||649999500||489065||0.00075241
20:39||649999500||489066||0.00075241
20:40||652099000||489066||0.00075241
20:41||652094500||489066||0.00075241
20:42||651749500||489066||0.00075241
20:43||651699500||492218||0.00075241
20:44||651700000||492218||0.00075241
20:45||653789500||492211||0.00075241
20:46||652089500||492210||0.00075241
20:47||652089000||492210||0.00075241
20:48||652000000||492209||0.00075241
20:49||649999500||489066||0.00075241
20:50||650499500||489065||0.00075241
20:51||650499500||489065||0.00075241
20:52||650998500||490571||0.00075241
20:53||651000000||490571||0.00075241
20:54||651000000||489066||0.00075241
20:55||651181000||489066||0.00075241
20:56||651181500||489066||0.00075241
20:57||651181500||489066||0.00075241
20:58||651181500||490571||0.00075241
20:59||651194500||490571||0.00075241
21:00||651249500||489356||0.00075241
21:01||650506500||489356||0.00075241
21:02||650443500||489442||0.00075241
21:03||641833000||484552||0.00075241
21:04||641999500||484552||0.00075241
21:05||641999500||483047||0.00075241
21:06||639500000||481542||0.00075241
21:07||639999500||481542||0.00075241
21:08||639999500||481542||0.00075241
21:09||640999000||483046||0.00075241
21:10||641998500||483046||0.00075241
21:11||641998500||480789||0.00075241
21:12||640499000||483045||0.00075241
21:13||639899500||480037||0.00075241
21:14||639899500||480037||0.00075241
21:15||640899500||481542||0.00075241
21:16||640899500||481542||0.00075241
21:17||639899500||480037||0.00075241
21:18||639938000||480037||0.00075241
21:19||639938000||480037||0.00075241
21:20||639899500||480037||0.00075241
21:21||639900000||482896||0.00075241
21:22||639978000||482956||0.00075241
21:23||639978000||482956||0.00075241
21:24||640038000||483047||0.00075241
21:25||641999500||483047||0.00075241
21:26||641999500||483047||0.00075241
21:27||643504500||485311||0.00075241
21:28||643505500||485313||0.00075241
21:29||644742000||489064||0.00075241
21:30||645242000||489064||0.00075241
21:31||645192000||486056||0.00075241
21:32||644466500||486056||0.00075241
21:33||641229500||480038||0.00075241
21:34||639000500||480038||0.00075241
21:35||639000500||480038||0.00075241
21:36||639000500||480038||0.00075241
21:37||639000500||481542||0.00075241
21:38||639000500||481542||0.00075241
21:39||637333000||480037||0.00075241
21:40||637333000||480037||0.00075241
21:41||636500000||477780||0.00075241
21:42||636499500||477780||0.00075241
21:43||636529500||477780||0.00075241
21:44||636529500||480036||0.00075241
21:45||636529500||480036||0.00075241
21:46||636530000||480037||0.00075241
21:47||636530000||480037||0.00075241
21:48||635750000||478908||0.00075241
21:49||635750000||478908||0.00075241
21:50||635750000||478908||0.00075241
21:51||635765000||478908||0.00075241
21:52||635765000||478908||0.00075241
21:53||637249500||478908||0.00075241
21:54||637249500||478908||0.00075241
21:55||637249500||480037||0.00075241
21:56||637265000||480037||0.00075241
21:57||639027500||480037||0.00075241
21:58||639028000||480037||0.00075241
21:59||639028000||480037||0.00075241
22:00||639028000||481542||0.00075241
22:01||639028000||481542||0.00075241
22:02||638999500||481542||0.00075241
22:03||639028500||481542||0.00075241
22:04||639028500||481542||0.00075241
22:05||639048000||481542||0.00075241
22:06||639047500||480109||0.00075241
22:07||641603000||482449||0.00075241
22:08||643649500||483798||0.00075241
22:09||643499500||484552||0.00075241
22:10||643499000||483798||0.00075241
22:11||643499000||484551||0.00075241
22:12||643499000||483798||0.00075241
22:13||643499000||483798||0.00075241
22:14||643499000||483798||0.00075241
22:15||643499000||483798||0.00075241
22:16||643499000||483798||0.00075241
22:17||643498500||483798||0.00075241
22:18||643498500||483798||0.00075241
22:19||643649000||484777||0.00075241
22:20||642999500||483798||0.00075241
22:21||642999500||483798||0.00075241
22:22||642999500||483798||0.00075241
22:23||642999500||483799||0.00075241
22:24||642999500||483798||0.00075241
22:25||642999500||483799||0.00075241
22:26||644762000||484777||0.00075241
22:27||645628500||485304||0.00075241
22:28||645257500||485498||0.00075241
22:29||645629000||485498||0.00075241
22:30||645636500||486056||0.00075241
22:31||645038500||486056||0.00075241
22:32||646034000||483859||0.00075241
22:33||646875000||483859||0.00075241
22:34||646799500||485362||0.00075241
22:35||645922500||485338||0.00075241
22:36||645922500||485338||0.00075241
22:37||645922500||486658||0.00075241
22:38||645510000||486658||0.00075241
22:39||645324500||485763||0.00075241
22:40||645324500||485763||0.00075241
22:41||645257500||485763||0.00075241
22:42||645261500||485668||0.00075241
22:43||643126500||485319||0.00075241
22:44||641611000||485319||0.00075241
22:45||641611000||485319||0.00075241
22:46||641611000||485319||0.00075241
22:47||641611000||485319||0.00075241
22:48||641611000||485319||0.00075241
22:49||641611000||483047||0.00075241
22:50||641611000||482461||0.00075241
22:51||641611000||482461||0.00075241
22:52||641611000||483047||0.00075241
22:53||641611000||483047||0.00075241
22:54||641611000||483047||0.00075241
22:55||641611000||483047||0.00075241
22:56||639249500||478909||0.00075241
22:57||639249500||478909||0.00075241
22:58||639009000||478909||0.00075241
22:59||639009000||478909||0.00075241
23:00||639009000||478909||0.00075241
23:01||638875000||478909||0.00075241
23:02||638917500||478909||0.00075241
23:03||638917500||478909||0.00075241
23:04||639000000||478909||0.00075241
23:05||639000000||478909||0.00075241
23:06||639040000||482294||0.00075241
23:07||639530000||482294||0.00075241
23:08||640020000||480789||0.00075241
23:09||640020000||480789||0.00075241
23:10||640020000||480789||0.00075241
23:11||640000000||482294||0.00075241
23:12||639999500||480789||0.00075241
23:13||639999500||480789||0.00075241
23:14||639999500||480789||0.00075241
23:15||638488000||482294||0.00075241
23:16||638488000||482294||0.00075241
23:17||638145000||481008||0.00075241
23:18||639289500||481012||0.00075241
23:19||639391500||481012||0.00075241
23:20||639543500||481530||0.00075241
23:21||639487500||481530||0.00075241
23:22||638050000||481142||0.00075241
23:23||638050000||481142||0.00075241
23:24||638050000||481142||0.00075241
23:25||638050000||481142||0.00075241
23:26||638550000||481142||0.00075241
23:27||638744000||481142||0.00075241
23:28||638250000||481142||0.00075241
23:29||638250000||481142||0.00075241
23:30||638499500||481142||0.00075241
23:31||638499500||480413||0.00075241
23:32||638499500||482293||0.00075241
23:33||638499500||482293||0.00075241
23:34||638499500||482293||0.00075241
23:35||638499500||482293||0.00075241
23:36||638499500||480413||0.00075241
23:37||638499500||480413||0.00075241
23:38||639997500||482293||0.00075241
23:39||639997500||482293||0.00075241
23:40||639997500||482293||0.00075241
23:41||640997500||482293||0.00075241
23:42||641569500||482294||0.00075241
23:43||643509000||484551||0.00075241
23:44||643999500||484551||0.00075241
23:45||644499000||485303||0.00075241
23:46||643038500||485304||0.00075241
23:47||643529500||485304||0.00075241
23:48||643529500||485304||0.00075241
23:49||645510000||486056||0.00075241
23:50||645510000||486056||0.00075241
23:51||645506000||486056||0.00075241
23:52||643544500||486056||0.00075241
23:53||644035500||486050||0.00075241
23:54||644035500||486050||0.00075241
23:55||644035000||483107||0.00075241
23:56||644035000||483107||0.00075241
23:57||644644500||483108||0.00075241
23:58||644644500||483108||0.00075241
23:59||644644500||483108||0.00075241
