00:00||710843500||534729||0.00075241
00:01||710843000||534729||0.00075241
00:02||710843000||534729||0.00075241
00:03||710842500||534729||0.00075241
00:04||710842500||534729||0.00075241
00:05||710842500||534960||0.00075241
00:06||710842500||534960||0.00075241
00:07||710840500||534960||0.00075241
00:08||710840000||534960||0.00075241
00:09||710840000||534955||0.00075241
00:10||710835500||534955||0.00075241
00:11||710835500||534947||0.00075241
00:12||710835500||534947||0.00075241
00:13||710830500||534947||0.00075241
00:14||710830500||534947||0.00075241
00:15||710830000||534947||0.00075241
00:16||710968500||534947||0.00075241
00:17||710968500||534947||0.00075241
00:18||710968500||534939||0.00075241
00:19||710968500||534939||0.00075241
00:20||710968500||534939||0.00075241
00:21||710968500||534939||0.00075241
00:22||710968500||534939||0.00075241
00:23||710968500||534939||0.00075241
00:24||710968500||534939||0.00075241
00:25||710968500||534939||0.00075241
00:26||710968500||534940||0.00075241
00:27||710968500||534940||0.00075241
00:28||710968500||534940||0.00075241
00:29||710968500||534940||0.00075241
00:30||710968500||534940||0.00075241
00:31||710968500||534940||0.00075241
00:32||710968500||534940||0.00075241
00:33||710968500||534940||0.00075241
00:34||710968500||534940||0.00075241
00:35||710968500||534939||0.00075241
00:36||710968500||534939||0.00075241
00:37||710968500||534939||0.00075241
00:38||710968500||534939||0.00075241
00:39||710968500||534939||0.00075241
00:40||710968500||534939||0.00075241
00:41||710968500||534939||0.00075241
00:42||710968500||534939||0.00075241
00:43||710968500||534939||0.00075241
00:44||710968500||534939||0.00075241
00:45||710968500||534939||0.00075241
00:46||710968500||534939||0.00075241
00:47||710968500||534939||0.00075241
00:48||710968500||534939||0.00075241
00:49||710968500||534939||0.00075241
00:50||710968500||534939||0.00075241
00:51||710968500||534939||0.00075241
00:52||710968500||534939||0.00075241
00:53||710968500||534939||0.00075241
00:54||710968500||534939||0.00075241
00:55||710968500||534939||0.00075241
00:56||710968500||534939||0.00075241
00:57||710968500||534939||0.00075241
00:58||710968500||534939||0.00075241
00:59||710968500||534939||0.00075241
01:00||710968500||534939||0.00075241
01:01||710968500||534940||0.00075241
01:02||710968500||534940||0.00075241
01:03||710968500||534940||0.00075241
01:04||710968500||534940||0.00075241
01:05||710968500||534940||0.00075241
01:06||710968500||534940||0.00075241
01:07||710968500||534940||0.00075241
01:08||710968500||534940||0.00075241
01:09||710968500||534940||0.00075241
01:10||710968500||534940||0.00075241
01:11||710968500||534940||0.00075241
01:12||710968500||534940||0.00075241
01:13||710968500||534940||0.00075241
01:14||710968500||534940||0.00075241
01:15||710968500||534940||0.00075241
01:16||710968500||534940||0.00075241
01:17||710968500||534940||0.00075241
01:18||710968500||534940||0.00075241
01:19||710968500||534940||0.00075241
01:20||710968500||534940||0.00075241
01:21||710968500||534940||0.00075241
01:22||710968500||534940||0.00075241
01:23||710968500||534940||0.00075241
01:24||710968500||534940||0.00075241
01:25||710968500||534940||0.00075241
01:26||710968500||534940||0.00075241
01:27||710968500||534940||0.00075241
01:28||710968500||534940||0.00075241
01:29||710968500||534940||0.00075241
01:30||710968500||534940||0.00075241
01:31||710968500||534940||0.00075241
01:32||710968500||534940||0.00075241
01:33||710968500||534940||0.00075241
01:34||710968500||534940||0.00075241
01:35||710968500||534940||0.00075241
01:36||710968500||534940||0.00075241
01:37||710968500||534940||0.00075241
01:38||710968500||534940||0.00075241
01:39||710968500||534940||0.00075241
01:40||710968500||534940||0.00075241
01:41||710968500||534940||0.00075241
01:42||710968500||534940||0.00075241
01:43||710968500||534940||0.00075241
01:44||710968500||534940||0.00075241
01:45||710968500||534940||0.00075241
01:46||710968500||534940||0.00075241
01:47||710968500||534939||0.00075241
01:48||710968500||534939||0.00075241
01:49||710968500||534939||0.00075241
01:50||710437500||534939||0.00075241
01:51||710437500||534939||0.00075241
01:52||710437500||534939||0.00075241
01:53||710391000||534212||0.00075241
01:54||710332000||534212||0.00075241
01:55||710262000||534211||0.00075241
01:56||710210500||534569||0.00075241
01:57||710159000||534569||0.00075241
01:58||710124500||534569||0.00075241
01:59||708966000||533971||0.00075241
02:00||708882000||533971||0.00075241
02:01||708819000||533971||0.00075241
02:02||708772000||533122||0.00075241
02:03||708068000||532415||0.00075241
02:04||708068000||532415||0.00075241
02:05||708068000||532415||0.00075241
02:06||708068000||532415||0.00075241
02:07||708068000||532415||0.00075241
02:08||708068000||532415||0.00075241
02:09||708068000||532415||0.00075241
02:10||707322500||532415||0.00075241
02:11||707322500||532415||0.00075241
02:12||706316000||531953||0.00075241
02:13||706316000||531953||0.00075241
02:14||707236500||531953||0.00075241
02:15||707236500||531953||0.00075241
02:16||707236500||531953||0.00075241
02:17||707236500||531953||0.00075241
02:18||707236500||531953||0.00075241
02:19||707236500||531953||0.00075241
02:20||707236500||531953||0.00075241
02:21||707236500||531953||0.00075241
02:22||707236500||531953||0.00075241
02:23||707236500||531953||0.00075241
02:24||707236500||531953||0.00075241
02:25||707236500||531953||0.00075241
02:26||707236500||531953||0.00075241
02:27||707236500||531953||0.00075241
02:28||707236500||531953||0.00075241
02:29||707237500||531953||0.00075241
02:30||707237500||531953||0.00075241
02:31||707237500||531953||0.00075241
02:32||707237500||531953||0.00075241
02:33||707237500||531953||0.00075241
02:34||707237500||531953||0.00075241
02:35||707237500||531953||0.00075241
02:36||707237500||531953||0.00075241
02:37||707237500||531953||0.00075241
02:38||707237500||531953||0.00075241
02:39||707237500||531953||0.00075241
02:40||707237500||531953||0.00075241
02:41||707237500||531953||0.00075241
02:42||707237500||531953||0.00075241
02:43||707237500||531953||0.00075241
02:44||707237500||531953||0.00075241
02:45||704069000||529785||0.00075241
02:46||703973000||529785||0.00075241
02:47||703973000||528568||0.00075241
02:48||703973000||528568||0.00075241
02:49||703972500||530783||0.00075241
02:50||703972500||530783||0.00075241
02:51||703972500||530783||0.00075241
02:52||703972500||530783||0.00075241
02:53||703971500||528569||0.00075241
02:54||703971500||528569||0.00075241
02:55||703971500||528569||0.00075241
02:56||703971500||528569||0.00075241
02:57||703971500||528569||0.00075241
02:58||703971500||528569||0.00075241
02:59||703971500||528569||0.00075241
03:00||703971500||528569||0.00075241
03:01||703971500||528569||0.00075241
03:02||703971500||528569||0.00075241
03:03||703971500||528569||0.00075241
03:04||703970000||528569||0.00075241
03:05||703970000||528569||0.00075241
03:06||703970000||528569||0.00075241
03:07||703970000||528569||0.00075241
03:08||703975000||528569||0.00075241
03:09||703976000||528569||0.00075241
03:10||703976000||528569||0.00075241
03:11||703976000||528569||0.00075241
03:12||703976000||528569||0.00075241
03:13||703977500||528569||0.00075241
03:14||703977500||530778||0.00075241
03:15||703977500||530778||0.00075241
03:16||703977500||530778||0.00075241
03:17||703977500||530778||0.00075241
03:18||703977500||530778||0.00075241
03:19||703979000||530780||0.00075241
03:20||703979000||530780||0.00075241
03:21||703979000||530780||0.00075241
03:22||703979000||530780||0.00075241
03:23||703979000||530780||0.00075241
03:24||703979000||530780||0.00075241
03:25||703979000||530780||0.00075241
03:26||703979000||530780||0.00075241
03:27||703979000||530780||0.00075241
03:28||703979000||530780||0.00075241
03:29||703979000||530780||0.00075241
03:30||703979000||530780||0.00075241
03:31||703979000||530780||0.00075241
03:32||703980500||530780||0.00075241
03:33||703980500||530780||0.00075241
03:34||703980500||530780||0.00075241
03:35||703980500||530780||0.00075241
03:36||703982000||530780||0.00075241
03:37||703983500||530780||0.00075241
03:38||703983500||530780||0.00075241
03:39||703983500||530783||0.00075241
03:40||703983500||530783||0.00075241
03:41||703983500||530783||0.00075241
03:42||705523000||533099||0.00075241
03:43||705523000||533099||0.00075241
03:44||705523000||533099||0.00075241
03:45||705463000||533099||0.00075241
03:46||705463000||533099||0.00075241
03:47||705463000||533009||0.00075241
03:48||705463000||533009||0.00075241
03:49||705463000||533009||0.00075241
03:50||705463000||533009||0.00075241
03:51||705463000||533009||0.00075241
03:52||705463000||533009||0.00075241
03:53||705463000||533009||0.00075241
03:54||705463000||533009||0.00075241
03:55||705463000||533009||0.00075241
03:56||705463000||533009||0.00075241
03:57||705463000||533009||0.00075241
03:58||705465000||533009||0.00075241
03:59||705465000||533009||0.00075241
04:00||705465000||533009||0.00075241
04:01||705465000||533009||0.00075241
04:02||705465000||533009||0.00075241
04:03||705465000||533009||0.00075241
04:04||705467000||533009||0.00075241
04:05||705469000||533009||0.00075241
04:06||705469000||533009||0.00075241
04:07||705469000||533009||0.00075241
04:08||706701500||533009||0.00075241
04:09||706702500||533009||0.00075241
04:10||706702500||533009||0.00075241
04:11||706702500||533009||0.00075241
04:12||706702500||533009||0.00075241
04:13||706704000||533009||0.00075241
04:14||706704000||533009||0.00075241
04:15||706704000||533009||0.00075241
04:16||706702500||530449||0.00075241
04:17||706704000||530449||0.00075241
04:18||706704000||530449||0.00075241
04:19||706704000||530449||0.00075241
04:20||706764000||530449||0.00075241
04:21||706764000||530449||0.00075241
04:22||706764000||530449||0.00075241
04:23||706765500||530449||0.00075241
04:24||706964000||533099||0.00075241
04:25||706964000||533099||0.00075241
04:26||706964000||533099||0.00075241
04:27||706964000||533099||0.00075241
04:28||706964000||533099||0.00075241
04:29||706964000||533099||0.00075241
04:30||707961000||533099||0.00075241
04:31||708001000||533398||0.00075241
04:32||708001000||533398||0.00075241
04:33||708001000||533398||0.00075241
04:34||709496000||533458||0.00075241
04:35||709496000||533458||0.00075241
04:36||709496000||533458||0.00075241
04:37||709496000||533458||0.00075241
04:38||709496000||533458||0.00075241
04:39||709496000||533458||0.00075241
04:40||709496000||534203||0.00075241
04:41||709746000||534203||0.00075241
04:42||709651000||534203||0.00075241
04:43||709651000||534203||0.00075241
04:44||709651000||534203||0.00075241
04:45||709648000||534203||0.00075241
04:46||709648000||534056||0.00075241
04:47||709648000||534056||0.00075241
04:48||709648000||534056||0.00075241
04:49||709648000||534056||0.00075241
04:50||709648000||534056||0.00075241
04:51||709648000||534056||0.00075241
04:52||709648000||534056||0.00075241
04:53||709648000||534056||0.00075241
04:54||709648000||534056||0.00075241
04:55||709648000||534056||0.00075241
04:56||709648000||534056||0.00075241
04:57||709576500||534056||0.00075241
04:58||709576500||534056||0.00075241
04:59||709576500||534056||0.00075241
05:00||709576500||534056||0.00075241
05:01||709576500||534056||0.00075241
05:02||709576500||534056||0.00075241
05:03||709578000||534056||0.00075241
05:04||709576500||534056||0.00075241
05:05||709576500||534056||0.00075241
05:06||709576500||534056||0.00075241
05:07||709576500||534056||0.00075241
05:08||709576500||534056||0.00075241
05:09||709576500||534056||0.00075241
05:10||709576500||534056||0.00075241
05:11||709576500||534056||0.00075241
05:12||709578000||534056||0.00075241
05:13||709578000||534056||0.00075241
05:14||709578000||534056||0.00075241
05:15||709578000||534056||0.00075241
05:16||709578000||534056||0.00075241
05:17||709578000||534056||0.00075241
05:18||709221000||533836||0.00075241
05:19||707884500||533458||0.00075241
05:20||707699000||533458||0.00075241
05:21||707587500||533458||0.00075241
05:22||707537500||533458||0.00075241
05:23||707537500||533458||0.00075241
05:24||707537500||532761||0.00075241
05:25||707537500||532761||0.00075241
05:26||707537500||532761||0.00075241
05:27||707537500||532761||0.00075241
05:28||707537500||532761||0.00075241
05:29||707537500||532761||0.00075241
05:30||707537500||532761||0.00075241
05:31||707537500||532761||0.00075241
05:32||707529000||532761||0.00075241
05:33||707529000||532761||0.00075241
05:34||707529000||532761||0.00075241
05:35||707529000||532761||0.00075241
05:36||707529000||532761||0.00075241
05:37||707529000||532761||0.00075241
05:38||707529000||532761||0.00075241
05:39||707529000||532745||0.00075241
05:40||707529000||532745||0.00075241
05:41||707529000||532745||0.00075241
05:42||707529000||532745||0.00075241
05:43||707529000||532745||0.00075241
05:44||707529000||532745||0.00075241
05:45||707529000||532745||0.00075241
05:46||707529000||532745||0.00075241
05:47||707529000||532745||0.00075241
05:48||707529000||532745||0.00075241
05:49||707474000||531958||0.00075241
05:50||707379500||531958||0.00075241
05:51||707295000||531958||0.00075241
05:52||707238500||531956||0.00075241
05:53||707191500||531956||0.00075241
05:54||707149000||531956||0.00075241
05:55||707113500||531956||0.00075241
05:56||707087500||531956||0.00075241
05:57||706304000||531953||0.00075241
05:58||705786500||530451||0.00075241
05:59||705648500||530451||0.00075241
06:00||705531500||530451||0.00075241
06:01||705507500||530451||0.00075241
06:02||705507500||530451||0.00075241
06:03||705506000||530451||0.00075241
06:04||705506000||530451||0.00075241
06:05||704282000||528609||0.00075241
06:06||704283000||531209||0.00075241
06:07||704284500||531209||0.00075241
06:08||704468000||531209||0.00075241
06:09||704504500||528891||0.00075241
06:10||704508500||528891||0.00075241
06:11||706008500||528950||0.00075241
06:12||704512000||528952||0.00075241
06:13||704514000||528952||0.00075241
06:14||704514500||528952||0.00075241
06:15||704515500||528967||0.00075241
06:16||704518500||528967||0.00075241
06:17||704518500||528967||0.00075241
06:18||704519500||531199||0.00075241
06:19||704518000||531199||0.00075241
06:20||704524000||531199||0.00075241
06:21||704524000||531199||0.00075241
06:22||704525500||531199||0.00075241
06:23||704525500||531199||0.00075241
06:24||704525500||531199||0.00075241
06:25||704522000||531199||0.00075241
06:26||704523500||531199||0.00075241
06:27||704523500||531199||0.00075241
06:28||704525000||531199||0.00075241
06:29||704525000||528990||0.00075241
06:30||704534500||531208||0.00075241
06:31||704534500||531208||0.00075241
06:32||704534500||531208||0.00075241
06:33||704535500||531208||0.00075241
06:34||704534500||531208||0.00075241
06:35||704534500||531208||0.00075241
06:36||704534500||531208||0.00075241
06:37||704539000||531208||0.00075241
06:38||704539000||531208||0.00075241
06:39||704539000||531208||0.00075241
06:40||704544000||531208||0.00075241
06:41||704544000||531208||0.00075241
06:42||704544000||531208||0.00075241
06:43||704544000||531208||0.00075241
06:44||704544000||531208||0.00075241
06:45||704548500||531208||0.00075241
06:46||704550000||531208||0.00075241
06:47||704560500||531208||0.00075241
06:48||704560500||531208||0.00075241
06:49||706006500||531208||0.00075241
06:50||706006500||531206||0.00075241
06:51||706006500||531206||0.00075241
06:52||706006500||531205||0.00075241
06:53||706803500||531209||0.00075241
06:54||706802000||531209||0.00075241
06:55||706802000||531209||0.00075241
06:56||706802000||531209||0.00075241
06:57||706802000||531209||0.00075241
06:58||706802000||531209||0.00075241
06:59||706802000||531209||0.00075241
07:00||706802000||531209||0.00075241
07:01||707197000||531209||0.00075241
07:02||707395000||531209||0.00075241
07:03||707493500||532250||0.00075241
07:04||707420500||532250||0.00075241
07:05||707519500||532252||0.00075241
07:06||707481500||532252||0.00075241
07:07||707481500||532252||0.00075241
07:08||707500500||532343||0.00075241
07:09||707555500||532400||0.00075241
07:10||707576000||532400||0.00075241
07:11||707590500||532400||0.00075241
07:12||707593000||532400||0.00075241
07:13||707593500||532400||0.00075241
07:14||707593500||532400||0.00075241
07:15||707593500||532400||0.00075241
07:16||707593500||532400||0.00075241
07:17||707593500||532400||0.00075241
07:18||707593500||532400||0.00075241
07:19||707593500||532400||0.00075241
07:20||707593500||532400||0.00075241
07:21||707195000||532400||0.00075241
07:22||707195000||532400||0.00075241
07:23||707129000||532400||0.00075241
07:24||707123500||532400||0.00075241
07:25||707089000||532400||0.00075241
07:26||707070000||532400||0.00075241
07:27||707070000||532400||0.00075241
07:28||707070000||532400||0.00075241
07:29||707070000||532059||0.00075241
07:30||707070000||532059||0.00075241
07:31||707070000||532059||0.00075241
07:32||707070000||532059||0.00075241
07:33||707070000||532059||0.00075241
07:34||707072500||532059||0.00075241
07:35||707074500||532059||0.00075241
07:36||707505000||532706||0.00075241
07:37||707505000||532706||0.00075241
07:38||707505000||532706||0.00075241
07:39||707505000||532706||0.00075241
07:40||707511000||532706||0.00075241
07:41||708262500||533834||0.00075241
07:42||708260000||533834||0.00075241
07:43||708261500||533834||0.00075241
07:44||708261500||533834||0.00075241
07:45||708018500||533834||0.00075241
07:46||708018500||533834||0.00075241
07:47||708018500||533834||0.00075241
07:48||708551000||533834||0.00075241
07:49||708551000||533834||0.00075241
07:50||708551000||533834||0.00075241
07:51||708551000||533458||0.00075241
07:52||708796000||533827||0.00075241
07:53||708796000||533827||0.00075241
07:54||708796000||533827||0.00075241
07:55||709058000||533947||0.00075241
07:56||710470000||534135||0.00075241
07:57||710485000||534135||0.00075241
07:58||710513000||534250||0.00075241
07:59||710528500||534962||0.00075241
08:00||710984500||534630||0.00075241
08:01||710999500||534630||0.00075241
08:02||710999500||534963||0.00075241
08:03||710999500||534963||0.00075241
08:04||710526000||534252||0.00075241
08:05||710998500||534961||0.00075241
08:06||710999500||534962||0.00075241
08:07||710999500||534962||0.00075241
08:08||710999500||534962||0.00075241
08:09||710999500||534963||0.00075241
08:10||710999500||534963||0.00075241
08:11||710999500||534962||0.00075241
08:12||710999500||534962||0.00075241
08:13||710999500||534962||0.00075241
08:14||710999500||534962||0.00075241
08:15||710999500||534963||0.00075241
08:16||710999500||534963||0.00075241
08:17||710999500||534963||0.00075241
08:18||710999500||534963||0.00075241
08:19||710999500||534963||0.00075241
08:20||710999500||534963||0.00075241
08:21||710999500||534963||0.00075241
08:22||710999500||534963||0.00075241
08:23||710999500||534963||0.00075241
08:24||710999500||534963||0.00075241
08:25||710999500||534963||0.00075241
08:26||710999500||534963||0.00075241
08:27||710999500||534963||0.00075241
08:28||710999500||534963||0.00075241
08:29||710999500||534963||0.00075241
08:30||710999500||534963||0.00075241
08:31||710999500||534963||0.00075241
08:32||710999500||534963||0.00075241
08:33||710999500||534963||0.00075241
08:34||710999500||534963||0.00075241
08:35||710999500||534963||0.00075241
08:36||710999500||534963||0.00075241
08:37||710999500||534963||0.00075241
08:38||710999500||534963||0.00075241
08:39||710999500||534962||0.00075241
08:40||710999500||534962||0.00075241
08:41||710999500||534962||0.00075241
08:42||710999500||534963||0.00075241
08:43||710999500||534963||0.00075241
08:44||710999500||534963||0.00075241
08:45||710999500||534963||0.00075241
08:46||710999500||534963||0.00075241
08:47||710999500||534962||0.00075241
08:48||710999500||534963||0.00075241
08:49||710999500||534963||0.00075241
08:50||711250000||534963||0.00075241
08:51||711600000||535339||0.00075241
08:52||711600000||535339||0.00075241
08:53||711850000||535490||0.00075241
08:54||711999500||535490||0.00075241
08:55||711999500||535490||0.00075241
08:56||711999500||535490||0.00075241
08:57||711999500||535490||0.00075241
08:58||711999500||535715||0.00075241
08:59||711999500||535715||0.00075241
09:00||711999500||535715||0.00075241
09:01||711999500||535715||0.00075241
09:02||711999500||535715||0.00075241
09:03||711999500||535715||0.00075241
09:04||711999500||535715||0.00075241
09:05||711999500||535715||0.00075241
09:06||711999500||535715||0.00075241
09:07||711999500||535715||0.00075241
09:08||711999500||535715||0.00075241
09:09||711999500||535715||0.00075241
09:10||711999500||535715||0.00075241
09:11||711999500||535715||0.00075241
09:12||711999500||535715||0.00075241
09:13||711999500||535715||0.00075241
09:14||711445000||535641||0.00075241
09:15||710997500||534961||0.00075241
09:16||710489000||534961||0.00075241
09:17||710489000||534961||0.00075241
09:18||710489000||534961||0.00075241
09:19||710489000||534946||0.00075241
09:20||710738500||534946||0.00075241
09:21||710738500||534946||0.00075241
09:22||710738500||534946||0.00075241
09:23||710250500||534587||0.00075241
09:24||710250500||534587||0.00075241
09:25||710250500||534587||0.00075241
09:26||710250500||534587||0.00075241
09:27||710250500||534587||0.00075241
09:28||710250500||534587||0.00075241
09:29||710250500||534587||0.00075241
09:30||710250500||534587||0.00075241
09:31||710250500||534587||0.00075241
09:32||710250500||534587||0.00075241
09:33||710250500||534211||0.00075241
09:34||710245500||534211||0.00075241
09:35||710489000||534211||0.00075241
09:36||710479000||534211||0.00075241
09:37||710479000||534211||0.00075241
09:38||710479000||534931||0.00075241
09:39||710479000||534931||0.00075241
09:40||708534500||533458||0.00075241
09:41||708535000||533458||0.00075241
09:42||708535000||532935||0.00075241
09:43||708535000||532935||0.00075241
09:44||708535000||532935||0.00075241
09:45||707225500||532706||0.00075241
09:46||706234000||531805||0.00075241
09:47||706211500||531805||0.00075241
09:48||705467500||531202||0.00075241
09:49||704110000||530312||0.00075241
09:50||704023000||530312||0.00075241
09:51||706100500||528568||0.00075241
09:52||705751000||533768||0.00075241
09:53||705429500||533768||0.00075241
09:54||705054500||533768||0.00075241
09:55||704818500||533768||0.00075241
09:56||704563000||533768||0.00075241
09:57||704266000||533768||0.00075241
09:58||703984000||533768||0.00075241
09:59||703726500||533768||0.00075241
10:00||701005500||527559||0.00075241
10:01||701061500||527559||0.00075241
10:02||703600000||527530||0.00075241
10:03||702960500||530754||0.00075241
10:04||701002500||528159||0.00075241
10:05||701549500||528159||0.00075241
10:06||701549500||528159||0.00075241
10:07||701553500||528159||0.00075241
10:08||701949500||528159||0.00075241
10:09||702499000||528191||0.00075241
10:10||704303500||531953||0.00075241
10:11||703941500||531953||0.00075241
10:12||703656500||530638||0.00075241
10:13||702731000||529696||0.00075241
10:14||702627500||529221||0.00075241
10:15||702518500||529064||0.00075241
10:16||702538000||528820||0.00075241
10:17||702494000||528820||0.00075241
10:18||702602500||528820||0.00075241
10:19||702602500||528820||0.00075241
10:20||702602500||528645||0.00075241
10:21||702602500||528644||0.00075241
10:22||702602500||528644||0.00075241
10:23||702602500||528644||0.00075241
10:24||702700500||528645||0.00075241
10:25||702439500||528792||0.00075241
10:26||702439500||528792||0.00075241
10:27||702438500||528792||0.00075241
10:28||702438500||528792||0.00075241
10:29||702436000||528792||0.00075241
10:30||702435500||528792||0.00075241
10:31||702436000||528792||0.00075241
10:32||700703000||524502||0.00075241
10:33||700703000||524502||0.00075241
10:34||700703000||524502||0.00075241
10:35||700703000||524502||0.00075241
10:36||700703000||528792||0.00075241
10:37||700703000||528792||0.00075241
10:38||698606500||525639||0.00075241
10:39||698606500||525639||0.00075241
10:40||698606500||525638||0.00075241
10:41||698606500||525638||0.00075241
10:42||698606500||525638||0.00075241
10:43||698606500||525638||0.00075241
10:44||697904500||525638||0.00075241
10:45||697904500||525638||0.00075241
10:46||697906000||525638||0.00075241
10:47||699994500||525638||0.00075241
10:48||700251000||525638||0.00075241
10:49||700251000||525638||0.00075241
10:50||700000000||525183||0.00075241
10:51||699750000||524655||0.00075241
10:52||699650500||524655||0.00075241
10:53||699650500||524655||0.00075241
10:54||699650500||528190||0.00075241
10:55||699596500||528190||0.00075241
10:56||699196500||528190||0.00075241
10:57||699196500||528190||0.00075241
10:58||699196500||528190||0.00075241
10:59||699199500||528190||0.00075241
11:00||699225500||528190||0.00075241
11:01||699225500||528190||0.00075241
11:02||699225500||528190||0.00075241
11:03||699250000||528190||0.00075241
11:04||699301000||528190||0.00075241
11:05||699301000||528190||0.00075241
11:06||699301000||528190||0.00075241
11:07||699251000||528190||0.00075241
11:08||699252000||527362||0.00075241
11:09||699247000||527362||0.00075241
11:10||699272000||527356||0.00075241
11:11||699273000||527356||0.00075241
11:12||699078000||527356||0.00075241
11:13||698977500||527063||0.00075241
11:14||698928000||527063||0.00075241
11:15||698878000||527063||0.00075241
11:16||698877500||526761||0.00075241
11:17||698877000||526761||0.00075241
11:18||698828000||526761||0.00075241
11:19||698828000||526761||0.00075241
11:20||698828000||526761||0.00075241
11:21||698828000||526761||0.00075241
11:22||696750000||524429||0.00075241
11:23||698251000||524429||0.00075241
11:24||696751000||524429||0.00075241
11:25||696751000||524429||0.00075241
11:26||696751000||524429||0.00075241
11:27||696757000||524429||0.00075241
11:28||696757000||524429||0.00075241
11:29||696757000||524429||0.00075241
11:30||696757000||524429||0.00075241
11:31||696757000||524429||0.00075241
11:32||696757000||524429||0.00075241
11:33||696757000||524429||0.00075241
11:34||696757000||524429||0.00075241
11:35||696757000||524429||0.00075241
11:36||696757000||524429||0.00075241
11:37||696999500||524429||0.00075241
11:38||696999500||524429||0.00075241
11:39||696999500||524429||0.00075241
11:40||696999500||524429||0.00075241
11:41||696760000||524067||0.00075241
11:42||696760000||524068||0.00075241
11:43||696760000||524068||0.00075241
11:44||696760000||524068||0.00075241
11:45||698796500||524429||0.00075241
11:46||698915000||524429||0.00075241
11:47||699003000||526686||0.00075241
11:48||699025000||526686||0.00075241
11:49||699023500||526685||0.00075241
11:50||699025000||526685||0.00075241
11:51||699024500||526685||0.00075241
11:52||699028500||526685||0.00075241
11:53||699030000||526685||0.00075241
11:54||699027500||526685||0.00075241
11:55||699027500||526685||0.00075241
11:56||699027500||526685||0.00075241
11:57||699027500||526685||0.00075241
11:58||699027500||526679||0.00075241
11:59||699030000||526683||0.00075241
12:00||699030000||526683||0.00075241
12:01||699030000||526683||0.00075241
12:02||699030000||526683||0.00075241
12:03||699029500||526683||0.00075241
12:04||699029000||526681||0.00075241
12:05||699029000||526681||0.00075241
12:06||699143500||526681||0.00075241
12:07||699125000||526681||0.00075241
12:08||699125000||526680||0.00075241
12:09||699125000||526680||0.00075241
12:10||698380000||526680||0.00075241
12:11||698380000||525558||0.00075241
12:12||698380000||525558||0.00075241
12:13||698379000||525377||0.00075241
12:14||698380000||525558||0.00075241
12:15||698401000||525558||0.00075241
12:16||698426000||525558||0.00075241
12:17||698426000||525558||0.00075241
12:18||698426000||525558||0.00075241
12:19||698425000||525447||0.00075241
12:20||698425000||525447||0.00075241
12:21||698425000||525447||0.00075241
12:22||698425000||525447||0.00075241
12:23||698431500||525447||0.00075241
12:24||699276000||526671||0.00075241
12:25||699401000||525762||0.00075241
12:26||699505500||525762||0.00075241
12:27||699592500||525762||0.00075241
12:28||699610500||525762||0.00075241
12:29||699610500||526671||0.00075241
12:30||699645500||526671||0.00075241
12:31||699645500||526671||0.00075241
12:32||699640000||526167||0.00075241
12:33||699640000||526167||0.00075241
12:34||699312500||526167||0.00075241
12:35||699312500||526170||0.00075241
12:36||699312500||526170||0.00075241
12:37||699638500||526169||0.00075241
12:38||699638500||526169||0.00075241
12:39||699654500||526660||0.00075241
12:40||699916000||526191||0.00075241
12:41||699964500||526191||0.00075241
12:42||699964500||526191||0.00075241
12:43||699964500||526191||0.00075241
12:44||699964500||526191||0.00075241
12:45||699964500||526191||0.00075241
12:46||699964500||526660||0.00075241
12:47||699964500||526660||0.00075241
12:48||699964500||526660||0.00075241
12:49||699964500||526660||0.00075241
12:50||699964500||526660||0.00075241
12:51||699964500||526660||0.00075241
12:52||699964500||526660||0.00075241
12:53||699964500||526660||0.00075241
12:54||699964500||526660||0.00075241
12:55||699964500||526660||0.00075241
12:56||699964500||526660||0.00075241
12:57||699964500||526660||0.00075241
12:58||699964500||526660||0.00075241
12:59||699964500||526660||0.00075241
13:00||699964500||526660||0.00075241
13:01||699964500||526659||0.00075241
13:02||699964500||526660||0.00075241
13:03||699964500||526660||0.00075241
13:04||699964500||526660||0.00075241
13:05||699964500||526660||0.00075241
13:06||699964500||526660||0.00075241
13:07||699964500||526660||0.00075241
13:08||699964500||526660||0.00075241
13:09||699964500||526660||0.00075241
13:10||699964500||526659||0.00075241
13:11||699964500||526659||0.00075241
13:12||699964500||526659||0.00075241
13:13||699964500||526660||0.00075241
13:14||699964500||526660||0.00075241
13:15||699964500||526659||0.00075241
13:16||699964500||526659||0.00075241
13:17||699964500||526660||0.00075241
13:18||699964500||526660||0.00075241
13:19||699964500||526660||0.00075241
13:20||699964500||526660||0.00075241
13:21||699964500||526660||0.00075241
13:22||699964500||526660||0.00075241
13:23||699964500||526660||0.00075241
13:24||699964500||526660||0.00075241
13:25||699964500||526660||0.00075241
13:26||699964500||526660||0.00075241
13:27||700701000||527063||0.00075241
13:28||701284500||527439||0.00075241
13:29||701328500||527814||0.00075241
13:30||701299500||527558||0.00075241
13:31||701299500||527665||0.00075241
13:32||701299500||527665||0.00075241
13:33||701299500||527665||0.00075241
13:34||701299500||527665||0.00075241
13:35||701299500||527665||0.00075241
13:36||701299500||527665||0.00075241
13:37||701850000||528191||0.00075241
13:38||701999500||528191||0.00075241
13:39||701999500||528191||0.00075241
13:40||701999500||528191||0.00075241
13:41||701650500||528191||0.00075241
13:42||701651500||528191||0.00075241
13:43||701667500||528191||0.00075241
13:44||701667500||528191||0.00075241
13:45||701667000||528191||0.00075241
13:46||701667000||528191||0.00075241
13:47||701667000||528191||0.00075241
13:48||701667000||528191||0.00075241
13:49||701660500||528191||0.00075241
13:50||701660500||528191||0.00075241
13:51||701660500||528181||0.00075241
13:52||701660500||528181||0.00075241
13:53||701660500||528181||0.00075241
13:54||700752500||527066||0.00075241
13:55||700752500||527066||0.00075241
13:56||700752500||527066||0.00075241
13:57||700752500||527066||0.00075241
13:58||700752500||527066||0.00075241
13:59||700752500||527437||0.00075241
14:00||700754000||527437||0.00075241
14:01||700754000||527437||0.00075241
14:02||700754000||527437||0.00075241
14:03||700997500||527437||0.00075241
14:04||700997500||527437||0.00075241
14:05||700997500||527437||0.00075241
14:06||700997500||527437||0.00075241
14:07||700997500||527437||0.00075241
14:08||700997500||527437||0.00075241
14:09||700997500||527437||0.00075241
14:10||700999500||527439||0.00075241
14:11||701248500||528755||0.00075241
14:12||701248500||528755||0.00075241
14:13||702265000||527815||0.00075241
14:14||702344500||527815||0.00075241
14:15||702411500||528275||0.00075241
14:16||702467000||528275||0.00075241
14:17||702513500||528275||0.00075241
14:18||702696500||528715||0.00075241
14:19||702696500||528716||0.00075241
14:20||702696500||528716||0.00075241
14:21||702696500||528716||0.00075241
14:22||702696500||528716||0.00075241
14:23||702696500||528716||0.00075241
14:24||702696500||528716||0.00075241
14:25||702696500||528716||0.00075241
14:26||702696500||528716||0.00075241
14:27||702696500||528716||0.00075241
14:28||702696500||528716||0.00075241
14:29||702696500||528716||0.00075241
14:30||702696500||528716||0.00075241
14:31||702696500||528716||0.00075241
14:32||702696500||528716||0.00075241
14:33||702696500||528716||0.00075241
14:34||702696500||528716||0.00075241
14:35||702696500||528716||0.00075241
14:36||702696500||528716||0.00075241
14:37||702696500||528716||0.00075241
14:38||702696500||528716||0.00075241
14:39||702696500||528716||0.00075241
14:40||702696500||528716||0.00075241
14:41||702696500||528716||0.00075241
14:42||702696500||528716||0.00075241
14:43||702696500||528716||0.00075241
14:44||702696500||528716||0.00075241
14:45||701848000||528715||0.00075241
14:46||701827500||528715||0.00075241
14:47||701734500||528715||0.00075241
14:48||701734500||528715||0.00075241
14:49||701489500||528715||0.00075241
14:50||701489500||528176||0.00075241
14:51||701499500||528176||0.00075241
14:52||701499500||528176||0.00075241
14:53||701499500||528176||0.00075241
14:54||701499000||528176||0.00075241
14:55||701498500||528191||0.00075241
14:56||701499000||528191||0.00075241
14:57||701499000||528191||0.00075241
14:58||701499500||528191||0.00075241
14:59||701499500||528190||0.00075241
15:00||701499500||528190||0.00075241
15:01||701499500||528190||0.00075241
15:02||701499500||528190||0.00075241
15:03||701509500||528190||0.00075241
15:04||701509500||528190||0.00075241
15:05||701509500||528190||0.00075241
15:06||701509500||528190||0.00075241
15:07||701509500||528190||0.00075241
15:08||701509500||528190||0.00075241
15:09||702267000||528191||0.00075241
15:10||702267000||528191||0.00075241
15:11||702266500||528191||0.00075241
15:12||702266500||528191||0.00075241
15:13||702488500||528191||0.00075241
15:14||702488500||528559||0.00075241
15:15||702488500||528559||0.00075241
15:16||702488500||528559||0.00075241
15:17||702488500||528559||0.00075241
15:18||702488500||528559||0.00075241
15:19||702488500||528559||0.00075241
15:20||702488500||528558||0.00075241
15:21||702488500||528559||0.00075241
15:22||702488500||528559||0.00075241
15:23||702488500||528559||0.00075241
15:24||702488500||528559||0.00075241
15:25||702488500||528559||0.00075241
15:26||702488500||528559||0.00075241
15:27||702488500||528559||0.00075241
15:28||702488500||528559||0.00075241
15:29||702488500||528559||0.00075241
15:30||702266500||528559||0.00075241
15:31||702266000||528559||0.00075241
15:32||702266000||528558||0.00075241
15:33||702267000||528558||0.00075241
15:34||702262500||528558||0.00075241
15:35||702046500||528224||0.00075241
15:36||702044500||528224||0.00075241
15:37||702044500||528224||0.00075241
15:38||702044500||528224||0.00075241
15:39||702044500||528224||0.00075241
15:40||702044500||528225||0.00075241
15:41||702044500||528225||0.00075241
15:42||702044500||528225||0.00075241
15:43||702044500||528225||0.00075241
15:44||702044500||528225||0.00075241
15:45||702044500||528225||0.00075241
15:46||702044500||528225||0.00075241
15:47||701571500||528224||0.00075241
15:48||701571500||528224||0.00075241
15:49||701542000||528224||0.00075241
15:50||700508000||527070||0.00075241
15:51||700506500||527070||0.00075241
15:52||701179500||528173||0.00075241
15:53||701097000||527067||0.00075241
15:54||701035000||527067||0.00075241
15:55||700970000||527067||0.00075241
15:56||700753000||527067||0.00075241
15:57||700811000||527067||0.00075241
15:58||700999500||527067||0.00075241
15:59||700999500||527067||0.00075241
16:00||701487000||527439||0.00075241
16:01||701541000||527439||0.00075241
16:02||701592000||527439||0.00075241
16:03||701154000||527439||0.00075241
16:04||701100000||527439||0.00075241
16:05||701026500||527866||0.00075241
16:06||700407500||527067||0.00075241
16:07||700407500||527067||0.00075241
16:08||700407500||527067||0.00075241
16:09||700407500||527067||0.00075241
16:10||700407500||527067||0.00075241
16:11||700407500||527067||0.00075241
16:12||701132500||528184||0.00075241
16:13||701132500||528184||0.00075241
16:14||701132500||528158||0.00075241
16:15||701132500||528158||0.00075241
16:16||701129500||528158||0.00075241
16:17||701088500||528129||0.00075241
16:18||701039500||528018||0.00075241
16:19||701004500||528018||0.00075241
16:20||701018500||527966||0.00075241
16:21||701018500||527966||0.00075241
16:22||701018500||527966||0.00075241
16:23||701018500||527966||0.00075241
16:24||701018500||527966||0.00075241
16:25||701018500||527966||0.00075241
16:26||701102000||527966||0.00075241
16:27||701198000||527966||0.00075241
16:28||701290000||527966||0.00075241
16:29||701358500||527966||0.00075241
16:30||701587000||527966||0.00075241
16:31||701597000||527966||0.00075241
16:32||701597000||528190||0.00075241
16:33||701597000||528190||0.00075241
16:34||701593000||528190||0.00075241
16:35||701593000||528190||0.00075241
16:36||701583000||528190||0.00075241
16:37||701575500||528169||0.00075241
16:38||701575500||528169||0.00075241
16:39||701132000||528169||0.00075241
16:40||701133000||528169||0.00075241
16:41||701134500||528169||0.00075241
16:42||701186000||528157||0.00075241
16:43||701280000||528116||0.00075241
16:44||701380000||527280||0.00075241
16:45||701366000||527280||0.00075241
16:46||701326000||527965||0.00075241
16:47||701599500||527965||0.00075241
16:48||701599500||527890||0.00075241
16:49||701323500||527890||0.00075241
16:50||701324500||527890||0.00075241
16:51||701367000||527890||0.00075241
16:52||701414000||527890||0.00075241
16:53||701453000||527890||0.00075241
16:54||701486000||527890||0.00075241
16:55||701513500||527890||0.00075241
16:56||701536000||527890||0.00075241
16:57||701552500||527890||0.00075241
16:58||701599500||527890||0.00075241
16:59||701599500||527890||0.00075241
17:00||701599500||527890||0.00075241
17:01||702127000||528341||0.00075241
17:02||702198500||528341||0.00075241
17:03||702198500||528341||0.00075241
17:04||702198500||528341||0.00075241
17:05||702198500||528341||0.00075241
17:06||702198500||528341||0.00075241
17:07||702198500||528341||0.00075241
17:08||702198500||528341||0.00075241
17:09||702198500||528341||0.00075241
17:10||702198500||528341||0.00075241
17:11||702198500||528341||0.00075241
17:12||702198500||528341||0.00075241
17:13||702198500||528341||0.00075241
17:14||702136000||528266||0.00075241
17:15||702101500||528266||0.00075241
17:16||702101500||528266||0.00075241
17:17||702101500||528266||0.00075241
17:18||702149000||528266||0.00075241
17:19||702148000||528266||0.00075241
17:20||702148000||528266||0.00075241
17:21||702148000||528266||0.00075241
17:22||702099500||528267||0.00075241
17:23||702099500||528267||0.00075241
17:24||702099500||528267||0.00075241
17:25||702099500||528267||0.00075241
17:26||702099500||528267||0.00075241
17:27||702099500||528267||0.00075241
17:28||702099500||528267||0.00075241
17:29||702099500||528266||0.00075241
17:30||702099500||528266||0.00075241
17:31||702099500||528266||0.00075241
17:32||702099500||528266||0.00075241
17:33||702099500||528266||0.00075241
17:34||702093500||528258||0.00075241
17:35||702093500||528258||0.00075241
17:36||702093500||528265||0.00075241
17:37||702093500||528265||0.00075241
17:38||702093500||528265||0.00075241
17:39||702093500||528265||0.00075241
17:40||702093500||528265||0.00075241
17:41||702093500||528265||0.00075241
17:42||702093000||528264||0.00075241
17:43||702093000||528264||0.00075241
17:44||702093000||528264||0.00075241
17:45||702093000||528264||0.00075241
17:46||702093000||528264||0.00075241
17:47||702093000||528264||0.00075241
17:48||702093000||528264||0.00075241
17:49||702093000||528264||0.00075241
17:50||702092500||528264||0.00075241
17:51||702092500||528264||0.00075241
17:52||702092000||528264||0.00075241
17:53||702094500||528264||0.00075241
17:54||702094500||528264||0.00075241
17:55||702094500||528264||0.00075241
17:56||702094500||528264||0.00075241
17:57||702094500||528263||0.00075241
17:58||702094500||528263||0.00075241
17:59||702094500||528263||0.00075241
18:00||702094500||528263||0.00075241
18:01||702094500||528263||0.00075241
18:02||702094500||528263||0.00075241
18:03||702094500||528263||0.00075241
18:04||702094500||528263||0.00075241
18:05||702094500||528263||0.00075241
18:06||702094500||528263||0.00075241
18:07||702094500||528263||0.00075241
18:08||702094500||528263||0.00075241
18:09||702094500||528263||0.00075241
18:10||702094500||528263||0.00075241
18:11||702094500||528263||0.00075241
18:12||702094500||528263||0.00075241
18:13||702094500||528262||0.00075241
18:14||702094500||528263||0.00075241
18:15||702095000||528263||0.00075241
18:16||702097000||528264||0.00075241
18:17||702097000||528264||0.00075241
18:18||702099000||528265||0.00075241
18:19||702096000||528265||0.00075241
18:20||702096000||528265||0.00075241
18:21||702096000||528265||0.00075241
18:22||702096500||528265||0.00075241
18:23||702096500||528265||0.00075241
18:24||702096500||528264||0.00075241
18:25||702096500||528264||0.00075241
18:26||702096500||528264||0.00075241
18:27||702096500||528264||0.00075241
18:28||702096500||528264||0.00075241
18:29||702096500||528264||0.00075241
18:30||702096500||528264||0.00075241
18:31||702096500||528264||0.00075241
18:32||702096500||528264||0.00075241
18:33||701743500||528041||0.00075241
18:34||701301000||527894||0.00075241
18:35||701301000||527856||0.00075241
18:36||701301000||527856||0.00075241
18:37||701302000||527856||0.00075241
18:38||701302000||527856||0.00075241
18:39||701302000||527856||0.00075241
18:40||701302000||527856||0.00075241
18:41||701302000||527856||0.00075241
18:42||701302000||527856||0.00075241
18:43||701301000||527856||0.00075241
18:44||701301000||527856||0.00075241
18:45||700722000||527474||0.00075241
18:46||700722000||527474||0.00075241
18:47||700723000||527474||0.00075241
18:48||699516000||526533||0.00075241
18:49||698786500||526110||0.00075241
18:50||698749000||526110||0.00075241
18:51||698703500||526110||0.00075241
18:52||698663500||526110||0.00075241
18:53||698628500||526110||0.00075241
18:54||698619000||526110||0.00075241
18:55||698619000||525808||0.00075241
18:56||698619000||525808||0.00075241
18:57||698620500||525808||0.00075241
18:58||698620500||525808||0.00075241
18:59||698620500||525808||0.00075241
19:00||698360000||525449||0.00075241
19:01||697591500||525182||0.00075241
19:02||697592000||525182||0.00075241
19:03||697593500||525182||0.00075241
19:04||697644500||525182||0.00075241
19:05||697648500||525182||0.00075241
19:06||697977500||525165||0.00075241
19:07||698390000||525786||0.00075241
19:08||698390000||525786||0.00075241
19:09||698392000||525786||0.00075241
19:10||698392000||525786||0.00075241
19:11||698392000||525786||0.00075241
19:12||698392000||525786||0.00075241
19:13||698392000||525786||0.00075241
19:14||698402500||525786||0.00075241
19:15||698396000||525786||0.00075241
19:16||698404000||525786||0.00075241
19:17||698404000||525786||0.00075241
19:18||699570500||525786||0.00075241
19:19||699570500||525786||0.00075241
19:20||698857000||525786||0.00075241
19:21||698503000||525786||0.00075241
19:22||698503000||525934||0.00075241
19:23||698503000||525934||0.00075241
19:24||698503000||525934||0.00075241
19:25||698503000||525934||0.00075241
19:26||698504500||525934||0.00075241
19:27||698504500||525934||0.00075241
19:28||698504500||525934||0.00075241
19:29||698504500||525933||0.00075241
19:30||698504500||525933||0.00075241
19:31||698510500||525934||0.00075241
19:32||698510500||525934||0.00075241
19:33||698510500||525934||0.00075241
19:34||698756000||525934||0.00075241
19:35||699951500||527589||0.00075241
19:36||699951500||527548||0.00075241
19:37||699925500||527548||0.00075241
19:38||699953500||527548||0.00075241
19:39||699953500||527548||0.00075241
19:40||699953500||527548||0.00075241
19:41||700526500||527514||0.00075241
19:42||700526000||527514||0.00075241
19:43||700525500||527514||0.00075241
19:44||700525000||527513||0.00075241
19:45||700522000||527512||0.00075241
19:46||700521000||526651||0.00075241
19:47||700520500||527505||0.00075241
19:48||700522500||527505||0.00075241
19:49||700521500||527505||0.00075241
19:50||700522000||527505||0.00075241
19:51||700541500||527505||0.00075241
19:52||700541000||527505||0.00075241
19:53||700542500||527505||0.00075241
19:54||700542500||526692||0.00075241
19:55||700542500||526692||0.00075241
19:56||700542500||527498||0.00075241
19:57||700542500||527498||0.00075241
19:58||700544000||527498||0.00075241
19:59||700546000||526696||0.00075241
20:00||700544500||527498||0.00075241
20:01||700491500||527498||0.00075241
20:02||700432500||527498||0.00075241
20:03||700549500||527495||0.00075241
20:04||700549500||527495||0.00075241
20:05||700549500||527495||0.00075241
20:06||700550500||527497||0.00075241
20:07||700553500||527499||0.00075241
20:08||700811500||527499||0.00075241
20:09||700811500||527492||0.00075241
20:10||700811500||527492||0.00075241
20:11||700811500||527492||0.00075241
20:12||700811500||527492||0.00075241
20:13||700811500||527492||0.00075241
20:14||700811500||527492||0.00075241
20:15||700811500||527492||0.00075241
20:16||700811500||527492||0.00075241
20:17||700819000||527492||0.00075241
20:18||700950500||527492||0.00075241
20:19||700945500||527492||0.00075241
20:20||700945500||527492||0.00075241
20:21||700984500||527492||0.00075241
20:22||700984500||527489||0.00075241
20:23||700982500||527489||0.00075241
20:24||701062500||527489||0.00075241
20:25||701062500||527489||0.00075241
20:26||701062500||527486||0.00075241
20:27||701062500||527486||0.00075241
20:28||701062500||527486||0.00075241
20:29||701062500||527486||0.00075241
20:30||701062500||527486||0.00075241
20:31||701062500||527486||0.00075241
20:32||701062500||527486||0.00075241
20:33||701062500||527486||0.00075241
20:34||701062500||527486||0.00075241
20:35||701062500||527486||0.00075241
20:36||701062500||527486||0.00075241
20:37||701062500||527486||0.00075241
20:38||701062500||527486||0.00075241
20:39||701062500||527486||0.00075241
20:40||701062500||527486||0.00075241
20:41||701062500||527486||0.00075241
20:42||701062500||527486||0.00075241
20:43||701062500||527486||0.00075241
20:44||701062500||527486||0.00075241
20:45||701062500||527486||0.00075241
20:46||701062500||527486||0.00075241
20:47||700955500||527486||0.00075241
20:48||700847500||527346||0.00075241
20:49||700714500||527346||0.00075241
20:50||700714500||527346||0.00075241
20:51||700714500||527346||0.00075241
20:52||700715500||527346||0.00075241
20:53||700715500||527346||0.00075241
20:54||700715500||527346||0.00075241
20:55||700715500||527346||0.00075241
20:56||700270000||527104||0.00075241
20:57||699980000||526687||0.00075241
20:58||699980000||526687||0.00075241
20:59||699967500||526687||0.00075241
21:00||699780500||526651||0.00075241
21:01||699770500||526579||0.00075241
21:02||699769500||526579||0.00075241
21:03||699839500||526579||0.00075241
21:04||699839500||526579||0.00075241
21:05||699839500||526579||0.00075241
21:06||699839500||526579||0.00075241
21:07||699839500||526566||0.00075241
21:08||699839500||526566||0.00075241
21:09||699839500||526566||0.00075241
21:10||699839500||526566||0.00075241
21:11||699839500||526566||0.00075241
21:12||699839500||526566||0.00075241
21:13||699839500||526566||0.00075241
21:14||699839500||526566||0.00075241
21:15||699839500||526566||0.00075241
21:16||699839500||526566||0.00075241
21:17||699839500||526566||0.00075241
21:18||700440000||527486||0.00075241
21:19||700440000||527486||0.00075241
21:20||700441500||527486||0.00075241
21:21||700379500||526569||0.00075241
21:22||700322500||526569||0.00075241
21:23||700263000||526569||0.00075241
21:24||700201000||526568||0.00075241
21:25||700133500||527048||0.00075241
21:26||700089000||527048||0.00075241
21:27||699372500||526460||0.00075241
21:28||699323000||526460||0.00075241
21:29||699283500||526460||0.00075241
21:30||699282500||526460||0.00075241
21:31||699253500||526460||0.00075241
21:32||699254500||526460||0.00075241
21:33||699554000||526460||0.00075241
21:34||699545000||526460||0.00075241
21:35||699545000||526672||0.00075241
21:36||699545000||526672||0.00075241
21:37||699545000||526672||0.00075241
21:38||699545000||526672||0.00075241
21:39||699496500||526672||0.00075241
21:40||699496500||526672||0.00075241
21:41||699301000||526525||0.00075241
21:42||699455000||526525||0.00075241
21:43||699555000||526525||0.00075241
21:44||700055500||526525||0.00075241
21:45||700055500||526018||0.00075241
21:46||700056500||527438||0.00075241
21:47||699959500||527438||0.00075241
21:48||699959500||527438||0.00075241
21:49||700039500||527437||0.00075241
21:50||700040000||527437||0.00075241
21:51||700080000||527409||0.00075241
21:52||699643000||527409||0.00075241
21:53||699594000||527409||0.00075241
21:54||699594000||527409||0.00075241
21:55||699300500||527409||0.00075241
21:56||699300500||526161||0.00075241
21:57||699028500||525934||0.00075241
21:58||699028500||525934||0.00075241
21:59||698523000||525934||0.00075241
22:00||698523000||525934||0.00075241
22:01||698523000||525934||0.00075241
22:02||698640000||525219||0.00075241
22:03||698627000||525219||0.00075241
22:04||698637500||525219||0.00075241
22:05||698637500||525219||0.00075241
22:06||698637500||525219||0.00075241
22:07||698588000||525219||0.00075241
22:08||698490000||526067||0.00075241
22:09||698479500||526067||0.00075241
22:10||698479500||526067||0.00075241
22:11||698479500||526067||0.00075241
22:12||698479500||526067||0.00075241
22:13||698479500||526067||0.00075241
22:14||698479500||526067||0.00075241
22:15||698479500||526067||0.00075241
22:16||698479500||525919||0.00075241
22:17||698479500||525919||0.00075241
22:18||698479500||525919||0.00075241
22:19||698489500||525919||0.00075241
22:20||698489500||525919||0.00075241
22:21||698494500||525919||0.00075241
22:22||698494500||525919||0.00075241
22:23||698494500||525919||0.00075241
22:24||698500000||525919||0.00075241
22:25||698500000||525919||0.00075241
22:26||698500500||525919||0.00075241
22:27||698500500||525919||0.00075241
22:28||698490500||525919||0.00075241
22:29||698490500||525919||0.00075241
22:30||698539000||525919||0.00075241
22:31||698539500||525919||0.00075241
22:32||698539500||525919||0.00075241
22:33||698539500||525919||0.00075241
22:34||698979500||525919||0.00075241
22:35||698979500||525919||0.00075241
22:36||698979500||525919||0.00075241
22:37||698979500||525919||0.00075241
22:38||698979500||525919||0.00075241
22:39||698979500||525919||0.00075241
22:40||698979500||525919||0.00075241
22:41||698979500||525919||0.00075241
22:42||698979500||525919||0.00075241
22:43||698979500||525919||0.00075241
22:44||698979500||525919||0.00075241
22:45||698979500||525918||0.00075241
22:46||698979500||525918||0.00075241
22:47||698979500||525918||0.00075241
22:48||698979500||525918||0.00075241
22:49||698979500||525918||0.00075241
22:50||698979500||525919||0.00075241
22:51||698979500||525919||0.00075241
22:52||698979500||525919||0.00075241
22:53||698979500||525919||0.00075241
22:54||698979500||525919||0.00075241
22:55||698979500||525919||0.00075241
22:56||698979500||525919||0.00075241
22:57||698979500||525919||0.00075241
22:58||698979500||525919||0.00075241
22:59||698979500||525919||0.00075241
23:00||698979500||525919||0.00075241
23:01||698979500||525919||0.00075241
23:02||698979500||525919||0.00075241
23:03||698979500||525919||0.00075241
23:04||698979500||525919||0.00075241
23:05||698979500||525919||0.00075241
23:06||698979500||525919||0.00075241
23:07||698979500||525919||0.00075241
23:08||698979500||525919||0.00075241
23:09||698979500||525919||0.00075241
23:10||698979500||525919||0.00075241
23:11||698979500||525919||0.00075241
23:12||698979500||525919||0.00075241
23:13||698979500||525919||0.00075241
23:14||698979500||525919||0.00075241
23:15||698979500||525919||0.00075241
23:16||698979500||525919||0.00075241
23:17||698979500||525919||0.00075241
23:18||698979500||525919||0.00075241
23:19||698975000||525919||0.00075241
23:20||698975000||525919||0.00075241
23:21||698975000||525919||0.00075241
23:22||698975000||525919||0.00075241
23:23||698975000||525919||0.00075241
23:24||698975000||525919||0.00075241
23:25||698975000||525919||0.00075241
23:26||698975000||525919||0.00075241
23:27||698979500||525919||0.00075241
23:28||698979500||525919||0.00075241
23:29||698979500||525919||0.00075241
23:30||698979500||525919||0.00075241
23:31||698979500||525919||0.00075241
23:32||698979500||525919||0.00075241
23:33||698979500||525919||0.00075241
23:34||698979500||525919||0.00075241
23:35||699439500||526611||0.00075241
23:36||699489500||526611||0.00075241
23:37||699500000||526687||0.00075241
23:38||699500000||526687||0.00075241
23:39||699849500||526724||0.00075241
23:40||699849500||526724||0.00075241
23:41||699849500||526724||0.00075241
23:42||699849500||526724||0.00075241
23:43||699849500||526724||0.00075241
23:44||699849500||526724||0.00075241
23:45||699849500||526724||0.00075241
23:46||700348000||526724||0.00075241
23:47||702045000||528191||0.00075241
23:48||701045000||528191||0.00075241
23:49||701045500||528191||0.00075241
23:50||701045500||528191||0.00075241
23:51||701045500||528191||0.00075241
23:52||701045000||528191||0.00075241
23:53||701095000||528191||0.00075241
23:54||701095000||528191||0.00075241
23:55||701095000||528191||0.00075241
23:56||701050500||528191||0.00075241
23:57||701050500||528191||0.00075241
23:58||701050500||528191||0.00075241
23:59||701050500||528191||0.00075241
