00:00||563520000||422207||0.00075241
00:01||563520000||422207||0.00075241
00:02||563266500||421825||0.00075241
00:03||563266500||421825||0.00075241
00:04||563066500||421825||0.00075241
00:05||562816500||421825||0.00075241
00:06||562816500||421825||0.00075241
00:07||562816500||421825||0.00075241
00:08||562816500||421825||0.00075241
00:09||562816500||421825||0.00075241
00:10||562816500||421825||0.00075241
00:11||562860000||421825||0.00075241
00:12||562860000||421825||0.00075241
00:13||562860000||421825||0.00075241
00:14||562860000||421825||0.00075241
00:15||562904000||421825||0.00075241
00:16||562904000||421825||0.00075241
00:17||562904000||421825||0.00075241
00:18||562904000||425111||0.00075241
00:19||562904000||425111||0.00075241
00:20||562904000||425111||0.00075241
00:21||562904000||425111||0.00075241
00:22||563588500||422478||0.00075241
00:23||564020000||425111||0.00075241
00:24||564020000||425111||0.00075241
00:25||564020000||425111||0.00075241
00:26||564020000||425111||0.00075241
00:27||564270000||425487||0.00075241
00:28||564765000||425487||0.00075241
00:29||565028500||425788||0.00075241
00:30||565128500||425788||0.00075241
00:31||564969000||424387||0.00075241
00:32||564988000||424387||0.00075241
00:33||564988000||424387||0.00075241
00:34||565007000||424387||0.00075241
00:35||565321000||425788||0.00075241
00:36||565350000||425788||0.00075241
00:37||565450000||425788||0.00075241
00:38||565500000||425788||0.00075241
00:39||566510000||425864||0.00075241
00:40||566510000||425864||0.00075241
00:41||566999500||425864||0.00075241
00:42||567499000||426992||0.00075241
00:43||568284000||428121||0.00075241
00:44||568284000||428121||0.00075241
00:45||568309500||426654||0.00075241
00:46||568334000||426654||0.00075241
00:47||568334000||426654||0.00075241
00:48||568334000||426654||0.00075241
00:49||568334000||428549||0.00075241
00:50||568334000||428549||0.00075241
00:51||568599000||428872||0.00075241
00:52||568599500||428872||0.00075241
00:53||568599500||428872||0.00075241
00:54||568599500||428872||0.00075241
00:55||567000000||426766||0.00075241
00:56||568000000||427368||0.00075241
00:57||568050000||427368||0.00075241
00:58||568050000||427368||0.00075241
00:59||568050000||427368||0.00075241
01:00||569490000||427368||0.00075241
01:01||569490000||427368||0.00075241
01:02||569490000||427368||0.00075241
01:03||569490000||427368||0.00075241
01:04||569490000||427368||0.00075241
01:05||569490000||427368||0.00075241
01:06||569490000||427368||0.00075241
01:07||569490000||427368||0.00075241
01:08||569490000||427368||0.00075241
01:09||569490000||428873||0.00075241
01:10||569490000||428873||0.00075241
01:11||569490000||428873||0.00075241
01:12||569490000||428873||0.00075241
01:13||569490000||428873||0.00075241
01:14||569490000||428106||0.00075241
01:15||569490000||428106||0.00075241
01:16||569490000||428873||0.00075241
01:17||569490000||428873||0.00075241
01:18||569500000||428873||0.00075241
01:19||569500000||428873||0.00075241
01:20||569500000||428873||0.00075241
01:21||569500000||428873||0.00075241
01:22||571035000||428873||0.00075241
01:23||570520000||430378||0.00075241
01:24||570520000||430378||0.00075241
01:25||570520000||430378||0.00075241
01:26||571070000||431130||0.00075241
01:27||571070000||431130||0.00075241
01:28||571070000||431130||0.00075241
01:29||571070000||431130||0.00075241
01:30||572105000||431130||0.00075241
01:31||572105000||431130||0.00075241
01:32||572105000||429708||0.00075241
01:33||572105000||429708||0.00075241
01:34||572105000||429708||0.00075241
01:35||572105000||429708||0.00075241
01:36||572105000||429708||0.00075241
01:37||572125000||431206||0.00075241
01:38||572125000||431206||0.00075241
01:39||572125000||431206||0.00075241
01:40||572125000||431206||0.00075241
01:41||573215000||431206||0.00075241
01:42||573356000||431431||0.00075241
01:43||574282500||431536||0.00075241
01:44||573089000||431536||0.00075241
01:45||573089000||431536||0.00075241
01:46||573089000||431536||0.00075241
01:47||573089000||431536||0.00075241
01:48||573525000||432628||0.00075241
01:49||573525000||432628||0.00075241
01:50||574564000||430423||0.00075241
01:51||574564000||430423||0.00075241
01:52||574614000||430423||0.00075241
01:53||574665500||430423||0.00075241
01:54||575074500||430423||0.00075241
01:55||575034000||430423||0.00075241
01:56||575034000||430423||0.00075241
01:57||574503500||430423||0.00075241
01:58||574135000||430576||0.00075241
01:59||574135000||430576||0.00075241
02:00||574135000||430576||0.00075241
02:01||574024000||430576||0.00075241
02:02||574063500||430576||0.00075241
02:03||574063500||430576||0.00075241
02:04||574063500||430576||0.00075241
02:05||574063500||430576||0.00075241
02:06||574063500||430576||0.00075241
02:07||574063500||430576||0.00075241
02:08||574063500||430576||0.00075241
02:09||574063500||433379||0.00075241
02:10||579180500||436488||0.00075241
02:11||581316000||436488||0.00075241
02:12||579067000||436397||0.00075241
02:13||581244000||436397||0.00075241
02:14||580298000||436397||0.00075241
02:15||581278000||436397||0.00075241
02:16||579292000||436397||0.00075241
02:17||578597500||436397||0.00075241
02:18||578597500||436397||0.00075241
02:19||578597500||436397||0.00075241
02:20||581251000||439325||0.00075241
02:21||581794000||439325||0.00075241
02:22||581984500||439325||0.00075241
02:23||582038500||439325||0.00075241
02:24||582750000||437564||0.00075241
02:25||582275000||437564||0.00075241
02:26||581305500||438655||0.00075241
02:27||583499500||438655||0.00075241
02:28||585919000||440536||0.00075241
02:29||586000000||440536||0.00075241
02:30||583725000||440536||0.00075241
02:31||582990000||440536||0.00075241
02:32||581398500||437902||0.00075241
02:33||579385500||436105||0.00075241
02:34||579385500||436105||0.00075241
02:35||579393000||433075||0.00075241
02:36||579826500||433075||0.00075241
02:37||580326500||433075||0.00075241
02:38||578041000||433075||0.00075241
02:39||577541000||433839||0.00075241
02:40||577033500||433839||0.00075241
02:41||573649000||433068||0.00075241
02:42||573649000||433068||0.00075241
02:43||577736000||433068||0.00075241
02:44||573501000||433068||0.00075241
02:45||578746000||431508||0.00075241
02:46||574501000||431508||0.00075241
02:47||578756000||432261||0.00075241
02:48||579256000||432261||0.00075241
02:49||579256000||432261||0.00075241
02:50||574740500||433011||0.00075241
02:51||573991000||432259||0.00075241
02:52||578246000||432246||0.00075241
02:53||578246000||432246||0.00075241
02:54||578246000||432246||0.00075241
02:55||578246000||432246||0.00075241
02:56||578246000||432246||0.00075241
02:57||578246000||432246||0.00075241
02:58||578246000||432246||0.00075241
02:59||577665000||432246||0.00075241
03:00||570830500||430378||0.00075241
03:01||565440500||427347||0.00075241
03:02||561270500||422034||0.00075241
03:03||561270500||422034||0.00075241
03:04||557777500||418295||0.00075241
03:05||558879500||418295||0.00075241
03:06||558880000||418295||0.00075241
03:07||559960000||421349||0.00075241
03:08||558737500||421349||0.00075241
03:09||558737500||421349||0.00075241
03:10||558737500||421349||0.00075241
03:11||558737500||421349||0.00075241
03:12||558737500||421349||0.00075241
03:13||558737500||421349||0.00075241
03:14||558481000||417835||0.00075241
03:15||554515500||417662||0.00075241
03:16||566201500||417662||0.00075241
03:17||566978500||417662||0.00075241
03:18||560929500||417662||0.00075241
03:19||561152000||417662||0.00075241
03:20||560930000||417662||0.00075241
03:21||558223500||417662||0.00075241
03:22||558223500||417662||0.00075241
03:23||558223500||417662||0.00075241
03:24||558223500||417662||0.00075241
03:25||554757500||418005||0.00075241
03:26||553616500||416458||0.00075241
03:27||555915000||415676||0.00075241
03:28||552470000||415676||0.00075241
03:29||547478000||412684||0.00075241
03:30||552710000||410668||0.00075241
03:31||553434000||410668||0.00075241
03:32||554926500||412320||0.00075241
03:33||552857500||412320||0.00075241
03:34||555906500||412320||0.00075241
03:35||552078500||412320||0.00075241
03:36||556426500||415446||0.00075241
03:37||553187000||416458||0.00075241
03:38||553432000||416458||0.00075241
03:39||553500500||416458||0.00075241
03:40||549231500||416458||0.00075241
03:41||552589500||411192||0.00075241
03:42||553500500||411192||0.00075241
03:43||553500500||411192||0.00075241
03:44||553500500||411192||0.00075241
03:45||553500500||411192||0.00075241
03:46||553500500||411192||0.00075241
03:47||553500500||411192||0.00075241
03:48||553500500||411192||0.00075241
03:49||549755500||410823||0.00075241
03:50||549755500||410823||0.00075241
03:51||549805500||410823||0.00075241
03:53||549716000||410823||0.00075241
03:54||549716000||410823||0.00075241
03:55||547965500||410823||0.00075241
03:56||547965500||410823||0.00075241
03:57||548530000||410823||0.00075241
03:58||548530000||410823||0.00075241
03:59||548530000||410823||0.00075241
04:01||548530000||410823||0.00075241
04:02||548530000||410823||0.00075241
04:03||548530000||411613||0.00075241
04:04||548560000||411613||0.00075241
04:05||547122000||411658||0.00075241
04:06||547122000||411658||0.00075241
04:07||547122000||411658||0.00075241
04:08||547122000||411658||0.00075241
04:09||547122000||411658||0.00075241
04:10||551785500||411661||0.00075241
04:11||553500000||416458||0.00075241
04:12||553500000||416458||0.00075241
04:13||553500000||416458||0.00075241
04:14||553500000||416458||0.00075241
04:15||553500000||416458||0.00075241
04:16||546388500||411568||0.00075241
04:17||546400500||411568||0.00075241
04:18||546388500||411568||0.00075241
04:19||546388500||411568||0.00075241
04:20||546388500||411568||0.00075241
04:21||546044500||410101||0.00075241
04:22||546112500||411568||0.00075241
04:23||546112500||411568||0.00075241
04:24||546112500||411568||0.00075241
04:25||549516500||411568||0.00075241
04:26||545679500||411568||0.00075241
04:27||544992000||410063||0.00075241
04:28||544281000||408558||0.00075241
04:29||544281000||408558||0.00075241
04:30||546716500||408558||0.00075241
04:31||546633500||408558||0.00075241
04:32||546633500||408558||0.00075241
04:33||542801000||408558||0.00075241
04:34||546887500||408558||0.00075241
04:35||546481000||408558||0.00075241
04:36||539701000||406301||0.00075241
04:37||544943500||406301||0.00075241
04:38||537194000||405172||0.00075241
04:39||537220000||405172||0.00075241
04:40||534265000||402551||0.00075241
04:41||534250500||402539||0.00075241
04:42||534250500||402539||0.00075241
04:43||534250000||401411||0.00075241
04:44||534250000||401411||0.00075241
04:45||534250000||401411||0.00075241
04:46||534250000||401411||0.00075241
04:47||534251000||401411||0.00075241
04:48||534256000||401411||0.00075241
04:49||541102500||402584||0.00075241
04:50||541102500||402584||0.00075241
04:51||539142500||402584||0.00075241
04:52||539142500||402584||0.00075241
04:53||539142500||402584||0.00075241
04:54||541592500||402584||0.00075241
04:55||541592500||402584||0.00075241
04:56||541592500||402584||0.00075241
04:57||536757500||402584||0.00075241
04:58||536757500||402584||0.00075241
04:59||536757500||402584||0.00075241
05:00||537451000||402584||0.00075241
05:01||536501000||402584||0.00075241
05:02||536501000||402584||0.00075241
05:03||537501000||402584||0.00075241
05:04||535801000||402584||0.00075241
05:05||536758500||402539||0.00075241
05:06||536760000||402539||0.00075241
05:07||536760000||406301||0.00075241
05:08||536760000||406301||0.00075241
05:09||537261000||406301||0.00075241
05:10||537261000||406301||0.00075241
05:11||537261000||406301||0.00075241
05:12||537261000||406301||0.00075241
05:13||537261000||406301||0.00075241
05:14||537261000||406301||0.00075241
05:15||537261000||406301||0.00075241
05:16||537261000||406301||0.00075241
05:17||537206000||406301||0.00075241
05:18||537206000||406301||0.00075241
05:19||537206000||406301||0.00075241
05:20||537206500||406301||0.00075241
05:21||537207500||406301||0.00075241
05:22||537207500||406301||0.00075241
05:23||537078500||406301||0.00075241
05:24||535501000||406301||0.00075241
05:25||536996000||406301||0.00075241
05:26||537907500||404789||0.00075241
05:27||537274500||404649||0.00075241
05:28||537240500||404614||0.00075241
05:29||538275000||404614||0.00075241
05:30||538182000||404614||0.00075241
05:31||538067000||404614||0.00075241
05:32||538121500||404614||0.00075241
05:33||538121500||404614||0.00075241
05:34||538121500||405923||0.00075241
05:35||538578000||403852||0.00075241
05:36||538543500||403852||0.00075241
05:37||538870000||403852||0.00075241
05:38||539988500||406293||0.00075241
05:39||539988500||406293||0.00075241
05:40||539994500||406293||0.00075241
05:41||539994500||406293||0.00075241
05:42||539994500||406300||0.00075241
05:43||539994500||406300||0.00075241
05:44||538347000||406291||0.00075241
05:45||538474500||406291||0.00075241
05:46||539249500||406291||0.00075241
05:47||539249500||406300||0.00075241
05:48||539249000||404044||0.00075241
05:49||538375000||404044||0.00075241
05:50||538375000||404044||0.00075241
05:51||538375000||404044||0.00075241
05:52||538500000||404044||0.00075241
05:53||538500000||404044||0.00075241
05:54||538500000||404044||0.00075241
05:55||538500000||404044||0.00075241
05:56||538500000||406301||0.00075241
05:57||539124500||406301||0.00075241
05:58||541562500||408558||0.00075241
05:59||542562500||410063||0.00075241
06:00||542557500||410055||0.00075241
06:01||542557500||410055||0.00075241
06:02||542875000||410055||0.00075241
06:03||543875000||410055||0.00075241
06:04||543875000||410055||0.00075241
06:05||543859000||410055||0.00075241
06:06||543859000||409849||0.00075241
06:07||543859000||409849||0.00075241
06:08||542492500||408558||0.00075241
06:09||542492500||408558||0.00075241
06:10||542500000||408558||0.00075241
06:11||542725000||408558||0.00075241
06:12||542500500||407806||0.00075241
06:13||542500500||407806||0.00075241
06:14||542500500||407806||0.00075241
06:15||542500500||407806||0.00075241
06:16||542500500||407806||0.00075241
06:17||542500500||407806||0.00075241
06:18||543500000||409311||0.00075241
06:19||543372000||409870||0.00075241
06:20||543321500||409870||0.00075241
06:21||543821500||409794||0.00075241
06:22||544592000||409794||0.00075241
06:23||544771000||409869||0.00075241
06:24||544771000||409869||0.00075241
06:25||544771000||409869||0.00075241
06:26||544771000||410063||0.00075241
06:27||544646000||410063||0.00075241
06:28||544644000||409872||0.00075241
06:29||544130000||409718||0.00075241
06:30||544130000||409718||0.00075241
06:31||544130000||409506||0.00075241
06:32||544130000||409311||0.00075241
06:33||543475500||409271||0.00075241
06:34||543877000||409271||0.00075241
06:35||543877000||409271||0.00075241
06:36||543859500||409271||0.00075241
06:37||543859500||409271||0.00075241
06:38||543590000||409271||0.00075241
06:39||543104000||408746||0.00075241
06:40||543104000||408712||0.00075241
06:41||543104000||408712||0.00075241
06:42||541489500||407053||0.00075241
06:43||542470000||407790||0.00075241
06:44||542225000||409265||0.00075241
06:45||542225000||409265||0.00075241
06:46||542122500||409265||0.00075241
06:47||539426000||403284||0.00075241
06:48||539426000||403284||0.00075241
06:49||539426000||403284||0.00075241
06:50||539426000||403284||0.00075241
06:51||539426000||403284||0.00075241
06:52||539426000||403284||0.00075241
06:53||540362000||403284||0.00075241
06:54||540362000||403284||0.00075241
06:55||540362000||408454||0.00075241
06:56||539431000||408454||0.00075241
06:57||539499000||408454||0.00075241
06:58||539505000||407053||0.00075241
06:59||539505000||407053||0.00075241
07:00||539475000||407008||0.00075241
07:01||539475000||407008||0.00075241
07:02||539475000||407008||0.00075241
07:03||539441000||404804||0.00075241
07:04||539407500||406957||0.00075241
07:05||538537500||406275||0.00075241
07:06||538537500||406275||0.00075241
07:07||539556000||406949||0.00075241
07:08||539502500||406949||0.00075241
07:09||539558500||406949||0.00075241
07:10||540000000||406949||0.00075241
07:11||540249500||406949||0.00075241
07:12||540490000||406949||0.00075241
07:13||538585500||405548||0.00075241
07:14||536836000||404549||0.00075241
07:15||536836000||403291||0.00075241
07:16||538205500||406974||0.00075241
07:17||537715000||403291||0.00075241
07:18||537470500||403292||0.00075241
07:19||536400500||403284||0.00075241
07:20||537495000||405548||0.00075241
07:21||537750000||405548||0.00075241
07:22||538250000||406301||0.00075241
07:23||539740500||405917||0.00075241
07:24||538295000||406293||0.00075241
07:25||538295000||406293||0.00075241
07:26||538300000||406293||0.00075241
07:27||538300000||406293||0.00075241
07:28||538266000||406293||0.00075241
07:29||537800000||406293||0.00075241
07:30||537805000||405548||0.00075241
07:31||537810000||405548||0.00075241
07:32||538230000||405548||0.00075241
07:33||538780000||405548||0.00075241
07:34||538800000||405548||0.00075241
07:35||538850000||405172||0.00075241
07:36||538796000||405548||0.00075241
07:37||538124000||405172||0.00075241
07:38||537241000||404420||0.00075241
07:39||537241000||404420||0.00075241
07:40||537241000||404406||0.00075241
07:41||537773500||403743||0.00075241
07:42||537773500||403743||0.00075241
07:43||537345000||403743||0.00075241
07:44||537345500||403743||0.00075241
07:45||536975500||403743||0.00075241
07:46||536975500||403743||0.00075241
07:47||536975500||403743||0.00075241
07:48||536976000||403743||0.00075241
07:49||536975500||403743||0.00075241
07:50||536975500||404307||0.00075241
07:51||536975500||404307||0.00075241
07:52||536976000||403743||0.00075241
07:53||536976000||403743||0.00075241
07:54||536976000||403743||0.00075241
07:55||536976000||403743||0.00075241
07:56||536976000||403743||0.00075241
07:57||536976000||404307||0.00075241
07:58||537026000||404307||0.00075241
07:59||537026000||404307||0.00075241
08:00||537330000||404307||0.00075241
08:01||538616000||405548||0.00075241
08:02||539250000||405925||0.00075241
08:03||539499500||405925||0.00075241
08:04||539237500||405924||0.00075241
08:05||538403000||405228||0.00075241
08:06||538853500||405906||0.00075241
08:07||538856500||405906||0.00075241
08:08||538856500||405906||0.00075241
08:09||537742000||403744||0.00075241
08:10||537587500||403744||0.00075241
08:11||537587500||403744||0.00075241
08:12||537587500||404927||0.00075241
08:13||536797500||404044||0.00075241
08:14||536797500||404044||0.00075241
08:15||536290000||403743||0.00075241
08:16||536492000||403743||0.00075241
08:17||536482000||403743||0.00075241
08:18||536482500||403743||0.00075241
08:19||534623000||403087||0.00075241
08:20||532805500||401377||0.00075241
08:21||534625500||401377||0.00075241
08:22||534626000||401377||0.00075241
08:23||534577000||401377||0.00075241
08:24||534139500||401377||0.00075241
08:25||533651000||403236||0.00075241
08:26||533212500||403236||0.00075241
08:27||533230000||403236||0.00075241
08:28||533230000||403236||0.00075241
08:29||533230500||400549||0.00075241
08:30||533751500||400549||0.00075241
08:31||533751500||400549||0.00075241
08:32||532428500||400659||0.00075241
08:33||536102000||406301||0.00075241
08:34||536102000||406301||0.00075241
08:35||536174000||406301||0.00075241
08:36||536174000||406301||0.00075241
08:37||535935000||406301||0.00075241
08:38||535195500||400839||0.00075241
08:39||532418000||400659||0.00075241
08:40||531354000||400545||0.00075241
08:41||534800000||399155||0.00075241
08:42||532320000||403968||0.00075241
08:43||532320000||400437||0.00075241
08:44||534413500||400437||0.00075241
08:45||534368500||400437||0.00075241
08:46||531343500||400437||0.00075241
08:47||531343500||400422||0.00075241
08:48||533538000||400422||0.00075241
08:49||533588000||400422||0.00075241
08:50||533246500||400422||0.00075241
08:51||533246500||400422||0.00075241
08:52||532756500||402473||0.00075241
08:53||532757000||402473||0.00075241
08:54||532759500||402473||0.00075241
08:55||532759500||402473||0.00075241
08:56||532637000||402473||0.00075241
08:57||532637000||402288||0.00075241
08:58||532637000||402288||0.00075241
08:59||531289500||400261||0.00075241
09:00||532637000||400261||0.00075241
09:01||532666500||400261||0.00075241
09:02||532684000||400261||0.00075241
09:03||531350500||400261||0.00075241
09:04||531388500||401786||0.00075241
09:05||531500000||400282||0.00075241
09:06||531499500||400282||0.00075241
09:07||532949000||401786||0.00075241
09:08||532948000||401786||0.00075241
09:09||533324500||401786||0.00075241
09:10||534009000||402307||0.00075241
09:11||533950500||402219||0.00075241
09:12||534300500||402219||0.00075241
09:13||534300500||402238||0.00075241
09:14||534400500||402238||0.00075241
09:15||534496500||402088||0.00075241
09:16||534500000||402089||0.00075241
09:17||534649500||402350||0.00075241
09:18||534630000||402276||0.00075241
09:19||534619500||402268||0.00075241
09:20||534599500||402238||0.00075241
09:21||534599500||402238||0.00075241
09:22||534599500||402238||0.00075241
09:23||534599500||402238||0.00075241
09:24||534599500||402238||0.00075241
09:25||534599500||402238||0.00075241
09:26||534599500||402237||0.00075241
09:27||534599500||402238||0.00075241
09:28||534599500||402238||0.00075241
09:29||534647000||402311||0.00075241
09:30||534647000||402237||0.00075241
09:31||534546000||402088||0.00075241
09:32||534500500||402088||0.00075241
09:33||534192000||402075||0.00075241
09:34||532995000||401779||0.00075241
09:35||532995000||401779||0.00075241
09:36||532995000||400282||0.00075241
09:37||532615000||400282||0.00075241
09:38||534317500||400282||0.00075241
09:39||533142000||402011||0.00075241
09:40||532735000||402011||0.00075241
09:41||531745000||400282||0.00075241
09:42||531100500||399401||0.00075241
09:43||532489000||401958||0.00075241
09:44||532497000||399237||0.00075241
09:45||532497000||402075||0.00075241
09:46||533441500||402075||0.00075241
09:47||533441500||402075||0.00075241
09:48||532750000||402075||0.00075241
09:49||532750000||402075||0.00075241
09:50||533250000||401786||0.00075241
09:51||532500000||400658||0.00075241
09:52||532500000||400658||0.00075241
09:53||532306000||401786||0.00075241
09:54||531556000||401786||0.00075241
09:55||531750000||400658||0.00075241
09:56||531750000||399529||0.00075241
09:57||531750000||400658||0.00075241
09:58||531750000||400658||0.00075241
09:59||531750000||400658||0.00075241
10:00||530808000||399529||0.00075241
10:01||531312500||398871||0.00075241
10:02||531062000||398871||0.00075241
10:03||531062000||400281||0.00075241
10:04||531062000||400281||0.00075241
10:05||531062500||400282||0.00075241
10:06||531062500||400282||0.00075241
10:07||531062500||400282||0.00075241
10:08||531062500||400282||0.00075241
10:09||531062500||400282||0.00075241
10:10||531062500||400282||0.00075241
10:11||531312000||400657||0.00075241
10:12||531312000||400657||0.00075241
10:13||531312000||400657||0.00075241
10:14||531875000||400657||0.00075241
10:15||531250000||399905||0.00075241
10:16||531000000||400470||0.00075241
10:17||531250000||400282||0.00075241
10:18||531375000||400470||0.00075241
10:19||531376000||400470||0.00075241
10:20||531376000||400470||0.00075241
10:21||531500500||400470||0.00075241
10:22||531500500||400657||0.00075241
10:23||531500500||400657||0.00075241
10:24||531500500||400657||0.00075241
10:25||531500500||400657||0.00075241
10:26||531500500||400657||0.00075241
10:27||531500000||400657||0.00075241
10:28||531625000||400656||0.00075241
10:29||531751000||400656||0.00075241
10:30||531999500||400281||0.00075241
10:31||531999500||400281||0.00075241
10:32||531999500||400282||0.00075241
10:33||532249500||400656||0.00075241
10:34||532249500||400656||0.00075241
10:35||532001500||400656||0.00075241
10:36||532001500||400282||0.00075241
10:37||532001500||400282||0.00075241
10:38||532001500||400282||0.00075241
10:39||532125500||400470||0.00075241
10:40||532001500||400282||0.00075241
10:41||532001500||400283||0.00075241
10:42||532000500||400282||0.00075241
10:43||532000500||400282||0.00075241
10:44||532000500||400282||0.00075241
10:45||532000500||400282||0.00075241
10:46||532000500||400282||0.00075241
10:47||532000500||400282||0.00075241
10:48||532000500||400282||0.00075241
10:49||533322500||401034||0.00075241
10:50||533355500||401034||0.00075241
10:51||533356500||401409||0.00075241
10:52||533355500||401195||0.00075241
10:53||533357000||401410||0.00075241
10:54||533357000||401410||0.00075241
10:55||533306500||401410||0.00075241
10:56||533306500||401410||0.00075241
10:57||533306500||401410||0.00075241
10:58||532912500||400489||0.00075241
10:59||533199000||401406||0.00075241
11:00||533297000||401408||0.00075241
11:01||533491000||401259||0.00075241
11:02||533494500||401259||0.00075241
11:03||532798500||400357||0.00075241
11:04||533494500||401406||0.00075241
11:05||533494500||401406||0.00075241
11:06||533494500||401406||0.00075241
11:07||533496500||401408||0.00075241
11:08||533498000||401410||0.00075241
11:09||533499500||401410||0.00075241
11:10||533499500||401410||0.00075241
11:11||533499500||401407||0.00075241
11:12||533498500||401409||0.00075241
11:13||533498500||401409||0.00075241
11:14||534570000||402075||0.00075241
11:15||535202500||402539||0.00075241
11:16||535499500||402914||0.00075241
11:17||535499500||402914||0.00075241
11:18||535499500||402915||0.00075241
11:19||535625000||403102||0.00075241
11:20||535999500||403291||0.00075241
11:21||535999500||403291||0.00075241
11:22||535999500||403291||0.00075241
11:23||536125000||403479||0.00075241
11:24||536126500||403479||0.00075241
11:25||536126500||403479||0.00075241
11:26||536127000||403479||0.00075241
11:27||536004500||403294||0.00075241
11:28||536004500||403294||0.00075241
11:29||536004500||403293||0.00075241
11:30||536004500||403293||0.00075241
11:31||536004500||403295||0.00075241
11:32||536004500||403295||0.00075241
11:33||536004500||403295||0.00075241
11:34||536004500||403295||0.00075241
11:35||536004500||403295||0.00075241
11:36||536004500||403295||0.00075241
11:37||536004500||403295||0.00075241
11:38||536004500||403295||0.00075241
11:39||536004500||403295||0.00075241
11:40||536004500||403295||0.00075241
11:41||536004500||403295||0.00075241
11:42||536004500||403295||0.00075241
11:43||536004500||403295||0.00075241
11:44||536126500||403479||0.00075241
11:45||536225500||403479||0.00075241
11:46||536224500||403443||0.00075241
11:47||536249500||403479||0.00075241
11:48||536488500||403660||0.00075241
11:49||536488500||403659||0.00075241
11:50||536493500||403665||0.00075241
11:51||536751500||404044||0.00075241
11:52||536753000||404044||0.00075241
11:53||536506500||403673||0.00075241
11:54||536506500||403672||0.00075241
11:55||536747500||403856||0.00075241
11:56||536747500||403853||0.00075241
11:57||536875500||404044||0.00075241
11:58||537320000||404713||0.00075241
11:59||537319500||404712||0.00075241
12:00||537319500||404712||0.00075241
12:01||537319500||404712||0.00075241
12:02||537320500||404713||0.00075241
12:03||537320500||404713||0.00075241
12:04||537320500||404713||0.00075241
12:05||537375500||404796||0.00075241
12:06||537375500||404796||0.00075241
12:07||537375500||404796||0.00075241
12:08||537375500||404796||0.00075241
12:09||537375500||404796||0.00075241
12:10||537375500||404796||0.00075241
12:11||537501000||404796||0.00075241
12:12||537501000||404796||0.00075241
12:13||537501000||404796||0.00075241
12:14||537996000||405541||0.00075241
12:15||537996000||405541||0.00075241
12:16||537734000||403658||0.00075241
12:17||537982500||405524||0.00075241
12:18||537992500||405524||0.00075241
12:19||538220000||405524||0.00075241
12:20||538220000||405502||0.00075241
12:21||537728000||403659||0.00075241
12:22||537836000||405473||0.00075241
12:23||537970000||405473||0.00075241
12:24||537989500||405473||0.00075241
12:25||538271000||405473||0.00075241
12:26||538285500||405473||0.00075241
12:27||538293000||404549||0.00075241
12:28||538324000||404549||0.00075241
12:29||538389500||405464||0.00075241
12:30||538466500||405464||0.00075241
12:31||538537500||405461||0.00075241
12:32||538602000||405459||0.00075241
12:33||538411500||405459||0.00075241
12:34||538163000||405040||0.00075241
12:35||538251000||405041||0.00075241
12:36||538459500||405486||0.00075241
12:37||538459500||405486||0.00075241
12:38||538459500||405486||0.00075241
12:39||538461000||405486||0.00075241
12:40||538461000||405486||0.00075241
12:41||538709500||405486||0.00075241
12:42||538626000||405486||0.00075241
12:43||538502500||405175||0.00075241
12:44||538502500||405175||0.00075241
12:45||538709500||405486||0.00075241
12:46||538709500||405486||0.00075241
12:47||538709500||405486||0.00075241
12:48||538710000||405518||0.00075241
12:49||538731000||405518||0.00075241
12:50||538731000||405518||0.00075241
12:51||538731000||405518||0.00075241
12:52||538733000||405518||0.00075241
12:53||538740500||406040||0.00075241
12:54||539082000||406040||0.00075241
12:55||539128000||405181||0.00075241
12:56||539351000||405181||0.00075241
12:57||539365000||406038||0.00075241
12:58||539539500||406301||0.00075241
12:59||539539000||406301||0.00075241
13:00||539539000||406300||0.00075241
13:01||539539000||406300||0.00075241
13:02||539539000||406300||0.00075241
13:03||539539000||406300||0.00075241
13:04||539539000||406300||0.00075241
13:05||539489000||406225||0.00075241
13:06||539489000||406225||0.00075241
13:07||539489000||406225||0.00075241
13:08||539489000||406225||0.00075241
13:09||539749500||406225||0.00075241
13:10||539924500||406300||0.00075241
13:11||539949000||406300||0.00075241
13:12||539949000||406300||0.00075241
13:13||539899500||406226||0.00075241
13:14||539949500||406232||0.00075241
13:15||539994500||406293||0.00075241
13:16||539999500||406300||0.00075241
13:17||539999500||406301||0.00075241
13:18||539999500||406301||0.00075241
13:19||539999500||406301||0.00075241
13:20||540499500||406301||0.00075241
13:21||540542500||406301||0.00075241
13:22||540481000||406865||0.00075241
13:23||540625000||406865||0.00075241
13:24||540874000||407053||0.00075241
13:25||540875000||407053||0.00075241
13:26||540999500||407053||0.00075241
13:27||541124500||407241||0.00075241
13:28||541499500||407429||0.00075241
13:29||541624000||407617||0.00075241
13:30||541749500||407618||0.00075241
13:31||541749500||407617||0.00075241
13:32||541749500||407618||0.00075241
13:33||541749500||407618||0.00075241
13:34||541749500||407618||0.00075241
13:35||541749500||407618||0.00075241
13:36||541749500||407618||0.00075241
13:37||541749500||407618||0.00075241
13:38||541749500||407617||0.00075241
13:39||541749500||407618||0.00075241
13:40||541749500||407618||0.00075241
13:41||541749500||407618||0.00075241
13:42||542974000||407618||0.00075241
13:43||542975500||407618||0.00075241
13:44||542998000||407618||0.00075241
13:45||542990000||407655||0.00075241
13:46||542989000||407655||0.00075241
13:47||542992500||407655||0.00075241
13:48||542992500||407655||0.00075241
13:49||542987500||407655||0.00075241
13:50||542908500||407655||0.00075241
13:51||542907500||407668||0.00075241
13:52||542943500||407668||0.00075241
13:53||542902500||407668||0.00075241
13:54||542902500||407668||0.00075241
13:55||542902500||407668||0.00075241
13:56||542902500||407668||0.00075241
13:57||542898500||407668||0.00075241
13:58||542898500||407670||0.00075241
13:59||542898500||407670||0.00075241
14:00||542898500||407670||0.00075241
14:01||542610000||407243||0.00075241
14:02||542606000||407243||0.00075241
14:03||542600500||407243||0.00075241
14:04||542474500||407053||0.00075241
14:05||542298500||407053||0.00075241
14:06||542298500||407053||0.00075241
14:07||542148500||407053||0.00075241
14:08||542148500||407053||0.00075241
14:09||541999000||407053||0.00075241
14:10||541499000||407053||0.00075241
14:11||541499000||407053||0.00075241
14:12||541499000||407053||0.00075241
14:13||541499000||407053||0.00075241
14:14||541388000||407053||0.00075241
14:15||541388000||407053||0.00075241
14:16||541388000||407053||0.00075241
14:17||541388000||407053||0.00075241
14:18||541388000||407053||0.00075241
14:19||541193000||407053||0.00075241
14:20||541197000||407344||0.00075241
14:21||541100000||407344||0.00075241
14:22||541503000||407804||0.00075241
14:23||541498000||407803||0.00075241
14:24||541498000||407803||0.00075241
14:25||541498000||407803||0.00075241
14:26||541498000||407803||0.00075241
14:27||541499000||407804||0.00075241
14:28||541250000||406865||0.00075241
14:29||541374500||406865||0.00075241
14:30||541374500||406865||0.00075241
14:31||541374500||407054||0.00075241
14:32||541374500||407054||0.00075241
14:33||541374500||407054||0.00075241
14:34||541374500||407054||0.00075241
14:35||541372500||407054||0.00075241
14:36||541372500||407054||0.00075241
14:37||541372500||407054||0.00075241
14:38||541372500||407054||0.00075241
14:39||541372500||407054||0.00075241
14:40||541372500||407054||0.00075241
14:41||541372500||407054||0.00075241
14:42||541372500||407054||0.00075241
14:43||541350500||407054||0.00075241
14:44||541350000||407054||0.00075241
14:45||541350000||407054||0.00075241
14:46||541000500||407054||0.00075241
14:47||541000500||407054||0.00075241
14:48||541000500||407054||0.00075241
14:49||541000500||407054||0.00075241
14:50||541000500||407054||0.00075241
14:51||541000500||407054||0.00075241
14:52||541000500||407054||0.00075241
14:53||541000500||407054||0.00075241
14:54||540875000||406864||0.00075241
14:55||540749500||406865||0.00075241
14:56||540875500||406865||0.00075241
14:57||540875500||406865||0.00075241
14:58||540875500||406865||0.00075241
14:59||540875500||406865||0.00075241
15:00||541227000||407579||0.00075241
15:01||541224500||407579||0.00075241
15:02||541349500||407579||0.00075241
15:03||541349500||407579||0.00075241
15:04||541349500||407579||0.00075241
15:05||541349500||407579||0.00075241
15:06||541349500||407579||0.00075241
15:07||541349500||407579||0.00075241
15:08||541349500||407579||0.00075241
15:09||541349500||407579||0.00075241
15:10||541356500||407579||0.00075241
15:11||541349500||407579||0.00075241
15:12||541349500||407579||0.00075241
15:13||541349500||407579||0.00075241
15:14||541356500||407579||0.00075241
15:15||541277500||407579||0.00075241
15:16||541637500||407579||0.00075241
15:17||541900500||407665||0.00075241
15:18||541987500||407797||0.00075241
15:19||541987500||407797||0.00075241
15:20||542670000||408214||0.00075241
15:21||542809000||408558||0.00075241
15:22||542759500||408934||0.00075241
15:23||542897500||408934||0.00075241
15:24||542897500||408934||0.00075241
15:25||542897500||408934||0.00075241
15:26||542897500||408934||0.00075241
15:27||542947000||409009||0.00075241
15:28||544130500||409300||0.00075241
15:29||546990000||409844||0.00075241
15:30||546990000||413643||0.00075241
15:31||546990000||413643||0.00075241
15:32||546990000||413643||0.00075241
15:33||546848500||413643||0.00075241
15:34||546906500||413643||0.00075241
15:35||546906500||409352||0.00075241
15:36||546879000||409352||0.00075241
15:37||547000000||409352||0.00075241
15:38||546000000||409352||0.00075241
15:39||546000000||409352||0.00075241
15:40||546000000||409352||0.00075241
15:41||546000000||409352||0.00075241
15:42||546000000||409352||0.00075241
15:43||545750000||409352||0.00075241
15:44||545750000||409352||0.00075241
15:45||543969500||409311||0.00075241
15:46||543969500||409311||0.00075241
15:47||543969500||409311||0.00075241
15:48||543969500||409311||0.00075241
15:49||543969500||409311||0.00075241
15:50||543970000||409311||0.00075241
15:51||543969500||409311||0.00075241
15:52||543969500||409265||0.00075241
15:53||543969500||409311||0.00075241
15:54||543969500||409311||0.00075241
15:55||545749500||409311||0.00075241
15:56||545500000||409311||0.00075241
15:57||545500000||409311||0.00075241
15:58||545000000||409311||0.00075241
15:59||544500000||409311||0.00075241
16:00||544500000||409311||0.00075241
16:01||544495000||409311||0.00075241
16:02||544495000||409311||0.00075241
16:03||544495000||409311||0.00075241
16:04||544495000||409311||0.00075241
16:05||544495000||409311||0.00075241
16:06||544495000||409311||0.00075241
16:07||544495000||409311||0.00075241
16:08||544495000||409311||0.00075241
16:09||544495000||409311||0.00075241
16:10||544495000||409311||0.00075241
16:11||544495000||409311||0.00075241
16:12||544464500||409265||0.00075241
16:13||544464500||409265||0.00075241
16:14||544464500||409265||0.00075241
16:15||544464500||409265||0.00075241
16:16||544464500||409265||0.00075241
16:17||544250000||409265||0.00075241
16:18||544125000||409265||0.00075241
16:19||544125000||409265||0.00075241
16:20||544125000||409265||0.00075241
16:21||544125000||409311||0.00075241
16:22||544125000||409311||0.00075241
16:23||544125000||409311||0.00075241
16:24||544125000||409311||0.00075241
16:25||544125000||409311||0.00075241
16:26||544125000||409311||0.00075241
16:27||544019500||409265||0.00075241
16:28||543969500||409265||0.00075241
16:29||543724000||409265||0.00075241
16:30||543724000||409265||0.00075241
16:31||543971500||409268||0.00075241
16:32||543971500||409268||0.00075241
16:33||543726500||409268||0.00075241
16:34||544994500||410055||0.00075241
16:35||544245500||410055||0.00075241
16:36||544265500||410055||0.00075241
16:37||544765500||410055||0.00075241
16:38||544770000||409724||0.00075241
16:39||544770000||409724||0.00075241
16:40||544770000||409724||0.00075241
16:41||544770000||409724||0.00075241
16:42||544770000||410056||0.00075241
16:43||545128000||410063||0.00075241
16:44||545649000||410439||0.00075241
16:45||545649000||410439||0.00075241
16:46||545774000||410815||0.00075241
16:47||545774000||410475||0.00075241
16:48||545284500||410475||0.00075241
16:49||545284500||410475||0.00075241
16:50||545284500||410475||0.00075241
16:51||545284500||410475||0.00075241
16:52||545346500||410475||0.00075241
16:53||546375000||411003||0.00075241
16:54||545910500||409928||0.00075241
16:55||546029500||409928||0.00075241
16:56||546029500||409928||0.00075241
16:57||546049500||409928||0.00075241
16:58||546009500||409928||0.00075241
16:59||546029500||409928||0.00075241
17:00||546030000||409928||0.00075241
17:01||546010000||410079||0.00075241
17:02||546009500||410110||0.00075241
17:03||546009500||410110||0.00075241
17:04||546009500||410110||0.00075241
17:05||546009000||410110||0.00075241
17:06||546009000||410110||0.00075241
17:07||546009000||410110||0.00075241
17:08||546009000||410086||0.00075241
17:09||546009000||410086||0.00075241
17:10||546009000||410086||0.00075241
17:11||546009000||410086||0.00075241
17:12||546009000||410086||0.00075241
17:13||546009000||410086||0.00075241
17:14||546009000||410086||0.00075241
17:15||546007500||410086||0.00075241
17:16||545764000||410086||0.00075241
17:17||545764000||410086||0.00075241
17:18||545764000||410086||0.00075241
17:19||545764000||410086||0.00075241
17:20||545764000||410086||0.00075241
17:21||545764500||410086||0.00075241
17:22||545764500||410086||0.00075241
17:23||545764000||410086||0.00075241
17:24||545764000||410086||0.00075241
17:25||545764500||410086||0.00075241
17:26||545764500||410086||0.00075241
17:27||545779000||410086||0.00075241
17:28||545529000||410086||0.00075241
17:29||545279000||410086||0.00075241
17:30||545279000||410086||0.00075241
17:31||545757000||410439||0.00075241
17:32||546261500||410815||0.00075241
17:33||546261500||410815||0.00075241
17:34||546633500||411192||0.00075241
17:35||547250000||411943||0.00075241
17:36||547250000||411944||0.00075241
17:37||547454000||412251||0.00075241
17:38||547454000||412251||0.00075241
17:39||547749500||412251||0.00075241
17:40||547828500||412131||0.00075241
17:41||547824500||412131||0.00075241
17:42||547824500||412245||0.00075241
17:43||547828500||412251||0.00075241
17:44||547826000||412251||0.00075241
17:45||547979000||412251||0.00075241
17:46||547979000||412251||0.00075241
17:47||547979000||412320||0.00075241
17:48||547979000||412320||0.00075241
17:49||547979000||412320||0.00075241
17:50||547999500||412320||0.00075241
17:51||547999500||412320||0.00075241
17:52||547999500||412320||0.00075241
17:53||548266000||412320||0.00075241
17:54||549039000||412697||0.00075241
17:55||549039000||413486||0.00075241
17:56||549139000||413486||0.00075241
17:57||549014500||413486||0.00075241
17:58||549250000||413449||0.00075241
17:59||549200000||413449||0.00075241
18:00||549250000||413073||0.00075241
18:01||549250000||413073||0.00075241
18:02||549249500||413448||0.00075241
18:03||549249500||413448||0.00075241
18:04||549249500||413073||0.00075241
18:05||549499500||413448||0.00075241
18:06||549125000||413073||0.00075241
18:07||549125000||413073||0.00075241
18:08||549125000||413073||0.00075241
18:09||549125000||413073||0.00075241
18:10||549125500||413261||0.00075241
18:11||549125500||413261||0.00075241
18:12||549126000||413261||0.00075241
18:13||549126000||413261||0.00075241
18:14||549126000||413261||0.00075241
18:15||549375000||413261||0.00075241
18:16||549375500||413261||0.00075241
18:17||549375500||413261||0.00075241
18:18||549250000||413073||0.00075241
18:19||549245500||413073||0.00075241
18:20||549245500||413073||0.00075241
18:21||549001500||413291||0.00075241
18:22||549001500||413291||0.00075241
18:23||548501500||413291||0.00075241
18:24||549001500||413291||0.00075241
18:25||549001500||413291||0.00075241
18:26||549001500||413291||0.00075241
18:27||549001500||413291||0.00075241
18:28||549630500||413449||0.00075241
18:29||549676000||413449||0.00075241
18:30||549748500||413526||0.00075241
18:31||549901500||413824||0.00075241
18:32||549874000||413824||0.00075241
18:33||549874000||413824||0.00075241
18:34||549873500||413824||0.00075241
18:35||549876000||413824||0.00075241
18:36||549874500||413825||0.00075241
18:37||549999500||413825||0.00075241
18:38||550505000||414449||0.00075241
18:39||551583000||416072||0.00075241
18:40||551616000||416072||0.00075241
18:41||551616000||416072||0.00075241
18:42||551616500||416072||0.00075241
18:43||551123000||414010||0.00075241
18:44||551123000||414010||0.00075241
18:45||551123000||415330||0.00075241
18:46||551123000||415330||0.00075241
18:47||551123000||415330||0.00075241
18:48||551123000||415330||0.00075241
18:49||552266500||415330||0.00075241
18:50||552648000||415706||0.00075241
18:51||553248500||416080||0.00075241
18:52||553749500||416459||0.00075241
18:53||554898500||417587||0.00075241
18:54||556194500||416984||0.00075241
18:55||557400000||418640||0.00075241
18:56||555199500||418640||0.00075241
18:57||555199500||418604||0.00075241
18:58||555699500||418604||0.00075241
18:59||555699500||418604||0.00075241
19:00||555346000||418604||0.00075241
19:01||554895000||418604||0.00075241
19:02||554862500||417944||0.00075241
19:03||554146500||416870||0.00075241
19:04||554146500||417020||0.00075241
19:05||554126500||416870||0.00075241
19:06||553851000||416870||0.00075241
19:07||551901500||415631||0.00075241
19:08||552229000||415631||0.00075241
19:09||551980000||415631||0.00075241
19:10||551765000||415631||0.00075241
19:11||551765000||415631||0.00075241
19:12||551515000||415631||0.00075241
19:13||551515000||415631||0.00075241
19:14||552265000||415631||0.00075241
19:15||552270000||415631||0.00075241
19:16||551770000||415631||0.00075241
19:17||551770000||415330||0.00075241
19:18||551770000||414984||0.00075241
19:19||551770000||414984||0.00075241
19:20||551833000||414984||0.00075241
19:21||551833000||415330||0.00075241
19:22||552274000||415706||0.00075241
19:23||552755000||415706||0.00075241
19:24||552755000||415706||0.00075241
19:25||553253500||416082||0.00075241
19:26||553756000||416458||0.00075241
19:27||553512500||416468||0.00075241
19:28||553756000||416468||0.00075241
19:29||553512500||416468||0.00075241
19:30||553756000||416468||0.00075241
19:31||553756000||416468||0.00075241
19:32||554876500||417399||0.00075241
19:33||554876500||417587||0.00075241
19:34||555756000||417963||0.00075241
19:35||556128000||418339||0.00075241
19:36||556769500||418716||0.00075241
19:37||557255000||419092||0.00075241
19:38||557881000||419844||0.00075241
19:39||557881000||419844||0.00075241
19:40||558133000||419844||0.00075241
19:41||558133000||419844||0.00075241
19:42||558133000||419844||0.00075241
19:43||558260500||420029||0.00075241
19:44||558260500||420029||0.00075241
19:45||558260500||419882||0.00075241
19:46||558244500||420213||0.00075241
19:47||557999500||419844||0.00075241
19:48||558806000||420220||0.00075241
19:49||559578000||420597||0.00075241
19:50||560510000||422102||0.00075241
19:51||561490000||422102||0.00075241
19:52||561490000||422839||0.00075241
19:53||561449000||422478||0.00075241
19:54||560499000||422102||0.00075241
19:55||560385000||421364||0.00075241
19:56||560377500||421364||0.00075241
19:57||560377500||421364||0.00075241
19:58||560370500||421364||0.00075241
19:59||560370500||421364||0.00075241
20:00||560370500||421364||0.00075241
20:01||560370500||421364||0.00075241
20:02||560370000||421364||0.00075241
20:03||560370000||421364||0.00075241
20:04||560377000||421364||0.00075241
20:05||560392000||421364||0.00075241
20:06||560255000||421913||0.00075241
20:07||560255000||421913||0.00075241
20:08||560250500||421913||0.00075241
20:09||560246000||421913||0.00075241
20:10||558989500||419844||0.00075241
20:11||559014000||419844||0.00075241
20:12||559009500||419844||0.00075241
20:13||559009500||419844||0.00075241
20:14||558990500||419844||0.00075241
20:15||558970500||419844||0.00075241
20:16||558951000||419844||0.00075241
20:17||558951000||419844||0.00075241
20:18||558951000||419844||0.00075241
20:19||558929500||419852||0.00075241
20:20||558930000||419852||0.00075241
20:21||558948000||419852||0.00075241
20:22||559170000||419852||0.00075241
20:23||559415000||419852||0.00075241
20:24||559258000||419852||0.00075241
20:25||559258000||419852||0.00075241
20:26||559258000||419852||0.00075241
20:27||559631500||421161||0.00075241
20:28||559513500||420983||0.00075241
20:29||559631500||420983||0.00075241
20:30||559635000||420983||0.00075241
20:31||559635000||420983||0.00075241
20:32||559657500||421161||0.00075241
20:33||559760000||421349||0.00075241
20:34||559765000||421349||0.00075241
20:35||561255000||422102||0.00075241
20:36||561388500||422478||0.00075241
20:37||562848000||423230||0.00075241
20:38||563523000||423983||0.00075241
20:39||564510000||424359||0.00075241
20:40||564625500||424359||0.00075241
20:41||564635000||424509||0.00075241
20:42||564605000||424509||0.00075241
20:43||564602500||424812||0.00075241
20:44||564602500||424812||0.00075241
20:45||564602500||424812||0.00075241
20:46||564602500||424812||0.00075241
20:47||564238500||424735||0.00075241
20:48||564238500||424735||0.00075241
20:49||564002500||424735||0.00075241
20:50||564002500||424735||0.00075241
20:51||564002500||424735||0.00075241
20:52||564002500||424735||0.00075241
20:53||563455000||424359||0.00075241
20:54||562439000||423606||0.00075241
20:55||562426500||422854||0.00075241
20:56||562000500||422854||0.00075241
20:57||561500000||422854||0.00075241
20:58||561500000||422854||0.00075241
20:59||561500000||422852||0.00075241
21:00||561500000||422103||0.00075241
21:01||561002500||422852||0.00075241
21:02||561500000||422104||0.00075241
21:03||560570500||421841||0.00075241
21:04||555846000||419553||0.00075241
21:05||555798000||416875||0.00075241
21:06||554054500||416875||0.00075241
21:07||554056500||416875||0.00075241
21:08||553513000||416835||0.00075241
21:09||553492000||416097||0.00075241
21:10||553511500||416097||0.00075241
21:11||553256500||415716||0.00075241
21:12||552751500||415716||0.00075241
21:13||552756500||416082||0.00075241
21:14||551000500||414954||0.00075241
21:15||550500500||414954||0.00075241
21:16||550277500||413866||0.00075241
21:17||550528000||415329||0.00075241
21:18||550780000||414954||0.00075241
21:19||550800000||414954||0.00075241
21:20||552250000||415330||0.00075241
21:21||551624000||413885||0.00075241
21:22||550750000||413885||0.00075241
21:23||550749500||414201||0.00075241
21:24||550749500||414201||0.00075241
21:25||550749500||414201||0.00075241
21:26||550749500||414389||0.00075241
21:27||550749500||414389||0.00075241
21:28||550749500||414389||0.00075241
21:29||550749500||414389||0.00075241
21:30||550998500||414389||0.00075241
21:31||550999000||414577||0.00075241
21:32||551749000||415329||0.00075241
21:33||551999500||415330||0.00075241
21:34||552749500||416081||0.00075241
21:35||557153500||417630||0.00075241
21:36||556778500||417630||0.00075241
21:37||556028500||417630||0.00075241
21:38||556278000||417630||0.00075241
21:39||556278000||419467||0.00075241
21:40||556279000||419468||0.00075241
21:41||556029000||419092||0.00075241
21:42||553751500||417587||0.00075241
21:43||553735000||417587||0.00075241
21:44||553500500||417587||0.00075241
21:45||553500500||417587||0.00075241
21:46||553500500||417587||0.00075241
21:47||553500500||417587||0.00075241
21:48||553500500||417587||0.00075241
21:49||553500500||417587||0.00075241
21:50||553250500||417587||0.00075241
21:51||553250500||417587||0.00075241
21:52||553251000||416458||0.00075241
21:53||553625000||416458||0.00075241
21:54||553875000||416647||0.00075241
21:55||553999500||416835||0.00075241
21:56||553999500||416834||0.00075241
21:57||553999500||416834||0.00075241
21:58||554249000||417210||0.00075241
21:59||554375500||417399||0.00075241
22:00||554375500||417399||0.00075241
22:01||554625000||417399||0.00075241
22:02||554749000||417586||0.00075241
22:03||554998000||417585||0.00075241
22:04||554998000||417586||0.00075241
22:05||554999500||417587||0.00075241
22:06||554999500||417587||0.00075241
22:07||554999500||417587||0.00075241
22:08||554999500||417587||0.00075241
22:09||555749500||418715||0.00075241
22:10||555749500||417587||0.00075241
22:11||556000500||419092||0.00075241
22:12||555751000||419092||0.00075241
22:13||556001000||419092||0.00075241
22:14||557498500||419467||0.00075241
22:15||557624500||419655||0.00075241
22:16||557500500||419655||0.00075241
22:17||557624500||419655||0.00075241
22:18||557624500||419468||0.00075241
22:19||557625000||419656||0.00075241
22:20||557275000||419468||0.00075241
22:21||556251000||419468||0.00075241
22:22||556350000||419242||0.00075241
22:23||554375500||417589||0.00075241
22:24||554375500||416646||0.00075241
22:25||554375500||416646||0.00075241
22:26||554375500||416646||0.00075241
22:27||555374000||419091||0.00075241
22:28||555248500||419091||0.00075241
22:29||555249000||419090||0.00075241
22:30||555249000||419090||0.00075241
22:31||554374500||419090||0.00075241
22:32||554374000||419090||0.00075241
22:33||554249500||417774||0.00075241
22:34||554248500||417774||0.00075241
22:35||554248500||417774||0.00075241
22:36||554249000||417586||0.00075241
22:37||554249000||416458||0.00075241
22:38||554249000||417586||0.00075241
22:39||554249000||417586||0.00075241
22:40||553989500||417586||0.00075241
22:41||554247500||417584||0.00075241
22:42||554124500||417584||0.00075241
22:43||554124500||417398||0.00075241
22:44||554124500||417398||0.00075241
22:45||554124500||417398||0.00075241
22:46||554124500||417398||0.00075241
22:47||553811500||416927||0.00075241
22:48||553811500||416927||0.00075241
22:49||553811500||416927||0.00075241
22:50||553350000||417399||0.00075241
22:51||553476500||417399||0.00075241
22:52||553477000||417399||0.00075241
22:53||553476000||417358||0.00075241
22:54||553476000||417358||0.00075241
22:55||553476000||417358||0.00075241
22:56||553476000||417358||0.00075241
22:57||553476000||417358||0.00075241
22:58||553598000||417358||0.00075241
22:59||553598000||417358||0.00075241
23:00||553500000||415706||0.00075241
23:01||553750500||415706||0.00075241
23:02||553750000||417210||0.00075241
23:03||553750000||417210||0.00075241
23:04||553500500||417210||0.00075241
23:05||553500500||416835||0.00075241
23:06||553500000||416835||0.00075241
23:07||553500500||416083||0.00075241
23:08||553499500||417210||0.00075241
23:09||553499500||417210||0.00075241
23:10||553499500||417210||0.00075241
23:11||553499500||417210||0.00075241
23:12||553499500||415706||0.00075241
23:13||553479500||415706||0.00075241
23:14||553485000||417180||0.00075241
23:15||553240000||416631||0.00075241
23:16||553240000||415706||0.00075241
23:17||552988000||415706||0.00075241
23:18||552988000||415706||0.00075241
23:19||552988000||415706||0.00075241
23:20||551225000||415330||0.00075241
23:21||552348000||415330||0.00075241
23:22||552348000||415330||0.00075241
23:23||552181000||414389||0.00075241
23:24||550464000||414389||0.00075241
23:25||550464000||414389||0.00075241
23:26||550464000||414389||0.00075241
23:27||550379000||413885||0.00075241
23:28||550080500||414335||0.00075241
23:29||550085000||413885||0.00075241
23:30||550085000||413885||0.00075241
23:31||550085000||413885||0.00075241
23:32||549774000||413417||0.00075241
23:33||549774000||413893||0.00075241
23:34||550112500||414389||0.00075241
23:35||550278500||414615||0.00075241
23:36||550525000||414615||0.00075241
23:37||550524500||414614||0.00075241
23:38||550780000||414209||0.00075241
23:39||550780000||414209||0.00075241
23:40||552303500||414615||0.00075241
23:41||552460000||416413||0.00075241
23:42||551765000||415894||0.00075241
23:43||552124500||415893||0.00075241
23:44||551775000||415893||0.00075241
23:45||551250000||414577||0.00075241
23:46||550742500||414577||0.00075241
23:47||550742500||414577||0.00075241
23:48||550742500||414577||0.00075241
23:49||550314500||414013||0.00075241
23:50||549226000||413413||0.00075241
23:51||549226500||413073||0.00075241
23:52||549226500||413073||0.00075241
23:53||549965500||414185||0.00075241
23:54||548493500||413073||0.00075241
23:55||548493500||413073||0.00075241
23:56||548493500||413073||0.00075241
23:57||548493500||413073||0.00075241
23:58||548493500||413073||0.00075241
23:59||548493500||410064||0.00075241
