00:00||918929000||692185||0.00075241
00:01||918949000||692185||0.00075241
00:02||918928000||692185||0.00075241
00:03||918928000||692185||0.00075241
00:04||918928000||692184||0.00075241
00:05||916979000||692184||0.00075241
00:06||918928000||692184||0.00075241
00:07||918928000||692184||0.00075241
00:08||918439000||692184||0.00075241
00:09||917489000||692184||0.00075241
00:10||917489500||692184||0.00075241
00:11||917489500||692184||0.00075241
00:12||917489500||692184||0.00075241
00:13||917489500||690712||0.00075241
00:14||917489500||690712||0.00075241
00:15||917489500||690712||0.00075241
00:16||917489500||690712||0.00075241
00:17||917600000||690712||0.00075241
00:18||917600000||690712||0.00075241
00:19||917999500||690712||0.00075241
00:20||918702000||690712||0.00075241
00:21||918702000||690712||0.00075241
00:22||918702000||690712||0.00075241
00:23||918702000||690712||0.00075241
00:24||918702000||690712||0.00075241
00:25||917205500||690712||0.00075241
00:26||917208500||690123||0.00075241
00:27||917208500||690123||0.00075241
00:28||918100000||690123||0.00075241
00:29||918100000||690123||0.00075241
00:30||918100000||690123||0.00075241
00:31||918100000||690110||0.00075241
00:32||918100000||691464||0.00075241
00:33||918317000||691464||0.00075241
00:34||918322000||691464||0.00075241
00:35||918321000||690443||0.00075241
00:36||918992500||691464||0.00075241
00:37||918992500||691464||0.00075241
00:38||918992500||691464||0.00075241
00:39||918992500||691464||0.00075241
00:40||919202500||691464||0.00075241
00:41||919202500||691464||0.00075241
00:42||919500000||692217||0.00075241
00:43||919500500||692217||0.00075241
00:44||919500500||692217||0.00075241
00:45||919490500||692217||0.00075241
00:46||919490500||692202||0.00075241
00:47||919490500||692202||0.00075241
00:48||919490500||692202||0.00075241
00:49||919490500||692202||0.00075241
00:50||919490500||691465||0.00075241
00:51||919490500||691465||0.00075241
00:52||919196000||691465||0.00075241
00:53||919001500||691465||0.00075241
00:54||919001500||691466||0.00075241
00:55||919001500||691466||0.00075241
00:56||919001500||691466||0.00075241
00:57||919001500||691466||0.00075241
00:58||919001500||691466||0.00075241
00:59||919001500||691466||0.00075241
01:00||919001500||691466||0.00075241
01:01||918993500||691453||0.00075241
01:02||918101000||690110||0.00075241
01:03||918101000||690110||0.00075241
01:04||918101000||690110||0.00075241
01:05||917001000||688455||0.00075241
01:06||915980000||689929||0.00075241
01:07||915000500||689929||0.00075241
01:08||915000500||689929||0.00075241
01:09||915000500||688455||0.00075241
01:10||916504000||688455||0.00075241
01:11||916474000||688455||0.00075241
01:12||916474000||688455||0.00075241
01:13||916474000||688455||0.00075241
01:14||916474000||688455||0.00075241
01:15||916474000||688455||0.00075241
01:16||916474000||688455||0.00075241
01:17||916474000||688455||0.00075241
01:18||916474000||688455||0.00075241
01:19||916474000||688455||0.00075241
01:20||916474000||688455||0.00075241
01:21||916202000||688455||0.00075241
01:22||914500000||688455||0.00075241
01:23||914500000||688455||0.00075241
01:24||914500000||688455||0.00075241
01:25||914500000||688453||0.00075241
01:26||913749500||686951||0.00075241
01:27||913749500||688453||0.00075241
01:28||913749500||688453||0.00075241
01:29||913749500||688453||0.00075241
01:30||912980500||686198||0.00075241
01:31||912250500||686198||0.00075241
01:32||912250500||686198||0.00075241
01:33||912750000||686198||0.00075241
01:34||914939500||688410||0.00075241
01:35||914939500||688410||0.00075241
01:36||914934500||688410||0.00075241
01:37||914934500||688410||0.00075241
01:38||918639500||688410||0.00075241
01:39||916929500||688410||0.00075241
01:40||916194500||690696||0.00075241
01:41||916194500||690696||0.00075241
01:43||915704500||689560||0.00075241
01:44||916234500||689207||0.00075241
01:45||915534500||688410||0.00075241
01:46||915550000||689304||0.00075241
01:47||915550000||689304||0.00075241
01:48||916470000||689304||0.00075241
01:49||915970000||689304||0.00075241
01:50||915970000||688410||0.00075241
01:51||915990500||688410||0.00075241
01:52||916020000||688410||0.00075241
01:53||916020000||688410||0.00075241
01:54||916999500||688410||0.00075241
01:55||916999500||688410||0.00075241
01:56||916999500||688410||0.00075241
01:57||916999500||688410||0.00075241
01:58||916999500||688410||0.00075241
01:59||916999500||688410||0.00075241
02:00||916999500||688410||0.00075241
02:01||916999500||688410||0.00075241
02:02||916999500||688410||0.00075241
02:03||918999500||689959||0.00075241
02:04||919040000||689959||0.00075241
02:05||919500500||689959||0.00075241
02:06||919490000||689959||0.00075241
02:07||918490000||691464||0.00075241
02:08||918255000||691464||0.00075241
02:09||918755000||691464||0.00075241
02:10||918750000||691464||0.00075241
02:11||918500000||691464||0.00075241
02:12||917530000||691464||0.00075241
02:13||918510000||691464||0.00075241
02:14||918750000||691464||0.00075241
02:15||917540000||688379||0.00075241
02:16||918275000||688379||0.00075241
02:17||918765000||688379||0.00075241
02:18||918515000||688379||0.00075241
02:19||918515000||688379||0.00075241
02:20||918000000||689959||0.00075241
02:21||917250000||689959||0.00075241
02:22||916470000||689959||0.00075241
02:23||916470000||690667||0.00075241
02:24||916470000||690667||0.00075241
02:25||915754500||690667||0.00075241
02:26||915754500||690667||0.00075241
02:27||915300000||688906||0.00075241
02:28||915250000||688379||0.00075241
02:29||915306000||688379||0.00075241
02:30||915306000||688379||0.00075241
02:31||915306000||688379||0.00075241
02:32||917251000||688379||0.00075241
02:33||917530000||688379||0.00075241
02:34||917775000||688379||0.00075241
02:35||918265000||688379||0.00075241
02:36||918250000||688379||0.00075241
02:37||918250000||688379||0.00075241
02:38||918735000||688379||0.00075241
02:39||918735000||688379||0.00075241
02:40||919449500||688379||0.00075241
02:41||919449500||688379||0.00075241
02:42||919449500||688379||0.00075241
02:43||918950000||691802||0.00075241
02:44||918975000||691802||0.00075241
02:45||918975000||691802||0.00075241
02:46||918725000||691802||0.00075241
02:47||918725000||691802||0.00075241
02:48||918710500||691781||0.00075241
02:49||918710500||691781||0.00075241
02:50||918686000||691744||0.00075241
02:51||918714000||691744||0.00075241
02:52||918959000||691744||0.00075241
02:53||918959000||691744||0.00075241
02:54||919229000||691744||0.00075241
02:55||919225000||691470||0.00075241
02:56||919200000||691464||0.00075241
02:57||919200000||691464||0.00075241
02:58||919200000||691464||0.00075241
02:59||919200000||691464||0.00075241
03:00||919225000||691464||0.00075241
03:01||919229500||691464||0.00075241
03:02||919229500||691464||0.00075241
03:03||919225000||691464||0.00075241
03:04||919225000||691464||0.00075241
03:05||919225000||691464||0.00075241
03:06||919229500||691464||0.00075241
03:07||919239000||691464||0.00075241
03:08||919189000||691464||0.00075241
03:09||919189000||691464||0.00075241
03:10||919189000||691464||0.00075241
03:11||919514000||692217||0.00075241
03:12||919524000||692217||0.00075241
03:13||919524000||692217||0.00075241
03:14||919524000||692217||0.00075241
03:15||919524000||692217||0.00075241
03:16||919524000||692217||0.00075241
03:17||919524000||692217||0.00075241
03:18||919524000||692217||0.00075241
03:19||919524000||692217||0.00075241
03:20||919524000||692217||0.00075241
03:21||920874000||694248||0.00075241
03:22||920774000||694248||0.00075241
03:23||921215500||694248||0.00075241
03:24||920882000||692217||0.00075241
03:25||920490000||692217||0.00075241
03:26||920490000||692954||0.00075241
03:27||920490000||692954||0.00075241
03:28||920500000||692954||0.00075241
03:29||920500500||692954||0.00075241
03:30||920714500||692954||0.00075241
03:31||921014500||692954||0.00075241
03:32||921014500||692954||0.00075241
03:33||921164500||692954||0.00075241
03:34||921520000||692954||0.00075241
03:35||921815000||692954||0.00075241
03:36||921815000||692954||0.00075241
03:37||921865000||692954||0.00075241
03:38||921865000||692954||0.00075241
03:39||921865000||692954||0.00075241
03:40||921865000||692954||0.00075241
03:41||921865000||692954||0.00075241
03:42||921800000||692954||0.00075241
03:43||921800000||692954||0.00075241
03:44||921800000||692954||0.00075241
03:45||921750000||692954||0.00075241
03:46||921750000||692954||0.00075241
03:47||921750000||692954||0.00075241
03:48||921765000||692954||0.00075241
03:49||921865000||694098||0.00075241
03:50||922112000||694098||0.00075241
03:51||922112000||694098||0.00075241
03:52||922112000||694098||0.00075241
03:53||922357000||694098||0.00075241
03:54||922357000||694098||0.00075241
03:55||922350000||694248||0.00075241
03:56||922699500||694248||0.00075241
03:57||922699500||694248||0.00075241
03:58||922699500||694248||0.00075241
03:59||922699500||694248||0.00075241
04:00||922699500||694248||0.00075241
04:01||922699500||694248||0.00075241
04:02||922699500||694248||0.00075241
04:03||922699500||694248||0.00075241
04:04||922699500||694248||0.00075241
04:05||922699500||694248||0.00075241
04:06||923201000||694474||0.00075241
04:07||923351000||694843||0.00075241
04:08||923627500||694853||0.00075241
04:09||923627500||694999||0.00075241
04:10||923650000||694999||0.00075241
04:11||923650500||694999||0.00075241
04:12||923650500||695000||0.00075241
04:13||923650500||695000||0.00075241
04:14||923650500||695000||0.00075241
04:15||923650500||695000||0.00075241
04:16||923650500||695000||0.00075241
04:17||923602500||695000||0.00075241
04:18||923602500||694928||0.00075241
04:19||923602500||694928||0.00075241
04:20||923602500||694928||0.00075241
04:21||923602500||694927||0.00075241
04:22||923602500||694927||0.00075241
04:23||923602500||694927||0.00075241
04:24||923602500||694927||0.00075241
04:25||923602500||694927||0.00075241
04:26||923602500||694927||0.00075241
04:27||923602500||694928||0.00075241
04:28||923602500||694928||0.00075241
04:29||923602500||694928||0.00075241
04:30||923295000||694918||0.00075241
04:31||922850000||694247||0.00075241
04:32||922846500||694469||0.00075241
04:33||922750500||694469||0.00075241
04:34||922750500||694469||0.00075241
04:35||922750500||694287||0.00075241
04:36||922999500||694286||0.00075241
04:37||922999500||694286||0.00075241
04:38||922999500||694474||0.00075241
04:39||921750500||694474||0.00075241
04:40||921650500||694399||0.00075241
04:41||921650500||692594||0.00075241
04:42||921600500||692594||0.00075241
04:43||921529500||694141||0.00075241
04:44||921333500||694141||0.00075241
04:45||921316500||694141||0.00075241
04:46||921316500||694141||0.00075241
04:47||921561000||694141||0.00075241
04:48||921561000||693772||0.00075241
04:49||921857000||693872||0.00075241
04:50||922152000||693872||0.00075241
04:51||922300000||693872||0.00075241
04:52||922050000||694173||0.00075241
04:53||922050000||694173||0.00075241
04:54||922000000||693345||0.00075241
04:55||922150000||694098||0.00075241
04:56||922100000||693872||0.00075241
04:57||922100000||693722||0.00075241
04:58||922050000||693722||0.00075241
04:59||922050000||693722||0.00075241
05:00||922050000||693722||0.00075241
05:01||922000500||693722||0.00075241
05:02||922000500||693722||0.00075241
05:03||922000500||693722||0.00075241
05:04||922000500||693722||0.00075241
05:05||922000500||693722||0.00075241
05:06||922000500||693722||0.00075241
05:07||922000500||693722||0.00075241
05:08||922000500||693722||0.00075241
05:09||921235000||692593||0.00075241
05:10||920772500||692593||0.00075241
05:11||919995000||691464||0.00075241
05:12||919995000||692962||0.00075241
05:13||919995000||692962||0.00075241
05:14||919995000||692962||0.00075241
05:15||919995000||692962||0.00075241
05:16||919490000||692962||0.00075241
05:17||919950000||692962||0.00075241
05:18||920000000||692969||0.00075241
05:19||919949500||692969||0.00075241
05:20||919949500||692969||0.00075241
05:21||919949500||692969||0.00075241
05:22||919949500||692969||0.00075241
05:23||919949000||692893||0.00075241
05:24||919833000||692893||0.00075241
05:25||919100500||692893||0.00075241
05:26||919100500||692893||0.00075241
05:27||919549500||691540||0.00075241
05:28||919549500||691540||0.00075241
05:29||919549500||691540||0.00075241
05:30||919549500||691540||0.00075241
05:31||920399000||691540||0.00075241
05:32||920499000||691540||0.00075241
05:33||920658500||691540||0.00075241
05:34||920658500||691540||0.00075241
05:35||920658500||691540||0.00075241
05:36||920658500||693194||0.00075241
05:37||920908500||693194||0.00075241
05:38||920908500||693194||0.00075241
05:39||920908500||693194||0.00075241
05:40||920859000||693194||0.00075241
05:41||920908500||693194||0.00075241
05:42||920908500||693194||0.00075241
05:43||920908500||693194||0.00075241
05:44||920908500||693194||0.00075241
05:45||920931000||693194||0.00075241
05:46||920931000||693570||0.00075241
05:47||920931000||693570||0.00075241
05:48||920909000||693564||0.00075241
05:49||920909000||693564||0.00075241
05:50||920909000||693564||0.00075241
05:51||920909000||693564||0.00075241
05:52||920909000||693564||0.00075241
05:53||921214000||694022||0.00075241
05:54||921141500||693913||0.00075241
05:55||921092500||693913||0.00075241
05:56||921092500||693913||0.00075241
05:57||921092500||693913||0.00075241
05:58||920994500||693913||0.00075241
05:59||920028500||693913||0.00075241
06:00||920028500||693913||0.00075241
06:01||920028500||693913||0.00075241
06:02||920028500||693913||0.00075241
06:03||920028500||693913||0.00075241
06:04||920028500||693913||0.00075241
06:05||919564500||693913||0.00075241
06:06||919100500||693913||0.00075241
06:07||919100500||693913||0.00075241
06:08||919100500||693913||0.00075241
06:09||919100500||693913||0.00075241
06:10||919100500||693913||0.00075241
06:11||918050500||689959||0.00075241
06:12||918050500||689959||0.00075241
06:13||917980000||689959||0.00075241
06:14||917490000||689959||0.00075241
06:15||917000500||689959||0.00075241
06:16||917500000||689959||0.00075241
06:17||917500500||689959||0.00075241
06:18||917500500||690712||0.00075241
06:19||917500500||690712||0.00075241
06:20||917500500||690712||0.00075241
06:21||917500500||690712||0.00075241
06:22||917501000||690712||0.00075241
06:23||917501000||690712||0.00075241
06:24||917520500||690712||0.00075241
06:25||917520500||690712||0.00075241
06:26||917769500||690712||0.00075241
06:27||918019500||690712||0.00075241
06:28||918019500||690712||0.00075241
06:29||918019500||690712||0.00075241
06:30||917501000||690712||0.00075241
06:31||917020000||690712||0.00075241
06:32||917020000||690712||0.00075241
06:33||917020000||690712||0.00075241
06:34||917000000||690712||0.00075241
06:35||917000000||690712||0.00075241
06:36||916980000||690712||0.00075241
06:37||916980000||689207||0.00075241
06:38||916485500||689207||0.00075241
06:39||916485500||688832||0.00075241
06:40||916505500||688832||0.00075241
06:41||916505500||688832||0.00075241
06:42||916505500||688832||0.00075241
06:43||916525500||688892||0.00075241
06:44||916236500||688892||0.00075241
06:45||916236500||688892||0.00075241
06:46||916236500||688892||0.00075241
06:47||916236500||688892||0.00075241
06:48||916236500||688892||0.00075241
06:49||916236500||688892||0.00075241
06:50||916236500||688892||0.00075241
06:51||916236500||688892||0.00075241
06:52||915991500||688892||0.00075241
06:53||915991500||688892||0.00075241
06:54||915991500||688892||0.00075241
06:55||916011500||688892||0.00075241
06:56||916011500||689583||0.00075241
06:57||916022500||688865||0.00075241
06:58||916022500||688865||0.00075241
06:59||916001500||688865||0.00075241
07:00||915746500||688865||0.00075241
07:01||915746500||688865||0.00075241
07:02||915746500||688865||0.00075241
07:03||915746500||688865||0.00075241
07:04||915746500||688865||0.00075241
07:05||915745500||688832||0.00075241
07:06||915755500||688832||0.00075241
07:07||916009500||689207||0.00075241
07:08||916014500||689207||0.00075241
07:09||916019500||689207||0.00075241
07:10||916024500||689207||0.00075241
07:11||916024500||689207||0.00075241
07:12||916273500||689236||0.00075241
07:13||916969500||689937||0.00075241
07:14||917499500||689937||0.00075241
07:15||917499500||689937||0.00075241
07:16||917999500||690336||0.00075241
07:17||920138500||692969||0.00075241
07:18||920104000||692969||0.00075241
07:19||919958500||692969||0.00075241
07:20||919713500||691788||0.00075241
07:21||917750000||691788||0.00075241
07:22||917470000||691788||0.00075241
07:23||916486000||691788||0.00075241
07:24||916241000||691788||0.00075241
07:25||915751000||689937||0.00075241
07:26||915751000||689200||0.00075241
07:27||915751000||689200||0.00075241
07:28||915756000||689207||0.00075241
07:29||915756000||689207||0.00075241
07:30||915756000||689207||0.00075241
07:31||915756000||689207||0.00075241
07:32||915756000||689207||0.00075241
07:33||915756000||689207||0.00075241
07:34||915756000||689207||0.00075241
07:35||915756000||689207||0.00075241
07:36||915756000||689207||0.00075241
07:37||915756000||689207||0.00075241
07:38||915756000||689207||0.00075241
07:39||915756000||689207||0.00075241
07:40||917256000||691464||0.00075241
07:41||917256000||691464||0.00075241
07:42||917256000||691464||0.00075241
07:43||917256000||691464||0.00075241
07:44||916756000||691464||0.00075241
07:45||916995000||688455||0.00075241
07:46||916995000||691457||0.00075241
07:47||916500000||691457||0.00075241
07:48||916495500||691457||0.00075241
07:49||916495500||690704||0.00075241
07:50||916495500||690704||0.00075241
07:51||916495500||690704||0.00075241
07:52||916495500||690704||0.00075241
07:53||917989500||690704||0.00075241
07:54||917989500||690704||0.00075241
07:55||917989500||690704||0.00075241
07:56||917989500||690704||0.00075241
07:57||917994000||690711||0.00075241
07:58||917994000||690711||0.00075241
07:59||917998500||690711||0.00075241
08:00||917998500||690711||0.00075241
08:01||918498000||691464||0.00075241
08:02||918498000||690710||0.00075241
08:03||918498000||690710||0.00075241
08:04||918498000||690710||0.00075241
08:05||918498500||690710||0.00075241
08:06||918507000||690726||0.00075241
08:07||918994500||690726||0.00075241
08:08||920514000||693722||0.00075241
08:09||921020000||693722||0.00075241
08:10||921999500||693722||0.00075241
08:11||921495000||693722||0.00075241
08:12||921495000||693834||0.00075241
08:13||921996500||693834||0.00075241
08:14||921991500||693715||0.00075241
08:15||921991500||693716||0.00075241
08:16||921987500||693716||0.00075241
08:17||921995500||693722||0.00075241
08:18||921995500||693722||0.00075241
08:19||921995500||693722||0.00075241
08:20||921995500||693722||0.00075241
08:21||921995500||693722||0.00075241
08:22||921999500||693722||0.00075241
08:23||921999500||693722||0.00075241
08:24||922325000||694098||0.00075241
08:25||922499500||694098||0.00075241
08:26||922499500||694098||0.00075241
08:27||922495000||694098||0.00075241
08:28||922499500||694098||0.00075241
08:29||922499500||694098||0.00075241
08:30||922499500||694098||0.00075241
08:31||922899500||694399||0.00075241
08:32||922899500||694399||0.00075241
08:33||922899500||694399||0.00075241
08:34||922899500||694399||0.00075241
08:35||923200000||694399||0.00075241
08:36||923495000||694398||0.00075241
08:37||923491500||694398||0.00075241
08:38||923494500||694842||0.00075241
08:39||923486500||694842||0.00075241
08:40||923482500||694838||0.00075241
08:41||923482500||694838||0.00075241
08:42||923484000||694845||0.00075241
08:43||923486500||694835||0.00075241
08:44||923496000||694850||0.00075241
08:45||923498500||694850||0.00075241
08:46||923498500||694849||0.00075241
08:47||923498500||694849||0.00075241
08:48||923498500||694849||0.00075241
08:49||923500500||694852||0.00075241
08:50||923496500||694852||0.00075241
08:51||923496500||694852||0.00075241
08:52||923494000||694841||0.00075241
08:53||923492500||694841||0.00075241
08:54||923492500||694841||0.00075241
08:55||923493000||694846||0.00075241
08:56||923493000||694850||0.00075241
08:57||923496000||694850||0.00075241
08:58||923493000||694850||0.00075241
08:59||923493000||694850||0.00075241
09:00||923493000||694850||0.00075241
09:01||923499500||694846||0.00075241
09:02||923552500||694928||0.00075241
09:03||923602500||694928||0.00075241
09:04||923602500||694928||0.00075241
09:05||923697500||694928||0.00075241
09:06||923697500||694928||0.00075241
09:07||923697500||694999||0.00075241
09:08||923697500||694999||0.00075241
09:09||923697500||694999||0.00075241
09:10||923697500||694999||0.00075241
09:11||923697500||694999||0.00075241
09:12||923697500||694999||0.00075241
09:13||923697500||694999||0.00075241
09:14||923697500||694999||0.00075241
09:15||923697500||694999||0.00075241
09:16||923697500||694999||0.00075241
09:17||923697500||694999||0.00075241
09:18||923697500||694999||0.00075241
09:19||923697500||694999||0.00075241
09:20||923697500||694999||0.00075241
09:21||923697500||694999||0.00075241
09:22||923848000||695226||0.00075241
09:23||923998500||695226||0.00075241
09:24||923998500||695226||0.00075241
09:25||923998500||695226||0.00075241
09:26||924919500||695226||0.00075241
09:27||924919500||695226||0.00075241
09:28||926755000||697860||0.00075241
09:29||927499500||697860||0.00075241
09:30||927499500||697860||0.00075241
09:31||927499500||697860||0.00075241
09:32||927492500||697860||0.00075241
09:33||927492500||697860||0.00075241
09:34||927492500||697860||0.00075241
09:35||927493000||697860||0.00075241
09:36||927499500||697859||0.00075241
09:37||927499500||697859||0.00075241
09:38||927499500||697859||0.00075241
09:39||927499500||697859||0.00075241
09:40||927499500||697859||0.00075241
09:41||928199500||697860||0.00075241
09:42||928899500||698913||0.00075241
09:43||928899500||698913||0.00075241
09:44||928899500||698913||0.00075241
09:45||928899500||698913||0.00075241
09:46||928899500||698913||0.00075241
09:47||928899500||698912||0.00075241
09:48||929195000||699358||0.00075241
09:49||929483500||699358||0.00075241
09:50||929483500||699358||0.00075241
09:51||929483500||699358||0.00075241
09:52||929483000||699358||0.00075241
09:53||929600000||699365||0.00075241
09:54||929699500||699365||0.00075241
09:55||929699500||699515||0.00075241
09:56||929699500||699515||0.00075241
09:57||929699500||699515||0.00075241
09:58||929699500||699515||0.00075241
09:59||929699500||699515||0.00075241
10:00||929699500||699515||0.00075241
10:01||929699500||699515||0.00075241
10:02||929699500||699514||0.00075241
10:03||929699500||699514||0.00075241
10:04||929699500||699515||0.00075241
10:05||929699500||699514||0.00075241
10:06||929699500||699515||0.00075241
10:07||929699500||699515||0.00075241
10:08||928737500||699733||0.00075241
10:09||928737000||700492||0.00075241
10:10||929245000||700493||0.00075241
10:11||928751500||701246||0.00075241
10:12||929503000||701246||0.00075241
10:13||929503000||701246||0.00075241
10:14||929568000||701246||0.00075241
10:15||929772500||699750||0.00075241
10:16||929783500||699750||0.00075241
10:17||929857500||699406||0.00075241
10:18||929783500||699750||0.00075241
10:19||929639500||699533||0.00075241
10:20||929639500||699533||0.00075241
10:21||929640500||699535||0.00075241
10:22||929555500||699535||0.00075241
10:23||929555500||699535||0.00075241
10:24||928528000||699406||0.00075241
10:25||928528000||697861||0.00075241
10:26||928000500||697861||0.00075241
10:27||928528000||697861||0.00075241
10:28||928528000||697861||0.00075241
10:29||928525500||697861||0.00075241
10:30||928527500||697864||0.00075241
10:31||928528000||699402||0.00075241
10:32||927511500||699402||0.00075241
10:33||927511500||697868||0.00075241
10:34||929755500||701246||0.00075241
10:35||930499500||701245||0.00075241
10:36||930444000||701245||0.00075241
10:37||930440000||701245||0.00075241
10:38||929700000||701245||0.00075241
10:39||929979000||701245||0.00075241
10:40||929749000||697949||0.00075241
10:41||929795500||701161||0.00075241
10:42||930944000||701161||0.00075241
10:43||930940000||701155||0.00075241
10:44||930944000||701161||0.00075241
10:45||931444000||701161||0.00075241
10:46||930963000||701161||0.00075241
10:47||930963000||701161||0.00075241
10:48||930963000||701161||0.00075241
10:49||930963000||701161||0.00075241
10:50||930963000||701161||0.00075241
10:51||930963000||701161||0.00075241
10:52||930963000||701161||0.00075241
10:53||930799500||699523||0.00075241
10:54||930937500||701161||0.00075241
10:55||929999500||701161||0.00075241
10:56||929998500||699728||0.00075241
10:57||929997000||699728||0.00075241
10:58||929999500||699728||0.00075241
10:59||930010500||699728||0.00075241
11:00||930012000||699751||0.00075241
11:01||930012000||699748||0.00075241
11:02||931746000||701622||0.00075241
11:03||931745000||700486||0.00075241
11:04||931816500||700486||0.00075241
11:05||932600000||701622||0.00075241
11:06||932594500||701772||0.00075241
11:07||932489500||701772||0.00075241
11:08||932489500||701772||0.00075241
11:09||932489500||701614||0.00075241
11:10||932489500||701614||0.00075241
11:11||932489500||701614||0.00075241
11:12||932489500||701614||0.00075241
11:13||931812500||701614||0.00075241
11:14||931812500||701614||0.00075241
11:15||931808500||701614||0.00075241
11:16||931567500||701614||0.00075241
11:17||931567500||701614||0.00075241
11:18||931808000||701614||0.00075241
11:19||931808000||700596||0.00075241
11:20||931807500||701607||0.00075241
11:21||931807500||701607||0.00075241
11:22||931802500||701599||0.00075241
11:23||931792500||701599||0.00075241
11:24||931792500||701599||0.00075241
11:25||931801000||701614||0.00075241
11:26||931568500||701614||0.00075241
11:27||931568500||701614||0.00075241
11:28||931568500||700596||0.00075241
11:29||931568500||701246||0.00075241
11:30||931568500||701246||0.00075241
11:31||931568500||700596||0.00075241
11:32||931568500||700596||0.00075241
11:33||931568500||700596||0.00075241
11:34||931568500||700596||0.00075241
11:35||931136000||700596||0.00075241
11:36||931136000||700596||0.00075241
11:37||931136000||700596||0.00075241
11:38||931135500||700596||0.00075241
11:39||931136500||700596||0.00075241
11:40||931136000||700596||0.00075241
11:41||931567500||700595||0.00075241
11:42||931567000||700595||0.00075241
11:43||931567000||700595||0.00075241
11:44||931567000||700595||0.00075241
11:45||931567500||700595||0.00075241
11:46||931567000||700595||0.00075241
11:47||931567000||701245||0.00075241
11:48||931566000||700595||0.00075241
11:49||931565000||700595||0.00075241
11:50||931565000||700595||0.00075241
11:51||931565000||701243||0.00075241
11:52||931365000||701243||0.00075241
11:53||931362000||701243||0.00075241
11:54||931362000||700938||0.00075241
11:55||931566000||701245||0.00075241
11:56||930804000||700938||0.00075241
11:57||931295000||699754||0.00075241
11:58||931500000||701245||0.00075241
11:59||931499500||701245||0.00075241
12:00||931500000||701245||0.00075241
12:01||931565500||701245||0.00075241
12:02||931993500||701245||0.00075241
12:03||931991500||701234||0.00075241
12:04||931986500||701237||0.00075241
12:05||931594500||700644||0.00075241
12:06||931590000||700644||0.00075241
12:07||931590000||700644||0.00075241
12:08||931590000||700644||0.00075241
12:09||931205500||700644||0.00075241
12:10||931105500||700493||0.00075241
12:11||931006000||700493||0.00075241
12:12||931010500||700493||0.00075241
12:13||931015500||700503||0.00075241
12:14||931015500||700501||0.00075241
12:15||931015500||700501||0.00075241
12:16||931015500||700501||0.00075241
12:17||931015500||700509||0.00075241
12:18||931015500||700509||0.00075241
12:19||931015500||700509||0.00075241
12:20||931015500||700509||0.00075241
12:21||931015500||700509||0.00075241
12:22||931015500||700509||0.00075241
12:23||931015500||700509||0.00075241
12:24||931015500||700509||0.00075241
12:25||931015500||700493||0.00075241
12:26||931010500||700493||0.00075241
12:27||931000500||700493||0.00075241
12:28||930017500||700493||0.00075241
12:29||930017000||699748||0.00075241
12:30||930016500||699748||0.00075241
12:31||930016500||699758||0.00075241
12:32||930010500||700509||0.00075241
12:33||930010500||700509||0.00075241
12:34||930010500||700509||0.00075241
12:35||930010500||699749||0.00075241
12:36||930010500||699749||0.00075241
12:37||930010500||699748||0.00075241
12:38||930515500||700509||0.00075241
12:39||930505000||700509||0.00075241
12:40||930505000||699748||0.00075241
12:41||930505000||699748||0.00075241
12:42||930505000||700493||0.00075241
12:43||930515500||700509||0.00075241
12:44||930515500||699748||0.00075241
12:45||930515500||700509||0.00075241
12:46||930515500||700509||0.00075241
12:47||930515500||700509||0.00075241
12:48||930516000||700509||0.00075241
12:49||930516500||699748||0.00075241
12:50||930516500||699750||0.00075241
12:51||930516500||699750||0.00075241
12:52||930516500||700509||0.00075241
12:53||930516500||700509||0.00075241
12:54||930516500||699750||0.00075241
12:55||930515500||699750||0.00075241
12:56||930560500||699750||0.00075241
12:57||930511000||699742||0.00075241
12:58||930500500||699742||0.00075241
12:59||930500500||699742||0.00075241
13:00||930500500||699742||0.00075241
13:01||930500500||700493||0.00075241
13:02||930500500||700493||0.00075241
13:03||930500500||700493||0.00075241
13:04||930500500||700493||0.00075241
13:05||930500500||700493||0.00075241
13:06||930002500||700493||0.00075241
13:07||930002500||699743||0.00075241
13:08||930002500||699742||0.00075241
13:09||930002500||699742||0.00075241
13:10||930002500||699743||0.00075241
13:11||930002500||699742||0.00075241
13:12||930002500||699742||0.00075241
13:13||930002500||699742||0.00075241
13:14||930002500||699742||0.00075241
13:15||929283000||699743||0.00075241
13:16||929301500||699743||0.00075241
13:17||929301500||699743||0.00075241
13:18||929283000||699743||0.00075241
13:19||928374000||698374||0.00075241
13:20||929093000||699743||0.00075241
13:21||929093000||699743||0.00075241
13:22||929093000||698374||0.00075241
13:23||929093000||698374||0.00075241
13:24||929091500||698374||0.00075241
13:25||929091500||698374||0.00075241
13:26||929091500||698374||0.00075241
13:27||929091500||698374||0.00075241
13:28||929091500||699741||0.00075241
13:29||928596500||699741||0.00075241
13:30||929096500||699741||0.00075241
13:31||929096500||699741||0.00075241
13:32||929096500||699741||0.00075241
13:33||929098000||699743||0.00075241
13:34||929091500||698374||0.00075241
13:35||929091500||699742||0.00075241
13:36||929091500||698373||0.00075241
13:37||929091500||698373||0.00075241
13:38||929091500||699742||0.00075241
13:39||929091500||698373||0.00075241
13:40||929092500||699743||0.00075241
13:41||929092500||698373||0.00075241
13:42||929092500||698373||0.00075241
13:43||929092500||698373||0.00075241
13:44||929110500||698400||0.00075241
13:45||929110500||698400||0.00075241
13:46||929129000||698400||0.00075241
13:47||929627500||698400||0.00075241
13:48||929627500||699741||0.00075241
13:49||929627500||699741||0.00075241
13:50||929627500||699180||0.00075241
13:51||929627500||699180||0.00075241
13:52||929627500||699180||0.00075241
13:53||929635000||699192||0.00075241
13:54||929635000||699192||0.00075241
13:55||929635000||699741||0.00075241
13:56||929635000||699741||0.00075241
13:57||929635000||699741||0.00075241
13:58||929453000||699467||0.00075241
13:59||929453000||699467||0.00075241
14:00||929544000||699467||0.00075241
14:01||929453000||699467||0.00075241
14:02||929635000||699741||0.00075241
14:03||929635000||699741||0.00075241
14:04||929635000||699741||0.00075241
14:05||930152500||700493||0.00075241
14:06||930152500||700493||0.00075241
14:07||930152500||700493||0.00075241
14:08||930152500||700493||0.00075241
14:09||930170000||700493||0.00075241
14:10||930170000||699244||0.00075241
14:11||930265000||699244||0.00075241
14:12||930265000||699244||0.00075241
14:13||930265000||699244||0.00075241
14:14||930265000||699244||0.00075241
14:15||930265000||699244||0.00075241
14:16||930265000||699244||0.00075241
14:17||930280000||700493||0.00075241
14:18||930280000||700493||0.00075241
14:19||930295500||700493||0.00075241
14:20||930310000||700493||0.00075241
14:21||930355500||699502||0.00075241
14:22||930520500||700509||0.00075241
14:23||931510500||701246||0.00075241
14:24||931010000||701246||0.00075241
14:25||931030000||701246||0.00075241
14:26||930810000||699455||0.00075241
14:27||930810000||699455||0.00075241
14:28||930810000||701246||0.00075241
14:29||930809500||701246||0.00075241
14:30||930809500||701246||0.00075241
14:31||930310000||700493||0.00075241
14:32||930310000||700493||0.00075241
14:33||930310000||700493||0.00075241
14:34||930310000||700493||0.00075241
14:35||931500000||700493||0.00075241
14:36||931200000||700493||0.00075241
14:37||931200000||701246||0.00075241
14:38||932999500||701998||0.00075241
14:39||932999500||701997||0.00075241
14:40||932999500||701998||0.00075241
14:41||932999500||701998||0.00075241
14:42||932999500||701998||0.00075241
14:43||932999500||701998||0.00075241
14:44||932999500||701998||0.00075241
14:45||932999500||701998||0.00075241
14:46||933599000||701998||0.00075241
14:47||933600500||702901||0.00075241
14:48||933500500||701999||0.00075241
14:49||933500500||701999||0.00075241
14:50||933500500||701999||0.00075241
14:51||933500500||701999||0.00075241
14:52||933500500||701999||0.00075241
14:53||933500500||701999||0.00075241
14:54||933505500||702750||0.00075241
14:55||933011500||702006||0.00075241
14:56||933011500||702007||0.00075241
14:57||933011500||702007||0.00075241
14:58||933011500||702006||0.00075241
14:59||933011500||702007||0.00075241
15:00||933011500||702007||0.00075241
15:01||933011500||702007||0.00075241
15:02||933011500||702007||0.00075241
15:03||933011500||702007||0.00075241
15:04||933011500||702007||0.00075241
15:05||933011500||702007||0.00075241
15:06||933011500||702006||0.00075241
15:07||933011500||702006||0.00075241
15:08||933011500||702006||0.00075241
15:09||933011500||702006||0.00075241
15:10||933011500||702006||0.00075241
15:11||933011500||702006||0.00075241
15:12||933011500||702006||0.00075241
15:13||933011500||702006||0.00075241
15:14||933011500||702006||0.00075241
15:15||933011500||702007||0.00075241
15:16||933011500||702007||0.00075241
15:17||933011500||702007||0.00075241
15:18||933011500||702007||0.00075241
15:19||933011500||702007||0.00075241
15:20||931306500||699441||0.00075241
15:21||931345000||699441||0.00075241
15:22||931427000||699441||0.00075241
15:23||931459000||702006||0.00075241
15:24||931490500||702006||0.00075241
15:25||931490500||699718||0.00075241
15:26||931490500||699718||0.00075241
15:27||931490500||699718||0.00075241
15:28||931490500||699718||0.00075241
15:29||929970500||699719||0.00075241
15:30||929970500||699719||0.00075241
15:31||929970500||699718||0.00075241
15:32||929970500||699719||0.00075241
15:33||929970500||699719||0.00075241
15:34||929970500||699719||0.00075241
15:35||929970500||699718||0.00075241
15:36||929970500||699718||0.00075241
15:37||929970500||699718||0.00075241
15:38||929970500||699718||0.00075241
15:39||929970500||699719||0.00075241
15:40||929970500||699718||0.00075241
15:41||929970500||699719||0.00075241
15:42||929970500||699719||0.00075241
15:43||929970500||699719||0.00075241
15:44||929970500||699719||0.00075241
15:45||929970500||699719||0.00075241
15:46||929970500||699719||0.00075241
15:47||929970500||699719||0.00075241
15:48||929970500||699719||0.00075241
15:49||929970500||699719||0.00075241
15:50||929970500||699719||0.00075241
15:51||929970500||699719||0.00075241
15:52||929970500||699719||0.00075241
15:53||929970500||699718||0.00075241
15:54||929970500||699718||0.00075241
15:55||929970500||699718||0.00075241
15:56||929970500||699719||0.00075241
15:57||929970500||699719||0.00075241
15:58||929970500||699719||0.00075241
15:59||929970500||699719||0.00075241
16:00||929970500||699719||0.00075241
16:01||931510000||699719||0.00075241
16:02||931505000||699719||0.00075241
16:03||931505000||699748||0.00075241
16:04||931504500||699748||0.00075241
16:05||931504500||699748||0.00075241
16:06||931505000||701998||0.00075241
16:07||931505000||701998||0.00075241
16:08||931505000||701998||0.00075241
16:09||931505000||699748||0.00075241
16:10||931505000||699748||0.00075241
16:11||931505000||699748||0.00075241
16:12||931505000||699748||0.00075241
16:13||931484500||699748||0.00075241
16:14||931534500||699748||0.00075241
16:15||931535000||701998||0.00075241
16:16||931505500||698988||0.00075241
16:17||928500000||698236||0.00075241
16:18||928000500||698237||0.00075241
16:19||928256000||697869||0.00075241
16:20||928192500||697773||0.00075241
16:21||927561500||697773||0.00075241
16:22||927563500||698042||0.00075241
16:23||927439000||698042||0.00075241
16:24||927438000||698042||0.00075241
16:25||926745500||696731||0.00075241
16:26||926245500||696731||0.00075241
16:27||924151500||695979||0.00075241
16:28||923651000||695979||0.00075241
16:29||922151500||694701||0.00075241
16:30||923392000||694832||0.00075241
16:31||923392000||694832||0.00075241
16:32||923516000||695019||0.00075241
16:33||923710000||695019||0.00075241
16:34||924183500||695020||0.00075241
16:35||924314500||695377||0.00075241
16:36||922749500||692970||0.00075241
16:37||923135500||693132||0.00075241
16:38||924365500||695963||0.00075241
16:39||924363500||695963||0.00075241
16:40||924484000||695961||0.00075241
16:41||926445000||695961||0.00075241
16:42||925910500||695961||0.00075241
16:43||925910500||695961||0.00075241
16:44||925910500||695961||0.00075241
16:45||925906500||698102||0.00075241
16:46||925911000||698102||0.00075241
16:47||924000500||698102||0.00075241
16:48||922093000||695227||0.00075241
16:49||922111500||695227||0.00075241
16:50||922093500||694448||0.00075241
16:51||922093500||693135||0.00075241
16:52||922983500||693135||0.00075241
16:53||921858500||694449||0.00075241
16:54||921858500||694095||0.00075241
16:55||921829500||693593||0.00075241
16:56||921825500||693593||0.00075241
16:57||921826500||693595||0.00075241
16:58||921831500||693595||0.00075241
16:59||921831500||693595||0.00075241
17:00||923015500||693609||0.00075241
17:01||922035500||693609||0.00075241
17:02||922035500||693609||0.00075241
17:03||922035500||693609||0.00075241
17:04||922035500||693609||0.00075241
17:05||922035500||693609||0.00075241
17:06||922035500||693609||0.00075241
17:07||922035500||693609||0.00075241
17:08||922035500||693748||0.00075241
17:09||922035500||693748||0.00075241
17:10||922035500||693748||0.00075241
17:11||922035500||693748||0.00075241
17:12||922035500||693749||0.00075241
17:13||923510000||694474||0.00075241
17:14||923999500||694474||0.00075241
17:15||923999500||695226||0.00075241
17:16||923999500||695226||0.00075241
17:17||925520000||695603||0.00075241
17:18||925520000||697078||0.00075241
17:19||925275500||697078||0.00075241
17:20||924795000||695979||0.00075241
17:21||925249500||696355||0.00075241
17:22||925260500||696731||0.00075241
17:23||925260500||696716||0.00075241
17:24||925231500||696672||0.00075241
17:25||925217000||696672||0.00075241
17:26||925219000||696672||0.00075241
17:27||925219000||696672||0.00075241
17:28||925596500||696651||0.00075241
17:29||925300500||696651||0.00075241
17:30||925300500||696651||0.00075241
17:31||925300500||696651||0.00075241
17:32||925300500||696651||0.00075241
17:33||925300500||696651||0.00075241
17:34||925300500||696205||0.00075241
17:35||925300500||696205||0.00075241
17:36||924545500||695636||0.00075241
17:37||924545500||695636||0.00075241
17:38||923974000||694776||0.00075241
17:39||922325000||694776||0.00075241
17:40||922303500||694776||0.00075241
17:41||922303500||694776||0.00075241
17:42||923372500||694776||0.00075241
17:43||923372500||694755||0.00075241
17:44||923372500||694754||0.00075241
17:45||923372500||694754||0.00075241
17:46||923372500||694755||0.00075241
17:47||923182500||694754||0.00075241
17:48||923182500||694754||0.00075241
17:49||923000500||694749||0.00075241
17:50||923000500||694749||0.00075241
17:51||923000500||694749||0.00075241
17:52||922490000||694474||0.00075241
17:53||922278000||694140||0.00075241
17:54||922000500||693722||0.00075241
17:55||922000500||693722||0.00075241
17:56||922000500||693722||0.00075241
17:57||922000500||693722||0.00075241
17:58||922000500||693722||0.00075241
17:59||922000500||693722||0.00075241
18:00||922000500||693722||0.00075241
18:01||922000500||693722||0.00075241
18:02||922000500||693722||0.00075241
18:03||922000500||693722||0.00075241
18:04||922000500||693722||0.00075241
18:05||922000500||693722||0.00075241
18:06||917334500||690712||0.00075241
18:07||917348000||690712||0.00075241
18:08||917348000||690712||0.00075241
18:09||920984500||691479||0.00075241
18:10||916834500||691451||0.00075241
18:11||916834500||689710||0.00075241
18:12||916834500||689710||0.00075241
18:13||916838000||689716||0.00075241
18:14||916838000||689716||0.00075241
18:15||916999500||689716||0.00075241
18:16||916999500||689716||0.00075241
18:17||916999500||689959||0.00075241
18:18||918469500||689959||0.00075241
18:19||918469500||689959||0.00075241
18:20||918469500||689959||0.00075241
18:21||918439500||689959||0.00075241
18:22||918440000||689959||0.00075241
18:23||918440000||689959||0.00075241
18:24||918440000||689959||0.00075241
18:25||916999500||689959||0.00075241
18:26||918284000||689959||0.00075241
18:27||918284500||689959||0.00075241
18:28||917000500||689959||0.00075241
18:29||914005500||688455||0.00075241
18:30||914025500||688455||0.00075241
18:31||914025500||688455||0.00075241
18:32||914025500||688455||0.00075241
18:33||914049500||688455||0.00075241
18:34||914006500||688455||0.00075241
18:35||914006500||688455||0.00075241
18:36||914006500||688426||0.00075241
18:37||914006500||688426||0.00075241
18:38||914006500||688426||0.00075241
18:39||914140500||688426||0.00075241
18:40||914140500||688426||0.00075241
18:41||914140500||688426||0.00075241
18:42||914140500||688426||0.00075241
18:43||914140500||688426||0.00075241
18:44||914140500||688426||0.00075241
18:45||914141000||688426||0.00075241
18:46||914141000||688426||0.00075241
18:47||914141000||688426||0.00075241
18:48||914141000||688426||0.00075241
18:49||914141000||688426||0.00075241
18:50||914160500||688426||0.00075241
18:51||914160500||688455||0.00075241
18:52||914161000||688455||0.00075241
18:53||914161000||688455||0.00075241
18:54||914144000||688455||0.00075241
18:55||914144000||688455||0.00075241
18:56||914144000||688455||0.00075241
18:57||914144000||688455||0.00075241
18:58||914144000||688455||0.00075241
18:59||914144000||688455||0.00075241
19:00||914144000||688455||0.00075241
19:01||914142500||687190||0.00075241
19:02||912434000||686950||0.00075241
19:03||911449500||686121||0.00075241
19:04||911449500||685445||0.00075241
19:05||911449500||686121||0.00075241
19:06||911436000||686101||0.00075241
19:07||911436000||686101||0.00075241
19:08||911436500||686101||0.00075241
19:09||911436500||686101||0.00075241
19:10||911437000||686101||0.00075241
19:11||911437500||686101||0.00075241
19:12||911754500||686101||0.00075241
19:13||911804500||686101||0.00075241
19:14||911064000||685527||0.00075241
19:15||911065000||685527||0.00075241
19:16||911760500||686574||0.00075241
19:17||912250000||686574||0.00075241
19:18||912300000||686574||0.00075241
19:19||912300500||686574||0.00075241
19:20||912499500||686573||0.00075241
19:21||912499500||686574||0.00075241
19:22||913627000||686574||0.00075241
19:23||914000500||686574||0.00075241
19:24||914000500||686574||0.00075241
19:25||914000500||686574||0.00075241
19:26||914000500||687703||0.00075241
19:27||914000500||687703||0.00075241
19:28||914000500||687703||0.00075241
19:29||914000500||687703||0.00075241
19:30||914000500||687703||0.00075241
19:31||913213500||687647||0.00075241
19:32||913213500||687647||0.00075241
19:33||913213500||687647||0.00075241
19:34||913213500||687647||0.00075241
19:35||913213500||687647||0.00075241
19:36||913213500||687647||0.00075241
19:37||913700000||688379||0.00075241
19:38||913699500||688379||0.00075241
19:39||913699500||688378||0.00075241
19:40||913675500||688378||0.00075241
19:41||913675500||688378||0.00075241
19:42||914849500||688342||0.00075241
19:43||914849500||688342||0.00075241
19:44||914849500||688342||0.00075241
19:45||914849500||688342||0.00075241
19:46||914849500||688342||0.00075241
19:47||914849500||688342||0.00075241
19:48||914849500||688342||0.00075241
19:49||914849500||688342||0.00075241
19:50||914849500||688342||0.00075241
19:51||914849500||688342||0.00075241
19:52||914849500||688341||0.00075241
19:53||914849500||688341||0.00075241
19:54||914849500||688341||0.00075241
19:55||914924500||688454||0.00075241
19:56||914924500||688455||0.00075241
19:57||914924500||688455||0.00075241
19:58||914924500||688455||0.00075241
19:59||914924500||688455||0.00075241
20:00||914999500||688341||0.00075241
20:01||915499500||688454||0.00075241
20:02||915489500||689192||0.00075241
20:03||915769500||689192||0.00075241
20:04||915919500||689192||0.00075241
20:05||915919500||689192||0.00075241
20:06||915919500||689161||0.00075241
20:07||915919500||689161||0.00075241
20:08||915919500||689161||0.00075241
20:09||915800500||689207||0.00075241
20:10||915800500||689207||0.00075241
20:11||915796500||689207||0.00075241
20:12||915796500||689201||0.00075241
20:13||915796500||688907||0.00075241
20:14||915549500||688907||0.00075241
20:15||914999500||688455||0.00075241
20:16||914999500||688454||0.00075241
20:17||914999500||688454||0.00075241
20:18||914999500||688454||0.00075241
20:19||913250000||688341||0.00075241
20:20||913250000||685821||0.00075241
20:21||911160000||685821||0.00075241
20:22||911160000||685821||0.00075241
20:23||911160000||685445||0.00075241
20:24||911160000||685445||0.00075241
20:25||911315000||685686||0.00075241
20:26||913659500||685686||0.00075241
20:27||913659500||685686||0.00075241
20:28||913676000||689206||0.00075241
20:29||913676000||685711||0.00075241
20:30||913623000||685711||0.00075241
20:31||913668500||685711||0.00075241
20:32||913668500||685711||0.00075241
20:33||913713500||685782||0.00075241
20:34||915944000||689124||0.00075241
20:35||915997000||689206||0.00075241
20:36||915999500||689207||0.00075241
20:37||916999500||689959||0.00075241
20:38||916999500||689959||0.00075241
20:39||916500000||689959||0.00075241
20:40||916999500||689960||0.00075241
20:41||916999500||689960||0.00075241
20:42||916999500||689960||0.00075241
20:43||917999500||690711||0.00075241
20:44||918499000||690712||0.00075241
20:45||918998500||690712||0.00075241
20:46||918998500||691464||0.00075241
20:47||918998500||691464||0.00075241
20:48||918998500||691464||0.00075241
20:49||918998500||691464||0.00075241
20:50||918998500||691464||0.00075241
20:51||918998500||691464||0.00075241
20:52||918999500||691464||0.00075241
20:53||918999500||691464||0.00075241
20:54||918999500||691464||0.00075241
20:55||918999500||691464||0.00075241
20:56||918999500||691464||0.00075241
20:57||918999500||691464||0.00075241
20:58||918999500||691464||0.00075241
20:59||918999500||691464||0.00075241
21:00||918999500||691464||0.00075241
21:01||918999500||691464||0.00075241
21:02||918999500||691464||0.00075241
21:03||918999500||691464||0.00075241
21:04||918999500||691464||0.00075241
21:05||918999500||691464||0.00075241
21:06||918999500||691464||0.00075241
21:07||918999500||691464||0.00075241
21:08||918999500||691464||0.00075241
21:09||918999500||691464||0.00075241
21:10||918999500||691464||0.00075241
21:11||919499000||692216||0.00075241
21:12||918999500||690712||0.00075241
21:13||918037000||692216||0.00075241
21:14||917537500||692216||0.00075241
21:15||918037500||692217||0.00075241
21:16||918037500||692217||0.00075241
21:17||918037500||692217||0.00075241
21:18||918037500||692217||0.00075241
21:19||916537500||692217||0.00075241
21:20||916537500||692217||0.00075241
21:21||916537500||692217||0.00075241
21:22||914550000||686197||0.00075241
21:23||914696500||686197||0.00075241
21:24||914696500||686197||0.00075241
21:25||914696500||686197||0.00075241
21:26||914795000||686197||0.00075241
21:27||914795000||689959||0.00075241
21:28||914795000||689959||0.00075241
21:29||914795000||689959||0.00075241
21:30||914378000||689959||0.00075241
21:31||914378000||689959||0.00075241
21:32||914419000||689959||0.00075241
21:33||915020000||689207||0.00075241
21:34||915020000||689207||0.00075241
21:35||915025000||689207||0.00075241
21:36||915044500||689959||0.00075241
21:37||915574000||689959||0.00075241
21:38||916500000||689959||0.00075241
21:39||916500000||689959||0.00075241
21:40||916499500||689959||0.00075241
21:41||916499000||689207||0.00075241
21:42||916499000||689207||0.00075241
21:43||916498500||689207||0.00075241
21:44||915543500||687770||0.00075241
21:45||915543500||687770||0.00075241
21:46||915543500||687770||0.00075241
21:47||915543500||687770||0.00075241
21:48||915543500||687770||0.00075241
21:49||915544000||689958||0.00075241
21:50||914598000||686348||0.00075241
21:51||914600000||686348||0.00075241
21:52||914555000||686348||0.00075241
21:53||914595000||686348||0.00075241
21:54||914585000||689944||0.00075241
21:55||914637500||689922||0.00075241
21:56||915424000||689922||0.00075241
21:57||914650000||689922||0.00075241
21:58||914454500||689922||0.00075241
21:59||915480000||689914||0.00075241
22:00||915470500||689914||0.00075241
22:01||915471000||689914||0.00075241
22:02||915474500||689914||0.00075241
22:03||915475000||687717||0.00075241
22:04||915477000||687717||0.00075241
22:05||914575000||686363||0.00075241
22:06||913954500||689884||0.00075241
22:07||913004500||689884||0.00075241
22:08||913004500||688455||0.00075241
22:09||913005000||688455||0.00075241
22:10||913009000||685459||0.00075241
22:11||913014000||688454||0.00075241
22:12||913054000||688454||0.00075241
22:13||913054500||688454||0.00075241
22:14||913249500||685821||0.00075241
22:15||914145500||689808||0.00075241
22:16||914298000||689801||0.00075241
22:17||914299000||689801||0.00075241
22:18||914395000||689801||0.00075241
22:19||914350000||689801||0.00075241
22:20||914350000||689734||0.00075241
22:21||914351000||689734||0.00075241
22:22||914254000||686053||0.00075241
22:23||914350000||689734||0.00075241
22:24||914349500||689734||0.00075241
22:25||914203500||689583||0.00075241
22:26||914203500||689583||0.00075241
22:27||911903500||686197||0.00075241
22:28||911903500||686197||0.00075241
22:29||911903500||686197||0.00075241
22:30||914199500||686197||0.00075241
22:31||914000000||686197||0.00075241
22:32||912000500||686197||0.00075241
22:33||912000500||686198||0.00075241
22:34||912000500||686198||0.00075241
22:35||911550500||685520||0.00075241
22:36||911550000||686197||0.00075241
22:37||908350000||684624||0.00075241
22:38||908350000||684624||0.00075241
22:39||911750000||683564||0.00075241
22:40||912498500||689206||0.00075241
22:41||913498500||685445||0.00075241
22:42||914498500||689205||0.00075241
22:43||914000000||689205||0.00075241
22:44||913999000||688454||0.00075241
22:45||913499500||687701||0.00075241
22:46||913500000||687702||0.00075241
22:47||913500000||687702||0.00075241
22:48||913500000||687702||0.00075241
22:49||913500000||687702||0.00075241
22:50||913075000||687702||0.00075241
22:51||913075500||687702||0.00075241
22:52||913075500||687702||0.00075241
22:53||913075500||687702||0.00075241
22:54||913075500||687702||0.00075241
22:55||913075000||687702||0.00075241
22:56||913075000||687702||0.00075241
22:57||913075000||687702||0.00075241
22:58||913075000||687701||0.00075241
22:59||913099000||687701||0.00075241
23:00||913098500||687701||0.00075241
23:01||913098500||686348||0.00075241
23:02||913999000||687701||0.00075241
23:03||913999000||687701||0.00075241
23:04||913100000||687701||0.00075241
23:05||913099000||687701||0.00075241
23:06||913149500||687701||0.00075241
23:07||913154000||686431||0.00075241
23:08||913250000||687701||0.00075241
23:09||913250500||687701||0.00075241
23:10||913276000||687701||0.00075241
23:11||913995000||688447||0.00075241
23:12||913995000||688447||0.00075241
23:13||913771500||688447||0.00075241
23:14||913771500||688447||0.00075241
23:15||913772000||688447||0.00075241
23:16||913772500||688447||0.00075241
23:17||914272000||688447||0.00075241
23:18||914569500||688447||0.00075241
23:19||914744500||688447||0.00075241
23:20||915183000||689708||0.00075241
23:21||915833000||689708||0.00075241
23:22||915830000||689708||0.00075241
23:23||915830000||689704||0.00075241
23:24||915830000||689704||0.00075241
23:25||915750000||689704||0.00075241
23:26||915749500||689704||0.00075241
23:27||915749500||689704||0.00075241
23:28||915749500||689704||0.00075241
23:29||915749500||689704||0.00075241
23:30||915749500||689704||0.00075241
23:31||915749500||689704||0.00075241
23:32||915749500||689704||0.00075241
23:33||915749500||689704||0.00075241
23:34||915699500||689704||0.00075241
23:35||915749500||689704||0.00075241
23:36||915749500||689704||0.00075241
23:37||915749500||689704||0.00075241
23:38||915749500||689704||0.00075241
23:39||915749500||689704||0.00075241
23:40||915749500||689583||0.00075241
23:41||915749500||689583||0.00075241
23:42||915749500||689583||0.00075241
23:43||915749500||689583||0.00075241
23:44||915749500||689583||0.00075241
23:45||915950000||689884||0.00075241
23:46||916460000||689899||0.00075241
23:47||916460000||689899||0.00075241
23:48||916460000||689899||0.00075241
23:49||915959500||689899||0.00075241
23:50||915959500||689899||0.00075241
23:51||915959500||689899||0.00075241
23:52||915959500||689899||0.00075241
23:53||915959500||689899||0.00075241
23:54||915959500||689899||0.00075241
23:55||915959500||689899||0.00075241
23:56||915959500||689899||0.00075241
23:57||915960000||689899||0.00075241
23:58||915960000||689899||0.00075241
23:59||915960000||689899||0.00075241
