00:00||736889500||554444||0.00075241
00:01||736889500||554444||0.00075241
00:02||736939500||554519||0.00075241
00:03||737485500||554519||0.00075241
00:04||737485500||554519||0.00075241
00:05||737485500||554519||0.00075241
00:06||737485500||554519||0.00075241
00:07||737485500||554519||0.00075241
00:08||737485500||554519||0.00075241
00:09||737485500||554519||0.00075241
00:10||737485500||555263||0.00075241
00:11||737485500||555263||0.00075241
00:12||737485500||555263||0.00075241
00:13||737485500||555263||0.00075241
00:14||737485500||555263||0.00075241
00:15||737486000||555263||0.00075241
00:16||737499500||555263||0.00075241
00:17||737499500||555263||0.00075241
00:18||737499500||555278||0.00075241
00:19||737499500||555278||0.00075241
00:20||737499500||555278||0.00075241
00:21||737499500||555278||0.00075241
00:22||737499500||555278||0.00075241
00:23||737999500||555278||0.00075241
00:24||737999500||555278||0.00075241
00:25||737499500||554525||0.00075241
00:26||737499500||554525||0.00075241
00:27||737499500||554525||0.00075241
00:28||737499000||554525||0.00075241
00:29||737500000||554525||0.00075241
00:30||737500000||554525||0.00075241
00:31||737500000||554525||0.00075241
00:32||737500000||554525||0.00075241
00:33||737500000||554525||0.00075241
00:34||737499500||554525||0.00075241
00:35||737499500||554525||0.00075241
00:36||737500000||554525||0.00075241
00:37||737500000||554525||0.00075241
00:38||737499500||554525||0.00075241
00:39||737499500||554525||0.00075241
00:40||737499500||554525||0.00075241
00:41||737495500||554525||0.00075241
00:42||737499500||555278||0.00075241
00:44||737499500||555278||0.00075241
00:45||737499500||555278||0.00075241
00:45||737499500||555278||0.00075241
00:46||737499500||555278||0.00075241
00:47||737499500||555278||0.00075241
00:48||737500000||554525||0.00075241
00:49||737499500||554525||0.00075241
00:50||737750000||554525||0.00075241
00:51||737499500||554525||0.00075241
00:52||737499500||555278||0.00075241
00:53||737499000||555278||0.00075241
00:54||737499000||555278||0.00075241
00:55||737499000||555278||0.00075241
00:56||737499000||555278||0.00075241
00:57||737499000||555278||0.00075241
00:58||737499000||555278||0.00075241
00:59||737499000||555278||0.00075241
01:00||737499000||555278||0.00075241
01:01||737499000||555278||0.00075241
01:02||737499000||555278||0.00075241
01:03||737384000||555278||0.00075241
01:04||737384000||554352||0.00075241
01:05||737384000||554352||0.00075241
01:06||737384000||555277||0.00075241
01:07||737384000||554352||0.00075241
01:08||737384000||554352||0.00075241
01:09||737399500||555277||0.00075241
01:10||737399500||555277||0.00075241
01:11||737399500||555277||0.00075241
01:12||737399500||555277||0.00075241
01:13||737399500||555277||0.00075241
01:14||737099500||555277||0.00075241
01:15||737099500||555277||0.00075241
01:16||737099500||555277||0.00075241
01:17||737399500||555277||0.00075241
01:18||737399500||555277||0.00075241
01:19||737384000||555277||0.00075241
01:20||737384000||555277||0.00075241
01:21||737084000||555277||0.00075241
01:22||737034500||554352||0.00075241
01:23||737034500||554352||0.00075241
01:24||737034500||554352||0.00075241
01:25||737034500||554352||0.00075241
01:26||737034500||554352||0.00075241
01:27||737034500||554352||0.00075241
01:28||737384000||554352||0.00075241
01:29||736884000||554352||0.00075241
01:30||736884000||554352||0.00075241
01:31||736884000||554352||0.00075241
01:32||736884000||554352||0.00075241
01:33||737384000||555277||0.00075241
01:34||737384000||555277||0.00075241
01:35||737384000||555277||0.00075241
01:36||737384000||555277||0.00075241
01:37||737384000||555277||0.00075241
01:38||737384000||555277||0.00075241
01:39||737384000||555277||0.00075241
01:40||737384000||555277||0.00075241
01:41||737384000||555277||0.00075241
01:42||738597000||556783||0.00075241
01:43||738597000||556783||0.00075241
01:44||738672000||557103||0.00075241
01:45||740250000||557103||0.00075241
01:46||740250000||557103||0.00075241
01:47||740250000||557103||0.00075241
01:48||740250000||557103||0.00075241
01:49||740250000||557103||0.00075241
01:50||740250000||557103||0.00075241
01:51||740250000||557103||0.00075241
01:52||740250000||557103||0.00075241
01:53||740250000||557103||0.00075241
01:54||740250000||557103||0.00075241
01:55||740250000||557103||0.00075241
01:56||740250000||557103||0.00075241
01:57||740255000||557103||0.00075241
01:58||740489500||557512||0.00075241
01:59||740489500||557512||0.00075241
02:00||740489500||557512||0.00075241
02:01||740489500||557512||0.00075241
02:02||740489500||557512||0.00075241
02:03||740489500||557512||0.00075241
02:04||740500000||557512||0.00075241
02:05||740968500||557512||0.00075241
02:06||740968500||557512||0.00075241
02:07||740968500||557512||0.00075241
02:08||740968500||557512||0.00075241
02:09||740968500||557512||0.00075241
02:10||740968500||557512||0.00075241
02:11||741500500||557535||0.00075241
02:12||741500500||557535||0.00075241
02:13||741500500||558287||0.00075241
02:14||741500500||558287||0.00075241
02:15||742516000||558288||0.00075241
02:16||742516000||558288||0.00075241
02:17||742516000||558288||0.00075241
02:18||742004500||558288||0.00075241
02:19||742634500||559793||0.00075241
02:20||742634500||559793||0.00075241
02:21||743030000||559793||0.00075241
02:22||743005500||559793||0.00075241
02:23||743005500||559793||0.00075241
02:24||743425000||560545||0.00075241
02:25||743425000||560545||0.00075241
02:26||743425000||560545||0.00075241
02:27||743425000||558137||0.00075241
02:28||743425000||558137||0.00075241
02:29||743425000||558137||0.00075241
02:30||743900000||561297||0.00075241
02:31||743900000||561297||0.00075241
02:32||744000000||561297||0.00075241
02:33||744000000||561297||0.00075241
02:34||744000000||561297||0.00075241
02:35||743995000||561297||0.00075241
02:36||743995000||561297||0.00075241
02:37||743995000||561290||0.00075241
02:38||743870000||561290||0.00075241
02:39||743875000||561297||0.00075241
02:40||743875000||561297||0.00075241
02:41||743875000||561297||0.00075241
02:42||743875000||558100||0.00075241
02:43||743875000||558100||0.00075241
02:44||743875000||558100||0.00075241
02:45||743874500||558100||0.00075241
02:46||743874500||558100||0.00075241
02:47||743874500||558100||0.00075241
02:48||743874500||558100||0.00075241
02:49||743874500||558100||0.00075241
02:50||743874500||558100||0.00075241
02:51||743874500||558100||0.00075241
02:52||743874500||558100||0.00075241
02:53||743874500||558100||0.00075241
02:54||743874500||558100||0.00075241
02:55||743874500||558100||0.00075241
02:56||743874500||558100||0.00075241
02:57||743874500||558100||0.00075241
02:58||743874500||558100||0.00075241
02:59||743874500||558100||0.00075241
03:00||743874500||558100||0.00075241
03:01||743874500||558100||0.00075241
03:02||743874500||558100||0.00075241
03:03||743874500||558100||0.00075241
03:04||743874500||558100||0.00075241
03:05||743874500||558100||0.00075241
03:06||743874500||558100||0.00075241
03:07||743874500||558100||0.00075241
03:08||743874500||558100||0.00075241
03:09||743874500||558100||0.00075241
03:10||743874500||558100||0.00075241
03:11||743874500||558100||0.00075241
03:12||743874500||558100||0.00075241
03:13||743874500||558100||0.00075241
03:14||743874500||558100||0.00075241
03:15||743874500||558100||0.00075241
03:16||743874500||558100||0.00075241
03:17||743874500||558100||0.00075241
03:18||743874500||558100||0.00075241
03:19||743874500||558100||0.00075241
03:20||743874500||558100||0.00075241
03:21||743874500||558100||0.00075241
03:22||743874500||558100||0.00075241
03:23||743877000||558100||0.00075241
03:24||743877000||558100||0.00075241
03:25||743877000||558100||0.00075241
03:26||743877000||558100||0.00075241
03:27||743877000||558100||0.00075241
03:28||743877000||558100||0.00075241
03:29||743877000||558100||0.00075241
03:30||743877000||558100||0.00075241
03:31||743877000||558100||0.00075241
03:32||743877000||558103||0.00075241
03:33||743877000||558103||0.00075241
03:34||743877000||558103||0.00075241
03:35||743876500||558103||0.00075241
03:36||743876500||558103||0.00075241
03:37||743876500||558103||0.00075241
03:38||743876500||558103||0.00075241
03:39||743876500||558103||0.00075241
03:40||744377500||562050||0.00075241
03:41||744377500||562050||0.00075241
03:42||744377500||562050||0.00075241
03:43||744377500||562050||0.00075241
03:44||744377500||562050||0.00075241
03:45||744377500||562050||0.00075241
03:46||744377500||562050||0.00075241
03:47||744377500||562050||0.00075241
03:48||744377500||562050||0.00075241
03:49||743930000||562050||0.00075241
03:50||743930000||562050||0.00075241
03:51||743930000||561297||0.00075241
03:52||743930000||561297||0.00075241
03:53||743930000||561297||0.00075241
03:54||743930000||561297||0.00075241
03:55||743930000||561297||0.00075241
03:56||743930000||561297||0.00075241
03:57||743930000||561297||0.00075241
03:58||743930000||561297||0.00075241
03:59||743930000||561297||0.00075241
04:00||743930000||561297||0.00075241
04:01||743930000||561297||0.00075241
04:02||743930000||561297||0.00075241
04:03||743930000||561297||0.00075241
04:04||743930000||561297||0.00075241
04:05||745999500||561297||0.00075241
04:06||745999500||561297||0.00075241
04:07||745999500||561297||0.00075241
04:08||745999500||561297||0.00075241
04:09||745999500||561297||0.00075241
04:10||745999500||561297||0.00075241
04:11||745999500||561297||0.00075241
04:12||745999500||561297||0.00075241
04:13||745999500||561297||0.00075241
04:14||745999500||561297||0.00075241
04:15||745999500||561297||0.00075241
04:16||745999500||561297||0.00075241
04:17||745999500||561297||0.00075241
04:18||745999500||561297||0.00075241
04:19||745999500||561297||0.00075241
04:20||745999500||561297||0.00075241
04:21||745999500||561297||0.00075241
04:22||745999500||561297||0.00075241
04:23||745999500||561297||0.00075241
04:24||745999500||561297||0.00075241
04:25||745999500||561297||0.00075241
04:26||745999500||561297||0.00075241
04:27||745999500||561297||0.00075241
04:28||745999500||561297||0.00075241
04:29||745501500||560546||0.00075241
04:30||745501500||560546||0.00075241
04:31||745501500||560546||0.00075241
04:32||745501500||560546||0.00075241
04:33||745501500||560546||0.00075241
04:34||745501500||561297||0.00075241
04:35||745501500||561297||0.00075241
04:36||745501500||561297||0.00075241
04:37||745501500||561297||0.00075241
04:38||745501500||561297||0.00075241
04:39||745543500||561297||0.00075241
04:40||745619000||561297||0.00075241
04:41||745661500||561297||0.00075241
04:42||745661500||561297||0.00075241
04:43||746528000||561297||0.00075241
04:44||746041000||561370||0.00075241
04:45||746119500||561370||0.00075241
04:46||746191500||562050||0.00075241
04:47||747248500||562050||0.00075241
04:48||747264500||562050||0.00075241
04:49||747783500||562396||0.00075241
04:50||747809000||562802||0.00075241
04:51||746561000||562802||0.00075241
04:52||746704000||562802||0.00075241
04:53||747999500||562802||0.00075241
04:54||746807500||562802||0.00075241
04:55||746904500||562802||0.00075241
04:56||747014500||561256||0.00075241
04:57||747095500||562802||0.00075241
04:58||747169500||562802||0.00075241
04:59||747237500||562802||0.00075241
05:00||747315500||562802||0.00075241
05:01||747372500||562802||0.00075241
05:02||747170000||562802||0.00075241
05:03||747464000||562802||0.00075241
05:04||750615000||564307||0.00075241
05:05||750624500||564307||0.00075241
05:06||750249500||564307||0.00075241
05:07||751124500||565812||0.00075241
05:08||750249500||565812||0.00075241
05:09||750249500||565812||0.00075241
05:10||750249500||565812||0.00075241
05:11||750915000||564495||0.00075241
05:12||750915000||564495||0.00075241
05:13||750915000||564495||0.00075241
05:14||750915000||564495||0.00075241
05:15||750915000||564495||0.00075241
05:16||751125000||565624||0.00075241
05:17||751125000||565624||0.00075241
05:18||751040000||565624||0.00075241
05:19||751040000||565624||0.00075241
05:20||751084500||565624||0.00075241
05:21||751102500||565624||0.00075241
05:22||751102500||565624||0.00075241
05:23||751116500||565624||0.00075241
05:24||751218500||565624||0.00075241
05:25||751295000||565624||0.00075241
05:26||751370500||565624||0.00075241
05:27||751420500||565624||0.00075241
05:28||752949500||566481||0.00075241
05:29||752949500||566527||0.00075241
05:30||752949500||566527||0.00075241
05:31||753266000||566564||0.00075241
05:32||757488500||571673||0.00075241
05:33||757627500||571673||0.00075241
05:34||757626500||568419||0.00075241
05:35||757626500||568419||0.00075241
05:36||757626500||568419||0.00075241
05:37||757626500||568419||0.00075241
05:38||757626500||568419||0.00075241
05:39||757482500||568419||0.00075241
05:40||757528000||571521||0.00075241
05:41||757525500||568419||0.00075241
05:42||759585500||571519||0.00075241
05:43||759585500||571519||0.00075241
05:44||757525500||568419||0.00075241
05:45||757523500||571520||0.00075241
05:46||757251000||571520||0.00075241
05:47||757251000||571079||0.00075241
05:48||758253000||571079||0.00075241
05:49||758252000||569955||0.00075241
05:50||758252000||571077||0.00075241
05:51||758252000||571077||0.00075241
05:52||758252000||571077||0.00075241
05:53||758253500||569955||0.00075241
05:54||758251500||569955||0.00075241
05:55||758006000||569955||0.00075241
05:56||758007000||570706||0.00075241
05:57||758007000||570706||0.00075241
05:58||758003500||569957||0.00075241
05:59||758506500||570702||0.00075241
06:00||759585500||570708||0.00075241
06:01||759585500||570708||0.00075241
06:02||759585500||570708||0.00075241
06:03||759586000||571520||0.00075241
06:04||759586000||571520||0.00075241
06:05||759586000||571520||0.00075241
06:06||759046500||571455||0.00075241
06:07||759046500||571455||0.00075241
06:08||759046500||571455||0.00075241
06:09||759046000||571455||0.00075241
06:10||759045500||571455||0.00075241
06:11||759043500||570705||0.00075241
06:12||759044500||570705||0.00075241
06:13||759044500||570705||0.00075241
06:14||759044500||570705||0.00075241
06:15||759287000||570705||0.00075241
06:16||759544000||570705||0.00075241
06:17||759577500||571491||0.00075241
06:18||759577500||571514||0.00075241
06:19||759577500||571514||0.00075241
06:20||759577500||571514||0.00075241
06:21||759577500||571514||0.00075241
06:22||759577500||571514||0.00075241
06:23||759582500||571514||0.00075241
06:24||759583000||571520||0.00075241
06:25||759669500||571520||0.00075241
06:26||759669500||571520||0.00075241
06:27||759999500||571673||0.00075241
06:28||759999500||571831||0.00075241
06:29||759999500||571831||0.00075241
06:30||759999500||571831||0.00075241
06:31||759999500||571831||0.00075241
06:32||759999500||571831||0.00075241
06:33||759999500||571831||0.00075241
06:34||759999500||571831||0.00075241
06:35||759999500||571831||0.00075241
06:36||759999500||571831||0.00075241
06:37||759999500||571831||0.00075241
06:38||760200500||572207||0.00075241
06:39||760001500||572207||0.00075241
06:40||760001500||571832||0.00075241
06:41||759999500||571832||0.00075241
06:42||759999500||571831||0.00075241
06:43||759999500||571830||0.00075241
06:44||759999500||571831||0.00075241
06:45||759999500||571830||0.00075241
06:46||759999500||571830||0.00075241
06:47||760001500||571830||0.00075241
06:48||760001500||571833||0.00075241
06:49||760001500||571832||0.00075241
06:50||760001500||571832||0.00075241
06:51||760001500||571832||0.00075241
06:52||760001500||571832||0.00075241
06:53||760001500||571832||0.00075241
06:54||760001500||571832||0.00075241
06:55||760001500||571832||0.00075241
06:56||760001500||571832||0.00075241
06:57||760001500||571832||0.00075241
06:58||760001500||571832||0.00075241
06:59||760001500||571833||0.00075241
07:00||760001500||571832||0.00075241
07:01||760001500||571832||0.00075241
07:02||760001500||571832||0.00075241
07:03||760001500||571832||0.00075241
07:04||760001500||571832||0.00075241
07:05||760001500||571832||0.00075241
07:06||760001500||571832||0.00075241
07:07||760008000||571833||0.00075241
07:08||760007500||571833||0.00075241
07:09||760007500||571833||0.00075241
07:10||760007500||571833||0.00075241
07:11||760008000||571836||0.00075241
07:12||760008000||571838||0.00075241
07:13||760008000||571838||0.00075241
07:14||760008000||571838||0.00075241
07:15||760008000||571838||0.00075241
07:16||759765500||571796||0.00075241
07:17||759286500||571513||0.00075241
07:18||758786500||570326||0.00075241
07:19||758786500||570326||0.00075241
07:20||758787000||570326||0.00075241
07:21||758735500||570327||0.00075241
07:22||757538000||570326||0.00075241
07:23||757538000||570326||0.00075241
07:24||757044500||569649||0.00075241
07:25||756452000||569505||0.00075241
07:26||755737500||568829||0.00075241
07:27||755505000||568069||0.00075241
07:28||755504000||568069||0.00075241
07:29||755504000||568069||0.00075241
07:30||754529500||568069||0.00075241
07:31||754060500||567363||0.00075241
07:32||754060500||567363||0.00075241
07:33||754060500||567362||0.00075241
07:34||754060500||567362||0.00075241
07:35||754060500||567362||0.00075241
07:36||753555000||566640||0.00075241
07:37||752175000||565099||0.00075241
07:38||753141000||565824||0.00075241
07:39||753386000||566211||0.00075241
07:40||753998000||567314||0.00075241
07:41||753374000||566377||0.00075241
07:42||753373500||566377||0.00075241
07:43||753747000||567314||0.00075241
07:44||753872000||567312||0.00075241
07:45||753990500||567312||0.00075241
07:46||753990500||567312||0.00075241
07:47||753990500||567312||0.00075241
07:49||753921000||568827||0.00075241
07:50||754547000||566630||0.00075241
07:50||754547000||566630||0.00075241
07:51||754824500||566630||0.00075241
07:52||755048000||566630||0.00075241
07:53||755214000||566630||0.00075241
07:54||754843500||566630||0.00075241
07:55||755005500||566630||0.00075241
07:56||755005500||566630||0.00075241
07:57||755007500||568074||0.00075241
07:58||755007500||568074||0.00075241
07:59||755007500||568074||0.00075241
08:00||755007000||568074||0.00075241
08:01||755007000||568074||0.00075241
08:02||755007000||568074||0.00075241
08:03||755007000||568074||0.00075241
08:04||755007000||568075||0.00075241
08:05||755007000||568075||0.00075241
08:06||755007000||568075||0.00075241
08:07||755006500||568075||0.00075241
08:08||755006500||568074||0.00075241
08:09||755005500||568073||0.00075241
08:10||755005500||568073||0.00075241
08:11||755005500||568073||0.00075241
08:12||755005500||568074||0.00075241
08:13||755005500||568074||0.00075241
08:14||754535500||567317||0.00075241
08:15||755005500||567317||0.00075241
08:16||755007500||568075||0.00075241
08:17||755007500||568075||0.00075241
08:18||755007500||568075||0.00075241
08:19||755512500||568819||0.00075241
08:20||755573500||568153||0.00075241
08:21||755606500||568153||0.00075241
08:22||755996500||568818||0.00075241
08:23||755996500||568819||0.00075241
08:24||755996500||568819||0.00075241
08:25||755996500||568819||0.00075241
08:26||755996500||568819||0.00075241
08:27||755996500||568819||0.00075241
08:28||755996500||568819||0.00075241
08:29||755996500||568819||0.00075241
08:30||755996500||568819||0.00075241
08:31||755996500||568819||0.00075241
08:32||755996500||568819||0.00075241
08:33||755996500||568819||0.00075241
08:34||755996500||568818||0.00075241
08:35||755996500||568818||0.00075241
08:36||755996500||568818||0.00075241
08:37||755996500||568818||0.00075241
08:38||755996500||568819||0.00075241
08:39||755996500||568819||0.00075241
08:40||755996500||568818||0.00075241
08:41||755996500||568818||0.00075241
08:42||757272000||569571||0.00075241
08:43||757272500||570739||0.00075241
08:44||757243000||570739||0.00075241
08:45||757243000||570694||0.00075241
08:46||757169000||570694||0.00075241
08:47||758335500||570583||0.00075241
08:48||757164500||570583||0.00075241
08:49||756979000||570583||0.00075241
08:50||756954500||570583||0.00075241
08:51||756489000||569928||0.00075241
08:52||755998500||569928||0.00075241
08:53||755998500||569928||0.00075241
08:54||755998500||569928||0.00075241
08:55||755998500||569928||0.00075241
08:56||755998500||569928||0.00075241
08:57||755998500||569928||0.00075241
08:58||755998500||568821||0.00075241
08:59||755590000||568818||0.00075241
09:00||755590000||568220||0.00075241
09:01||755599500||568220||0.00075241
09:02||755599500||568220||0.00075241
09:03||755599500||568220||0.00075241
09:04||755599500||568220||0.00075241
09:05||755599500||568220||0.00075241
09:06||755600000||568220||0.00075241
09:07||755998500||568220||0.00075241
09:08||755998500||568220||0.00075241
09:09||755998500||568821||0.00075241
09:10||755599500||568820||0.00075241
09:11||755550500||568820||0.00075241
09:12||755550500||568820||0.00075241
09:13||755550500||568220||0.00075241
09:14||755600500||568821||0.00075241
09:15||755601000||568821||0.00075241
09:16||755601500||568821||0.00075241
09:17||755644500||568821||0.00075241
09:18||755644500||568821||0.00075241
09:19||755303500||568821||0.00075241
09:20||755303500||568821||0.00075241
09:21||755303500||568821||0.00075241
09:22||755303500||568821||0.00075241
09:23||755889500||569180||0.00075241
09:24||755892500||569180||0.00075241
09:25||755893500||569180||0.00075241
09:26||755893500||569180||0.00075241
09:27||755898500||569180||0.00075241
09:28||755898500||568311||0.00075241
09:29||755826500||568311||0.00075241
09:30||755763500||568311||0.00075241
09:31||755897500||568961||0.00075241
09:32||755948500||568961||0.00075241
09:33||755948500||569178||0.00075241
09:34||755948500||569178||0.00075241
09:35||755952500||569178||0.00075241
09:36||755955000||569180||0.00075241
09:37||755989000||569180||0.00075241
09:38||756009000||569180||0.00075241
09:39||756475500||569180||0.00075241
09:40||756499500||569198||0.00075241
09:41||756499500||569198||0.00075241
09:42||756499500||569198||0.00075241
09:43||756499500||569197||0.00075241
09:44||756488500||569180||0.00075241
09:45||756488500||566564||0.00075241
09:46||754967000||566564||0.00075241
09:47||755162000||566564||0.00075241
09:48||752276500||566564||0.00075241
09:49||752276500||566564||0.00075241
09:50||752350000||566564||0.00075241
09:51||752350000||566187||0.00075241
09:52||752350000||566187||0.00075241
09:53||752499000||566187||0.00075241
09:54||752499500||566188||0.00075241
09:55||752499500||566188||0.00075241
09:56||752499500||566188||0.00075241
09:57||752499500||566188||0.00075241
09:58||752351000||566187||0.00075241
09:59||752351000||566187||0.00075241
10:00||752351000||566188||0.00075241
10:01||752499500||566188||0.00075241
10:02||752499500||566188||0.00075241
10:03||752499500||566188||0.00075241
10:04||752499500||566188||0.00075241
10:05||752499500||566188||0.00075241
10:06||753548500||566188||0.00075241
10:07||752499500||566188||0.00075241
10:08||752499500||566188||0.00075241
10:09||752499500||566188||0.00075241
10:10||752499500||566188||0.00075241
10:11||752499500||566188||0.00075241
10:12||752499500||566188||0.00075241
10:13||754399500||566187||0.00075241
10:14||753249500||566187||0.00075241
10:15||753249500||567317||0.00075241
10:16||753103000||565966||0.00075241
10:17||753105500||567317||0.00075241
10:18||753105500||565972||0.00075241
10:19||753105500||565972||0.00075241
10:20||753105500||565972||0.00075241
10:21||753105500||565971||0.00075241
10:22||753105500||565971||0.00075241
10:23||753105500||565972||0.00075241
10:24||753105500||567317||0.00075241
10:25||753100500||567317||0.00075241
10:26||753100500||565972||0.00075241
10:27||753101000||565972||0.00075241
10:28||753100500||565972||0.00075241
10:29||753102000||567305||0.00075241
10:30||753102000||567305||0.00075241
10:31||753493500||567305||0.00075241
10:32||753451000||567305||0.00075241
10:33||753449500||567305||0.00075241
10:34||753402000||566568||0.00075241
10:35||753351500||566568||0.00075241
10:36||753351500||567089||0.00075241
10:37||753351500||567089||0.00075241
10:38||753251500||566940||0.00075241
10:39||753251500||566568||0.00075241
10:40||753202500||566865||0.00075241
10:41||753206500||566865||0.00075241
10:42||753156500||566865||0.00075241
10:43||753156500||566865||0.00075241
10:44||753156500||566865||0.00075241
10:45||753106500||566865||0.00075241
10:46||752209500||566568||0.00075241
10:47||752209500||565970||0.00075241
10:48||752209500||565970||0.00075241
10:49||752209500||565970||0.00075241
10:50||752209500||565970||0.00075241
10:51||752209500||565970||0.00075241
10:52||752209500||565970||0.00075241
10:53||752209500||565970||0.00075241
10:55||752209500||565969||0.00075241
10:56||752209500||565969||0.00075241
10:56||752209500||565969||0.00075241
10:57||752209500||565970||0.00075241
10:58||752209500||565970||0.00075241
10:59||752209500||565969||0.00075241
11:00||752209500||565970||0.00075241
11:01||752209500||565970||0.00075241
11:02||752209500||565970||0.00075241
11:03||752209500||565969||0.00075241
11:04||752209500||565969||0.00075241
11:05||752209500||565969||0.00075241
11:06||752209500||565969||0.00075241
11:07||752209500||565969||0.00075241
11:08||752209500||565969||0.00075241
11:09||752209500||565969||0.00075241
11:10||752209500||565969||0.00075241
11:11||752209500||565969||0.00075241
11:12||752209500||565969||0.00075241
11:13||752209500||565970||0.00075241
11:14||752209500||565970||0.00075241
11:15||752209500||565970||0.00075241
11:16||752209500||565970||0.00075241
11:17||752605000||565970||0.00075241
11:18||752750000||565970||0.00075241
11:19||752750000||565970||0.00075241
11:20||752751500||565970||0.00075241
11:21||752997500||565970||0.00075241
11:22||752997500||566563||0.00075241
11:23||752750500||566563||0.00075241
11:24||752749000||566563||0.00075241
11:25||752749000||566563||0.00075241
11:27||752503500||566563||0.00075241
11:28||752503500||566190||0.00075241
11:28||752503500||566190||0.00075241
11:29||752503500||566190||0.00075241
11:30||752355500||566188||0.00075241
11:31||752355500||566188||0.00075241
11:32||752355500||566188||0.00075241
11:33||752355500||566188||0.00075241
11:34||752355500||566188||0.00075241
11:35||752356500||566188||0.00075241
11:36||752501500||566188||0.00075241
11:37||752501500||565969||0.00075241
11:38||752208500||565969||0.00075241
11:39||752353000||566187||0.00075241
11:40||752254000||566038||0.00075241
11:41||752255500||565971||0.00075241
11:42||752211500||565971||0.00075241
11:43||752211500||565971||0.00075241
11:44||752211500||565971||0.00075241
11:45||752211500||565971||0.00075241
11:46||752211500||565971||0.00075241
11:47||752211500||565971||0.00075241
11:48||752211500||565971||0.00075241
11:49||752211500||565971||0.00075241
11:50||752211500||565971||0.00075241
11:51||752211500||565971||0.00075241
11:52||752211500||565971||0.00075241
11:53||752211500||565971||0.00075241
11:54||752211500||565971||0.00075241
11:55||751717500||565811||0.00075241
11:56||751717500||565599||0.00075241
11:57||751717500||565599||0.00075241
11:58||751717500||565599||0.00075241
11:59||751717500||565599||0.00075241
12:00||751717500||565600||0.00075241
12:01||751717500||565600||0.00075241
12:02||751717500||565600||0.00075241
12:03||751717500||565599||0.00075241
12:04||751717500||565600||0.00075241
12:05||751717500||565593||0.00075241
12:06||750768000||564307||0.00075241
12:07||750704500||564307||0.00075241
12:08||749985500||564307||0.00075241
12:09||749050500||563593||0.00075241
12:10||749050500||563593||0.00075241
12:11||749050500||563593||0.00075241
12:12||749050500||563593||0.00075241
12:13||749050500||563593||0.00075241
12:14||749050500||563593||0.00075241
12:15||749050500||563592||0.00075241
12:16||749050500||563592||0.00075241
12:18||749050500||563593||0.00075241
12:19||749050500||563593||0.00075241
12:20||749050500||563593||0.00075241
12:21||749050500||563593||0.00075241
12:22||749050500||563593||0.00075241
12:23||749050500||563593||0.00075241
12:24||749050500||563593||0.00075241
12:25||749050500||563593||0.00075241
12:26||749050500||563593||0.00075241
12:27||749050500||563593||0.00075241
12:28||749050500||563592||0.00075241
12:29||749050500||563592||0.00075241
12:30||749050500||563593||0.00075241
12:31||749050500||563593||0.00075241
12:32||748051000||562090||0.00075241
12:33||748051000||562090||0.00075241
12:34||748074500||563591||0.00075241
12:35||747576500||562841||0.00075241
12:36||747625500||562841||0.00075241
12:37||747775500||562841||0.00075241
12:38||748026500||562841||0.00075241
12:39||748026500||562841||0.00075241
12:40||748026500||562841||0.00075241
12:41||748050500||562841||0.00075241
12:42||748050500||562841||0.00075241
12:43||748550500||562841||0.00075241
12:44||748550500||562840||0.00075241
12:45||748549500||562840||0.00075241
12:46||748549500||562840||0.00075241
12:47||748549500||562840||0.00075241
12:48||748550500||563591||0.00075241
12:49||748550500||563591||0.00075241
12:50||748545000||562840||0.00075241
12:51||748546000||563585||0.00075241
12:52||748546000||563585||0.00075241
12:53||748546000||563585||0.00075241
12:54||748546000||563585||0.00075241
12:55||748546000||563585||0.00075241
12:56||748546000||563585||0.00075241
12:57||749794500||565812||0.00075241
12:58||749797000||565812||0.00075241
12:59||751719500||565388||0.00075241
13:00||751719500||565388||0.00075241
13:01||751719500||565388||0.00075241
13:02||751719500||565388||0.00075241
13:03||751719500||565388||0.00075241
13:04||751721000||565388||0.00075241
13:05||751721000||565812||0.00075241
13:06||751471000||565436||0.00075241
13:07||751471000||565436||0.00075241
13:08||751471000||565436||0.00075241
13:09||751471000||565436||0.00075241
13:10||751471000||565436||0.00075241
13:11||751471000||565436||0.00075241
13:12||751471000||565436||0.00075241
13:13||751470000||565392||0.00075241
13:14||751470000||565392||0.00075241
13:15||751470000||565392||0.00075241
13:16||751470000||565434||0.00075241
13:17||751470000||565434||0.00075241
13:18||751497500||565434||0.00075241
13:19||751497500||565434||0.00075241
13:20||751497500||565434||0.00075241
13:21||750250500||563555||0.00075241
13:22||750250500||563558||0.00075241
13:23||750498000||565434||0.00075241
13:24||750506000||565434||0.00075241
13:25||750507500||565434||0.00075241
13:26||750849000||565434||0.00075241
13:27||751447500||565434||0.00075241
13:28||751447500||565434||0.00075241
13:29||751447500||565434||0.00075241
13:30||751447500||565434||0.00075241
13:31||750849000||565396||0.00075241
13:32||750849000||565396||0.00075241
13:33||750849000||565396||0.00075241
13:34||750250500||565396||0.00075241
13:35||750250500||565396||0.00075241
13:36||750250500||565396||0.00075241
13:37||750250500||565396||0.00075241
13:38||750250500||565396||0.00075241
13:39||750250500||565396||0.00075241
13:40||750250500||565396||0.00075241
13:41||750250500||565396||0.00075241
13:42||750250500||565396||0.00075241
13:43||750250500||565396||0.00075241
13:44||750250500||565396||0.00075241
13:45||750250500||565396||0.00075241
13:46||750250500||565396||0.00075241
13:47||750250500||565396||0.00075241
13:48||750250500||565396||0.00075241
13:49||750250500||564495||0.00075241
13:50||750250500||564495||0.00075241
13:51||750250500||564495||0.00075241
13:52||750250500||564495||0.00075241
13:53||750250500||564496||0.00075241
13:54||750250500||564496||0.00075241
13:55||750094000||564307||0.00075241
13:56||750088000||564307||0.00075241
13:57||749761500||564307||0.00075241
13:58||749255000||563856||0.00075241
13:59||749188000||563856||0.00075241
14:00||748623000||563555||0.00075241
14:01||748572500||563476||0.00075241
14:02||748573500||563476||0.00075241
14:03||748573500||563476||0.00075241
14:04||748559500||563475||0.00075241
14:05||748078500||562841||0.00075241
14:06||747625500||562832||0.00075241
14:07||747121500||562200||0.00075241
14:08||748038500||562200||0.00075241
14:09||748018000||562200||0.00075241
14:10||747880000||562057||0.00075241
14:11||747791500||562057||0.00075241
14:12||747710500||562057||0.00075241
14:13||746487500||562050||0.00075241
14:14||746487500||562050||0.00075241
14:15||746487500||561304||0.00075241
14:16||746487500||562024||0.00075241
14:17||746488000||562024||0.00075241
14:18||746488000||561305||0.00075241
14:19||746009500||561305||0.00075241
14:20||747472500||561301||0.00075241
14:21||747472500||563509||0.00075241
14:22||747472500||563509||0.00075241
14:23||747472500||563509||0.00075241
14:25||747473500||563509||0.00075241
14:26||747473500||563509||0.00075241
14:27||747591000||563509||0.00075241
14:28||747751500||563509||0.00075241
14:29||747751500||563509||0.00075241
14:30||747751500||563509||0.00075241
14:31||747381500||561297||0.00075241
14:33||746793000||561297||0.00075241
14:34||746712000||562439||0.00075241
14:34||746712000||562439||0.00075241
14:36||746696000||562342||0.00075241
14:37||746710000||562342||0.00075241
14:37||746710000||562342||0.00075241
14:38||746798500||562344||0.00075241
14:40||746957000||562344||0.00075241
14:41||747021500||561786||0.00075241
14:42||747075500||561786||0.00075241
14:43||747123500||561786||0.00075241
14:39||746883500||561962||0.00075241
14:44||747165000||561786||0.00075241
14:45||747206500||562344||0.00075241
14:46||747132000||562344||0.00075241
14:47||747147000||562344||0.00075241
14:48||747152000||562344||0.00075241
14:49||747152000||562344||0.00075241
14:50||747025000||562344||0.00075241
14:51||747024500||562344||0.00075241
14:52||747027500||562344||0.00075241
14:53||746948500||562344||0.00075241
14:54||746961500||562344||0.00075241
14:55||748274000||562802||0.00075241
14:56||748499500||562802||0.00075241
14:57||748499500||562802||0.00075241
14:58||748499500||562802||0.00075241
14:59||747724000||561936||0.00075241
15:00||747862000||561936||0.00075241
15:01||747986000||561936||0.00075241
15:02||748079000||564453||0.00075241
15:03||749463500||565430||0.00075241
15:04||749287000||565430||0.00075241
15:05||749126000||565430||0.00075241
15:06||748716000||565430||0.00075241
15:07||748508500||565430||0.00075241
15:08||748439000||565430||0.00075241
15:10||748830500||565430||0.00075241
15:11||748714500||565430||0.00075241
15:09||748931500||565430||0.00075241
15:12||748590000||565430||0.00075241
15:13||748479500||563880||0.00075241
15:14||748397000||563880||0.00075241
15:15||748321000||562548||0.00075241
15:16||747107000||562548||0.00075241
15:17||748010500||562548||0.00075241
15:18||747872500||562548||0.00075241
15:19||747770500||563320||0.00075241
15:20||747644000||563320||0.00075241
15:21||747577500||563320||0.00075241
15:22||747462000||561938||0.00075241
15:23||746483000||561936||0.00075241
15:24||746048500||561147||0.00075241
15:25||745359000||561069||0.00075241
15:26||745326500||561014||0.00075241
15:27||745320000||560985||0.00075241
15:28||744909000||560545||0.00075241
15:29||744995000||559044||0.00075241
15:30||744749500||559044||0.00075241
15:31||744748500||561297||0.00075241
15:32||744500000||561297||0.00075241
15:33||741800500||556030||0.00075241
15:34||741252000||560920||0.00075241
15:35||741264000||560161||0.00075241
15:36||738004500||555282||0.00075241
15:37||741002000||555283||0.00075241
15:38||738206500||553146||0.00075241
15:39||737615500||553146||0.00075241
15:40||738000000||556029||0.00075241
15:41||737950000||556029||0.00075241
15:42||738200500||555954||0.00075241
15:43||737049500||553172||0.00075241
15:44||737050500||553172||0.00075241
15:45||736172000||552457||0.00075241
15:46||736795000||552457||0.00075241
15:47||736565500||552457||0.00075241
15:48||736900000||555879||0.00075241
15:49||736386500||551939||0.00075241
15:50||736751000||552738||0.00075241
15:51||737027500||552865||0.00075241
15:52||737041500||555655||0.00075241
15:53||737185500||555655||0.00075241
15:54||737266500||555655||0.00075241
15:55||736033500||555655||0.00075241
15:56||736033500||555655||0.00075241
15:57||736033500||553799||0.00075241
15:58||736033500||553799||0.00075241
15:59||736033500||553799||0.00075241
16:00||734668000||553799||0.00075241
16:01||734828500||553799||0.00075241
16:02||735015000||553799||0.00075241
16:03||735136500||553799||0.00075241
16:04||735335500||553798||0.00075241
16:05||735480000||553798||0.00075241
16:06||735580000||553798||0.00075241
16:07||735638500||553798||0.00075241
16:08||735703500||553798||0.00075241
16:09||735753500||553798||0.00075241
16:10||735797000||553798||0.00075241
16:11||735819000||553798||0.00075241
16:12||735825500||553798||0.00075241
16:13||735825500||553798||0.00075241
16:14||735825500||553798||0.00075241
16:16||735517000||553022||0.00075241
16:17||735517000||553022||0.00075241
16:15||735825500||553022||0.00075241
16:18||735517000||553022||0.00075241
16:19||734619500||552449||0.00075241
16:20||734627000||552460||0.00075241
16:21||734691500||552460||0.00075241
16:22||735590000||553795||0.00075241
16:23||735672500||553795||0.00075241
16:24||735746000||553795||0.00075241
16:25||735801500||553795||0.00075241
16:26||736028500||553795||0.00075241
16:27||736028500||553794||0.00075241
16:28||736028500||553794||0.00075241
16:29||736028500||553794||0.00075241
16:30||736028500||553794||0.00075241
16:31||736028500||553794||0.00075241
16:32||739014500||558287||0.00075241
16:33||739014500||558287||0.00075241
16:34||739020500||558287||0.00075241
16:35||738970500||558287||0.00075241
16:36||738969500||553805||0.00075241
16:37||738521000||553805||0.00075241
16:38||738520000||553805||0.00075241
16:39||739000000||553805||0.00075241
16:40||739000000||553805||0.00075241
16:41||739000000||557534||0.00075241
16:42||738999500||557534||0.00075241
16:43||736708000||551831||0.00075241
16:44||736210500||551831||0.00075241
16:45||736207000||551833||0.00075241
16:46||734997000||554524||0.00075241
16:47||734997000||554524||0.00075241
16:48||734997000||554524||0.00075241
16:49||733255000||551896||0.00075241
16:50||733255000||551896||0.00075241
16:51||733003500||551517||0.00075241
16:52||733003500||551517||0.00075241
16:53||731635000||549281||0.00075241
16:54||732080500||549281||0.00075241
16:55||732156500||549281||0.00075241
16:56||732156500||549281||0.00075241
16:57||732174500||549281||0.00075241
16:58||732522000||550457||0.00075241
16:59||732522000||550457||0.00075241
17:00||732999500||551516||0.00075241
17:01||732999500||551516||0.00075241
17:02||732999500||551516||0.00075241
17:03||732999500||551516||0.00075241
17:04||732999500||551516||0.00075241
17:05||734832500||551896||0.00075241
17:06||734830000||554274||0.00075241
17:07||734654500||554134||0.00075241
17:08||734555500||553999||0.00075241
17:09||735126000||553999||0.00075241
17:10||735127500||553961||0.00075241
17:11||735054500||552274||0.00075241
17:12||735053500||552274||0.00075241
17:13||735079500||552274||0.00075241
17:14||735500000||553772||0.00075241
17:15||735500000||553022||0.00075241
17:16||735649500||553022||0.00075241
17:17||735800000||553772||0.00075241
17:18||735748500||553397||0.00075241
17:19||735747500||553397||0.00075241
17:20||735747500||553397||0.00075241
17:21||735502500||553397||0.00075241
17:22||735502500||553397||0.00075241
17:23||735502500||553397||0.00075241
17:24||735502500||553397||0.00075241
17:25||735502500||553397||0.00075241
17:26||735502500||553399||0.00075241
17:27||735502500||553399||0.00075241
17:28||735749000||553770||0.00075241
17:29||735800000||553847||0.00075241
17:30||735800000||553847||0.00075241
17:31||735800000||553847||0.00075241
17:32||735800000||553847||0.00075241
17:33||735802500||553846||0.00075241
17:34||735846500||553478||0.00075241
17:35||735607500||553477||0.00075241
17:36||735607500||553478||0.00075241
17:37||735607500||553478||0.00075241
17:38||735607500||553478||0.00075241
17:39||735607500||553478||0.00075241
17:40||735607500||553478||0.00075241
17:41||735607500||553478||0.00075241
17:42||735607500||553478||0.00075241
17:43||735804500||553773||0.00075241
17:44||735856000||553847||0.00075241
17:45||735979000||553549||0.00075241
17:46||735980000||553556||0.00075241
17:47||735985000||553556||0.00075241
17:48||735999500||553959||0.00075241
17:49||736021500||553959||0.00075241
17:50||736067500||553959||0.00075241
17:51||736109500||553959||0.00075241
17:52||736137000||553763||0.00075241
17:53||736246500||553763||0.00075241
17:54||736246500||553959||0.00075241
17:55||736246500||553959||0.00075241
17:56||736246500||553959||0.00075241
17:57||736199500||553998||0.00075241
17:58||736199500||553998||0.00075241
17:59||736198500||553998||0.00075241
18:00||736298500||553998||0.00075241
18:01||736298500||553998||0.00075241
18:02||736299500||554147||0.00075241
18:03||736299500||554147||0.00075241
18:04||736299500||554147||0.00075241
18:05||736295000||554147||0.00075241
18:06||736295000||554147||0.00075241
18:07||736578000||554140||0.00075241
18:08||736665500||554140||0.00075241
18:09||736665500||554140||0.00075241
18:10||736665500||554140||0.00075241
18:11||736665500||554140||0.00075241
18:12||736665500||554140||0.00075241
18:13||736665500||554140||0.00075241
18:14||736665500||554140||0.00075241
18:15||736665500||554140||0.00075241
18:16||736665500||554274||0.00075241
18:17||736665500||554274||0.00075241
18:18||736665500||554274||0.00075241
18:19||736665500||554274||0.00075241
18:20||736665500||554274||0.00075241
18:21||736578000||554140||0.00075241
18:22||736578000||554140||0.00075241
18:23||736578000||554274||0.00075241
18:24||736570000||554274||0.00075241
18:25||736569000||554274||0.00075241
18:26||735574000||554261||0.00075241
18:27||735620000||554261||0.00075241
18:28||735838500||554261||0.00075241
18:29||736643000||554256||0.00075241
18:30||736642500||554257||0.00075241
18:31||736642500||554256||0.00075241
18:32||736642500||554256||0.00075241
18:33||736642500||554256||0.00075241
18:34||736642500||554256||0.00075241
18:35||736642500||554256||0.00075241
18:36||736642500||554256||0.00075241
18:37||736642500||554256||0.00075241
18:38||736642500||554256||0.00075241
18:39||736642500||554256||0.00075241
18:40||736642500||554256||0.00075241
18:41||736642500||554256||0.00075241
18:42||736642500||554256||0.00075241
18:43||736642500||554256||0.00075241
18:44||736642500||554256||0.00075241
18:45||736642500||554256||0.00075241
18:46||736642500||554257||0.00075241
18:47||735709000||554256||0.00075241
18:48||735707500||554256||0.00075241
18:49||735707500||554256||0.00075241
18:50||735707500||554256||0.00075241
18:51||735707500||554256||0.00075241
18:52||735707500||554256||0.00075241
18:53||735706000||554256||0.00075241
18:54||735704000||554250||0.00075241
18:55||735704000||554250||0.00075241
18:56||735703500||554250||0.00075241
18:57||736061000||554250||0.00075241
18:58||736061000||554250||0.00075241
18:59||736061000||554250||0.00075241
19:00||736062000||553398||0.00075241
19:01||735503500||553398||0.00075241
19:02||735503500||553399||0.00075241
19:03||735501500||553398||0.00075241
19:04||735501500||553398||0.00075241
19:05||735501500||553398||0.00075241
19:06||735501500||553398||0.00075241
19:07||735501500||553398||0.00075241
19:08||735501500||553398||0.00075241
19:09||735501500||553398||0.00075241
19:10||735501500||553398||0.00075241
19:11||735501500||553398||0.00075241
19:12||735141500||553398||0.00075241
19:13||735140000||553399||0.00075241
19:14||735140000||552856||0.00075241
19:15||735141500||552856||0.00075241
19:16||735141500||552856||0.00075241
19:17||735141500||552856||0.00075241
19:18||735141000||552856||0.00075241
19:19||735137500||552861||0.00075241
19:20||735137500||553388||0.00075241
19:21||735137500||553388||0.00075241
19:22||735136500||553388||0.00075241
19:23||735135500||552859||0.00075241
19:24||735134500||552859||0.00075241
19:25||735133000||552859||0.00075241
19:26||735132000||552859||0.00075241
19:27||735131000||552859||0.00075241
19:28||735126500||552859||0.00075241
19:29||735124500||552859||0.00075241
19:30||734764500||552856||0.00075241
19:31||734750500||552833||0.00075241
19:32||734294000||552268||0.00075241
19:33||734249000||552268||0.00075241
19:34||734070500||552268||0.00075241
19:35||733331000||552000||0.00075241
19:36||733050000||551532||0.00075241
19:37||733050000||551532||0.00075241
19:38||733000500||551532||0.00075241
19:39||733000500||551532||0.00075241
19:40||733059000||551517||0.00075241
19:41||733114500||551667||0.00075241
19:42||733134500||551564||0.00075241
19:43||733101000||551667||0.00075241
19:44||733251000||551667||0.00075241
19:45||733251000||551667||0.00075241
19:46||733251000||551667||0.00075241
19:47||733251000||551667||0.00075241
19:48||733399500||551816||0.00075241
19:49||733852000||551967||0.00075241
19:50||734999000||552833||0.00075241
19:51||735032000||553171||0.00075241
19:52||735003000||553171||0.00075241
19:53||735155000||553096||0.00075241
19:54||735199500||553096||0.00075241
19:55||735199500||553096||0.00075241
19:56||735199500||553171||0.00075241
19:57||735199500||553171||0.00075241
19:58||735199500||553171||0.00075241
19:59||735199500||553171||0.00075241
20:00||735199500||553171||0.00075241
20:01||735199500||553171||0.00075241
20:02||735199500||553171||0.00075241
20:03||735199500||553171||0.00075241
20:04||735199500||553171||0.00075241
20:05||735199500||553171||0.00075241
20:06||735199500||553171||0.00075241
20:08||735199500||553171||0.00075241
20:09||735199500||553171||0.00075241
20:10||735199500||553171||0.00075241
20:11||735199500||553171||0.00075241
20:09||735199500||553171||0.00075241
20:12||735199500||553171||0.00075241
20:13||735199500||553171||0.00075241
20:14||735199500||553171||0.00075241
20:15||735199500||553171||0.00075241
20:16||735035500||553171||0.00075241
20:17||735035500||553171||0.00075241
20:18||735035500||553171||0.00075241
20:19||735039000||553171||0.00075241
20:20||735190000||553397||0.00075241
20:21||734993000||553397||0.00075241
20:22||735158000||553107||0.00075241
20:23||735398500||553247||0.00075241
20:24||735398500||553247||0.00075241
20:25||735398500||553247||0.00075241
20:26||735398500||553247||0.00075241
20:27||735398500||553321||0.00075241
20:28||735398500||553321||0.00075241
20:29||735398500||553321||0.00075241
20:30||735398500||553321||0.00075241
20:31||735350500||553321||0.00075241
20:32||735350500||553321||0.00075241
20:33||735350500||553321||0.00075241
20:34||735302500||553321||0.00075241
20:35||735302500||553321||0.00075241
20:36||735302500||553249||0.00075241
20:37||735302500||553248||0.00075241
20:38||735302500||553248||0.00075241
20:39||735302500||553248||0.00075241
20:40||735302500||553248||0.00075241
20:41||735302500||553248||0.00075241
20:42||735302500||553248||0.00075241
20:43||735302500||553248||0.00075241
20:44||735302500||553248||0.00075241
20:45||735302500||553248||0.00075241
20:46||735302500||553248||0.00075241
20:47||735302500||553248||0.00075241
20:48||735302500||553248||0.00075241
20:49||735302500||553248||0.00075241
20:50||735302500||553248||0.00075241
20:51||735302500||553248||0.00075241
20:52||735302500||553248||0.00075241
20:53||735086500||553249||0.00075241
20:54||735087000||553249||0.00075241
20:55||735086500||553249||0.00075241
20:56||735086500||553249||0.00075241
20:57||733901500||551516||0.00075241
20:58||733751500||551516||0.00075241
20:59||733752500||551516||0.00075241
21:00||733752500||551144||0.00075241
21:01||733752500||553021||0.00075241
21:02||733752500||553021||0.00075241
21:03||733752500||553021||0.00075241
21:04||733753500||553021||0.00075241
21:05||733753500||553021||0.00075241
21:06||733753500||553021||0.00075241
21:07||732508500||553021||0.00075241
21:08||733755000||551147||0.00075241
21:09||733758500||551151||0.00075241
21:10||733758500||551151||0.00075241
21:11||733758500||551151||0.00075241
21:12||733758500||551151||0.00075241
21:13||733759000||551151||0.00075241
21:14||733760000||551151||0.00075241
21:15||733760000||553021||0.00075241
21:16||733758500||551153||0.00075241
21:18||732495000||549259||0.00075241
21:17||733774000||547043||0.00075241
21:20||729125000||547246||0.00075241
21:21||728193000||546249||0.00075241
21:19||726590000||546249||0.00075241
21:22||728570000||546249||0.00075241
21:23||725000000||544242||0.00075241
21:24||725137000||544242||0.00075241
21:25||725207500||544242||0.00075241
21:26||723669000||544245||0.00075241
21:27||723725000||544256||0.00075241
21:28||723406000||544350||0.00075241
21:29||723405000||544350||0.00075241
21:30||721882500||541902||0.00075241
21:31||720497500||542146||0.00075241
21:32||722066500||542143||0.00075241
21:33||722261500||542143||0.00075241
21:34||722668500||542562||0.00075241
21:35||722589500||544743||0.00075241
21:36||723999000||544743||0.00075241
21:37||722730500||544743||0.00075241
21:38||723059500||543361||0.00075241
21:39||723224000||543446||0.00075241
21:40||723500000||543446||0.00075241
21:41||722500000||543240||0.00075241
21:42||722500000||543992||0.00075241
21:43||721629500||541930||0.00075241
21:44||721511500||541752||0.00075241
21:45||721510000||541751||0.00075241
21:46||721511000||543990||0.00075241
21:47||721500000||541735||0.00075241
21:48||720501000||541735||0.00075241
21:49||719500000||540425||0.00075241
21:50||715775500||538538||0.00075241
21:51||715386500||537988||0.00075241
21:52||719009500||537988||0.00075241
21:53||719009000||537988||0.00075241
21:54||719008500||537990||0.00075241
21:55||719010000||537990||0.00075241
21:56||719513000||544744||0.00075241
21:57||719015000||544744||0.00075241
21:58||719010500||543908||0.00075241
21:59||719012500||543908||0.00075241
22:00||718946500||537980||0.00075241
22:01||718540500||537981||0.00075241
22:02||718499500||537981||0.00075241
22:03||718500000||537981||0.00075241
22:04||717505500||537982||0.00075241
22:05||717504500||537982||0.00075241
22:06||714456000||537145||0.00075241
22:07||697802500||525182||0.00075241
22:08||679076000||511638||0.00075241
22:09||677676000||510246||0.00075241
22:10||690499000||507884||0.00075241
22:11||685504000||507989||0.00075241
22:12||685009000||507876||0.00075241
22:13||674250000||506748||0.00075241
22:14||670591000||501241||0.00075241
22:15||668001500||504116||0.00075241
22:16||670003500||504117||0.00075241
22:17||668045000||504117||0.00075241
22:18||668593500||504117||0.00075241
22:19||672793500||507124||0.00075241
22:20||687480000||511638||0.00075241
22:21||687981500||522893||0.00075241
22:22||687981500||522893||0.00075241
22:23||687483000||522893||0.00075241
22:24||687979500||522893||0.00075241
22:25||688971000||522893||0.00075241
22:26||688950000||522893||0.00075241
22:27||683001000||513897||0.00075241
22:28||687452000||512393||0.00075241
22:29||687454500||512393||0.00075241
22:30||687454500||512393||0.00075241
22:31||687460500||512393||0.00075241
22:32||687507000||512393||0.00075241
22:33||687463500||512393||0.00075241
22:34||687363500||512393||0.00075241
22:35||690251000||512393||0.00075241
22:36||690501000||521796||0.00075241
22:37||690500500||521796||0.00075241
22:38||692345000||521946||0.00075241
22:39||692346000||522021||0.00075241
22:40||688669000||522885||0.00075241
22:41||690701000||525106||0.00075241
22:42||690950000||525106||0.00075241
22:43||693948500||525105||0.00075241
22:44||696448500||525103||0.00075241
22:45||693950000||519167||0.00075241
22:46||694446500||519919||0.00075241
22:47||693941000||516529||0.00075241
22:48||692205500||525082||0.00075241
22:49||693900500||525082||0.00075241
22:50||693500000||525082||0.00075241
22:51||692647500||525082||0.00075241
22:52||686750000||519162||0.00075241
22:53||691245000||516529||0.00075241
22:54||691243000||516529||0.00075241
22:55||691244000||516529||0.00075241
22:56||691200000||516529||0.00075241
22:57||691190000||523587||0.00075241
22:58||691147500||516529||0.00075241
22:59||689750000||522924||0.00075241
23:00||689749000||522924||0.00075241
23:01||689745000||521411||0.00075241
23:02||689745000||521410||0.00075241
23:03||690752500||522924||0.00075241
23:04||690747000||516533||0.00075241
23:05||690745500||516530||0.00075241
23:06||692494000||522914||0.00075241
23:07||694990500||522915||0.00075241
23:08||692495500||522918||0.00075241
23:09||692749500||523298||0.00075241
23:10||692749500||523298||0.00075241
23:11||692749500||523298||0.00075241
23:12||692749500||523298||0.00075241
23:13||690899500||515482||0.00075241
23:14||691347500||523298||0.00075241
23:16||692299500||523298||0.00075241
23:17||692749500||516385||0.00075241
23:18||693624500||525105||0.00075241
23:19||693877500||525105||0.00075241
23:20||701450000||530449||0.00075241
23:21||703450000||533458||0.00075241
23:22||712000500||537972||0.00075241
23:23||709000500||533460||0.00075241
23:24||704450500||533383||0.00075241
23:25||685319500||515640||0.00075241
23:26||684253000||515641||0.00075241
23:27||684688000||515641||0.00075241
23:28||685159500||515641||0.00075241
23:29||692660000||515641||0.00075241
23:30||693018500||515966||0.00075241
23:31||686401000||517200||0.00075241
23:32||695639500||517115||0.00075241
23:33||695750000||519013||0.00075241
23:34||695750000||522926||0.00075241
23:35||695750000||522926||0.00075241
23:36||685329500||516859||0.00075241
23:37||684709000||526687||0.00075241
23:38||689810000||514886||0.00075241
23:39||689970500||522767||0.00075241
23:40||685151500||515515||0.00075241
23:41||687958000||515513||0.00075241
23:42||687894000||515513||0.00075241
23:43||688713500||515513||0.00075241
23:44||688014500||519479||0.00075241
23:45||688324000||519457||0.00075241
23:46||686741000||516717||0.00075241
23:47||688343500||516717||0.00075241
23:48||688343500||516717||0.00075241
23:49||686876000||516717||0.00075241
23:50||686894000||516717||0.00075241
23:51||688533500||516717||0.00075241
23:52||688515500||516746||0.00075241
23:53||688515500||516719||0.00075241
23:54||688519000||516719||0.00075241
23:55||688517500||516719||0.00075241
23:56||688517500||516719||0.00075241
23:57||688520000||516719||0.00075241
23:58||688520000||516719||0.00075241
23:59||688520000||516719||0.00075241
