00:00||618500500||465366||0.00075241
00:01||619049500||465366||0.00075241
00:02||618500500||465366||0.00075241
00:03||618500500||465366||0.00075241
00:04||618500500||465366||0.00075241
00:05||619059500||465366||0.00075241
00:06||618991000||465366||0.00075241
00:07||618500500||465366||0.00075241
00:08||618500500||465366||0.00075241
00:09||618500500||465366||0.00075241
00:10||618500500||465366||0.00075241
00:11||618500500||465366||0.00075241
00:12||618500500||465366||0.00075241
00:13||618500500||465366||0.00075241
00:14||618500500||465366||0.00075241
00:15||618500500||465366||0.00075241
00:16||618500500||465366||0.00075241
00:17||618500500||465366||0.00075241
00:18||618500500||465366||0.00075241
00:19||618500500||465366||0.00075241
00:20||618500500||465366||0.00075241
00:21||618500500||465366||0.00075241
00:22||618500500||465366||0.00075241
00:23||618500500||465366||0.00075241
00:24||618500500||465366||0.00075241
00:25||618500500||465366||0.00075241
00:26||618500500||465366||0.00075241
00:27||618500500||465366||0.00075241
00:28||618500500||465366||0.00075241
00:29||618250000||465281||0.00075241
00:30||618125500||465281||0.00075241
00:31||618125500||465281||0.00075241
00:32||618125500||465281||0.00075241
00:33||618125500||465281||0.00075241
00:34||618125500||465281||0.00075241
00:35||618125500||465281||0.00075241
00:36||618125500||465281||0.00075241
00:37||618125500||465281||0.00075241
00:38||618125500||465281||0.00075241
00:39||618102500||465083||0.00075241
00:40||618051500||464989||0.00075241
00:41||618789500||464989||0.00075241
00:42||618791000||464989||0.00075241
00:43||618756000||464989||0.00075241
00:44||618610000||464989||0.00075241
00:45||618501000||464989||0.00075241
00:46||618235500||464989||0.00075241
00:47||617805000||464989||0.00075241
00:48||617776500||464989||0.00075241
00:49||617214500||464613||0.00075241
00:50||617175500||464613||0.00075241
00:51||617150000||464613||0.00075241
00:52||617127500||464613||0.00075241
00:53||617123000||464613||0.00075241
00:54||617113500||464613||0.00075241
00:55||617092500||464613||0.00075241
00:56||617076500||464613||0.00075241
00:57||617075500||464613||0.00075241
00:58||617075500||464613||0.00075241
00:59||617075500||464613||0.00075241
01:00||617075500||464613||0.00075241
01:01||617075500||464613||0.00075241
01:02||617075500||464613||0.00075241
01:03||617075500||464613||0.00075241
01:04||617075500||464613||0.00075241
01:05||617075500||464613||0.00075241
01:06||617075500||464613||0.00075241
01:07||617075500||464613||0.00075241
01:08||618003500||464237||0.00075241
01:09||617984500||464237||0.00075241
01:10||617984500||464237||0.00075241
01:11||617984500||464237||0.00075241
01:12||617984500||464237||0.00075241
01:13||617984500||464237||0.00075241
01:14||617984500||464237||0.00075241
01:15||617984500||464237||0.00075241
01:16||617984500||464237||0.00075241
01:17||617984500||464237||0.00075241
01:18||617573500||463872||0.00075241
01:19||617353500||463872||0.00075241
01:20||617352500||463872||0.00075241
01:21||617352500||463872||0.00075241
01:22||617352500||463872||0.00075241
01:23||617352500||463872||0.00075241
01:24||617352500||463872||0.00075241
01:25||618085500||466282||0.00075241
01:26||618085500||463860||0.00075241
01:27||618599500||463860||0.00075241
01:28||618493000||463860||0.00075241
01:29||618394000||463860||0.00075241
01:30||618313000||463860||0.00075241
01:31||618247000||463860||0.00075241
01:32||618207000||463860||0.00075241
01:33||618181500||463860||0.00075241
01:34||618181500||463860||0.00075241
01:35||618757000||463860||0.00075241
01:36||618610000||463860||0.00075241
01:37||618490000||463860||0.00075241
01:38||618392000||463860||0.00075241
01:39||618311000||463860||0.00075241
01:40||618251000||463860||0.00075241
01:41||618216500||463860||0.00075241
01:42||618181500||463860||0.00075241
01:43||618162500||463860||0.00075241
01:44||618162500||463860||0.00075241
01:45||618162500||463860||0.00075241
01:46||618162500||463860||0.00075241
01:47||618162500||463860||0.00075241
01:48||618162500||463860||0.00075241
01:49||618162500||463860||0.00075241
01:50||618162500||463860||0.00075241
01:51||618162500||463860||0.00075241
01:52||618162500||463860||0.00075241
01:53||618162500||465233||0.00075241
01:54||618162500||465233||0.00075241
01:55||618162500||465233||0.00075241
01:56||618162500||465233||0.00075241
01:57||618162500||465233||0.00075241
01:58||618162500||465233||0.00075241
01:59||618162500||465233||0.00075241
02:00||618162500||465233||0.00075241
02:01||618159000||465233||0.00075241
02:02||618159000||465233||0.00075241
02:03||618159000||465233||0.00075241
02:04||618159000||465233||0.00075241
02:05||618159000||465233||0.00075241
02:06||618159000||465233||0.00075241
02:07||618159000||465233||0.00075241
02:08||618159500||465233||0.00075241
02:09||618159500||465233||0.00075241
02:10||617222000||464989||0.00075241
02:11||617095500||464989||0.00075241
02:12||616978500||464989||0.00075241
02:13||616957000||464989||0.00075241
02:14||616957000||464989||0.00075241
02:15||616957000||466281||0.00075241
02:16||618080000||466281||0.00075241
02:17||618080000||466281||0.00075241
02:18||618080000||466281||0.00075241
02:19||618080000||466281||0.00075241
02:20||618080000||466281||0.00075241
02:21||618080000||466233||0.00075241
02:22||618080000||466233||0.00075241
02:23||618081500||466233||0.00075241
02:24||618081500||466233||0.00075241
02:25||618081500||466233||0.00075241
02:26||618081500||466233||0.00075241
02:27||618081500||466233||0.00075241
02:28||618081500||466233||0.00075241
02:29||618081500||466233||0.00075241
02:30||618081500||466233||0.00075241
02:31||618113500||466233||0.00075241
02:32||618113500||466281||0.00075241
02:33||618113500||466281||0.00075241
02:34||618113500||466281||0.00075241
02:35||618081500||466281||0.00075241
02:36||618081500||466281||0.00075241
02:37||618081500||466281||0.00075241
02:38||618081500||466281||0.00075241
02:39||618081500||466233||0.00075241
02:40||618081500||466233||0.00075241
02:41||618081500||466233||0.00075241
02:42||618081500||466233||0.00075241
02:43||618081500||466233||0.00075241
02:44||618081500||466233||0.00075241
02:45||618081500||466233||0.00075241
02:46||618081500||466233||0.00075241
02:47||618113500||466233||0.00075241
02:48||618113500||466233||0.00075241
02:49||618127500||466233||0.00075241
02:50||618127500||466233||0.00075241
02:51||618127500||466233||0.00075241
02:52||618127500||466233||0.00075241
02:53||618228500||466233||0.00075241
02:54||618228500||466233||0.00075241
02:55||618228500||466233||0.00075241
02:56||618228500||466233||0.00075241
02:57||618228500||466233||0.00075241
02:58||618228500||466233||0.00075241
02:59||618228500||466233||0.00075241
03:00||618228500||466233||0.00075241
03:01||618228500||466233||0.00075241
03:02||618260500||466233||0.00075241
03:03||618260500||466233||0.00075241
03:04||618260500||466233||0.00075241
03:05||618260500||466281||0.00075241
03:06||618260500||466281||0.00075241
03:07||618260500||466281||0.00075241
03:08||618260500||466281||0.00075241
03:09||618260500||466281||0.00075241
03:10||618260500||466281||0.00075241
03:11||618231500||466281||0.00075241
03:12||618260500||466281||0.00075241
03:13||618260500||466281||0.00075241
03:14||618260500||466281||0.00075241
03:15||618260500||466281||0.00075241
03:16||618260500||466281||0.00075241
03:17||618260500||466281||0.00075241
03:18||618261000||466282||0.00075241
03:19||618261000||466282||0.00075241
03:20||618261000||466282||0.00075241
03:21||618261000||466282||0.00075241
03:22||618261000||466282||0.00075241
03:23||618261000||466282||0.00075241
03:24||618261000||466282||0.00075241
03:25||618261000||466282||0.00075241
03:26||618261000||466282||0.00075241
03:27||618261000||464089||0.00075241
03:28||618451500||466567||0.00075241
03:29||618451500||466568||0.00075241
03:30||618451500||466568||0.00075241
03:31||618452000||466568||0.00075241
03:32||618452000||466569||0.00075241
03:33||618452000||466569||0.00075241
03:34||618452000||466569||0.00075241
03:35||618452000||466569||0.00075241
03:36||618953000||466569||0.00075241
03:37||618953000||466569||0.00075241
03:38||618953000||466569||0.00075241
03:39||618953000||466569||0.00075241
03:40||618953000||466569||0.00075241
03:41||618953000||466569||0.00075241
03:42||618953000||466569||0.00075241
03:43||619096000||466784||0.00075241
03:44||619096000||466784||0.00075241
03:45||619096000||466784||0.00075241
03:46||619096000||466784||0.00075241
03:47||619096000||466784||0.00075241
03:48||619096000||466784||0.00075241
03:49||619096000||466784||0.00075241
03:50||619096000||466784||0.00075241
03:51||619096000||466784||0.00075241
03:52||619096000||466784||0.00075241
03:53||619096000||466784||0.00075241
03:54||619096000||466784||0.00075241
03:55||619096000||466784||0.00075241
03:56||619096000||466784||0.00075241
03:57||619096000||466784||0.00075241
03:58||619096000||466784||0.00075241
03:59||619096000||466784||0.00075241
04:00||619096000||466784||0.00075241
04:01||619096000||466784||0.00075241
04:02||619096000||466784||0.00075241
04:03||619096000||466784||0.00075241
04:04||619122000||466784||0.00075241
04:05||619122000||466784||0.00075241
04:06||620193000||466784||0.00075241
04:07||619404000||466784||0.00075241
04:08||619405000||467239||0.00075241
04:09||619496000||467239||0.00075241
04:10||619496000||467239||0.00075241
04:11||619496000||467239||0.00075241
04:12||619496000||467239||0.00075241
04:13||619496000||467239||0.00075241
04:16||619496000||467239||0.00075241
04:17||619496000||467239||0.00075241
04:18||619496000||467239||0.00075241
04:19||619495500||467239||0.00075241
04:20||619465500||467239||0.00075241
04:21||618981000||467239||0.00075241
04:22||619466000||467239||0.00075241
04:23||618501000||467239||0.00075241
04:24||619465500||467239||0.00075241
04:25||618981000||467239||0.00075241
04:26||618751000||467239||0.00075241
04:27||618751000||467239||0.00075241
04:28||618751000||467239||0.00075241
04:29||618800000||467239||0.00075241
04:30||619101000||467239||0.00075241
04:31||619101000||467239||0.00075241
04:32||619101000||467239||0.00075241
04:33||619101000||467239||0.00075241
04:34||619100000||465516||0.00075241
04:35||619100000||465516||0.00075241
04:36||619100000||465516||0.00075241
04:37||619100000||465516||0.00075241
04:38||619100000||465516||0.00075241
04:39||619100000||465516||0.00075241
04:40||619100000||465516||0.00075241
04:41||619100000||465516||0.00075241
04:42||619100000||465516||0.00075241
04:43||619249000||465516||0.00075241
04:44||619249000||465516||0.00075241
04:45||619249000||465516||0.00075241
04:46||619100000||465517||0.00075241
04:47||619100000||465517||0.00075241
04:48||619100000||465517||0.00075241
04:49||619100000||465517||0.00075241
04:50||619100000||465517||0.00075241
04:51||619100000||465517||0.00075241
04:52||619100000||465517||0.00075241
04:53||619100000||465517||0.00075241
04:54||619100000||465517||0.00075241
04:55||619100000||465517||0.00075241
04:56||619100000||465517||0.00075241
04:57||619100000||465517||0.00075241
04:58||619194000||465517||0.00075241
04:59||619194000||465517||0.00075241
05:00||619194000||465517||0.00075241
05:01||619194000||465517||0.00075241
05:02||619194000||465517||0.00075241
05:03||619194000||465517||0.00075241
05:04||619499000||466116||0.00075241
05:05||619499000||466116||0.00075241
05:06||619499000||466116||0.00075241
05:07||620000000||466494||0.00075241
05:08||620699500||466870||0.00075241
05:09||620699500||466870||0.00075241
05:10||619700000||466870||0.00075241
05:11||621237500||467312||0.00075241
05:12||620147000||467312||0.00075241
05:13||620153500||467538||0.00075241
05:14||620154500||467538||0.00075241
05:15||620156500||467538||0.00075241
05:16||620159500||467538||0.00075241
05:17||620159500||467538||0.00075241
05:18||621387500||467538||0.00075241
05:19||621387500||467537||0.00075241
05:20||621387500||467537||0.00075241
05:21||621387500||467537||0.00075241
05:22||621387500||467537||0.00075241
05:23||621387500||467537||0.00075241
05:24||621387500||467537||0.00075241
05:25||621387500||467537||0.00075241
05:26||621387500||467537||0.00075241
05:27||621387500||467537||0.00075241
05:28||621387500||467537||0.00075241
05:29||621387500||467537||0.00075241
05:30||621387500||467537||0.00075241
05:31||621387500||467537||0.00075241
05:32||620148000||467537||0.00075241
05:33||620149500||467537||0.00075241
05:34||621358500||467537||0.00075241
05:35||620138000||467515||0.00075241
05:36||620138000||467515||0.00075241
05:37||620111000||467515||0.00075241
05:38||620113000||467515||0.00075241
05:39||620092000||467515||0.00075241
05:40||619460000||465064||0.00075241
05:41||619282000||465064||0.00075241
05:42||619103500||466553||0.00075241
05:43||619958500||466553||0.00075241
05:44||619043500||466553||0.00075241
05:45||619025000||466553||0.00075241
05:46||618851500||466553||0.00075241
05:47||618723000||466553||0.00075241
05:48||618605500||466553||0.00075241
05:49||618509000||466553||0.00075241
05:50||618458500||466553||0.00075241
05:51||619323000||466553||0.00075241
05:52||619219500||466553||0.00075241
05:53||618440000||466553||0.00075241
05:54||618399000||465543||0.00075241
05:55||616934000||463868||0.00075241
05:56||616935000||463868||0.00075241
05:57||616860000||463873||0.00075241
05:58||614812500||461986||0.00075241
05:59||613493500||461979||0.00075241
06:00||613493500||461963||0.00075241
06:01||612297000||459433||0.00075241
06:02||611857000||459473||0.00075241
06:03||613170500||459508||0.00075241
06:04||613175500||459508||0.00075241
06:05||613176000||459508||0.00075241
06:06||613176500||463194||0.00075241
06:07||613177000||463194||0.00075241
06:08||620721000||466828||0.00075241
06:09||615577000||466828||0.00075241
06:10||615534000||466828||0.00075241
06:11||615596000||466828||0.00075241
06:12||616590000||466828||0.00075241
06:13||616661500||466828||0.00075241
06:14||616947500||466828||0.00075241
06:15||616952000||466828||0.00075241
06:16||616955500||461702||0.00075241
06:17||613962000||461708||0.00075241
06:18||616965500||462184||0.00075241
06:19||616979000||462184||0.00075241
06:20||616984000||462184||0.00075241
06:21||616986000||462184||0.00075241
06:22||616988000||462184||0.00075241
06:23||617001500||462184||0.00075241
06:24||617509500||462184||0.00075241
06:25||617623500||466680||0.00075241
06:26||618123500||466680||0.00075241
06:27||618121500||463486||0.00075241
06:28||618000000||463486||0.00075241
06:29||618002500||463486||0.00075241
06:30||618001000||463486||0.00075241
06:31||615750000||463484||0.00075241
06:32||615750000||463484||0.00075241
06:33||616250000||463484||0.00075241
06:34||616251000||463484||0.00075241
06:35||616249500||463484||0.00075241
06:36||616249500||463484||0.00075241
06:37||616249500||463484||0.00075241
06:38||616249500||463484||0.00075241
06:39||616249500||463484||0.00075241
06:40||616249500||463484||0.00075241
06:41||616249500||463484||0.00075241
06:42||616249500||463484||0.00075241
06:43||616251000||463484||0.00075241
06:44||616251000||463484||0.00075241
06:45||616251000||463484||0.00075241
06:46||616251000||463484||0.00075241
06:47||616251000||463484||0.00075241
06:48||616251000||463484||0.00075241
06:49||616251000||463484||0.00075241
06:50||616499500||464233||0.00075241
06:51||617501000||466117||0.00075241
06:52||617751000||466117||0.00075241
06:53||617757000||466117||0.00075241
06:54||617757000||466117||0.00075241
06:55||617758500||466117||0.00075241
06:56||617759000||466117||0.00075241
06:57||617761500||466117||0.00075241
06:58||617765000||466117||0.00075241
06:59||617765000||466117||0.00075241
07:00||617765000||466117||0.00075241
07:01||617765000||466117||0.00075241
07:02||617765000||466117||0.00075241
07:03||617766500||466117||0.00075241
07:04||617766500||466117||0.00075241
07:05||617766500||466117||0.00075241
07:06||617766500||466117||0.00075241
07:07||617766500||466117||0.00075241
07:08||617768000||466117||0.00075241
07:09||617767500||466117||0.00075241
07:10||617768000||466117||0.00075241
07:11||617766500||463513||0.00075241
07:12||617767500||463513||0.00075241
07:13||617763000||463513||0.00075241
07:14||617763000||463513||0.00075241
07:15||617760500||463513||0.00075241
07:16||617759000||463513||0.00075241
07:17||617759000||463513||0.00075241
07:18||617759000||463513||0.00075241
07:19||617757000||463513||0.00075241
07:20||617755500||463513||0.00075241
07:21||617755500||466099||0.00075241
07:22||617699500||466099||0.00075241
07:23||617450500||466099||0.00075241
07:24||617249500||466099||0.00075241
07:25||616799500||466099||0.00075241
07:26||616299500||463560||0.00075241
07:27||616101500||463560||0.00075241
07:28||616101500||463560||0.00075241
07:29||616101000||463560||0.00075241
07:30||616101000||463560||0.00075241
07:31||616101000||463560||0.00075241
07:32||616101000||463560||0.00075241
07:33||616101000||463560||0.00075241
07:34||616101000||463560||0.00075241
07:35||616300000||463561||0.00075241
07:36||616497500||463561||0.00075241
07:37||616497500||463561||0.00075241
07:38||616497500||463561||0.00075241
07:39||617248500||463858||0.00075241
07:40||617248500||464987||0.00075241
07:41||617151000||463862||0.00075241
07:42||617229500||464989||0.00075241
07:43||618192500||465177||0.00075241
07:44||618350500||465215||0.00075241
07:45||618499500||465309||0.00075241
07:46||618851500||465594||0.00075241
07:47||620194000||465741||0.00075241
07:48||620356000||465989||0.00075241
07:49||620553000||466053||0.00075241
07:50||621940500||467999||0.00075241
07:51||621797500||467999||0.00075241
07:52||621999500||468750||0.00075241
07:53||623278500||468120||0.00075241
07:54||623501000||468120||0.00075241
07:55||623504500||468120||0.00075241
07:56||623514000||468120||0.00075241
07:57||624716000||470256||0.00075241
07:58||626814000||473491||0.00075241
07:59||627725500||473491||0.00075241
08:00||627966500||473491||0.00075241
08:01||628172500||473482||0.00075241
08:02||628172500||473482||0.00075241
08:03||628243500||473482||0.00075241
08:04||628243500||473482||0.00075241
08:05||628242000||473482||0.00075241
08:06||628200500||473482||0.00075241
08:07||627200500||471913||0.00075241
08:08||628198000||471912||0.00075241
08:09||627200500||471912||0.00075241
08:10||627200500||471911||0.00075241
08:11||627200500||471911||0.00075241
08:12||627200500||471911||0.00075241
08:13||627200500||471911||0.00075241
08:14||627200500||471911||0.00075241
08:15||627200500||471911||0.00075241
08:16||627200500||471911||0.00075241
08:17||627200500||471911||0.00075241
08:18||627200500||471911||0.00075241
08:19||627200500||471911||0.00075241
08:20||627200500||471911||0.00075241
08:21||627150500||471911||0.00075241
08:22||627150500||471911||0.00075241
08:23||627150500||471912||0.00075241
08:24||627150500||471912||0.00075241
08:25||627150500||471912||0.00075241
08:26||627150500||471912||0.00075241
08:27||627150500||471836||0.00075241
08:28||627150500||471836||0.00075241
08:29||627151500||471836||0.00075241
08:30||627151500||471837||0.00075241
08:31||627154000||471837||0.00075241
08:32||627154000||471837||0.00075241
08:33||627154000||471837||0.00075241
08:34||627150500||471841||0.00075241
08:35||627150500||471841||0.00075241
08:36||630212000||474018||0.00075241
08:37||631307500||474244||0.00075241
08:38||631412000||475748||0.00075241
08:39||631578500||475748||0.00075241
08:40||631579500||475748||0.00075241
08:41||632400000||475748||0.00075241
08:42||632499500||475899||0.00075241
08:43||632750000||475899||0.00075241
08:44||632750000||475899||0.00075241
08:45||632750000||475899||0.00075241
08:46||632750000||475899||0.00075241
08:47||632750000||475899||0.00075241
08:48||633244500||476275||0.00075241
08:49||632994500||476275||0.00075241
08:50||632994500||476275||0.00075241
08:51||632993500||476275||0.00075241
08:52||632993500||476275||0.00075241
08:53||632993000||475899||0.00075241
08:54||632993500||475899||0.00075241
08:55||632997000||475899||0.00075241
08:56||633000000||475899||0.00075241
08:57||633003000||475899||0.00075241
08:58||633006500||475899||0.00075241
08:59||633009500||475899||0.00075241
09:00||633012500||475899||0.00075241
09:01||633483500||476639||0.00075241
09:02||633483500||476639||0.00075241
09:03||633483500||476639||0.00075241
09:04||633483500||476639||0.00075241
09:05||633483500||476639||0.00075241
09:06||633483500||476639||0.00075241
09:07||633488500||476643||0.00075241
09:08||633488500||476643||0.00075241
09:09||633494000||476651||0.00075241
09:10||633494000||476651||0.00075241
09:11||633494500||476651||0.00075241
09:12||633744500||477027||0.00075241
09:13||633748000||477027||0.00075241
09:14||633745000||477027||0.00075241
09:15||633748000||477027||0.00075241
09:16||633749500||476638||0.00075241
09:17||633352500||476638||0.00075241
09:18||633357000||476638||0.00075241
09:19||632499000||475748||0.00075241
09:20||632499000||475748||0.00075241
09:21||631999500||475748||0.00075241
09:22||631997000||475748||0.00075241
09:23||631997000||475748||0.00075241
09:24||631991500||475748||0.00075241
09:25||631990500||474019||0.00075241
09:26||631990500||474020||0.00075241
09:27||631985500||474020||0.00075241
09:28||631985500||474020||0.00075241
09:29||631501500||474020||0.00075241
09:30||631502500||474020||0.00075241
09:31||631502500||474020||0.00075241
09:32||631500500||474020||0.00075241
09:33||631561000||474020||0.00075241
09:34||631619500||474020||0.00075241
09:35||631675500||474020||0.00075241
09:36||631675500||474020||0.00075241
09:37||631772000||476271||0.00075241
09:38||631772000||476271||0.00075241
09:39||631275000||474432||0.00075241
09:40||631275000||474432||0.00075241
09:41||631275000||474432||0.00075241
09:42||631274000||474432||0.00075241
09:43||631274000||474432||0.00075241
09:44||631249000||474432||0.00075241
09:45||631249000||474432||0.00075241
09:46||631249000||474432||0.00075241
09:47||631249000||474432||0.00075241
09:48||631249000||475521||0.00075241
09:49||631249000||474394||0.00075241
09:50||631248500||474394||0.00075241
09:51||631243500||474394||0.00075241
09:52||631242500||474394||0.00075241
09:53||631292500||474394||0.00075241
09:54||631292500||474394||0.00075241
09:55||631306500||474394||0.00075241
09:56||631306500||474394||0.00075241
09:57||631304500||475508||0.00075241
09:58||631347000||475508||0.00075241
09:59||631399500||475508||0.00075241
10:00||631249000||475510||0.00075241
10:01||631833500||475285||0.00075241
10:02||631361000||475285||0.00075241
10:03||631501500||475510||0.00075241
10:04||631608000||475510||0.00075241
10:05||631616500||475510||0.00075241
10:06||631626500||475510||0.00075241
10:07||631746500||475510||0.00075241
10:08||631982500||475510||0.00075241
10:09||631982500||475510||0.00075241
10:10||631600500||475509||0.00075241
10:11||631600500||475509||0.00075241
10:12||631600500||475509||0.00075241
10:13||631600500||475509||0.00075241
10:14||631601500||475509||0.00075241
10:15||631559000||475509||0.00075241
10:16||631559000||475509||0.00075241
10:17||631219000||475509||0.00075241
10:18||631359000||475509||0.00075241
10:19||631359000||475509||0.00075241
10:20||631359000||474935||0.00075241
10:21||631359000||474935||0.00075241
10:22||631311000||474935||0.00075241
10:23||631257000||474935||0.00075241
10:24||631257000||474935||0.00075241
10:25||631257000||474935||0.00075241
10:26||631257000||474937||0.00075241
10:27||631257000||474937||0.00075241
10:28||630646500||474019||0.00075241
10:29||630647000||474020||0.00075241
10:30||630646000||474020||0.00075241
10:31||630644000||474020||0.00075241
10:32||630643000||474020||0.00075241
10:33||630643000||474020||0.00075241
10:34||630643000||474020||0.00075241
10:35||630643000||474020||0.00075241
10:36||630501500||474020||0.00075241
10:37||631498500||476271||0.00075241
10:38||631502000||476271||0.00075241
10:39||631502000||476271||0.00075241
10:40||631501500||476271||0.00075241
10:41||631500500||474026||0.00075241
10:42||631502500||474031||0.00075241
10:43||631502500||474031||0.00075241
10:44||631501000||474031||0.00075241
10:45||631501000||474031||0.00075241
10:46||631501000||474031||0.00075241
10:47||631501500||474031||0.00075241
10:48||631501000||474031||0.00075241
10:49||631499500||474031||0.00075241
10:50||631005000||474018||0.00075241
10:51||630998500||474018||0.00075241
10:52||630996000||474018||0.00075241
10:53||630994000||474018||0.00075241
10:54||630994500||474018||0.00075241
10:55||630994500||474018||0.00075241
10:56||630994500||474018||0.00075241
10:57||630995000||473292||0.00075241
10:58||631073500||473410||0.00075241
10:59||631426500||473410||0.00075241
11:00||631490000||473410||0.00075241
11:01||631490000||473410||0.00075241
11:02||631490000||473410||0.00075241
11:03||631490000||473410||0.00075241
11:04||631491000||473410||0.00075241
11:05||631464500||473410||0.00075241
11:06||631363500||473410||0.00075241
11:07||631362000||473410||0.00075241
11:08||631207500||473410||0.00075241
11:09||631388000||473410||0.00075241
11:10||631388000||473410||0.00075241
11:11||631388000||474311||0.00075241
11:12||631381500||474311||0.00075241
11:13||631194000||474311||0.00075241
11:14||631191500||474311||0.00075241
11:15||631189000||474311||0.00075241
11:16||631189000||474311||0.00075241
11:17||631189000||474311||0.00075241
11:18||631195000||474311||0.00075241
11:19||631450000||474311||0.00075241
11:20||631149000||474311||0.00075241
11:21||631049000||474311||0.00075241
11:22||631049000||474770||0.00075241
11:23||631049000||474770||0.00075241
11:24||631000500||474770||0.00075241
11:25||631000500||474770||0.00075241
11:26||630925500||474311||0.00075241
11:27||630925000||474311||0.00075241
11:28||630925000||474657||0.00075241
11:29||630924500||474657||0.00075241
11:30||630923500||474657||0.00075241
11:31||630874000||474657||0.00075241
11:32||630875000||474695||0.00075241
11:33||630876000||474695||0.00075241
11:34||630852500||474695||0.00075241
11:35||630852500||474695||0.00075241
11:36||630852500||474659||0.00075241
11:37||630852500||474659||0.00075241
11:38||630852500||474659||0.00075241
11:39||630851000||474659||0.00075241
11:40||630851000||474659||0.00075241
11:41||630851000||474659||0.00075241
11:42||630851000||474659||0.00075241
11:43||630851000||474659||0.00075241
11:44||630851000||474659||0.00075241
11:45||630851000||474657||0.00075241
11:46||630850500||474658||0.00075241
11:47||630850500||474658||0.00075241
11:48||630850500||474658||0.00075241
11:49||630850500||474658||0.00075241
11:50||630850500||474658||0.00075241
11:51||630850500||474658||0.00075241
11:52||630850500||474658||0.00075241
11:53||630850500||474658||0.00075241
11:54||630850500||474658||0.00075241
11:55||630850500||474658||0.00075241
11:56||630850500||474658||0.00075241
11:57||630850500||474658||0.00075241
11:58||630850500||474658||0.00075241
11:59||630850500||474658||0.00075241
12:00||630850500||474658||0.00075241
12:01||630850500||474658||0.00075241
12:02||631468000||475071||0.00075241
12:03||631499500||475071||0.00075241
12:04||631519500||475222||0.00075241
12:05||631524500||475108||0.00075241
12:06||631524500||477404||0.00075241
12:07||632944000||477404||0.00075241
12:08||632945000||477404||0.00075241
12:09||632945000||477404||0.00075241
12:10||632797000||475110||0.00075241
12:11||632676500||475110||0.00075241
12:12||632555500||475110||0.00075241
12:13||632445500||475110||0.00075241
12:14||632728500||475110||0.00075241
12:15||632754000||475116||0.00075241
12:16||632970000||475232||0.00075241
12:17||633167000||475232||0.00075241
12:18||633313000||475232||0.00075241
12:19||633251000||475232||0.00075241
12:20||633144000||475232||0.00075241
12:21||633073500||475232||0.00075241
12:22||633021500||475232||0.00075241
12:23||632953500||475232||0.00075241
12:24||632896500||476411||0.00075241
12:25||632814000||476411||0.00075241
12:26||632660500||476020||0.00075241
12:27||632660500||476019||0.00075241
12:28||632660500||476020||0.00075241
12:29||632660500||476019||0.00075241
12:30||632660500||476019||0.00075241
12:31||632660500||476019||0.00075241
12:32||632660500||476020||0.00075241
12:33||632660500||476020||0.00075241
12:34||632660500||476019||0.00075241
12:35||632146000||476019||0.00075241
12:36||632146000||475996||0.00075241
12:37||632146000||475996||0.00075241
12:38||632146000||475996||0.00075241
12:39||632628500||475996||0.00075241
12:40||632145500||475995||0.00075241
12:41||632145500||475995||0.00075241
12:42||632145500||475995||0.00075241
12:43||632146000||475995||0.00075241
12:44||632135500||475269||0.00075241
12:45||632023500||475101||0.00075241
12:46||632010500||475101||0.00075241
12:47||632010500||475101||0.00075241
12:48||632284000||475101||0.00075241
12:49||632284000||475523||0.00075241
12:50||632284000||475523||0.00075241
12:51||632284000||475523||0.00075241
12:52||632245000||475523||0.00075241
12:53||631964500||475523||0.00075241
12:54||631964500||475523||0.00075241
12:55||631949000||475523||0.00075241
12:56||631949000||475523||0.00075241
12:57||631959500||475523||0.00075241
12:58||631959500||475523||0.00075241
12:59||631960000||475523||0.00075241
13:00||631769500||474815||0.00075241
13:01||631769500||474815||0.00075241
13:02||631783500||474815||0.00075241
13:03||631783500||474815||0.00075241
13:04||631783500||475884||0.00075241
13:05||631783500||475884||0.00075241
13:06||631783500||475884||0.00075241
13:07||631782500||475884||0.00075241
13:08||631782500||475884||0.00075241
13:09||631901000||475884||0.00075241
13:10||631950000||475884||0.00075241
13:11||631966500||475882||0.00075241
13:12||632016500||475824||0.00075241
13:13||632476500||475824||0.00075241
13:14||632476500||475880||0.00075241
13:15||632477000||475880||0.00075241
13:16||632477000||475880||0.00075241
13:17||632477000||475880||0.00075241
13:18||632477000||475880||0.00075241
13:19||632477000||475882||0.00075241
13:20||632477500||475882||0.00075241
13:21||632477500||475882||0.00075241
13:22||632477500||475882||0.00075241
13:23||632513500||475882||0.00075241
13:24||632513500||475882||0.00075241
13:25||632512000||475882||0.00075241
13:26||632512000||475882||0.00075241
13:27||632477500||475882||0.00075241
13:28||632477500||475882||0.00075241
13:29||632233000||475880||0.00075241
13:30||632000500||475523||0.00075241
13:31||632000500||475523||0.00075241
13:32||631808500||475523||0.00075241
13:33||631808500||475523||0.00075241
13:34||631797500||475523||0.00075241
13:35||631697000||475146||0.00075241
13:36||631450500||475146||0.00075241
13:37||631325500||474958||0.00075241
13:38||631325500||475110||0.00075241
13:39||631325500||475110||0.00075241
13:40||631169500||474808||0.00075241
13:41||631171500||474808||0.00075241
13:42||631450500||474808||0.00075241
13:43||631449500||475109||0.00075241
13:44||631449500||475108||0.00075241
13:45||631449500||475108||0.00075241
13:46||631449500||475108||0.00075241
13:47||631449500||475108||0.00075241
13:48||631168500||474686||0.00075241
13:49||631168500||474686||0.00075241
13:50||631167500||474686||0.00075241
13:51||631167500||474686||0.00075241
13:52||631167500||474686||0.00075241
13:53||631167500||474686||0.00075241
13:54||631167500||474686||0.00075241
13:55||631166000||474686||0.00075241
13:56||631160500||474686||0.00075241
13:57||629674500||473341||0.00075241
13:58||627757000||472514||0.00075241
13:59||627757000||472514||0.00075241
14:00||628276000||472197||0.00075241
14:01||627567500||472178||0.00075241
14:02||627567500||472197||0.00075241
14:03||628059500||472197||0.00075241
14:04||628059500||472229||0.00075241
14:05||628068500||472229||0.00075241
14:06||628114000||472285||0.00075241
14:07||628147500||472285||0.00075241
14:08||628178500||472285||0.00075241
14:09||628206000||472885||0.00075241
14:10||628230500||472885||0.00075241
14:11||628241000||472885||0.00075241
14:12||627625000||472362||0.00075241
14:13||626453500||472144||0.00075241
14:14||626593000||470765||0.00075241
14:15||626650000||470765||0.00075241
14:16||626720500||470765||0.00075241
14:17||626770000||470765||0.00075241
14:18||626569000||470765||0.00075241
14:19||626891000||471193||0.00075241
14:20||627508500||471193||0.00075241
14:21||626601000||472143||0.00075241
14:22||626604000||472143||0.00075241
14:23||626608500||472143||0.00075241
14:24||626612000||472143||0.00075241
14:25||626647000||472116||0.00075241
14:26||626647000||472116||0.00075241
14:27||626630000||472116||0.00075241
14:28||626648000||472116||0.00075241
14:29||627472500||472116||0.00075241
14:30||626654500||472116||0.00075241
14:31||626654500||472116||0.00075241
14:32||626654500||472116||0.00075241
14:33||626654500||472118||0.00075241
14:34||626654500||472118||0.00075241
14:35||626654500||472118||0.00075241
14:36||626752500||472118||0.00075241
14:37||627259500||472144||0.00075241
14:38||626868500||472144||0.00075241
14:39||627364000||472870||0.00075241
14:40||627342000||472870||0.00075241
14:41||627342000||472870||0.00075241
14:42||628215000||472870||0.00075241
14:43||627490000||472870||0.00075241
14:44||627350000||472870||0.00075241
14:45||627350000||472870||0.00075241
14:46||627350000||472870||0.00075241
14:47||627350000||472870||0.00075241
14:48||627350000||471761||0.00075241
14:49||627350000||471761||0.00075241
14:50||627357000||471761||0.00075241
14:51||627357000||471761||0.00075241
14:52||627807500||472832||0.00075241
14:53||627902500||472832||0.00075241
14:54||627824500||472832||0.00075241
14:55||627824500||472832||0.00075241
14:56||628000000||472832||0.00075241
14:57||627845000||472832||0.00075241
14:58||627845000||472832||0.00075241
14:59||627845000||472832||0.00075241
15:00||627403500||471948||0.00075241
15:01||627062000||471859||0.00075241
15:02||627062000||471859||0.00075241
15:03||627320000||472137||0.00075241
15:04||627552500||472137||0.00075241
15:05||627552500||472137||0.00075241
15:06||627651000||472212||0.00075241
15:07||627651000||472212||0.00075241
15:08||627651000||472214||0.00075241
15:09||627699500||472287||0.00075241
15:10||627699500||472287||0.00075241
15:11||627699000||472287||0.00075241
15:12||627699500||472287||0.00075241
15:13||627699500||472287||0.00075241
15:14||627649500||472287||0.00075241
15:15||627648000||472287||0.00075241
15:16||627601500||472287||0.00075241
15:17||627601500||472213||0.00075241
15:18||627601500||472214||0.00075241
15:19||627601500||472214||0.00075241
15:20||627601500||472214||0.00075241
15:21||627601500||472214||0.00075241
15:22||627601500||472214||0.00075241
15:23||627601500||472214||0.00075241
15:24||627650500||472287||0.00075241
15:25||627650500||472213||0.00075241
15:26||627650500||472213||0.00075241
15:27||627757500||472287||0.00075241
15:28||628150500||472663||0.00075241
15:29||628199500||472663||0.00075241
15:30||628199500||472663||0.00075241
15:31||628199500||472663||0.00075241
15:32||628249500||472739||0.00075241
15:33||628311500||472832||0.00075241
15:34||628311500||472832||0.00075241
15:35||628311500||472832||0.00075241
15:36||628311500||472832||0.00075241
15:37||628299500||472832||0.00075241
15:38||628311500||472832||0.00075241
15:39||628363000||472740||0.00075241
15:40||628423500||472740||0.00075241
15:41||628423500||472740||0.00075241
15:42||628423500||472740||0.00075241
15:43||628423500||472740||0.00075241
15:44||628120000||472663||0.00075241
15:45||627820500||472513||0.00075241
15:46||627748500||472361||0.00075241
15:47||627700500||472287||0.00075241
15:48||627750000||472288||0.00075241
15:49||627749500||472287||0.00075241
15:50||627749500||472287||0.00075241
15:51||627749500||472287||0.00075241
15:52||627749500||472287||0.00075241
15:53||627749500||472287||0.00075241
15:54||627798500||472362||0.00075241
15:55||627798500||472362||0.00075241
15:56||627798500||472362||0.00075241
15:58||627798500||472362||0.00075241
15:59||627798500||472362||0.00075241
16:00||627798500||472362||0.00075241
16:01||627799000||472362||0.00075241
16:02||627799500||472362||0.00075241
16:03||627799500||472362||0.00075241
16:04||627799500||472362||0.00075241
16:05||628449000||473265||0.00075241
16:06||628504000||473265||0.00075241
16:07||628625500||473265||0.00075241
16:08||628625500||473265||0.00075241
16:09||628625500||473265||0.00075241
16:10||628862000||473265||0.00075241
16:11||628864000||473265||0.00075241
16:12||628864000||473265||0.00075241
16:13||628864000||473265||0.00075241
16:14||628864000||473265||0.00075241
16:15||628864000||473265||0.00075241
16:16||628864000||473265||0.00075241
16:17||628864000||473265||0.00075241
16:18||628864000||473265||0.00075241
16:19||628815500||473265||0.00075241
16:20||628815500||473265||0.00075241
16:21||628999500||473265||0.00075241
16:22||628999500||473265||0.00075241
16:23||629250000||473641||0.00075241
16:24||629255000||473641||0.00075241
16:25||629499500||473641||0.00075241
16:26||629748000||473642||0.00075241
16:27||629701000||473642||0.00075241
16:28||629899500||473642||0.00075241
16:29||629947500||474015||0.00075241
16:30||629947500||474015||0.00075241
16:31||629996000||474014||0.00075241
16:32||629995500||474014||0.00075241
16:33||629995500||474014||0.00075241
16:34||629995500||474014||0.00075241
16:35||629995500||474014||0.00075241
16:36||629211500||473942||0.00075241
16:37||626118500||469511||0.00075241
16:38||624700000||469001||0.00075241
16:39||624825000||469001||0.00075241
16:40||624500000||469001||0.00075241
16:41||624999500||470255||0.00075241
16:42||624999500||470255||0.00075241
16:43||625500000||471007||0.00075241
16:44||625500000||471007||0.00075241
16:45||625999500||471007||0.00075241
16:46||625689000||471007||0.00075241
16:47||625240000||470481||0.00075241
16:48||625235000||470459||0.00075241
16:49||625232000||470459||0.00075241
16:50||625100500||470406||0.00075241
16:51||625100500||470331||0.00075241
16:52||625100500||470331||0.00075241
16:53||625100500||470331||0.00075241
16:54||625187000||470463||0.00075241
16:55||624624500||470331||0.00075241
16:56||623768000||469522||0.00075241
16:57||624267500||469127||0.00075241
16:58||624204000||469127||0.00075241
16:59||624189000||469127||0.00075241
17:00||624190000||470164||0.00075241
17:01||624190000||470164||0.00075241
17:02||624100000||470164||0.00075241
17:03||624050000||470164||0.00075241
17:04||624049000||470164||0.00075241
17:05||624049000||470164||0.00075241
17:06||624049000||469202||0.00075241
17:07||624049000||469202||0.00075241
17:08||624049000||469202||0.00075241
17:09||624049000||469202||0.00075241
17:10||624050500||469880||0.00075241
17:11||624351500||470256||0.00075241
17:12||624354000||470256||0.00075241
17:13||624354000||470256||0.00075241
17:14||625792500||470463||0.00075241
17:15||624805000||471007||0.00075241
17:16||624841000||471007||0.00075241
17:17||624841000||471007||0.00075241
17:18||624841500||471007||0.00075241
17:19||624843000||469266||0.00075241
17:20||624842500||471006||0.00075241
17:21||624844000||471007||0.00075241
17:22||624846000||471007||0.00075241
17:23||624846000||471007||0.00075241
17:24||624848000||471007||0.00075241
17:25||624851000||471007||0.00075241
17:26||624851000||471007||0.00075241
17:27||624851000||471007||0.00075241
17:28||624851000||471007||0.00075241
17:29||624999500||471007||0.00075241
17:30||625001000||471007||0.00075241
17:31||625005500||471007||0.00075241
17:32||625497000||471004||0.00075241
17:33||625005000||469516||0.00075241
17:34||625007000||469516||0.00075241
17:35||624962000||469516||0.00075241
17:36||624965000||469516||0.00075241
17:37||624965000||469516||0.00075241
17:38||624964500||469516||0.00075241
17:39||624965000||469516||0.00075241
17:40||624963500||469516||0.00075241
17:41||625507500||471384||0.00075241
17:42||625544000||471752||0.00075241
17:43||626101000||471760||0.00075241
17:44||626002500||471760||0.00075241
17:45||626203500||471760||0.00075241
17:46||626350000||471760||0.00075241
17:47||626453000||471760||0.00075241
17:48||626949500||471685||0.00075241
17:49||626998500||471759||0.00075241
17:50||626998500||471759||0.00075241
17:51||626998500||471759||0.00075241
17:52||626251500||471759||0.00075241
17:53||626251500||471759||0.00075241
17:54||626251500||471759||0.00075241
17:55||626251500||471759||0.00075241
17:56||625801500||470636||0.00075241
17:57||625505500||470636||0.00075241
17:58||625505500||470636||0.00075241
17:59||625505500||470636||0.00075241
18:00||625505500||470636||0.00075241
18:01||625505500||470636||0.00075241
18:02||625505500||470636||0.00075241
18:03||625505500||470636||0.00075241
18:04||625505500||470636||0.00075241
18:05||625505500||470636||0.00075241
18:06||625505500||470636||0.00075241
18:07||625505500||470636||0.00075241
18:08||625505500||470636||0.00075241
18:09||625505500||470636||0.00075241
18:10||625505500||470636||0.00075241
18:11||625505500||470636||0.00075241
18:12||625004500||470634||0.00075241
18:13||625003500||470634||0.00075241
18:14||624933500||470634||0.00075241
18:15||624868500||470634||0.00075241
18:16||624886000||470634||0.00075241
18:17||624886000||470634||0.00075241
18:18||624886000||470634||0.00075241
18:19||624886000||470634||0.00075241
18:20||624886000||470634||0.00075241
18:21||624886000||470634||0.00075241
18:22||624884500||470634||0.00075241
18:23||624884500||470451||0.00075241
18:24||624884500||470451||0.00075241
18:25||624884500||470451||0.00075241
18:26||624884500||470451||0.00075241
18:27||624884500||470451||0.00075241
18:28||624884500||470451||0.00075241
18:29||624804500||470451||0.00075241
18:30||624804500||470451||0.00075241
18:31||624804500||470451||0.00075241
18:32||624786000||470451||0.00075241
18:33||624760500||469894||0.00075241
18:34||624901500||470469||0.00075241
18:35||624901500||470469||0.00075241
18:36||624909500||470469||0.00075241
18:37||625195500||471082||0.00075241
18:38||625336000||470912||0.00075241
18:39||625292000||470912||0.00075241
18:40||625150000||470181||0.00075241
18:41||625399500||470181||0.00075241
18:42||625399500||470181||0.00075241
18:43||625399500||470557||0.00075241
18:44||625399500||470556||0.00075241
18:45||625199500||470556||0.00075241
18:46||625199500||470556||0.00075241
18:47||625199500||470556||0.00075241
18:48||625202000||470556||0.00075241
18:49||625202000||470556||0.00075241
18:50||625202000||470556||0.00075241
18:51||625202000||470556||0.00075241
18:52||625207000||470256||0.00075241
18:53||625206000||470256||0.00075241
18:54||624957500||470267||0.00075241
18:55||624956500||470267||0.00075241
18:56||624956500||470267||0.00075241
18:57||624956500||470267||0.00075241
18:58||624956500||470267||0.00075241
18:59||624956500||470267||0.00075241
19:00||624956500||470267||0.00075241
19:01||624956500||470267||0.00075241
19:02||624956500||470267||0.00075241
19:03||624956500||470181||0.00075241
19:04||625125000||469208||0.00075241
19:05||624072000||469849||0.00075241
19:06||623995500||469837||0.00075241
19:07||624392000||469792||0.00075241
19:08||624192500||469503||0.00075241
19:09||624490000||469206||0.00075241
19:10||624186000||469127||0.00075241
19:11||623234000||469001||0.00075241
19:12||623224000||469001||0.00075241
19:13||623151500||468865||0.00075241
19:14||623151500||468865||0.00075241
19:15||623151500||468865||0.00075241
19:16||622511000||468789||0.00075241
19:17||622011000||468789||0.00075241
19:18||621850000||467999||0.00075241
19:19||622849500||467773||0.00075241
19:20||622849500||467773||0.00075241
19:21||622801000||467773||0.00075241
19:22||622779000||467773||0.00075241
19:23||623406500||467773||0.00075241
19:24||622843000||467999||0.00075241
19:25||622000500||467999||0.00075241
19:26||621875500||467810||0.00075241
19:27||621875500||467810||0.00075241
19:28||621875000||467810||0.00075241
19:29||621875000||467810||0.00075241
19:30||621875000||467810||0.00075241
19:31||621255500||467716||0.00075241
19:32||621500000||467246||0.00075241
19:33||621500500||467246||0.00075241
19:34||622000500||467261||0.00075241
19:35||621522500||467999||0.00075241
19:36||621522500||467999||0.00075241
19:37||621522500||467999||0.00075241
19:38||622367000||469270||0.00075241
19:39||622367000||467280||0.00075241
19:40||622367000||467280||0.00075241
19:41||622367000||467280||0.00075241
19:42||622313500||467280||0.00075241
19:43||622313500||467280||0.00075241
19:44||622313500||467280||0.00075241
19:45||622313500||467280||0.00075241
19:46||622313500||467280||0.00075241
19:47||622313500||469189||0.00075241
19:48||622313500||469189||0.00075241
19:49||622337500||469189||0.00075241
19:50||622552500||469501||0.00075241
19:51||622582000||467327||0.00075241
19:52||622611500||467327||0.00075241
19:53||623990500||467327||0.00075241
19:54||623993500||467327||0.00075241
19:55||623990500||467327||0.00075241
19:56||623990500||467327||0.00075241
19:57||623990500||467327||0.00075241
19:58||623990500||467327||0.00075241
19:59||623990500||467976||0.00075241
20:00||623142000||467976||0.00075241
20:01||623989500||467976||0.00075241
20:02||623989500||467976||0.00075241
20:03||623989500||467976||0.00075241
20:04||623106000||468166||0.00075241
20:05||623088000||468166||0.00075241
20:06||622755000||468166||0.00075241
20:07||622755000||468166||0.00075241
20:08||622755000||468166||0.00075241
20:09||622755000||468166||0.00075241
20:10||622755000||468166||0.00075241
20:11||622755000||468166||0.00075241
20:12||623087500||469413||0.00075241
20:13||623285000||469413||0.00075241
20:14||623458500||469413||0.00075241
20:15||623458500||469413||0.00075241
20:16||623457500||469413||0.00075241
20:17||623450000||469413||0.00075241
20:18||623449500||469413||0.00075241
20:19||623449000||469413||0.00075241
20:20||623439500||469413||0.00075241
20:21||623000500||469413||0.00075241
20:22||623000500||469413||0.00075241
20:23||623000500||469413||0.00075241
20:24||623000500||469413||0.00075241
20:25||623449500||469413||0.00075241
20:26||623449500||469413||0.00075241
20:27||623458500||469413||0.00075241
20:28||623458500||469413||0.00075241
20:29||623458500||469413||0.00075241
20:30||623898500||469413||0.00075241
20:31||623898500||469413||0.00075241
20:32||623898500||469413||0.00075241
20:33||623898500||469413||0.00075241
20:34||623432000||468752||0.00075241
20:35||623002500||468752||0.00075241
20:36||622751500||468375||0.00075241
20:37||622612500||468166||0.00075241
20:38||622612500||468166||0.00075241
20:39||622612500||468166||0.00075241
20:40||622478500||467965||0.00075241
20:41||622478000||467965||0.00075241
20:42||622477500||467965||0.00075241
20:43||622477000||467965||0.00075241
20:44||622476000||467965||0.00075241
20:45||622475500||467965||0.00075241
20:46||622475000||467965||0.00075241
20:47||622474500||467965||0.00075241
20:48||622473500||467965||0.00075241
20:49||622473500||467965||0.00075241
20:50||622946000||467965||0.00075241
20:51||622945000||468676||0.00075241
20:52||622428500||468676||0.00075241
20:53||622429500||468676||0.00075241
20:54||622429000||468676||0.00075241
20:55||622429000||468673||0.00075241
20:56||622434000||468673||0.00075241
20:57||622433000||468673||0.00075241
20:58||622442000||468673||0.00075241
20:59||622441500||468673||0.00075241
21:00||622893000||468673||0.00075241
21:01||622436500||468673||0.00075241
21:02||622437500||468673||0.00075241
21:03||622437500||468673||0.00075241
21:04||622437500||468673||0.00075241
21:05||622437500||468673||0.00075241
21:06||622437500||468673||0.00075241
21:07||622441000||468672||0.00075241
21:08||622894500||468672||0.00075241
21:09||622894500||468672||0.00075241
21:10||622894500||468672||0.00075241
21:11||622894500||468671||0.00075241
21:12||622894500||468671||0.00075241
21:13||622942500||468672||0.00075241
21:14||622989500||468672||0.00075241
21:15||622992500||468743||0.00075241
21:16||622994500||468743||0.00075241
21:17||622994500||468746||0.00075241
21:18||622994500||468747||0.00075241
21:19||622994500||468746||0.00075241
21:20||622994500||468746||0.00075241
21:21||622994500||468747||0.00075241
21:22||622749500||468746||0.00075241
21:23||622751000||468746||0.00075241
21:24||622797500||468746||0.00075241
21:25||622846500||468746||0.00075241
21:26||622847500||468746||0.00075241
21:27||622992500||468746||0.00075241
21:28||622992500||468746||0.00075241
21:29||622998500||468750||0.00075241
21:30||622998500||468749||0.00075241
21:31||622998500||468750||0.00075241
21:32||623226500||468750||0.00075241
21:33||624643000||469541||0.00075241
21:34||625063000||470256||0.00075241
21:35||627947000||472434||0.00075241
21:36||626039500||472434||0.00075241
21:37||626284500||472434||0.00075241
21:38||626284500||472434||0.00075241
21:39||626235000||472434||0.00075241
21:40||625749500||471761||0.00075241
21:41||625249000||469127||0.00075241
21:42||624749000||469127||0.00075241
21:43||624400000||468751||0.00075241
21:44||624100000||468751||0.00075241
21:45||624450000||468751||0.00075241
21:46||624450500||468751||0.00075241
21:47||624250000||468751||0.00075241
21:48||623550000||469202||0.00075241
21:49||624116500||469001||0.00075241
21:50||624050000||469001||0.00075241
21:51||623805500||468901||0.00075241
21:52||622649500||468750||0.00075241
21:53||622649500||468750||0.00075241
21:54||622699500||468750||0.00075241
21:55||622699500||468750||0.00075241
21:56||622699500||468750||0.00075241
21:57||622699500||468750||0.00075241
21:58||622205500||468006||0.00075241
21:59||621561500||467965||0.00075241
22:00||621561500||467965||0.00075241
22:01||621561500||467965||0.00075241
22:02||621561500||467965||0.00075241
22:03||621561500||467965||0.00075241
22:04||621562000||467373||0.00075241
22:05||621169500||467373||0.00075241
22:06||621562000||467373||0.00075241
22:07||621562500||467373||0.00075241
22:08||621562500||467373||0.00075241
22:09||621562500||467373||0.00075241
22:10||621575000||467373||0.00075241
22:11||621576000||467373||0.00075241
22:12||621576000||467373||0.00075241
22:13||621576000||467373||0.00075241
22:14||621575000||467373||0.00075241
22:15||621575000||467373||0.00075241
22:16||621575000||467373||0.00075241
22:17||621575000||467373||0.00075241
22:18||621575000||467373||0.00075241
22:19||621625000||467373||0.00075241
22:20||621625000||467373||0.00075241
22:21||621625000||467373||0.00075241
22:22||621626500||467373||0.00075241
22:23||621626500||467373||0.00075241
22:24||621626500||467373||0.00075241
22:25||621625000||467373||0.00075241
22:26||621625000||466573||0.00075241
22:27||621028000||466573||0.00075241
22:28||621028000||466573||0.00075241
22:29||619533000||464249||0.00075241
22:30||619531500||464249||0.00075241
22:31||619531500||464249||0.00075241
22:32||620013000||464249||0.00075241
22:33||621946500||464249||0.00075241
22:34||621946500||464249||0.00075241
22:35||621946500||464249||0.00075241
22:36||621946500||464249||0.00075241
22:37||621946500||464249||0.00075241
22:38||621946500||464249||0.00075241
22:39||621946500||464249||0.00075241
22:40||621946500||464249||0.00075241
22:41||619973000||467958||0.00075241
22:42||619972500||467958||0.00075241
22:43||619970500||467958||0.00075241
22:44||619970000||467958||0.00075241
22:45||619967000||467958||0.00075241
22:46||619966000||467958||0.00075241
22:47||619966000||467958||0.00075241
22:48||619966000||467958||0.00075241
22:49||619952500||467958||0.00075241
22:50||619953500||467958||0.00075241
22:51||619953000||467958||0.00075241
22:52||619953000||467958||0.00075241
22:53||619954500||467958||0.00075241
22:54||619953500||467958||0.00075241
22:55||619955000||467958||0.00075241
22:56||620445000||467958||0.00075241
22:57||620924000||467958||0.00075241
22:58||621427000||467170||0.00075241
22:59||621427000||467170||0.00075241
23:00||620103500||467170||0.00075241
23:01||621000500||467170||0.00075241
23:02||621429000||467170||0.00075241
23:03||620031000||467170||0.00075241
23:04||620176000||467170||0.00075241
23:05||620344500||467170||0.00075241
23:06||620420500||467170||0.00075241
23:07||621749500||467170||0.00075241
23:08||620486000||467170||0.00075241
23:09||620584500||467170||0.00075241
23:10||620644500||467170||0.00075241
23:11||620741000||467170||0.00075241
23:12||620828500||467170||0.00075241
23:13||620892500||467170||0.00075241
23:14||620965000||467170||0.00075241
23:15||621030500||467170||0.00075241
23:16||621090000||467170||0.00075241
23:17||621101000||467170||0.00075241
23:18||621101000||467170||0.00075241
23:19||622054500||467999||0.00075241
23:20||622054000||467999||0.00075241
23:21||622054000||467999||0.00075241
23:22||622054000||467999||0.00075241
23:23||622104000||468148||0.00075241
23:24||622104000||468148||0.00075241
23:25||622104000||468148||0.00075241
23:26||622104000||468148||0.00075241
23:27||622254500||468375||0.00075241
23:28||622254500||468375||0.00075241
23:29||622254000||468375||0.00075241
23:30||622254000||468375||0.00075241
23:31||622254000||468375||0.00075241
23:32||622254000||468375||0.00075241
23:33||622154500||468005||0.00075241
23:34||622009500||468005||0.00075241
23:35||623218500||469824||0.00075241
23:36||622755500||469824||0.00075241
23:37||623220000||469824||0.00075241
23:38||623220000||469824||0.00075241
23:39||623220000||469824||0.00075241
23:40||623220000||469824||0.00075241
23:41||623220000||469824||0.00075241
23:42||623220000||469824||0.00075241
23:43||623220500||469824||0.00075241
23:44||623220000||469824||0.00075241
23:45||623217500||469824||0.00075241
23:46||623218500||469824||0.00075241
23:47||623218000||469824||0.00075241
23:48||623217500||469824||0.00075241
23:49||623217500||469824||0.00075241
23:50||623217500||469824||0.00075241
23:51||623217500||469824||0.00075241
23:52||623254500||469824||0.00075241
23:53||623254500||469824||0.00075241
23:54||623254500||468005||0.00075241
23:55||623254500||468005||0.00075241
23:56||623254500||468005||0.00075241
23:57||623254500||468005||0.00075241
23:58||623254500||468005||0.00075241
23:59||623254500||468005||0.00075241
