00:00||781151000||587259||0.00075241
00:01||781150500||587259||0.00075241
00:02||781150500||587259||0.00075241
00:03||780796500||586727||0.00075241
00:04||780796500||586727||0.00075241
00:05||779594000||586421||0.00075241
00:06||780594500||586727||0.00075241
00:07||780593500||586727||0.00075241
00:08||780593500||586727||0.00075241
00:09||780935000||588743||0.00075241
00:10||781470000||588743||0.00075241
00:11||781236000||588743||0.00075241
00:12||781236000||588743||0.00075241
00:13||781236000||588384||0.00075241
00:14||781236000||588384||0.00075241
00:15||781240500||588384||0.00075241
00:16||781235000||587241||0.00075241
00:17||781235000||588368||0.00075241
00:18||781483000||588368||0.00075241
00:19||781483000||588368||0.00075241
00:20||781483000||588368||0.00075241
00:21||781483000||587249||0.00075241
00:22||781488000||587249||0.00075241
00:23||781488000||587249||0.00075241
00:24||781490000||587249||0.00075241
00:25||781491000||587249||0.00075241
00:26||781493000||587249||0.00075241
00:27||781493000||587249||0.00075241
00:28||781493000||587249||0.00075241
00:29||781494500||587249||0.00075241
00:30||781494500||587249||0.00075241
00:31||781494500||587249||0.00075241
00:32||781493000||587249||0.00075241
00:33||781493000||587249||0.00075241
00:34||781494500||587249||0.00075241
00:35||781494500||587249||0.00075241
00:36||781494500||587249||0.00075241
00:37||781494500||587249||0.00075241
00:38||781494500||587249||0.00075241
00:39||781494500||587249||0.00075241
00:40||781494500||587249||0.00075241
00:41||781494500||587249||0.00075241
00:42||781494500||587249||0.00075241
00:43||781493500||587249||0.00075241
00:44||781493500||587249||0.00075241
00:45||781493500||587249||0.00075241
00:46||781493500||587249||0.00075241
00:47||781259500||587249||0.00075241
00:48||781259500||587249||0.00075241
00:49||781259500||587249||0.00075241
00:50||781259500||587249||0.00075241
00:51||781259500||587249||0.00075241
00:52||781261500||587249||0.00075241
00:53||781256500||587274||0.00075241
00:54||781256500||587274||0.00075241
00:55||781256500||587274||0.00075241
00:56||781252500||587274||0.00075241
00:57||781251500||587274||0.00075241
00:58||781251500||587274||0.00075241
00:59||781251500||587274||0.00075241
01:00||781251500||587274||0.00075241
01:01||781251500||587274||0.00075241
01:02||781266000||587274||0.00075241
01:03||781266000||587274||0.00075241
01:04||781266000||587274||0.00075241
01:05||781265500||587274||0.00075241
01:06||781250000||587274||0.00075241
01:07||781248500||587274||0.00075241
01:08||781248500||587274||0.00075241
01:09||781248500||587274||0.00075241
01:10||781248500||587274||0.00075241
01:11||781247500||587274||0.00075241
01:12||781246500||587274||0.00075241
01:13||781246500||587274||0.00075241
01:14||781246500||587274||0.00075241
01:15||781246500||587274||0.00075241
01:16||781246500||587274||0.00075241
01:17||781246500||587274||0.00075241
01:18||781245000||587274||0.00075241
01:19||781241500||588353||0.00075241
01:20||781239000||588353||0.00075241
01:21||781239000||588353||0.00075241
01:22||781228500||588345||0.00075241
01:23||781226000||588345||0.00075241
01:24||781231000||588349||0.00075241
01:25||781232000||588349||0.00075241
01:26||781231500||588349||0.00075241
01:27||781231500||588348||0.00075241
01:28||781231500||588348||0.00075241
01:29||781231500||588348||0.00075241
01:30||781230500||587262||0.00075241
01:31||781230500||587262||0.00075241
01:32||781230500||587262||0.00075241
01:33||781230500||587262||0.00075241
01:34||781230500||587262||0.00075241
01:35||781230500||587262||0.00075241
01:36||781230500||587262||0.00075241
01:37||781230500||587262||0.00075241
01:38||781230500||587262||0.00075241
01:39||781230500||587262||0.00075241
01:40||781230500||587262||0.00075241
01:41||781230500||587262||0.00075241
01:42||781230500||587262||0.00075241
01:43||781229000||587262||0.00075241
01:44||781229000||587262||0.00075241
01:45||781229000||587262||0.00075241
01:46||781229000||587262||0.00075241
01:47||781229000||587262||0.00075241
01:48||781229000||587262||0.00075241
01:49||781229000||587262||0.00075241
01:50||781229000||587262||0.00075241
01:51||781229000||587262||0.00075241
01:52||781229000||587262||0.00075241
01:53||781229000||587262||0.00075241
01:54||781229000||587262||0.00075241
01:55||781229000||587262||0.00075241
01:56||781224500||587262||0.00075241
01:57||781224500||587262||0.00075241
01:58||781224500||587262||0.00075241
01:59||781224500||587262||0.00075241
02:00||781224500||587262||0.00075241
02:01||781224500||587262||0.00075241
02:02||780912500||587262||0.00075241
02:03||780950500||587262||0.00075241
02:04||780950500||587262||0.00075241
02:05||780950500||587262||0.00075241
02:06||781622500||587782||0.00075241
02:07||781622500||587782||0.00075241
02:08||781622500||587782||0.00075241
02:09||781622500||587782||0.00075241
02:10||781622500||587782||0.00075241
02:11||781622500||587782||0.00075241
02:12||781622500||587782||0.00075241
02:13||781622500||587782||0.00075241
02:14||781622500||587782||0.00075241
02:15||781622500||587782||0.00075241
02:16||781225500||587782||0.00075241
02:17||781225500||587782||0.00075241
02:18||780511500||587782||0.00075241
02:19||780511500||587782||0.00075241
02:20||780511500||587782||0.00075241
02:21||780511500||587782||0.00075241
02:22||780511500||587782||0.00075241
02:23||780511500||587782||0.00075241
02:24||780511500||587782||0.00075241
02:25||780511500||587782||0.00075241
02:26||780511500||587782||0.00075241
02:27||780511500||587782||0.00075241
02:28||780511500||587782||0.00075241
02:29||780511500||587782||0.00075241
02:30||780511500||587782||0.00075241
02:31||780511500||587782||0.00075241
02:32||780511500||587265||0.00075241
02:33||780511500||587265||0.00075241
02:34||780511500||587265||0.00075241
02:35||780511500||587265||0.00075241
02:36||780511500||587265||0.00075241
02:37||780511500||587265||0.00075241
02:38||780511500||587265||0.00075241
02:39||780511500||587265||0.00075241
02:40||780511500||587265||0.00075241
02:41||780511500||587265||0.00075241
02:42||780511500||587265||0.00075241
02:43||780511500||587265||0.00075241
02:44||780511500||587265||0.00075241
02:45||780511500||587265||0.00075241
02:46||780511500||587264||0.00075241
02:47||780511500||587264||0.00075241
02:48||780511500||587264||0.00075241
02:49||780511500||587264||0.00075241
02:50||780511500||587264||0.00075241
02:51||780511500||587264||0.00075241
02:52||780511500||587264||0.00075241
02:53||780511500||587264||0.00075241
02:54||780511500||587264||0.00075241
02:55||780511500||587264||0.00075241
02:56||780511500||587264||0.00075241
02:57||780511500||587264||0.00075241
02:58||780511500||587264||0.00075241
02:59||780511500||587264||0.00075241
03:00||780511500||587264||0.00075241
03:01||780511500||587264||0.00075241
03:02||780511500||587264||0.00075241
03:03||780511500||587264||0.00075241
03:04||780511500||587264||0.00075241
03:05||780511500||587264||0.00075241
03:06||780511500||587264||0.00075241
03:07||780511500||587264||0.00075241
03:08||780511500||587264||0.00075241
03:09||780256000||586879||0.00075241
03:10||780256000||586879||0.00075241
03:11||780256000||586879||0.00075241
03:12||780256000||586879||0.00075241
03:13||779952500||586423||0.00075241
03:14||779952500||586423||0.00075241
03:15||779952500||586423||0.00075241
03:16||779952500||586423||0.00075241
03:17||779393500||586423||0.00075241
03:18||779393500||586423||0.00075241
03:19||779393500||586423||0.00075241
03:20||779393500||586423||0.00075241
03:21||779946500||586423||0.00075241
03:22||779946500||586423||0.00075241
03:23||779946500||586423||0.00075241
03:24||779946500||586423||0.00075241
03:25||779946500||586423||0.00075241
03:26||779946500||586423||0.00075241
03:27||779946500||586423||0.00075241
03:28||779946500||586423||0.00075241
03:29||779946500||586423||0.00075241
03:30||779946500||586423||0.00075241
03:31||779946500||586423||0.00075241
03:32||779946500||586423||0.00075241
03:33||779999500||586423||0.00075241
03:34||779999500||586423||0.00075241
03:35||779999500||586423||0.00075241
03:36||779999500||586423||0.00075241
03:37||779999500||586423||0.00075241
03:38||779999500||586423||0.00075241
03:39||779946000||586423||0.00075241
03:40||779849500||586277||0.00075241
03:41||779600000||586277||0.00075241
03:42||779600000||586277||0.00075241
03:43||779600000||586277||0.00075241
03:44||779600000||586277||0.00075241
03:45||779600000||586277||0.00075241
03:46||779600000||586277||0.00075241
03:47||779600000||586277||0.00075241
03:48||779600000||586277||0.00075241
03:49||779600000||586277||0.00075241
03:50||779600000||586277||0.00075241
03:51||779600000||586277||0.00075241
03:52||779600000||586277||0.00075241
03:53||779600000||586277||0.00075241
03:54||779600000||586277||0.00075241
03:55||779600000||586277||0.00075241
03:56||779600000||586277||0.00075241
03:57||779600500||586277||0.00075241
03:58||779600500||586277||0.00075241
03:59||779600500||586277||0.00075241
04:00||779600500||586277||0.00075241
04:01||779600500||586277||0.00075241
04:02||779600500||586278||0.00075241
04:03||779608500||586278||0.00075241
04:04||779608500||586278||0.00075241
04:05||779608500||586278||0.00075241
04:06||779608500||586278||0.00075241
04:07||779608500||586278||0.00075241
04:08||779608500||586278||0.00075241
04:09||779608500||586278||0.00075241
04:10||779608500||586278||0.00075241
04:11||779608500||586278||0.00075241
04:12||779608500||586278||0.00075241
04:13||779608500||586278||0.00075241
04:14||779608500||586278||0.00075241
04:15||779608500||586278||0.00075241
04:16||779608500||586278||0.00075241
04:17||779665500||586278||0.00075241
04:18||779665500||586376||0.00075241
04:19||779665500||586376||0.00075241
04:20||779665500||586376||0.00075241
04:21||779665500||586376||0.00075241
04:22||779665500||586376||0.00075241
04:23||779673000||586376||0.00075241
04:24||779729000||586376||0.00075241
04:25||780259000||586879||0.00075241
04:26||780259000||586879||0.00075241
04:27||780259000||586894||0.00075241
04:28||780259000||586894||0.00075241
04:29||781314000||587256||0.00075241
04:30||781404000||587256||0.00075241
04:31||781482000||587256||0.00075241
04:32||781558500||587256||0.00075241
04:33||780655500||586277||0.00075241
04:34||780628000||586277||0.00075241
04:35||780752500||586277||0.00075241
04:36||780898000||586277||0.00075241
04:37||781039000||586277||0.00075241
04:38||781146000||586277||0.00075241
04:39||781250500||586277||0.00075241
04:40||781329500||586277||0.00075241
04:41||781407000||586277||0.00075241
04:42||781465500||586277||0.00075241
04:43||781522500||586277||0.00075241
04:44||781554000||586277||0.00075241
04:45||781554000||586277||0.00075241
04:46||781554000||586277||0.00075241
04:47||781553500||586277||0.00075241
04:48||781553500||586277||0.00075241
04:49||781553500||586277||0.00075241
04:50||781553500||586277||0.00075241
04:51||781553500||586277||0.00075241
04:52||781553500||586277||0.00075241
04:53||781553500||587863||0.00075241
04:54||781553500||587863||0.00075241
04:55||781553500||587863||0.00075241
04:56||781553500||587863||0.00075241
04:57||781553500||587863||0.00075241
04:58||782247000||588384||0.00075241
04:59||782247000||588384||0.00075241
05:00||782247000||588384||0.00075241
05:01||782243500||588384||0.00075241
05:02||782243500||588384||0.00075241
05:03||782243500||588384||0.00075241
05:04||782243500||588384||0.00075241
05:05||782243500||588384||0.00075241
05:06||782243500||588384||0.00075241
05:07||782243500||588384||0.00075241
05:08||782243500||588384||0.00075241
05:09||782243500||588384||0.00075241
05:10||782243500||588384||0.00075241
05:11||782243500||588384||0.00075241
05:12||782243500||588384||0.00075241
05:13||782243500||588384||0.00075241
05:14||782243500||588384||0.00075241
05:15||783328000||588779||0.00075241
05:16||783436000||588779||0.00075241
05:17||783517500||588779||0.00075241
05:18||783605500||588779||0.00075241
05:19||783671500||588779||0.00075241
05:20||783999500||588779||0.00075241
05:21||783056500||588779||0.00075241
05:22||783221000||588779||0.00075241
05:23||783344500||588813||0.00075241
05:24||783449500||588813||0.00075241
05:25||783540500||588813||0.00075241
05:26||783616500||588813||0.00075241
05:27||783687500||588813||0.00075241
05:28||783741000||588813||0.00075241
05:29||783753000||588813||0.00075241
05:30||783753000||588813||0.00075241
05:31||783149500||588813||0.00075241
05:32||783299000||588663||0.00075241
05:33||783410500||588663||0.00075241
05:34||783471500||588663||0.00075241
05:35||783471500||588663||0.00075241
05:36||783471000||588663||0.00075241
05:37||783471000||588663||0.00075241
05:38||783470500||588663||0.00075241
05:39||782268000||586887||0.00075241
05:40||782479500||586887||0.00075241
05:41||782722500||586887||0.00075241
05:42||782416500||586887||0.00075241
05:43||782499500||588400||0.00075241
05:44||782582500||588400||0.00075241
05:45||782659500||588521||0.00075241
05:46||782697000||588636||0.00075241
05:47||782697000||588636||0.00075241
05:48||782697000||588636||0.00075241
05:49||782697000||588681||0.00075241
05:50||782697000||588681||0.00075241
05:51||782697000||588681||0.00075241
05:52||782697000||588681||0.00075241
05:53||782697000||588681||0.00075241
05:54||782697000||588681||0.00075241
05:55||782697000||588681||0.00075241
05:56||782697000||588681||0.00075241
05:57||782697000||588681||0.00075241
05:58||782755000||588681||0.00075241
05:59||782755000||588681||0.00075241
06:00||783426500||589137||0.00075241
06:01||783426500||589137||0.00075241
06:02||783426500||589137||0.00075241
06:03||783426500||589137||0.00075241
06:04||783426500||589735||0.00075241
06:05||783426500||589735||0.00075241
06:06||783426500||589735||0.00075241
06:07||783426500||589179||0.00075241
06:08||783426500||589179||0.00075241
06:09||783426500||589179||0.00075241
06:10||783426500||589179||0.00075241
06:11||783426500||589179||0.00075241
06:12||783426500||589179||0.00075241
06:13||783426500||589179||0.00075241
06:14||784553500||590051||0.00075241
06:15||784553500||590051||0.00075241
06:16||784553500||590051||0.00075241
06:17||784553500||590067||0.00075241
06:18||784869500||590067||0.00075241
06:19||784869500||590067||0.00075241
06:20||784869500||590067||0.00075241
06:21||784869500||590067||0.00075241
06:22||784869500||590067||0.00075241
06:23||784869500||590067||0.00075241
06:24||784869500||590067||0.00075241
06:25||784869500||590067||0.00075241
06:26||784869500||590067||0.00075241
06:27||784869500||590544||0.00075241
06:28||784970500||590557||0.00075241
06:29||784970500||590604||0.00075241
06:30||784970500||590604||0.00075241
06:31||784970500||590604||0.00075241
06:32||784970500||590604||0.00075241
06:33||784970500||590604||0.00075241
06:34||784970500||590604||0.00075241
06:35||784970500||590604||0.00075241
06:36||784970500||590604||0.00075241
06:37||784970500||590604||0.00075241
06:38||784970500||590604||0.00075241
06:39||784970500||590604||0.00075241
06:40||784970500||590604||0.00075241
06:41||784970500||590604||0.00075241
06:42||784970500||590604||0.00075241
06:43||784970500||590604||0.00075241
06:44||784970500||590604||0.00075241
06:45||784970500||590604||0.00075241
06:46||784970500||590604||0.00075241
06:47||784970500||590604||0.00075241
06:48||784970500||590604||0.00075241
06:49||784989500||590604||0.00075241
06:50||784989500||590604||0.00075241
06:51||784989500||590604||0.00075241
06:52||785740000||591018||0.00075241
06:53||786253500||591394||0.00075241
06:54||786253500||591686||0.00075241
06:55||785715000||591686||0.00075241
06:56||785490500||591686||0.00075241
06:57||785490500||591686||0.00075241
06:58||785475500||591686||0.00075241
06:59||784975500||590604||0.00075241
07:00||784975500||590604||0.00075241
07:01||784975500||590641||0.00075241
07:02||784975500||590641||0.00075241
07:03||784975500||590641||0.00075241
07:04||784975500||590604||0.00075241
07:05||784975500||590604||0.00075241
07:06||784975500||590604||0.00075241
07:07||784975500||590604||0.00075241
07:08||782268000||586446||0.00075241
07:09||781300000||586955||0.00075241
07:10||781300000||586955||0.00075241
07:11||781300000||586955||0.00075241
07:12||781373000||586955||0.00075241
07:13||781520000||586955||0.00075241
07:14||781557000||586955||0.00075241
07:15||781612000||586955||0.00075241
07:16||782497500||588685||0.00075241
07:17||782828000||588878||0.00075241
07:18||782728000||588878||0.00075241
07:19||783579500||589137||0.00075241
07:20||784519500||589889||0.00075241
07:21||784519500||589889||0.00075241
07:22||784519500||589918||0.00075241
07:23||784519500||589918||0.00075241
07:24||785500000||590641||0.00075241
07:25||785500000||590641||0.00075241
07:26||785495000||590641||0.00075241
07:27||785495000||590641||0.00075241
07:28||785495000||590641||0.00075241
07:29||785495000||590641||0.00075241
07:30||785495000||590641||0.00075241
07:31||785495000||590641||0.00075241
07:32||786124000||591394||0.00075241
07:33||786124000||591394||0.00075241
07:34||786124000||591394||0.00075241
07:35||786124000||591394||0.00075241
07:36||786124000||591544||0.00075241
07:37||786124000||591544||0.00075241
07:38||786074000||591430||0.00075241
07:39||784581000||591430||0.00075241
07:40||784581000||589183||0.00075241
07:41||784431000||589183||0.00075241
07:42||784471000||589183||0.00075241
07:43||784471000||589183||0.00075241
07:44||784471000||589183||0.00075241
07:45||784471000||589183||0.00075241
07:46||784492000||589183||0.00075241
07:47||784492000||589183||0.00075241
07:48||784491500||589183||0.00075241
07:49||784491500||589183||0.00075241
07:50||784491500||589501||0.00075241
07:51||784491500||589501||0.00075241
07:52||784342000||589501||0.00075241
07:53||784342000||589501||0.00075241
07:54||784342500||589501||0.00075241
07:55||784342500||589501||0.00075241
07:56||784321000||589501||0.00075241
07:57||784250000||589362||0.00075241
07:58||784269000||589362||0.00075241
07:59||783338500||589362||0.00075241
08:00||784288000||589392||0.00075241
08:01||784283000||589392||0.00075241
08:02||784188000||589392||0.00075241
08:03||784188000||589392||0.00075241
08:04||784188000||589392||0.00075241
08:05||784188500||589392||0.00075241
08:06||783050000||589212||0.00075241
08:07||783635000||589137||0.00075241
08:08||783635000||589137||0.00075241
08:09||783585000||589137||0.00075241
08:10||783585000||589137||0.00075241
08:11||783635000||589137||0.00075241
08:12||783635000||589137||0.00075241
08:13||783335000||589137||0.00075241
08:14||783335000||589137||0.00075241
08:15||783335000||589137||0.00075241
08:16||783285000||589137||0.00075241
08:17||783285000||589137||0.00075241
08:18||783085000||589137||0.00075241
08:19||783085000||589137||0.00075241
08:20||781513000||588888||0.00075241
08:21||781862500||588888||0.00075241
08:22||781862500||588888||0.00075241
08:23||781862500||588888||0.00075241
08:24||781862500||588888||0.00075241
08:25||781862500||588888||0.00075241
08:26||781862500||588888||0.00075241
08:27||782750000||589513||0.00075241
08:28||782750000||589513||0.00075241
08:29||782700000||589513||0.00075241
08:30||782600000||589513||0.00075241
08:31||782597500||589513||0.00075241
08:32||782100500||589513||0.00075241
08:33||782100500||589513||0.00075241
08:34||782100500||589513||0.00075241
08:35||782050000||588459||0.00075241
08:36||782050000||588459||0.00075241
08:37||780956500||587650||0.00075241
08:38||780956500||587650||0.00075241
08:39||780956500||587650||0.00075241
08:40||780956500||587650||0.00075241
08:41||780956000||587547||0.00075241
08:42||780550000||587547||0.00075241
08:43||780550000||586955||0.00075241
08:44||780250000||586955||0.00075241
08:45||780250000||586955||0.00075241
08:46||780250000||586955||0.00075241
08:47||780250000||586955||0.00075241
08:48||780250000||586955||0.00075241
08:49||780250000||586955||0.00075241
08:50||780250000||586955||0.00075241
08:51||780101000||586446||0.00075241
08:52||780101000||587632||0.00075241
08:53||780100000||586277||0.00075241
08:54||780100000||587632||0.00075241
08:55||780050000||587632||0.00075241
08:56||780100000||587632||0.00075241
08:57||780112000||587650||0.00075241
08:58||780112000||587650||0.00075241
08:59||780112000||587650||0.00075241
09:00||780294000||587924||0.00075241
09:01||780388000||587924||0.00075241
09:02||780294000||586277||0.00075241
09:03||780293500||586277||0.00075241
09:04||780787000||586277||0.00075241
09:05||780293500||587923||0.00075241
09:06||779693000||586127||0.00075241
09:07||778500000||585374||0.00075241
09:08||778450000||585374||0.00075241
09:09||778306000||585374||0.00075241
09:10||778306000||585374||0.00075241
09:11||778312500||585374||0.00075241
09:12||778899500||585976||0.00075241
09:13||778949500||586127||0.00075241
09:14||778949500||586127||0.00075241
09:15||778949500||586127||0.00075241
09:16||778949500||586127||0.00075241
09:17||778949500||586127||0.00075241
09:18||778949500||586127||0.00075241
09:19||778949500||586127||0.00075241
09:20||778952500||586127||0.00075241
09:21||778952500||586127||0.00075241
09:22||778952500||586127||0.00075241
09:23||778952500||586127||0.00075241
09:24||778952500||586127||0.00075241
09:25||778954500||586127||0.00075241
09:26||778954500||586127||0.00075241
09:27||778954500||586127||0.00075241
09:28||778954500||586127||0.00075241
09:29||778954500||586058||0.00075241
09:30||778954500||586058||0.00075241
09:31||778954500||586058||0.00075241
09:32||778909500||586058||0.00075241
09:33||778359000||586058||0.00075241
09:34||778499500||586058||0.00075241
09:35||778499500||585826||0.00075241
09:36||778656500||585826||0.00075241
09:37||779273500||586127||0.00075241
09:38||779273500||586127||0.00075241
09:39||779279000||586171||0.00075241
09:40||780253500||587630||0.00075241
09:41||780138500||587630||0.00075241
09:42||780038500||587630||0.00075241
09:43||780038500||587630||0.00075241
09:44||780877000||587481||0.00075241
09:45||780400000||587556||0.00075241
09:46||779723500||585750||0.00075241
09:47||779913000||585750||0.00075241
09:48||779968500||585750||0.00075241
09:49||779968500||585750||0.00075241
09:50||779968500||586162||0.00075241
09:51||780063000||586162||0.00075241
09:52||780192500||586329||0.00075241
09:53||780304000||586329||0.00075241
09:54||780398500||586329||0.00075241
09:55||780398500||586329||0.00075241
09:56||780398500||587549||0.00075241
09:57||780398500||587549||0.00075241
09:58||780398500||587549||0.00075241
09:59||780398500||587549||0.00075241
10:00||780398500||587549||0.00075241
10:01||780398500||587549||0.00075241
10:02||780303500||587549||0.00075241
10:03||780103500||586809||0.00075241
10:04||780052000||586809||0.00075241
10:05||780052000||586882||0.00075241
10:06||780052000||586882||0.00075241
10:07||779652500||586882||0.00075241
10:08||779500000||586882||0.00075241
10:09||779500000||586882||0.00075241
10:10||779504000||586882||0.00075241
10:11||779504000||586359||0.00075241
10:12||779553000||586432||0.00075241
10:13||779699500||586432||0.00075241
10:14||779699500||586432||0.00075241
10:15||779799500||586804||0.00075241
10:16||781221500||587631||0.00075241
10:17||781221500||587631||0.00075241
10:18||781160000||587631||0.00075241
10:19||781160000||587631||0.00075241
10:20||781221500||587920||0.00075241
10:21||781220000||587920||0.00075241
10:22||781220000||587920||0.00075241
10:23||781299500||587918||0.00075241
10:24||781299500||587918||0.00075241
10:25||781330500||587918||0.00075241
10:26||781660000||587924||0.00075241
10:27||781660000||587924||0.00075241
10:28||781567500||588298||0.00075241
10:29||781567500||588298||0.00075241
10:30||781551000||588158||0.00075241
10:31||781551000||588158||0.00075241
10:32||781551000||588158||0.00075241
10:33||781551000||588158||0.00075241
10:34||781551000||588158||0.00075241
10:35||781551000||588158||0.00075241
10:36||781551000||588158||0.00075241
10:37||781555500||588016||0.00075241
10:38||781555500||588016||0.00075241
10:39||781555500||588016||0.00075241
10:40||781555500||588016||0.00075241
10:41||781555500||588016||0.00075241
10:42||781649500||588158||0.00075241
10:43||781776500||588158||0.00075241
10:44||781950500||588309||0.00075241
10:45||782063500||588384||0.00075241
10:46||782063500||588384||0.00075241
10:47||782063500||588384||0.00075241
10:48||782063500||588384||0.00075241
10:49||782099500||588384||0.00075241
10:50||782099500||588384||0.00075241
10:51||782099500||588384||0.00075241
10:52||782243000||588675||0.00075241
10:53||782243000||588675||0.00075241
10:54||782243000||588675||0.00075241
10:55||782469500||588676||0.00075241
10:56||784550500||589889||0.00075241
10:57||785530000||590641||0.00075241
10:58||785597500||590641||0.00075241
10:59||785649000||590641||0.00075241
11:00||785701500||590641||0.00075241
11:01||785741500||590641||0.00075241
11:02||785753500||590641||0.00075241
11:03||785884500||591544||0.00075241
11:04||786136000||591122||0.00075241
11:05||786196000||591122||0.00075241
11:06||786257500||591283||0.00075241
11:07||786305000||591283||0.00075241
11:08||786771500||591854||0.00075241
11:09||786771500||591854||0.00075241
11:10||786886500||591854||0.00075241
11:11||786886500||591854||0.00075241
11:12||786887000||592062||0.00075241
11:13||786887000||592060||0.00075241
11:14||786887000||592060||0.00075241
11:15||786887000||592060||0.00075241
11:16||786887000||592060||0.00075241
11:17||786887000||592060||0.00075241
11:18||786887500||592062||0.00075241
11:19||786887500||592062||0.00075241
11:20||786887500||592062||0.00075241
11:21||786887500||592062||0.00075241
11:22||786887500||592062||0.00075241
11:23||786887500||592062||0.00075241
11:24||786887500||592062||0.00075241
11:25||786887500||592062||0.00075241
11:26||786887500||592062||0.00075241
11:27||786887500||592062||0.00075241
11:28||786887500||592061||0.00075241
11:29||786943500||592146||0.00075241
11:30||786943500||592146||0.00075241
11:31||786943500||592146||0.00075241
11:32||786943500||592061||0.00075241
11:33||786943500||592061||0.00075241
11:34||786942500||592061||0.00075241
11:35||785706000||592060||0.00075241
11:36||785706000||592060||0.00075241
11:37||785041000||592060||0.00075241
11:38||784796000||592060||0.00075241
11:39||784800500||592060||0.00075241
11:40||784609500||592060||0.00075241
11:41||784609500||592060||0.00075241
11:42||784609500||592060||0.00075241
11:43||784609500||592060||0.00075241
11:44||784804500||590641||0.00075241
11:45||786239000||591004||0.00075241
11:46||786241000||592146||0.00075241
11:47||786241000||591004||0.00075241
11:48||786245000||591004||0.00075241
11:49||787245500||592438||0.00075241
11:50||788750000||593651||0.00075241
11:51||788388000||593274||0.00075241
11:52||789194000||593943||0.00075241
11:53||789194500||593943||0.00075241
11:54||789194500||593943||0.00075241
11:55||789693500||593943||0.00075241
11:56||790046000||594403||0.00075241
11:57||790055500||594403||0.00075241
11:58||789999500||594403||0.00075241
11:59||789565500||593742||0.00075241
12:00||789570500||593742||0.00075241
12:01||790076500||595156||0.00075241
12:02||790081500||595156||0.00075241
12:03||790112000||595156||0.00075241
12:04||790165500||595156||0.00075241
12:05||790170500||593900||0.00075241
12:06||790175500||595155||0.00075241
12:07||790178500||595155||0.00075241
12:08||790135500||595155||0.00075241
12:09||790135500||595155||0.00075241
12:10||790183500||593930||0.00075241
12:11||789778000||593930||0.00075241
12:12||789778000||593930||0.00075241
12:13||789780000||594540||0.00075241
12:14||789778500||594540||0.00075241
12:15||789689500||594539||0.00075241
12:16||789689500||594403||0.00075241
12:17||789689500||593936||0.00075241
12:18||789691500||593936||0.00075241
12:19||789691500||593936||0.00075241
12:20||789691500||593939||0.00075241
12:21||789691500||593939||0.00075241
12:22||790192500||595156||0.00075241
12:23||790192500||595156||0.00075241
12:24||790175500||593941||0.00075241
12:25||790190500||593939||0.00075241
12:26||790190500||595152||0.00075241
12:27||790190500||595152||0.00075241
12:28||790188500||595152||0.00075241
12:29||790188500||595152||0.00075241
12:30||790499000||595152||0.00075241
12:31||790499000||594411||0.00075241
12:32||790499000||594411||0.00075241
12:33||790495000||594411||0.00075241
12:34||790010500||594411||0.00075241
12:35||790010500||594411||0.00075241
12:36||790010500||594412||0.00075241
12:37||790010500||594412||0.00075241
12:38||790010500||594411||0.00075241
12:39||790010500||594412||0.00075241
12:40||790010500||594412||0.00075241
12:41||790010500||594412||0.00075241
12:42||790010500||594412||0.00075241
12:43||790010500||594412||0.00075241
12:44||790010500||594412||0.00075241
12:45||790010500||594412||0.00075241
12:46||790010500||594412||0.00075241
12:47||790010500||594412||0.00075241
12:48||790010500||594412||0.00075241
12:49||790010500||594412||0.00075241
12:50||790010500||594412||0.00075241
12:51||790010500||594412||0.00075241
12:52||790010500||594412||0.00075241
12:53||790010500||594412||0.00075241
12:54||790010500||594412||0.00075241
12:55||790010500||594412||0.00075241
12:56||790010500||594412||0.00075241
12:57||790010500||594412||0.00075241
12:58||790010500||594412||0.00075241
12:59||790504000||595154||0.00075241
13:00||790504500||595154||0.00075241
13:01||790504500||595154||0.00075241
13:02||790504000||595154||0.00075241
13:03||790504000||594411||0.00075241
13:04||790504000||594411||0.00075241
13:05||790504500||594412||0.00075241
13:06||790504500||594412||0.00075241
13:07||790504500||595154||0.00075241
13:08||790504500||595154||0.00075241
13:09||790504500||594412||0.00075241
13:10||790504500||594412||0.00075241
13:11||790504500||594412||0.00075241
13:12||790504500||594412||0.00075241
13:13||790504500||594412||0.00075241
13:15||790505500||595154||0.00075241
13:16||790505500||595154||0.00075241
13:17||790505500||595154||0.00075241
13:18||790505500||595154||0.00075241
13:19||790507000||595154||0.00075241
13:20||790507000||595154||0.00075241
13:21||790510500||594418||0.00075241
13:22||790512500||595154||0.00075241
13:23||790462500||595154||0.00075241
13:24||790462500||595154||0.00075241
13:25||790462500||595154||0.00075241
13:26||790018000||594421||0.00075241
13:27||790454000||594413||0.00075241
13:28||790454000||594412||0.00075241
13:29||790454500||594412||0.00075241
13:30||790454500||594412||0.00075241
13:31||790453000||594412||0.00075241
13:32||790454000||594412||0.00075241
13:33||790453000||594413||0.00075241
13:34||790453000||594413||0.00075241
13:35||790156000||594413||0.00075241
13:36||790101000||594413||0.00075241
13:37||790056000||594413||0.00075241
13:38||790056000||594413||0.00075241
13:39||790058500||594477||0.00075241
13:40||790058500||594477||0.00075241
13:41||790019500||594418||0.00075241
13:42||790015500||594413||0.00075241
13:43||790015500||594413||0.00075241
13:44||790015500||594413||0.00075241
13:45||790013500||594413||0.00075241
13:46||790013500||594413||0.00075241
13:47||790013500||594413||0.00075241
13:48||790014000||594412||0.00075241
13:49||790012500||594413||0.00075241
13:50||790012500||594412||0.00075241
13:51||790012500||594412||0.00075241
13:52||790012500||594412||0.00075241
13:53||790012500||594412||0.00075241
13:54||790012500||594413||0.00075241
13:55||790012500||594412||0.00075241
13:56||790012500||594412||0.00075241
13:57||790012500||594412||0.00075241
13:58||790012500||594412||0.00075241
13:59||790012500||594412||0.00075241
14:00||790012500||594412||0.00075241
14:01||790012500||594412||0.00075241
14:02||790012500||594412||0.00075241
14:03||790012500||594412||0.00075241
14:04||790012500||594412||0.00075241
14:05||790012500||594412||0.00075241
14:06||790012500||594412||0.00075241
14:07||790012500||594412||0.00075241
14:08||790012500||594412||0.00075241
14:09||790012500||594412||0.00075241
14:10||790012500||594413||0.00075241
14:11||790012500||594413||0.00075241
14:12||790012500||594413||0.00075241
14:13||790012500||594413||0.00075241
14:14||790012500||594413||0.00075241
14:15||790012500||594412||0.00075241
14:16||790012500||594412||0.00075241
14:17||790012500||594412||0.00075241
14:18||790012500||594412||0.00075241
14:19||790012500||594413||0.00075241
14:20||790012500||594413||0.00075241
14:21||790012500||594413||0.00075241
14:22||790012500||594413||0.00075241
14:23||790012500||594413||0.00075241
14:24||789672000||594261||0.00075241
14:25||789575500||594261||0.00075241
14:26||789441500||594084||0.00075241
14:27||789302000||593930||0.00075241
14:28||789302000||593930||0.00075241
14:29||789302000||593720||0.00075241
14:30||789092500||593720||0.00075241
14:31||789092500||593720||0.00075241
14:32||789092500||593720||0.00075241
14:33||789092500||593720||0.00075241
14:34||789092500||593720||0.00075241
14:35||789092500||593720||0.00075241
14:36||788241000||592439||0.00075241
14:37||788241000||592439||0.00075241
14:38||788241000||592439||0.00075241
14:39||788241000||592439||0.00075241
14:40||788240500||592439||0.00075241
14:41||788241000||592439||0.00075241
14:42||788241000||592439||0.00075241
14:43||788241000||592439||0.00075241
14:44||788241000||592439||0.00075241
14:45||788241000||592439||0.00075241
14:46||788241000||592439||0.00075241
14:47||788241000||592440||0.00075241
14:48||788241000||592440||0.00075241
14:49||788241000||592440||0.00075241
14:50||788241000||593720||0.00075241
14:51||788241000||593720||0.00075241
14:52||788241000||593720||0.00075241
14:53||788241000||593720||0.00075241
14:54||788241000||593720||0.00075241
14:55||788241000||592440||0.00075241
14:56||788241000||592440||0.00075241
14:57||788241000||593720||0.00075241
14:58||788241000||593720||0.00075241
14:59||788241000||593720||0.00075241
15:00||788243500||593720||0.00075241
15:01||788243500||593720||0.00075241
15:02||788243500||593720||0.00075241
15:03||788243500||593720||0.00075241
15:04||788490500||593720||0.00075241
15:05||788491000||593721||0.00075241
15:06||789092500||593720||0.00075241
15:07||789092500||593720||0.00075241
15:08||789092500||593720||0.00075241
15:09||789092500||593720||0.00075241
15:10||789092500||593720||0.00075241
15:11||789092500||593720||0.00075241
15:12||789092500||593720||0.00075241
15:13||789092500||593720||0.00075241
15:14||789416000||594208||0.00075241
15:15||789416000||594208||0.00075241
15:16||789557500||595824||0.00075241
15:17||789881000||595824||0.00075241
15:18||789911500||595824||0.00075241
15:19||789900000||595824||0.00075241
15:20||789900000||595824||0.00075241
15:21||789900000||595824||0.00075241
15:22||789900000||595824||0.00075241
15:23||789900000||595824||0.00075241
15:24||791344000||596576||0.00075241
15:25||791357000||596576||0.00075241
15:26||791357000||596530||0.00075241
15:27||791324500||596530||0.00075241
15:28||791324500||596530||0.00075241
15:29||790923000||596530||0.00075241
15:30||790850000||596530||0.00075241
15:31||790600000||594403||0.00075241
15:32||790600000||594403||0.00075241
15:33||790899500||594403||0.00075241
15:34||791049500||594403||0.00075241
15:35||791732500||596473||0.00075241
15:36||791528500||596473||0.00075241
15:37||791000500||596473||0.00075241
15:38||791000500||596473||0.00075241
15:39||791000500||596473||0.00075241
15:40||791050000||596473||0.00075241
15:41||791050000||595156||0.00075241
15:42||791050000||595156||0.00075241
15:43||791050000||595156||0.00075241
15:44||791000500||595156||0.00075241
15:45||791000500||595156||0.00075241
15:46||791000500||595156||0.00075241
15:47||791050000||595157||0.00075241
15:48||791549500||595983||0.00075241
15:49||791550000||595983||0.00075241
15:50||791500000||595983||0.00075241
15:51||791500000||595983||0.00075241
15:52||791490000||595983||0.00075241
15:53||791490000||595983||0.00075241
15:54||790498500||595156||0.00075241
15:55||790498500||595144||0.00075241
15:56||790013500||594413||0.00075241
15:57||790986500||595878||0.00075241
15:58||789934000||594403||0.00075241
15:59||789934000||594403||0.00075241
16:00||789934000||594319||0.00075241
16:01||789934000||594319||0.00075241
16:02||789756500||594253||0.00075241
16:03||789546000||594207||0.00075241
16:04||789437000||594207||0.00075241
16:05||789437000||594207||0.00075241
16:06||789437000||594207||0.00075241
16:07||788481500||593651||0.00075241
16:08||788481500||593651||0.00075241
16:09||787890500||592823||0.00075241
16:10||787890500||592823||0.00075241
16:11||787890500||592814||0.00075241
16:12||787890500||592814||0.00075241
16:13||782465000||589137||0.00075241
16:14||781140000||587069||0.00075241
16:15||784901000||588404||0.00075241
16:16||782103500||587069||0.00075241
16:17||781251500||588544||0.00075241
16:18||781251500||588544||0.00075241
16:19||783119000||588544||0.00075241
16:20||781603500||589295||0.00075241
16:21||782952500||589295||0.00075241
16:22||782132500||589295||0.00075241
16:23||782131500||589295||0.00075241
16:24||782021000||589295||0.00075241
16:25||782296000||589295||0.00075241
16:26||782296000||589295||0.00075241
16:27||782296000||589295||0.00075241
16:28||780864500||587070||0.00075241
16:29||781500500||587070||0.00075241
16:30||781500500||587070||0.00075241
16:31||781500500||587073||0.00075241
16:32||781500500||588008||0.00075241
16:33||781500500||588008||0.00075241
16:34||781500500||588008||0.00075241
16:35||780944500||588008||0.00075241
16:36||780944500||588008||0.00075241
16:37||780944500||588008||0.00075241
16:38||780342000||587167||0.00075241
16:39||780342000||587167||0.00075241
16:40||780342000||587106||0.00075241
16:41||780342000||587167||0.00075241
16:42||780346000||587167||0.00075241
16:43||780905000||587167||0.00075241
16:44||781200500||587167||0.00075241
16:45||781195500||588009||0.00075241
16:46||781195500||588009||0.00075241
16:47||781195500||588000||0.00075241
16:48||781195500||588000||0.00075241
16:49||781195500||588000||0.00075241
16:50||781195500||588000||0.00075241
16:51||781444500||588000||0.00075241
16:52||781195500||588000||0.00075241
16:53||781195500||588000||0.00075241
16:54||781189000||588000||0.00075241
16:55||781189500||588000||0.00075241
16:56||781189500||587990||0.00075241
16:57||781189000||587990||0.00075241
16:58||781189000||587990||0.00075241
16:59||781189000||587990||0.00075241
17:00||781135000||587990||0.00075241
17:01||781135000||587990||0.00075241
17:02||781135000||587990||0.00075241
17:03||780635500||587556||0.00075241
17:04||779940500||586503||0.00075241
17:05||779756500||585797||0.00075241
17:06||779808500||585797||0.00075241
17:07||779907000||585876||0.00075241
17:08||779956000||585876||0.00075241
17:09||780054000||585876||0.00075241
17:10||780508500||586857||0.00075241
17:11||780999500||586857||0.00075241
17:12||780999500||586857||0.00075241
17:13||781420000||587865||0.00075241
17:14||782250000||589137||0.00075241
17:15||782250000||589137||0.00075241
17:16||782375000||589137||0.00075241
17:17||781246000||586247||0.00075241
17:18||783244000||589323||0.00075241
17:19||783240500||589318||0.00075241
17:20||783240500||589318||0.00075241
17:21||783236000||586601||0.00075241
17:22||783235500||586601||0.00075241
17:23||783231500||586601||0.00075241
17:24||783231500||586601||0.00075241
17:25||781593500||586795||0.00075241
17:26||781545000||589238||0.00075241
17:27||783130500||586845||0.00075241
17:28||783130500||589235||0.00075241
17:29||783130500||589235||0.00075241
17:30||783130500||589235||0.00075241
17:31||783130500||589235||0.00075241
17:32||783130500||589235||0.00075241
17:33||781787000||587171||0.00075241
17:34||783073000||587171||0.00075241
17:35||783073000||587171||0.00075241
17:36||783070500||587171||0.00075241
17:37||783070500||587171||0.00075241
17:38||783070500||587171||0.00075241
17:39||783070500||587171||0.00075241
17:40||783070500||587171||0.00075241
17:41||783070500||587171||0.00075241
17:42||783070500||587171||0.00075241
17:43||783070500||587171||0.00075241
17:44||783070500||587171||0.00075241
17:45||783070500||587171||0.00075241
17:46||783070500||587171||0.00075241
17:47||783070500||589189||0.00075241
17:48||783070500||589189||0.00075241
17:49||783070500||589190||0.00075241
17:50||783070500||589190||0.00075241
17:51||783070500||589190||0.00075241
17:52||781752500||589189||0.00075241
17:53||781735500||587222||0.00075241
17:54||781716500||589140||0.00075241
17:55||781691000||589140||0.00075241
17:56||781664500||589140||0.00075241
17:57||781664500||589140||0.00075241
17:58||781664500||589140||0.00075241
17:59||781664500||589041||0.00075241
18:00||781663000||589003||0.00075241
18:01||781663000||589003||0.00075241
18:02||781686500||589003||0.00075241
18:03||782673500||587328||0.00075241
18:04||782570500||587328||0.00075241
18:05||782570500||587328||0.00075241
18:06||782570500||587328||0.00075241
18:07||782570500||587328||0.00075241
18:08||781545000||587222||0.00075241
18:09||781513000||587222||0.00075241
18:10||781513000||587222||0.00075241
18:11||781513000||587222||0.00075241
18:12||781457000||587222||0.00075241
18:13||781457000||587222||0.00075241
18:14||781458000||587222||0.00075241
18:15||781458000||587222||0.00075241
18:16||781458000||587222||0.00075241
18:17||781416500||587223||0.00075241
18:18||781283500||587223||0.00075241
18:19||781199500||587223||0.00075241
18:20||781095000||587223||0.00075241
18:21||781017000||587223||0.00075241
18:22||780948000||587223||0.00075241
18:23||780876500||587223||0.00075241
18:24||780857000||587223||0.00075241
18:25||780857000||587223||0.00075241
18:26||780857000||587223||0.00075241
18:27||780857000||587223||0.00075241
18:28||780857000||587223||0.00075241
18:29||780865000||587223||0.00075241
18:30||780865000||587223||0.00075241
18:31||781867500||587825||0.00075241
18:32||781867500||587825||0.00075241
18:33||781867500||587825||0.00075241
18:34||781988500||589323||0.00075241
18:35||782457500||589323||0.00075241
18:36||782457500||589323||0.00075241
18:37||782887500||588729||0.00075241
18:38||783568500||589325||0.00075241
18:39||783624000||589805||0.00075241
18:40||784110000||589889||0.00075241
18:41||784110000||589889||0.00075241
18:42||784215500||589889||0.00075241
18:43||784215500||589889||0.00075241
18:44||784215500||589889||0.00075241
18:45||784215500||590051||0.00075241
18:46||784884000||590626||0.00075241
18:47||784884000||590626||0.00075241
18:48||784644000||590264||0.00075241
18:49||784737000||590626||0.00075241
18:50||784596000||590626||0.00075241
18:51||784596000||590626||0.00075241
18:52||784596000||590626||0.00075241
18:53||784596000||590626||0.00075241
18:54||784508500||590626||0.00075241
18:55||784508500||590491||0.00075241
18:56||784508500||590491||0.00075241
18:57||784217500||590491||0.00075241
18:58||784217500||590491||0.00075241
18:59||784217500||590491||0.00075241
19:00||784217500||590491||0.00075241
19:01||784217500||590491||0.00075241
19:02||784217500||590491||0.00075241
19:03||784217500||590491||0.00075241
19:04||784217500||590491||0.00075241
19:05||783169500||590052||0.00075241
19:06||783583000||590052||0.00075241
19:07||783585000||590052||0.00075241
19:08||783666000||590052||0.00075241
19:09||783666000||590052||0.00075241
19:10||784035000||590052||0.00075241
19:11||784035000||590052||0.00075241
19:12||783905500||590052||0.00075241
19:13||783905500||590052||0.00075241
19:14||783905500||590052||0.00075241
19:15||783905500||589818||0.00075241
19:16||783502000||589817||0.00075241
19:17||783078500||589261||0.00075241
19:18||782579000||589261||0.00075241
19:19||782579000||589261||0.00075241
19:20||782579000||589261||0.00075241
19:21||782579000||589261||0.00075241
19:22||781808000||588384||0.00075241
19:23||782273000||587924||0.00075241
19:24||782273000||587924||0.00075241
19:25||782273000||587924||0.00075241
19:26||782273000||587924||0.00075241
19:27||782273000||587925||0.00075241
19:28||782273000||587925||0.00075241
19:29||782273000||587925||0.00075241
19:30||782273000||587925||0.00075241
19:31||782273000||587925||0.00075241
19:32||782274500||587925||0.00075241
19:33||782274500||587925||0.00075241
19:34||782274500||589254||0.00075241
19:35||782274500||589254||0.00075241
19:36||782277000||589254||0.00075241
19:37||782277000||587931||0.00075241
19:38||782277000||589254||0.00075241
19:39||782277000||589254||0.00075241
19:40||782277000||589254||0.00075241
19:41||782277500||589254||0.00075241
19:42||782653000||588501||0.00075241
19:43||782653000||588501||0.00075241
19:44||782274500||587932||0.00075241
19:45||782274500||587932||0.00075241
19:46||782274500||587932||0.00075241
19:47||782274500||587932||0.00075241
19:48||782274500||587932||0.00075241
19:49||782200000||587932||0.00075241
19:50||782199000||589137||0.00075241
19:51||782250500||589249||0.00075241
19:52||782274000||587931||0.00075241
19:53||782199000||587931||0.00075241
19:54||782616500||587931||0.00075241
19:55||782616500||589764||0.00075241
19:56||782615500||589764||0.00075241
19:57||782615500||589764||0.00075241
19:58||782615500||589764||0.00075241
19:59||782800000||589764||0.00075241
20:00||782801000||589764||0.00075241
20:01||782801000||589764||0.00075241
20:02||782816000||589761||0.00075241
20:03||782816000||588235||0.00075241
20:04||782816000||588235||0.00075241
20:05||783165000||588235||0.00075241
20:06||783400000||588235||0.00075241
20:07||783250000||588235||0.00075241
20:08||783495000||588235||0.00075241
20:09||783250000||588235||0.00075241
20:10||783050000||588235||0.00075241
20:11||783099500||588235||0.00075241
20:12||783099500||589211||0.00075241
20:13||783099500||589211||0.00075241
20:14||783099500||589211||0.00075241
20:15||783099500||589211||0.00075241
20:16||783099500||589212||0.00075241
20:17||783099500||589212||0.00075241
20:18||783050000||589137||0.00075241
20:19||783050000||589137||0.00075241
20:20||783970500||589964||0.00075241
20:21||784051000||589964||0.00075241
20:22||784051000||589964||0.00075241
20:23||784588500||590491||0.00075241
20:24||785594500||591309||0.00075241
20:25||785575000||591309||0.00075241
20:26||785425000||591309||0.00075241
20:27||785425000||591309||0.00075241
20:28||785425000||591309||0.00075241
20:29||785425000||591309||0.00075241
20:30||785424500||591309||0.00075241
20:31||785375000||591309||0.00075241
20:32||785350500||591309||0.00075241
20:33||785350500||590905||0.00075241
20:34||785350500||590905||0.00075241
20:35||785350500||590905||0.00075241
20:36||785350500||590905||0.00075241
20:37||785350500||590905||0.00075241
20:38||785350500||590905||0.00075241
20:39||785374500||590905||0.00075241
20:40||785350500||590905||0.00075241
20:41||785350500||590905||0.00075241
20:42||785350500||590905||0.00075241
20:43||785350500||590905||0.00075241
20:44||785350500||590905||0.00075241
20:45||785350500||590905||0.00075241
20:46||785350500||590905||0.00075241
20:47||785350500||590905||0.00075241
20:48||785350500||590905||0.00075241
20:49||785350500||590905||0.00075241
20:50||785350500||590905||0.00075241
20:51||785350500||590905||0.00075241
20:52||785350500||590905||0.00075241
20:53||785350500||590905||0.00075241
20:54||785350500||590905||0.00075241
20:55||785350500||590905||0.00075241
20:56||785350500||590905||0.00075241
20:57||785350500||590905||0.00075241
20:58||785350500||590905||0.00075241
20:59||785350500||590905||0.00075241
21:00||785350500||590905||0.00075241
21:01||785350500||590905||0.00075241
21:02||785782500||591018||0.00075241
21:03||785782500||591018||0.00075241
21:04||785574500||590905||0.00075241
21:05||785574500||590905||0.00075241
21:06||785699500||591243||0.00075241
21:07||785699500||591243||0.00075241
21:08||785863000||591243||0.00075241
21:09||786251500||591394||0.00075241
21:10||786499500||591394||0.00075241
21:11||787682500||592294||0.00075241
21:12||787773500||592294||0.00075241
21:13||788144000||593115||0.00075241
21:14||787940500||593115||0.00075241
21:15||787940500||593115||0.00075241
21:16||787795500||593115||0.00075241
21:17||787595500||593115||0.00075241
21:18||787595500||593115||0.00075241
21:19||787599500||593115||0.00075241
21:20||788156000||592899||0.00075241
21:21||788394000||593115||0.00075241
21:22||788201000||592823||0.00075241
21:23||788151000||592823||0.00075241
21:24||788151000||592823||0.00075241
21:25||788151000||592823||0.00075241
21:26||788151000||592823||0.00075241
21:27||788151000||592823||0.00075241
21:28||788151000||593200||0.00075241
21:29||788151000||593200||0.00075241
21:30||788151000||593200||0.00075241
21:31||788151000||593200||0.00075241
21:32||788151000||593200||0.00075241
21:33||788151000||593200||0.00075241
21:34||788151000||593200||0.00075241
21:35||788151000||593200||0.00075241
21:36||788151000||593200||0.00075241
21:37||788151000||593200||0.00075241
21:38||788151000||593200||0.00075241
21:39||788151000||593200||0.00075241
21:40||788151000||593200||0.00075241
21:41||787902500||593200||0.00075241
21:42||787902500||593200||0.00075241
21:43||787902500||593200||0.00075241
21:44||787902500||593200||0.00075241
21:45||787902500||592826||0.00075241
21:46||787902500||592826||0.00075241
21:47||787902500||592826||0.00075241
21:48||787902500||592826||0.00075241
21:49||787902500||592826||0.00075241
21:50||787902500||592826||0.00075241
21:51||787902500||592825||0.00075241
21:52||787902500||592825||0.00075241
21:53||787746500||592823||0.00075241
21:54||787746500||592823||0.00075241
21:55||787746500||592823||0.00075241
21:56||787746500||592825||0.00075241
21:57||787746500||592825||0.00075241
21:58||787746500||592825||0.00075241
21:59||787746500||592825||0.00075241
22:00||787746500||592825||0.00075241
22:01||787746500||592825||0.00075241
22:02||787252000||592591||0.00075241
22:03||787252000||592591||0.00075241
22:04||787252000||592591||0.00075241
22:05||787252000||592591||0.00075241
22:06||787252000||592591||0.00075241
22:07||787252000||592591||0.00075241
22:08||787252000||592591||0.00075241
22:09||787252000||592591||0.00075241
22:10||787252000||592591||0.00075241
22:11||787252000||592591||0.00075241
22:12||787252000||592591||0.00075241
22:13||787252000||592591||0.00075241
22:14||787252000||592591||0.00075241
22:15||787252000||592591||0.00075241
22:16||787252000||592591||0.00075241
22:17||787252000||592591||0.00075241
22:18||787252000||592591||0.00075241
22:19||787276000||592591||0.00075241
22:20||787277000||592591||0.00075241
22:21||787277000||592591||0.00075241
22:22||787277000||592591||0.00075241
22:23||787278500||592591||0.00075241
22:24||787278500||592591||0.00075241
22:25||787278500||592591||0.00075241
22:26||787278500||592591||0.00075241
22:27||787278500||592591||0.00075241
22:28||787077500||592591||0.00075241
22:29||787077500||592591||0.00075241
22:30||787077500||592591||0.00075241
22:31||787077500||592591||0.00075241
22:32||787077500||592591||0.00075241
22:33||787077500||592591||0.00075241
22:34||787077500||592591||0.00075241
22:35||787077500||592591||0.00075241
22:36||787278500||592825||0.00075241
22:37||787280000||592825||0.00075241
22:38||787280000||591887||0.00075241
22:39||787396000||591887||0.00075241
22:40||787452000||592825||0.00075241
22:41||787452000||592825||0.00075241
22:42||787452000||592825||0.00075241
22:43||787452000||592825||0.00075241
22:44||787452000||592825||0.00075241
22:45||787901500||592825||0.00075241
22:46||788144500||593184||0.00075241
22:47||788789000||593274||0.00075241
22:48||788789000||593500||0.00075241
22:49||788789000||593500||0.00075241
22:50||788351000||593500||0.00075241
22:51||788351000||593500||0.00075241
22:52||788351000||593500||0.00075241
22:53||788351000||593500||0.00075241
22:54||788351000||593500||0.00075241
22:55||788350500||593500||0.00075241
22:56||788370500||593500||0.00075241
22:57||788441000||593500||0.00075241
22:58||788501500||593500||0.00075241
22:59||788553000||593500||0.00075241
23:00||788553000||593500||0.00075241
23:01||788553000||593500||0.00075241
23:02||788552500||593500||0.00075241
23:03||788552500||593500||0.00075241
23:04||788558500||593499||0.00075241
23:05||788563500||593499||0.00075241
23:06||788563500||593499||0.00075241
23:07||788563500||593499||0.00075241
23:08||788563500||593499||0.00075241
23:09||788563500||593499||0.00075241
23:10||788563500||593499||0.00075241
23:11||788564000||593500||0.00075241
23:12||788564000||593500||0.00075241
23:13||788564000||593500||0.00075241
23:14||788564000||593500||0.00075241
23:15||788564000||593500||0.00075241
23:16||788564000||593500||0.00075241
23:17||788564000||593500||0.00075241
23:18||788564000||593146||0.00075241
23:19||788559500||593501||0.00075241
23:20||788559500||593501||0.00075241
23:21||788554500||593501||0.00075241
23:22||788554500||593501||0.00075241
23:23||788554500||593501||0.00075241
23:24||788554500||593501||0.00075241
23:25||788554500||593501||0.00075241
23:26||788554500||593501||0.00075241
23:27||788554500||593501||0.00075241
23:28||788100000||593130||0.00075241
23:29||788100000||593130||0.00075241
23:30||788100000||593130||0.00075241
23:31||788100000||593130||0.00075241
23:32||786585500||590265||0.00075241
23:33||786878500||590265||0.00075241
23:34||787073000||590265||0.00075241
23:35||787263000||591496||0.00075241
23:36||787425000||591496||0.00075241
23:37||786585500||590265||0.00075241
23:38||786848500||590265||0.00075241
23:39||787149500||590265||0.00075241
23:40||787327500||591662||0.00075241
23:41||787479500||591662||0.00075241
23:42||787608500||591662||0.00075241
23:43||787719000||591662||0.00075241
23:44||787813000||591662||0.00075241
23:45||787893000||591662||0.00075241
23:46||787961500||591662||0.00075241
23:47||788018000||591662||0.00075241
23:48||788049500||591662||0.00075241
23:49||788049500||591662||0.00075241
23:50||788049500||591662||0.00075241
23:51||788049500||591662||0.00075241
23:52||788049500||591662||0.00075241
23:53||786781000||591662||0.00075241
23:54||787036000||591662||0.00075241
23:55||787230000||591662||0.00075241
23:56||787395500||591651||0.00075241
23:57||787521000||591651||0.00075241
23:58||787656000||591651||0.00075241
23:59||787758000||591651||0.00075241
