00:00||840980500||633499||0.00075241
00:01||840980500||633499||0.00075241
00:02||840980500||633499||0.00075241
00:03||840980500||633499||0.00075241
00:04||840980500||633499||0.00075241
00:05||840980500||633499||0.00075241
00:06||838406500||628263||0.00075241
00:07||837452000||628263||0.00075241
00:08||837452000||628263||0.00075241
00:09||837452000||628263||0.00075241
00:10||837452000||628263||0.00075241
00:11||837452000||628263||0.00075241
00:12||837452000||628263||0.00075241
00:13||837452000||628263||0.00075241
00:14||837452000||628263||0.00075241
00:15||837451500||628264||0.00075241
00:16||837451500||631949||0.00075241
00:17||837451500||631949||0.00075241
00:18||837451500||628264||0.00075241
00:19||837396500||628264||0.00075241
00:20||837396500||628264||0.00075241
00:21||837396500||628264||0.00075241
00:22||837396500||628264||0.00075241
00:23||837396500||628264||0.00075241
00:24||837396500||628264||0.00075241
00:25||837396500||628264||0.00075241
00:26||837396500||628264||0.00075241
00:27||837396500||628264||0.00075241
00:28||837396500||628264||0.00075241
00:29||837397500||628264||0.00075241
00:30||837397500||628264||0.00075241
00:31||837397500||628264||0.00075241
00:32||837397500||631866||0.00075241
00:33||837397500||631866||0.00075241
00:34||837397500||631866||0.00075241
00:35||835985000||628266||0.00075241
00:36||835985000||628266||0.00075241
00:37||835250000||628634||0.00075241
00:38||835250000||628634||0.00075241
00:39||837942500||632686||0.00075241
00:40||835492500||632686||0.00075241
00:41||835492500||632686||0.00075241
00:42||835492500||632686||0.00075241
00:43||835492500||632686||0.00075241
00:44||835492500||628266||0.00075241
00:45||835492500||628999||0.00075241
00:46||835577500||628999||0.00075241
00:47||835577500||628999||0.00075241
00:48||835577500||628999||0.00075241
00:49||835577500||628999||0.00075241
00:50||835577500||628999||0.00075241
00:51||835577500||628999||0.00075241
00:52||835577500||628999||0.00075241
00:53||835577500||628999||0.00075241
00:54||835577500||628999||0.00075241
00:55||838019000||628263||0.00075241
00:56||837942500||628263||0.00075241
00:57||837942500||628263||0.00075241
00:58||837942500||628263||0.00075241
00:59||837942500||628263||0.00075241
01:00||837942500||628263||0.00075241
01:01||837942500||628263||0.00075241
01:02||837942500||628263||0.00075241
01:03||837942500||632688||0.00075241
01:04||837942500||632688||0.00075241
01:05||837942500||632688||0.00075241
01:07||837942500||632688||0.00075241
01:08||837943000||632688||0.00075241
01:09||837943000||632688||0.00075241
01:10||837942500||632688||0.00075241
01:11||837850000||632688||0.00075241
01:12||837850000||632688||0.00075241
01:13||836962000||632688||0.00075241
01:14||836433000||631213||0.00075241
01:15||835491000||629001||0.00075241
01:16||835491000||629001||0.00075241
01:17||835491000||629001||0.00075241
01:18||835491000||629001||0.00075241
01:19||835491000||629001||0.00075241
01:20||835491000||629001||0.00075241
01:21||835491000||629001||0.00075241
01:22||835491000||629001||0.00075241
01:23||835491000||629001||0.00075241
01:24||835491000||629001||0.00075241
01:25||835491000||629001||0.00075241
01:26||835491000||629001||0.00075241
01:27||835491000||629001||0.00075241
01:28||835491000||629001||0.00075241
01:29||835491000||628262||0.00075241
01:30||835491000||628262||0.00075241
01:31||835491000||628262||0.00075241
01:32||835491000||628262||0.00075241
01:33||835491000||628262||0.00075241
01:34||835491000||628262||0.00075241
01:35||835491000||628262||0.00075241
01:36||835491000||628262||0.00075241
01:37||835491000||628262||0.00075241
01:38||835491000||628262||0.00075241
01:39||835491000||628262||0.00075241
01:40||835491000||628262||0.00075241
01:41||835491000||628262||0.00075241
01:42||835491000||628262||0.00075241
01:43||835491000||628262||0.00075241
01:44||835491000||628262||0.00075241
01:45||835491000||628262||0.00075241
01:46||835491000||629001||0.00075241
01:47||835491000||629001||0.00075241
01:48||835491000||629001||0.00075241
01:49||835491000||629001||0.00075241
01:50||833598000||628258||0.00075241
01:51||833598000||628258||0.00075241
01:52||833598000||628258||0.00075241
01:53||833598000||628258||0.00075241
01:54||833598000||628258||0.00075241
01:55||833598000||628254||0.00075241
01:56||833598000||628254||0.00075241
01:57||833598000||628254||0.00075241
01:58||833598000||628254||0.00075241
01:59||833598000||628254||0.00075241
02:00||833598000||628254||0.00075241
02:01||833598000||626160||0.00075241
02:02||833569500||626160||0.00075241
02:03||833569500||626160||0.00075241
02:04||833084000||626160||0.00075241
02:05||832352500||626160||0.00075241
02:06||835136000||630524||0.00075241
02:07||835136500||630524||0.00075241
02:08||834988500||630524||0.00075241
02:09||833574500||630524||0.00075241
02:10||832602500||630524||0.00075241
02:11||832602500||630524||0.00075241
02:12||832839500||626757||0.00075241
02:13||832852500||626757||0.00075241
02:14||832852500||626757||0.00075241
02:15||832852500||626757||0.00075241
02:16||832852500||626757||0.00075241
02:17||834799000||626757||0.00075241
02:18||834799500||626757||0.00075241
02:19||834799500||626757||0.00075241
02:20||834799500||626757||0.00075241
02:21||834799500||626757||0.00075241
02:22||834799500||626757||0.00075241
02:23||834799500||626757||0.00075241
02:24||834799500||626757||0.00075241
02:25||834799500||626757||0.00075241
02:26||834799500||626757||0.00075241
02:27||834799500||626757||0.00075241
02:28||834799500||626757||0.00075241
02:29||834799500||626757||0.00075241
02:30||834799500||626757||0.00075241
02:31||834852500||626757||0.00075241
02:32||834855000||626757||0.00075241
02:33||834991500||626757||0.00075241
02:34||834991500||626757||0.00075241
02:35||834991500||626757||0.00075241
02:36||834991500||626757||0.00075241
02:37||834991500||626757||0.00075241
02:38||835001500||626757||0.00075241
02:39||834615000||626757||0.00075241
02:40||836000000||629767||0.00075241
02:41||836000000||629767||0.00075241
02:42||837522000||632135||0.00075241
02:43||837522000||632135||0.00075241
02:44||837522000||632135||0.00075241
02:45||837522000||632135||0.00075241
02:46||837522000||632135||0.00075241
02:47||837522000||632057||0.00075241
02:48||837522000||632057||0.00075241
02:49||837522000||632057||0.00075241
02:50||837471000||632057||0.00075241
02:51||837471000||632057||0.00075241
02:53||837471000||632057||0.00075241
02:54||837471000||632057||0.00075241
02:55||837471000||632057||0.00075241
02:57||837471000||632057||0.00075241
02:58||837471000||628262||0.00075241
02:59||837421000||628262||0.00075241
03:00||837421000||628262||0.00075241
03:01||837421000||628262||0.00075241
03:02||837421000||628262||0.00075241
03:03||837421000||628262||0.00075241
03:04||837372500||628262||0.00075241
03:05||836836000||628262||0.00075241
03:06||836836000||628262||0.00075241
03:07||836473000||628262||0.00075241
03:08||835180500||629014||0.00075241
03:09||833597500||628262||0.00075241
03:10||833597500||628262||0.00075241
03:11||833598000||628262||0.00075241
03:12||833598500||628262||0.00075241
03:13||833599000||628262||0.00075241
03:14||833599000||626184||0.00075241
03:15||833630000||626184||0.00075241
03:16||833630000||628232||0.00075241
03:17||833603000||628232||0.00075241
03:18||832643000||628232||0.00075241
03:19||832398000||626746||0.00075241
03:20||831734000||626156||0.00075241
03:21||831734500||626156||0.00075241
03:22||831734000||626136||0.00075241
03:23||831735000||626136||0.00075241
03:24||831735000||625474||0.00075241
03:25||831640500||625994||0.00075241
03:26||831640500||625994||0.00075241
03:27||831640500||625994||0.00075241
03:28||831640500||625994||0.00075241
03:29||831640500||625994||0.00075241
03:30||831640500||625994||0.00075241
03:31||831640500||625994||0.00075241
03:32||831640500||625994||0.00075241
03:33||831640500||625474||0.00075241
03:34||831639500||625473||0.00075241
03:35||831639500||625473||0.00075241
03:36||831639500||625473||0.00075241
03:37||831639500||625473||0.00075241
03:38||831639500||625473||0.00075241
03:39||831639500||625473||0.00075241
03:40||831639500||625473||0.00075241
03:41||831639500||625473||0.00075241
03:42||831639500||625994||0.00075241
03:43||830379500||625328||0.00075241
03:44||829753500||624500||0.00075241
03:45||829753500||624500||0.00075241
03:46||829878500||624500||0.00075241
03:47||829878500||624500||0.00075241
03:48||829478500||624467||0.00075241
03:49||829956500||624467||0.00075241
03:50||829956500||624467||0.00075241
03:51||829956500||624467||0.00075241
03:52||829956500||624467||0.00075241
03:53||829956500||624467||0.00075241
03:54||828978500||622995||0.00075241
03:55||828502500||623751||0.00075241
03:56||828000500||622996||0.00075241
03:57||828000500||622996||0.00075241
03:58||828000500||622996||0.00075241
03:59||828000500||622996||0.00075241
04:00||828000500||622996||0.00075241
04:01||829041000||624500||0.00075241
04:02||829550000||624500||0.00075241
04:03||829550000||624500||0.00075241
04:04||829755000||624131||0.00075241
04:05||829750000||624131||0.00075241
04:06||829755000||624131||0.00075241
04:07||829755000||624131||0.00075241
04:08||829755000||624131||0.00075241
04:09||829804000||624131||0.00075241
04:10||829751000||624500||0.00075241
04:11||829760000||624500||0.00075241
04:12||829760000||624500||0.00075241
04:13||829760000||624500||0.00075241
04:14||829760000||624500||0.00075241
04:15||829750000||624500||0.00075241
04:16||829750000||624500||0.00075241
04:17||829510500||624500||0.00075241
04:18||829510500||624500||0.00075241
04:19||829510500||624500||0.00075241
04:20||829510500||624500||0.00075241
04:21||828740000||622995||0.00075241
04:22||828740000||622995||0.00075241
04:23||828770000||624109||0.00075241
04:24||828770000||624109||0.00075241
04:25||828771000||624109||0.00075241
04:26||828755000||622250||0.00075241
04:27||828250000||622243||0.00075241
04:28||828225000||622243||0.00075241
04:29||828225000||622243||0.00075241
04:30||828176000||622243||0.00075241
04:31||828273500||622243||0.00075241
04:32||828812500||624124||0.00075241
04:33||829786000||624131||0.00075241
04:34||831191500||626005||0.00075241
04:35||831191500||624789||0.00075241
04:36||830884000||626004||0.00075241
04:37||831191500||626004||0.00075241
04:38||830062500||626004||0.00075241
04:39||829584500||623148||0.00075241
04:40||828816500||623148||0.00075241
04:41||828601500||624071||0.00075241
04:42||828563000||624071||0.00075241
04:43||828563000||624071||0.00075241
04:44||829927500||625944||0.00075241
04:45||828350000||625944||0.00075241
04:46||828201500||625944||0.00075241
04:47||829914500||625944||0.00075241
04:48||829732000||625944||0.00075241
04:49||828329000||625944||0.00075241
04:50||828323500||625944||0.00075241
04:51||828323500||623387||0.00075241
04:52||828323500||623387||0.00075241
04:53||828323500||622995||0.00075241
04:54||828260500||623387||0.00075241
04:55||829529000||623387||0.00075241
04:56||829529000||623387||0.00075241
04:57||829802500||623387||0.00075241
04:58||829802500||623387||0.00075241
04:59||829802500||623453||0.00075241
05:00||829754000||623453||0.00075241
05:01||828974000||622243||0.00075241
05:02||828470000||622243||0.00075241
05:03||828470000||622243||0.00075241
05:04||828470000||624455||0.00075241
05:05||828470500||624455||0.00075241
05:06||828531000||624396||0.00075241
05:07||827592500||622393||0.00075241
05:08||827200500||622984||0.00075241
05:09||827200500||622984||0.00075241
05:10||827200500||622393||0.00075241
05:11||828542500||624499||0.00075241
05:12||828474000||624499||0.00075241
05:13||828425000||624499||0.00075241
05:14||828425000||624499||0.00075241
05:15||827910500||624499||0.00075241
05:16||827867000||623462||0.00075241
05:17||827867000||623462||0.00075241
05:18||827867500||623462||0.00075241
05:19||827867500||623397||0.00075241
05:20||828547500||623397||0.00075241
05:21||828547500||623397||0.00075241
05:22||829116000||624273||0.00075241
05:23||828439000||624255||0.00075241
05:24||828439000||624255||0.00075241
05:25||828414000||624255||0.00075241
05:26||828087000||624255||0.00075241
05:27||828087000||624255||0.00075241
05:28||827622000||622393||0.00075241
05:29||827522000||622393||0.00075241
05:30||827022000||622243||0.00075241
05:31||827022000||622243||0.00075241
05:32||827022000||622243||0.00075241
05:33||827022000||622243||0.00075241
05:34||827022000||622243||0.00075241
05:35||826750000||622243||0.00075241
05:36||826000500||621491||0.00075241
05:37||826000500||621490||0.00075241
05:38||826000500||621490||0.00075241
05:39||826000500||621491||0.00075241
05:40||826000500||621490||0.00075241
05:41||826000500||620738||0.00075241
05:42||825154000||620738||0.00075241
05:43||825497000||617013||0.00075241
05:44||825497000||617013||0.00075241
05:45||824523000||623028||0.00075241
05:46||824521000||617730||0.00075241
05:47||823205500||617730||0.00075241
05:48||823205500||617730||0.00075241
05:49||822980500||617014||0.00075241
05:50||821525500||619233||0.00075241
05:51||821526000||619233||0.00075241
05:52||821526000||619233||0.00075241
05:53||822000000||619233||0.00075241
05:54||822499500||619985||0.00075241
05:55||821500500||619985||0.00075241
05:56||821500500||619985||0.00075241
05:57||821500500||619985||0.00075241
05:58||821500500||619985||0.00075241
05:59||821496000||618474||0.00075241
06:00||821496000||618474||0.00075241
06:01||821496000||618474||0.00075241
06:02||821496000||618474||0.00075241
06:03||821506000||618474||0.00075241
06:04||821506000||618474||0.00075241
06:05||822000500||617729||0.00075241
06:06||823500000||619233||0.00075241
06:07||823499500||619233||0.00075241
06:08||822500000||617729||0.00075241
06:09||822500000||617729||0.00075241
06:10||822500000||617729||0.00075241
06:11||822500000||617729||0.00075241
06:12||822499500||617729||0.00075241
06:13||822499500||619984||0.00075241
06:14||822499000||619984||0.00075241
06:15||822499000||619984||0.00075241
06:16||822502500||619984||0.00075241
06:17||823498500||619984||0.00075241
06:18||823498500||619984||0.00075241
06:19||823498500||619984||0.00075241
06:20||823498500||619983||0.00075241
06:21||823498500||619983||0.00075241
06:22||823499000||619983||0.00075241
06:23||823500000||619985||0.00075241
06:24||823500000||619985||0.00075241
06:25||823500000||619985||0.00075241
06:26||823500000||619985||0.00075241
06:27||823500000||619985||0.00075241
06:28||823550000||619985||0.00075241
06:29||823600000||619985||0.00075241
06:30||823600000||619383||0.00075241
06:31||823600000||619383||0.00075241
06:32||823600000||619985||0.00075241
06:33||823600000||619985||0.00075241
06:34||823600000||619985||0.00075241
06:35||823600000||619985||0.00075241
06:36||823600000||619383||0.00075241
06:37||823605500||619383||0.00075241
06:38||823605500||619985||0.00075241
06:39||824149000||619985||0.00075241
06:40||824149500||619985||0.00075241
06:41||824149500||619985||0.00075241
06:42||824151500||619985||0.00075241
06:43||824151500||619985||0.00075241
06:44||824153500||620736||0.00075241
06:45||824247500||620736||0.00075241
06:46||823404500||619609||0.00075241
06:47||822522500||617013||0.00075241
06:48||822526000||617013||0.00075241
06:49||822293500||617013||0.00075241
06:50||822402500||617013||0.00075241
06:51||822402500||617013||0.00075241
06:52||822402500||620215||0.00075241
06:53||822352500||620215||0.00075241
06:54||822350500||620137||0.00075241
06:55||821300000||620137||0.00075241
06:56||820799500||620137||0.00075241
06:57||820799500||620137||0.00075241
06:58||820799500||620137||0.00075241
06:59||820799500||617727||0.00075241
07:00||820799500||617727||0.00075241
07:01||820799500||617727||0.00075241
07:02||820799500||617727||0.00075241
07:03||820799500||617727||0.00075241
07:04||820799500||617727||0.00075241
07:05||820799500||617727||0.00075241
07:06||820799500||617727||0.00075241
07:07||820799500||617727||0.00075241
07:08||820799500||617727||0.00075241
07:09||820799500||617727||0.00075241
07:10||820799500||617727||0.00075241
07:11||820799500||617727||0.00075241
07:12||820799500||617427||0.00075241
07:13||820750000||617727||0.00075241
07:14||820750000||617727||0.00075241
07:15||820750000||617727||0.00075241
07:16||820750000||617727||0.00075241
07:17||820750000||617353||0.00075241
07:18||820750000||617353||0.00075241
07:19||820750000||617353||0.00075241
07:20||820750000||617727||0.00075241
07:21||820750000||617727||0.00075241
07:22||821300000||618481||0.00075241
07:23||821300000||618481||0.00075241
07:24||820604500||618481||0.00075241
07:25||821309500||617441||0.00075241
07:26||821309500||618481||0.00075241
07:27||822500000||618481||0.00075241
07:28||821750000||617352||0.00075241
07:29||821750000||617352||0.00075241
07:30||821755000||617352||0.00075241
07:31||821755000||617352||0.00075241
07:32||821755000||617359||0.00075241
07:33||821755000||617359||0.00075241
07:34||821755000||617359||0.00075241
07:35||821755000||617359||0.00075241
07:36||821750000||617359||0.00075241
07:37||821750000||617359||0.00075241
07:38||821750000||617359||0.00075241
07:39||821745000||617359||0.00075241
07:40||821745000||617359||0.00075241
07:41||821740000||617359||0.00075241
07:42||821740000||619218||0.00075241
07:43||821250500||619210||0.00075241
07:44||820750500||619210||0.00075241
07:45||820750500||617728||0.00075241
07:46||820750500||617353||0.00075241
07:47||821500500||618857||0.00075241
07:48||822201000||617353||0.00075241
07:49||823185500||617353||0.00075241
07:50||823185500||619909||0.00075241
07:51||822200000||618836||0.00075241
07:52||822058000||618836||0.00075241
07:53||821595000||618884||0.00075241
07:54||821827000||618884||0.00075241
07:55||821827000||618884||0.00075241
07:56||822993500||619223||0.00075241
07:57||823492000||619609||0.00075241
07:58||823492000||619609||0.00075241
07:59||823493500||619609||0.00075241
08:00||823487500||619609||0.00075241
08:01||823486000||619609||0.00075241
08:02||823487500||619609||0.00075241
08:03||823487500||619609||0.00075241
08:04||823693500||619609||0.00075241
08:05||823899500||619609||0.00075241
08:06||823899500||619609||0.00075241
08:07||823899500||619909||0.00075241
08:08||823899500||619910||0.00075241
08:09||823899500||619909||0.00075241
08:10||823899500||619909||0.00075241
08:11||823899500||619910||0.00075241
08:12||823899500||619985||0.00075241
08:13||826622500||620738||0.00075241
08:14||827999500||623028||0.00075241
08:15||827999500||622995||0.00075241
08:16||827999500||622995||0.00075241
08:17||827999500||622995||0.00075241
08:18||827999500||622995||0.00075241
08:19||827999500||622995||0.00075241
08:20||827999500||622995||0.00075241
08:21||827999500||622995||0.00075241
08:22||827999500||622995||0.00075241
08:23||827999500||622995||0.00075241
08:24||827999500||622995||0.00075241
08:25||827999500||622994||0.00075241
08:26||827999500||622994||0.00075241
08:27||827999500||622995||0.00075241
08:28||827999500||622995||0.00075241
08:29||827999500||622995||0.00075241
08:30||827999500||622995||0.00075241
08:31||828499500||623747||0.00075241
08:32||826520500||622981||0.00075241
08:33||826550500||622981||0.00075241
08:34||826580000||622981||0.00075241
08:35||826580000||622981||0.00075241
08:36||827605500||622981||0.00075241
08:37||828115000||622981||0.00075241
08:38||827230500||622981||0.00075241
08:39||826138500||622416||0.00075241
08:40||826138500||622416||0.00075241
08:41||827023000||620772||0.00075241
08:42||827285000||620772||0.00075241
08:43||828000000||621167||0.00075241
08:44||827014000||622243||0.00075241
08:45||827250000||622243||0.00075241
08:46||826069500||622243||0.00075241
08:47||827405000||622844||0.00075241
08:48||827355000||622250||0.00075241
08:49||827355000||622250||0.00075241
08:51||827355000||622250||0.00075241
08:52||827750000||622769||0.00075241
08:53||827750000||622769||0.00075241
08:54||827725000||622769||0.00075241
08:55||827725000||622807||0.00075241
08:56||826398500||620773||0.00075241
08:57||826152500||622807||0.00075241
08:58||826152500||622807||0.00075241
08:59||826628500||622807||0.00075241
09:00||826499500||622807||0.00075241
09:01||826499500||622807||0.00075241
09:02||826004500||622807||0.00075241
09:03||826004500||622807||0.00075241
09:04||825528000||620773||0.00075241
09:05||821512500||618481||0.00075241
09:06||821512500||618481||0.00075241
09:07||821412000||618481||0.00075241
09:08||821412000||618481||0.00075241
09:09||821112500||618481||0.00075241
09:10||821112500||617747||0.00075241
09:11||820025000||616976||0.00075241
09:12||817754500||616976||0.00075241
09:13||817508000||615283||0.00075241
09:14||816084500||613966||0.00075241
09:15||815600000||613966||0.00075241
09:16||815254500||613590||0.00075241
09:17||815675000||613966||0.00075241
09:18||815675000||613477||0.00075241
09:19||815675000||613477||0.00075241
09:20||815577500||613477||0.00075241
09:21||815577500||613966||0.00075241
09:22||815579000||613966||0.00075241
09:23||814749500||612086||0.00075241
09:24||814749000||612086||0.00075241
09:25||814749000||612085||0.00075241
09:26||813700000||611333||0.00075241
09:27||814382500||613965||0.00075241
09:28||814373500||604636||0.00075241
09:29||812762000||604636||0.00075241
09:30||809524000||606443||0.00075241
09:31||812765500||609493||0.00075241
09:32||810866000||611709||0.00075241
09:33||811646000||611709||0.00075241
09:34||815419000||613959||0.00075241
09:35||816603500||611898||0.00075241
09:36||819814500||616226||0.00075241
09:37||819818500||616846||0.00075241
09:38||820528000||616846||0.00075241
09:39||820529000||617906||0.00075241
09:40||819818000||616845||0.00075241
09:41||819818000||616845||0.00075241
09:42||819810500||616833||0.00075241
09:43||819908500||616845||0.00075241
09:44||819908500||616845||0.00075241
09:45||819899500||616845||0.00075241
09:46||819901000||612467||0.00075241
09:47||819900000||616976||0.00075241
09:48||819900000||616976||0.00075241
09:49||817062500||616976||0.00075241
09:50||818040000||616976||0.00075241
09:51||818040500||616976||0.00075241
09:52||819125000||616976||0.00075241
09:53||819350000||615685||0.00075241
09:54||819363000||616976||0.00075241
09:55||819363000||616976||0.00075241
09:56||819363000||616017||0.00075241
09:57||819363000||616017||0.00075241
09:58||819363000||616976||0.00075241
09:59||819363000||616976||0.00075241
10:00||819363000||616976||0.00075241
10:01||819863000||617728||0.00075241
10:02||821102500||617727||0.00075241
10:03||820750000||619233||0.00075241
10:04||822509500||619233||0.00075241
10:05||823994500||619977||0.00075241
10:06||823992500||619973||0.00075241
10:07||823992500||619985||0.00075241
10:08||823992500||619985||0.00075241
10:09||823985500||619985||0.00075241
10:10||823971500||619985||0.00075241
10:11||823978500||619975||0.00075241
10:12||823977500||619975||0.00075241
10:13||823969500||619963||0.00075241
10:14||823969500||619963||0.00075241
10:15||823335000||619007||0.00075241
10:16||823330000||619975||0.00075241
10:17||823300000||619007||0.00075241
10:18||823299500||619007||0.00075241
10:19||823299500||619909||0.00075241
10:20||823311500||619909||0.00075241
10:21||823187000||619722||0.00075241
10:22||823576500||619722||0.00075241
10:23||823768500||619721||0.00075241
10:24||823768500||619721||0.00075241
10:25||823580000||619611||0.00075241
10:26||823699000||619609||0.00075241
10:27||823510500||619609||0.00075241
10:28||823511000||619609||0.00075241
10:29||823697500||619909||0.00075241
10:30||823510500||619909||0.00075241
10:31||823511500||619629||0.00075241
10:32||822494000||619606||0.00075241
10:33||822514000||619606||0.00075241
10:34||821521000||618292||0.00075241
10:35||821495500||618292||0.00075241
10:36||821352000||618292||0.00075241
10:37||821208500||618292||0.00075241
10:38||821208500||618292||0.00075241
10:39||821194500||618292||0.00075241
10:40||821194500||618292||0.00075241
10:41||821194500||618292||0.00075241
10:42||821194500||618292||0.00075241
10:43||821194500||618292||0.00075241
10:44||821194500||618292||0.00075241
10:45||821194500||618292||0.00075241
10:46||821194500||617875||0.00075241
10:47||820601000||617875||0.00075241
10:48||820599000||617871||0.00075241
10:49||820008500||617871||0.00075241
10:50||820008500||615471||0.00075241
10:51||819004500||615471||0.00075241
10:52||818006500||615471||0.00075241
10:53||818007500||615482||0.00075241
10:54||818008500||615471||0.00075241
10:55||818016500||615471||0.00075241
10:56||818019500||615471||0.00075241
10:57||819030000||616976||0.00075241
10:58||819032500||615516||0.00075241
10:59||819050000||616976||0.00075241
11:00||819050000||616976||0.00075241
11:01||819692500||616976||0.00075241
11:02||819692500||616976||0.00075241
11:03||821112000||617728||0.00075241
11:04||821112000||617728||0.00075241
11:05||821999500||617728||0.00075241
11:06||822024500||618480||0.00075241
11:07||822524500||619233||0.00075241
11:08||822957000||619233||0.00075241
11:09||822956000||619233||0.00075241
11:10||822955000||619233||0.00075241
11:11||822267500||618131||0.00075241
11:12||822234000||618131||0.00075241
11:13||822234000||618131||0.00075241
11:14||822283500||618155||0.00075241
11:15||822242500||618155||0.00075241
11:16||822999000||619171||0.00075241
11:17||823049500||619233||0.00075241
11:18||823049500||619270||0.00075241
11:19||823049500||619270||0.00075241
11:20||823049500||619270||0.00075241
11:21||823049500||619271||0.00075241
11:22||823049500||619271||0.00075241
11:23||823049500||619271||0.00075241
11:24||823049500||619271||0.00075241
11:25||823049500||619271||0.00075241
11:26||823228500||619276||0.00075241
11:27||823227500||619532||0.00075241
11:28||824369500||619985||0.00075241
11:29||824369500||620015||0.00075241
11:30||824699500||620512||0.00075241
11:31||824807500||620512||0.00075241
11:32||824949000||620512||0.00075241
11:33||824949000||620512||0.00075241
11:34||824998500||620736||0.00075241
11:35||824998500||620737||0.00075241
11:36||824993000||620737||0.00075241
11:37||824998500||620736||0.00075241
11:38||824472500||620362||0.00075241
11:39||824445500||620320||0.00075241
11:40||824445500||620321||0.00075241
11:41||824445500||620321||0.00075241
11:42||824445500||620321||0.00075241
11:43||823680000||620320||0.00075241
11:44||823672000||620320||0.00075241
11:45||823659000||620320||0.00075241
11:46||823444500||620320||0.00075241
11:47||822898500||620320||0.00075241
11:48||823453500||620320||0.00075241
11:49||822916500||620320||0.00075241
11:50||823453500||619985||0.00075241
11:51||823510000||619248||0.00075241
11:52||823510000||619248||0.00075241
11:53||823510000||619985||0.00075241
11:54||823755000||619985||0.00075241
11:55||823923000||619985||0.00075241
11:56||823999500||619985||0.00075241
11:57||823999500||619985||0.00075241
11:58||824222500||619985||0.00075241
11:59||824222500||619985||0.00075241
12:00||824222500||619985||0.00075241
12:01||825888500||621490||0.00075241
12:02||825888500||621490||0.00075241
12:03||825489500||621322||0.00075241
12:04||825481500||621094||0.00075241
12:05||825481500||621094||0.00075241
12:06||824745500||621094||0.00075241
12:07||824500000||621094||0.00075241
12:08||824500000||619986||0.00075241
12:09||824500000||619986||0.00075241
12:10||824499500||619986||0.00075241
12:11||824499500||619986||0.00075241
12:12||824499500||619986||0.00075241
12:13||824499500||619986||0.00075241
12:14||824500000||620736||0.00075241
12:15||824500500||620736||0.00075241
12:16||824501500||620736||0.00075241
12:17||824503500||620735||0.00075241
12:18||824259500||620735||0.00075241
12:19||824300000||620735||0.00075241
12:20||824300500||620735||0.00075241
12:21||824300500||620735||0.00075241
12:22||824300500||620735||0.00075241
12:23||824300500||620362||0.00075241
12:24||824260500||620001||0.00075241
12:25||824260500||620362||0.00075241
12:26||824260500||620362||0.00075241
12:27||824260500||620001||0.00075241
12:28||824264500||620001||0.00075241
12:29||824265500||620001||0.00075241
12:30||824265500||620001||0.00075241
12:31||824265500||620001||0.00075241
12:32||824232000||620001||0.00075241
12:33||824232000||620001||0.00075241
12:34||824231000||620309||0.00075241
12:35||824231000||620009||0.00075241
12:36||824232000||620310||0.00075241
12:37||824265500||620361||0.00075241
12:38||824266000||620362||0.00075241
12:39||824517000||620737||0.00075241
12:40||824517500||620737||0.00075241
12:41||824525000||620738||0.00075241
12:42||824525000||620738||0.00075241
12:43||824525000||620738||0.00075241
12:44||824300500||620399||0.00075241
12:45||824300500||620399||0.00075241
12:46||824300500||620399||0.00075241
12:47||824300500||620399||0.00075241
12:48||824525500||620738||0.00075241
12:49||824525500||620738||0.00075241
12:50||824525500||620738||0.00075241
12:51||824575500||620738||0.00075241
12:52||824820500||620738||0.00075241
12:53||825245500||620738||0.00075241
12:54||825246000||620738||0.00075241
12:55||826004000||622243||0.00075241
12:56||825995000||620738||0.00075241
12:57||825075500||620099||0.00075241
12:58||825250000||620099||0.00075241
12:59||825255000||620099||0.00075241
13:00||825500000||620099||0.00075241
13:01||825500000||621490||0.00075241
13:02||825500000||621490||0.00075241
13:03||825500000||620738||0.00075241
13:04||825500000||620738||0.00075241
13:05||825500000||621490||0.00075241
13:06||825500000||621490||0.00075241
13:07||825250000||621490||0.00075241
13:08||825250000||620738||0.00075241
13:09||825900000||622167||0.00075241
13:10||825750000||620738||0.00075241
13:11||825751000||620738||0.00075241
13:12||825851500||622017||0.00075241
13:13||826100000||620740||0.00075241
13:14||826025000||621152||0.00075241
13:15||826025500||621152||0.00075241
13:16||826026000||621866||0.00075241
13:17||825976500||621866||0.00075241
13:18||826027500||621866||0.00075241
13:19||826249500||621866||0.00075241
13:20||826249500||621866||0.00075241
13:21||826250000||621866||0.00075241
13:22||826848000||622017||0.00075241
13:23||826848000||622017||0.00075241
13:24||826847500||622765||0.00075241
13:25||827347000||622765||0.00075241
13:26||827347000||622765||0.00075241
13:27||827347000||622765||0.00075241
13:28||827000500||622243||0.00075241
13:29||826501000||622243||0.00075241
13:30||826501000||622243||0.00075241
13:31||826501000||622243||0.00075241
13:32||826500500||622243||0.00075241
13:33||826500500||622243||0.00075241
13:34||826500500||622243||0.00075241
13:35||825501500||621114||0.00075241
13:36||825001000||620362||0.00075241
13:37||825001000||620362||0.00075241
13:38||825001000||620362||0.00075241
13:39||825001500||620362||0.00075241
13:40||825000500||621115||0.00075241
13:41||825000500||621115||0.00075241
13:42||825000500||621115||0.00075241
13:43||824995500||621114||0.00075241
13:44||824990500||620362||0.00075241
13:45||824750500||620738||0.00075241
13:46||825000500||620739||0.00075241
13:47||825000500||620739||0.00075241
13:48||825000500||620739||0.00075241
13:49||825000500||620739||0.00075241
13:50||825000500||620739||0.00075241
13:51||825245000||620738||0.00075241
13:52||825245500||620739||0.00075241
13:53||825245500||620739||0.00075241
13:54||825250500||620739||0.00075241
13:55||825250500||620739||0.00075241
13:56||825250500||621106||0.00075241
13:57||825250500||621106||0.00075241
13:58||825250500||621106||0.00075241
13:59||825250500||621106||0.00075241
14:00||825246000||621106||0.00075241
14:01||825246000||621106||0.00075241
14:02||825246000||621099||0.00075241
14:03||825246000||621099||0.00075241
14:05||825246000||621099||0.00075241
14:06||825246000||621099||0.00075241
14:07||825246000||621099||0.00075241
14:08||825246000||621099||0.00075241
14:09||825241000||621099||0.00075241
14:10||824815500||620136||0.00075241
14:11||824575500||620738||0.00075241
14:12||824899500||620738||0.00075241
14:13||824899500||620663||0.00075241
14:14||824899500||620663||0.00075241
14:15||824899500||620662||0.00075241
14:16||824899500||620662||0.00075241
14:17||824899500||620662||0.00075241
14:18||824899500||620663||0.00075241
14:19||824899500||620663||0.00075241
14:20||824000500||620024||0.00075241
14:21||824000500||620024||0.00075241
14:22||823500500||619609||0.00075241
14:23||823500500||619609||0.00075241
14:24||823500500||619609||0.00075241
14:25||823500500||619609||0.00075241
14:26||823500500||619609||0.00075241
14:27||823500500||619609||0.00075241
14:28||823500500||619609||0.00075241
14:29||823500500||619609||0.00075241
14:30||823500500||619609||0.00075241
14:31||823500500||619609||0.00075241
14:32||823500500||619610||0.00075241
14:33||823500500||619610||0.00075241
14:34||823500500||619610||0.00075241
14:35||823500500||619610||0.00075241
14:36||823500500||619610||0.00075241
14:37||823500500||619610||0.00075241
14:38||823500500||619610||0.00075241
14:39||823500500||619610||0.00075241
14:40||823500500||619610||0.00075241
14:41||823500500||619610||0.00075241
14:42||823500500||619610||0.00075241
14:43||823500500||619610||0.00075241
14:44||823500500||619610||0.00075241
14:45||823500500||619610||0.00075241
14:46||823500500||619610||0.00075241
14:47||823500500||619610||0.00075241
14:48||823500500||619610||0.00075241
14:49||823500500||619610||0.00075241
14:50||823250500||619233||0.00075241
14:51||823250500||619233||0.00075241
14:52||823250000||619610||0.00075241
14:53||823245000||619610||0.00075241
14:54||823245000||619233||0.00075241
14:55||823000500||619233||0.00075241
14:56||823000500||619233||0.00075241
14:57||823000500||619233||0.00075241
14:58||823249500||619233||0.00075241
14:59||823244500||619233||0.00075241
15:00||822744500||619601||0.00075241
15:01||822744500||619601||0.00075241
15:02||822744500||619601||0.00075241
15:03||822744500||618481||0.00075241
15:04||822744500||618481||0.00075241
15:05||822744500||618481||0.00075241
15:06||822000500||618481||0.00075241
15:07||820245500||618481||0.00075241
15:08||820245000||618481||0.00075241
15:09||820245000||618481||0.00075241
15:10||819250000||616976||0.00075241
15:11||819250000||616976||0.00075241
15:12||819250500||616976||0.00075241
15:13||819250500||616976||0.00075241
15:14||819250500||616976||0.00075241
15:15||819250500||616976||0.00075241
15:16||819400500||616976||0.00075241
15:17||819250000||616976||0.00075241
15:18||819000000||615471||0.00075241
15:19||819459000||616976||0.00075241
15:20||818441500||616162||0.00075241
15:21||818441500||616162||0.00075241
15:22||818441500||615471||0.00075241
15:23||816980500||615471||0.00075241
15:24||816980500||613967||0.00075241
15:25||816980500||613967||0.00075241
15:26||816980500||615441||0.00075241
15:27||816980500||615441||0.00075241
15:28||816980500||615441||0.00075241
15:29||816981000||615441||0.00075241
15:30||816507500||615441||0.00075241
15:31||817450500||616900||0.00075241
15:32||815950500||616900||0.00075241
15:33||815930000||616118||0.00075241
15:34||813001000||610958||0.00075241
15:35||814847500||610957||0.00075241
15:36||816870500||614628||0.00075241
15:37||816861500||614615||0.00075241
15:38||813559000||610205||0.00075241
15:39||814960500||614601||0.00075241
15:40||814075500||610481||0.00075241
15:41||813711500||613895||0.00075241
15:42||814931000||613891||0.00075241
15:43||810945000||612462||0.00075241
15:44||810120000||611710||0.00075241
15:45||812000500||611710||0.00075241
15:46||812000500||611710||0.00075241
15:47||812000500||610957||0.00075241
15:48||812000500||610957||0.00075241
15:49||812000500||610956||0.00075241
15:50||812000500||610957||0.00075241
15:51||813000500||610957||0.00075241
15:52||813000500||611710||0.00075241
15:53||814530500||611710||0.00075241
15:54||814470500||611710||0.00075241
15:55||813074000||611710||0.00075241
15:56||813001500||611710||0.00075241
15:57||813001500||611710||0.00075241
15:58||813001500||611710||0.00075241
15:59||813975500||611710||0.00075241
16:00||814016500||613208||0.00075241
16:01||814005500||613208||0.00075241
16:02||814495000||613208||0.00075241
16:03||814495000||613208||0.00075241
16:04||814485000||612461||0.00075241
16:05||814485000||612461||0.00075241
16:06||814475500||613177||0.00075241
16:07||814475500||613177||0.00075241
16:08||814475500||612461||0.00075241
16:09||814465500||612461||0.00075241
16:10||814000500||612461||0.00075241
16:11||814000500||612461||0.00075241
16:12||814000500||612461||0.00075241
16:13||814000500||612461||0.00075241
16:14||814000500||612461||0.00075241
16:15||814000500||612461||0.00075241
16:16||814000500||612461||0.00075241
16:17||814000500||612461||0.00075241
16:18||814010500||612461||0.00075241
16:19||815471500||614631||0.00075241
16:20||815480000||614631||0.00075241
16:21||815950500||613226||0.00075241
16:22||815950500||614631||0.00075241
16:23||816207000||614631||0.00075241
16:24||816207000||614631||0.00075241
16:25||816281000||614631||0.00075241
16:26||816701500||612461||0.00075241
16:27||816700500||612461||0.00075241
16:28||815476000||614639||0.00075241
16:29||815476000||614639||0.00075241
16:30||815475500||614639||0.00075241
16:31||814500500||614639||0.00075241
16:32||815428000||614568||0.00075241
16:33||815918000||612503||0.00075241
16:34||815918000||612503||0.00075241
16:35||816847500||612503||0.00075241
16:36||816847500||612503||0.00075241
16:37||816847500||612503||0.00075241
16:38||816847500||612503||0.00075241
16:39||816847500||614569||0.00075241
16:40||817968000||614639||0.00075241
16:41||817968000||616223||0.00075241
16:42||817989000||616223||0.00075241
16:43||818302000||616223||0.00075241
16:44||819124500||616976||0.00075241
16:45||819300500||615923||0.00075241
16:46||819500000||616223||0.00075241
16:47||818530000||614764||0.00075241
16:48||818530000||614764||0.00075241
16:49||818530000||614764||0.00075241
16:50||819250000||614764||0.00075241
16:51||819250000||614764||0.00075241
16:52||820010500||616983||0.00075241
16:53||820010500||616983||0.00075241
16:54||820189500||616983||0.00075241
16:55||820998500||617727||0.00075241
16:56||820999500||617727||0.00075241
16:57||820999500||617728||0.00075241
16:58||820999500||617728||0.00075241
16:59||820999500||617728||0.00075241
17:00||820999500||617728||0.00075241
17:01||821541000||617728||0.00075241
17:02||821082500||617790||0.00075241
17:03||821040500||617790||0.00075241
17:04||820499500||617727||0.00075241
17:05||820024500||616261||0.00075241
17:06||819775500||616261||0.00075241
17:07||819050500||616261||0.00075241
17:08||819775000||617352||0.00075241
17:09||819775500||617352||0.00075241
17:10||819525500||617352||0.00075241
17:11||819525500||617352||0.00075241
17:12||819950000||617653||0.00075241
17:13||818999500||617727||0.00075241
17:14||819024500||613966||0.00075241
17:15||819250000||617653||0.00075241
17:16||819450500||615472||0.00075241
17:17||819750500||615472||0.00075241
17:18||817501000||613214||0.00075241
17:19||817501000||616976||0.00075241
17:20||817650000||616976||0.00075241
17:21||818250000||616825||0.00075241
17:22||819900000||616825||0.00075241
17:23||819900000||616976||0.00075241
17:24||819900000||616976||0.00075241
17:25||820050000||616976||0.00075241
17:26||820350000||616976||0.00075241
17:27||820350000||616976||0.00075241
17:28||820350500||616976||0.00075241
17:29||820899500||616976||0.00075241
17:30||820899500||616976||0.00075241
17:31||820899500||617652||0.00075241
17:32||820899500||617652||0.00075241
17:33||820899500||617652||0.00075241
17:34||820899500||617652||0.00075241
17:35||820899500||617652||0.00075241
17:36||820899500||617652||0.00075241
17:37||819525000||615509||0.00075241
17:38||819000000||614718||0.00075241
17:39||819750000||618481||0.00075241
17:40||819000000||617728||0.00075241
17:41||818899500||617201||0.00075241
17:42||818833000||616976||0.00075241
17:43||818506000||615104||0.00075241
17:44||818849500||615246||0.00075241
17:45||818875000||616743||0.00075241
17:46||818998500||616523||0.00075241
17:47||818599000||616372||0.00075241
17:48||818375000||615170||0.00075241
17:49||818179000||616072||0.00075241
17:50||818125500||615283||0.00075241
17:51||818191000||615472||0.00075241
17:52||818210000||615764||0.00075241
17:53||818199500||615546||0.00075241
17:54||818101500||615694||0.00075241
17:55||818198500||615694||0.00075241
17:56||818195500||615689||0.00075241
17:57||817751000||615694||0.00075241
17:58||816926000||613632||0.00075241
17:59||816300000||613665||0.00075241
18:00||816500000||613966||0.00075241
18:01||816625000||614079||0.00075241
18:02||817125000||614530||0.00075241
18:03||817625000||614907||0.00075241
18:04||817499500||614718||0.00075241
18:05||817249500||614342||0.00075241
18:06||817324500||614831||0.00075241
18:07||817200500||614870||0.00075241
18:08||817200500||614870||0.00075241
18:09||817200500||614870||0.00075241
18:10||817200500||614870||0.00075241
18:11||817200500||614870||0.00075241
18:12||817200500||614870||0.00075241
18:13||816680000||614870||0.00075241
18:14||816680000||614086||0.00075241
18:15||816680000||614086||0.00075241
18:16||816850500||614086||0.00075241
18:17||818499500||615846||0.00075241
18:18||818000500||615848||0.00075241
18:19||818250500||615848||0.00075241
18:20||818000000||615847||0.00075241
18:21||818375500||616035||0.00075241
18:22||817997500||614718||0.00075241
18:23||818775500||615095||0.00075241
18:24||819875000||617728||0.00075241
18:25||823175000||621490||0.00075241
18:26||823675000||617991||0.00075241
18:27||826675000||619496||0.00075241
18:28||825677500||622995||0.00075241
18:29||827249500||625251||0.00075241
18:30||827000500||619734||0.00075241
18:31||827949000||620738||0.00075241
18:32||828270000||621866||0.00075241
18:33||827724000||622130||0.00075241
18:34||828499500||623370||0.00075241
18:35||828499500||623370||0.00075241
18:36||828499500||623370||0.00075241
18:37||828499500||623370||0.00075241
18:38||827800000||623370||0.00075241
18:39||827550000||623370||0.00075241
18:40||826500500||622243||0.00075241
18:41||825505000||620745||0.00075241
18:42||825505000||620745||0.00075241
18:43||825305000||621490||0.00075241
18:44||825305000||620745||0.00075241
18:45||825504500||621489||0.00075241
18:46||825504500||621489||0.00075241
18:47||825455000||620745||0.00075241
18:48||825455000||620745||0.00075241
18:49||825455000||620745||0.00075241
18:50||825455000||620745||0.00075241
18:51||825455500||621415||0.00075241
18:52||825455500||621415||0.00075241
18:53||825509000||621489||0.00075241
18:54||826010000||622243||0.00075241
18:55||826010000||622243||0.00075241
18:56||826010500||622243||0.00075241
18:57||825560500||622243||0.00075241
18:58||825560500||622243||0.00075241
18:59||825561000||621490||0.00075241
19:00||825561500||620830||0.00075241
19:01||825561500||620830||0.00075241
19:02||825999500||621490||0.00075241
19:03||825999500||621490||0.00075241
19:04||826504500||621490||0.00075241
19:05||826504500||622242||0.00075241
19:06||826504500||622242||0.00075241
19:07||826504500||622242||0.00075241
19:08||826999500||622243||0.00075241
19:09||826505000||622242||0.00075241
19:10||826504500||622242||0.00075241
19:11||826754000||622242||0.00075241
19:12||826510500||621874||0.00075241
19:13||826510500||621874||0.00075241
19:14||826510500||621874||0.00075241
19:15||826510500||621874||0.00075241
19:16||826510500||621874||0.00075241
19:17||826510500||621874||0.00075241
19:18||826405500||621716||0.00075241
19:19||826400000||621875||0.00075241
19:20||826400000||621717||0.00075241
19:21||826400000||621717||0.00075241
19:22||826400000||621717||0.00075241
19:23||826305000||621717||0.00075241
19:24||826305000||621717||0.00075241
19:25||826305000||621716||0.00075241
19:26||826305000||621723||0.00075241
19:27||825910500||621716||0.00075241
19:28||825910500||621716||0.00075241
19:29||825910500||621716||0.00075241
19:30||825905500||621716||0.00075241
19:31||825905000||621122||0.00075241
19:32||825149000||619985||0.00075241
19:33||825149500||621714||0.00075241
19:34||825399000||620362||0.00075241
19:35||825649000||621182||0.00075241
19:36||825795500||621860||0.00075241
19:37||826250000||622243||0.00075241
19:38||827262000||622243||0.00075241
19:39||827298500||622243||0.00075241
19:40||827300500||622243||0.00075241
19:41||827290500||622243||0.00075241
19:42||827050500||622243||0.00075241
19:43||826111500||622243||0.00075241
19:44||826108500||621574||0.00075241
19:45||826780500||622619||0.00075241
19:46||826556000||622619||0.00075241
19:47||826556500||622243||0.00075241
19:48||826556500||621575||0.00075241
19:49||826406500||622167||0.00075241
19:50||826307000||622167||0.00075241
19:51||826257000||622167||0.00075241
19:52||826157000||622167||0.00075241
19:53||826157000||622167||0.00075241
19:54||826157000||622167||0.00075241
19:55||826159000||621641||0.00075241
19:56||826199500||621641||0.00075241
19:57||826199500||621641||0.00075241
19:58||826199500||621641||0.00075241
19:59||826199500||621641||0.00075241
20:00||826199500||621640||0.00075241
20:01||826199500||621640||0.00075241
20:02||826199500||621641||0.00075241
20:03||826250000||621641||0.00075241
20:04||826250000||621641||0.00075241
20:05||826200500||621641||0.00075241
20:06||826113500||621510||0.00075241
20:07||826200500||621510||0.00075241
20:08||826200500||621510||0.00075241
20:09||826200500||621641||0.00075241
20:10||826200500||621641||0.00075241
20:11||826200500||621641||0.00075241
20:12||826200500||621641||0.00075241
20:13||826200500||621641||0.00075241
20:14||826200500||621641||0.00075241
20:15||826200500||621641||0.00075241
20:16||826200500||621641||0.00075241
20:17||826200500||621641||0.00075241
20:18||826200500||621641||0.00075241
20:19||826200500||621641||0.00075241
20:20||825100000||619609||0.00075241
20:21||825250500||622995||0.00075241
20:22||826499000||623746||0.00075241
20:23||827550000||624124||0.00075241
20:24||827750000||625252||0.00075241
20:25||829000500||626757||0.00075241
20:26||831500000||626757||0.00075241
20:27||830050000||626757||0.00075241
20:28||829850000||626757||0.00075241
20:29||829875500||626757||0.00075241
20:30||828755000||626757||0.00075241
20:31||828759500||624500||0.00075241
20:32||829000000||624500||0.00075241
20:33||829105000||624500||0.00075241
20:34||829501000||623748||0.00075241
20:35||829500500||624500||0.00075241
20:36||829500500||623749||0.00075241
20:37||829500500||623749||0.00075241
20:38||829500500||624499||0.00075241
20:39||829500500||624499||0.00075241
20:40||829500500||624499||0.00075241
20:41||829490500||623749||0.00075241
20:42||828598000||623749||0.00075241
20:43||828210500||623749||0.00075241
20:44||827676500||622619||0.00075241
20:45||826235500||622619||0.00075241
20:46||826005500||622619||0.00075241
20:47||825080500||620851||0.00075241
20:48||825080500||620851||0.00075241
20:49||825080500||620851||0.00075241
20:50||825255500||621114||0.00075241
20:51||825499500||621114||0.00075241
20:52||824484500||620746||0.00075241
20:53||824240000||619985||0.00075241
20:54||824234500||619985||0.00075241
20:55||824234500||620714||0.00075241
20:56||824234500||620714||0.00075241
20:57||824234500||620714||0.00075241
20:58||824234500||620714||0.00075241
20:59||822998000||619609||0.00075241
21:00||822998000||618857||0.00075241
21:01||822998500||618857||0.00075241
21:02||822998500||618857||0.00075241
21:03||822998500||618857||0.00075241
21:04||822999000||618858||0.00075241
21:05||823423000||618858||0.00075241
21:06||823448000||618858||0.00075241
21:07||822998500||618857||0.00075241
21:08||822999000||618857||0.00075241
21:09||822999000||618858||0.00075241
21:10||822746000||618858||0.00075241
21:11||822746000||619225||0.00075241
21:12||822751000||618858||0.00075241
21:13||822754500||618863||0.00075241
21:14||822755500||618863||0.00075241
21:15||823731500||620738||0.00075241
21:16||823732000||620700||0.00075241
21:17||823732500||618867||0.00075241
21:18||823732500||618867||0.00075241
21:19||823732500||618867||0.00075241
21:20||824000000||619158||0.00075241
21:21||823985000||619158||0.00075241
21:22||823250000||619158||0.00075241
21:23||823250000||619158||0.00075241
21:24||823250000||619158||0.00075241
21:25||823250000||619158||0.00075241
21:26||823250000||619158||0.00075241
21:27||823010500||619158||0.00075241
21:28||822763000||619158||0.00075241
21:29||822763000||619158||0.00075241
21:30||822763000||619158||0.00075241
21:31||822762500||618867||0.00075241
21:32||822762500||619241||0.00075241
21:33||822762500||619241||0.00075241
21:34||822762500||619241||0.00075241
21:35||822763000||619241||0.00075241
21:36||822763000||618868||0.00075241
21:37||822762500||618868||0.00075241
21:38||822762500||619241||0.00075241
21:39||822762500||619241||0.00075241
21:40||822752000||619241||0.00075241
21:41||822757000||619225||0.00075241
21:42||822757000||619225||0.00075241
21:43||822752500||619225||0.00075241
21:44||822752000||618867||0.00075241
21:45||822752000||618867||0.00075241
21:46||822747000||618867||0.00075241
21:47||822742500||618867||0.00075241
21:48||822742500||619211||0.00075241
21:49||822747000||619211||0.00075241
21:50||822747000||619211||0.00075241
21:51||822747500||619211||0.00075241
21:52||822772500||619225||0.00075241
21:53||822773000||619225||0.00075241
21:54||822773000||619225||0.00075241
21:55||822773500||619225||0.00075241
21:56||823000000||619225||0.00075241
21:57||823010500||619225||0.00075241
21:58||823010500||619225||0.00075241
21:59||823010500||619241||0.00075241
22:00||823010500||619241||0.00075241
22:01||823010500||619241||0.00075241
22:02||823010500||619241||0.00075241
22:03||822790500||619241||0.00075241
22:04||823010500||619241||0.00075241
22:05||823010500||619241||0.00075241
22:06||823010500||619240||0.00075241
22:07||823005500||619233||0.00075241
22:08||823000500||619233||0.00075241
22:09||823000500||619234||0.00075241
22:10||823000500||619234||0.00075241
22:11||823000500||619234||0.00075241
22:12||823000500||619234||0.00075241
22:13||821481500||618481||0.00075241
22:14||821000500||617728||0.00075241
22:15||821000500||617728||0.00075241
22:16||821000500||617728||0.00075241
22:17||821000500||617729||0.00075241
22:18||821000500||617729||0.00075241
22:19||821000500||617729||0.00075241
22:20||821000500||617729||0.00075241
22:21||821000500||617729||0.00075241
22:22||821000500||617729||0.00075241
22:23||821000500||617729||0.00075241
22:24||821000500||617728||0.00075241
22:25||821000500||617729||0.00075241
22:26||821000500||617729||0.00075241
22:27||821000500||617729||0.00075241
22:28||821000500||617729||0.00075241
22:29||821000500||617729||0.00075241
22:30||821000500||617729||0.00075241
22:31||821000500||617729||0.00075241
22:32||821000500||617728||0.00075241
22:33||821000500||617728||0.00075241
22:34||821000500||617728||0.00075241
22:35||821000500||617728||0.00075241
22:36||821000500||617729||0.00075241
22:37||821000500||617729||0.00075241
22:38||821000500||617729||0.00075241
22:39||821000500||617729||0.00075241
22:40||821000500||617729||0.00075241
22:41||821000500||617729||0.00075241
22:42||821686000||618781||0.00075241
22:43||821000500||618781||0.00075241
22:44||821000500||617728||0.00075241
22:45||821000500||617728||0.00075241
22:46||821000500||617728||0.00075241
22:47||821000500||617728||0.00075241
22:48||821000500||617729||0.00075241
22:49||821000500||617728||0.00075241
22:50||820755500||617359||0.00075241
22:51||820755500||617359||0.00075241
22:52||820755500||617729||0.00075241
22:53||820755500||617729||0.00075241
22:54||820755500||617729||0.00075241
22:55||821500500||617729||0.00075241
22:56||821500500||617729||0.00075241
22:57||821500500||617729||0.00075241
22:58||822911500||617729||0.00075241
22:59||821980500||619940||0.00075241
23:00||821770500||617759||0.00075241
23:01||822564500||620663||0.00075241
23:02||822600000||617825||0.00075241
23:03||821600000||619233||0.00075241
23:04||822510000||619233||0.00075241
23:05||821882500||616336||0.00075241
23:06||822175000||617239||0.00075241
23:07||822174500||617239||0.00075241
23:08||822204000||617239||0.00075241
23:09||821449500||617239||0.00075241
23:10||821449500||617239||0.00075241
23:11||821449500||617239||0.00075241
23:12||821449500||617239||0.00075241
23:13||821449500||617239||0.00075241
23:14||821449500||618067||0.00075241
23:15||821449500||618067||0.00075241
23:16||821449500||618067||0.00075241
23:17||821449500||618067||0.00075241
23:18||821449500||618066||0.00075241
23:19||821449500||618067||0.00075241
23:20||821449500||618067||0.00075241
23:21||821449500||618067||0.00075241
23:22||821449500||618067||0.00075241
23:23||821449500||618066||0.00075241
23:24||822230500||618067||0.00075241
23:25||823839000||619623||0.00075241
23:26||824509000||619985||0.00075241
23:27||824517500||619985||0.00075241
23:28||824898500||620662||0.00075241
23:29||824898500||620662||0.00075241
23:30||824950000||620663||0.00075241
23:31||825999500||620738||0.00075241
23:32||825999500||621490||0.00075241
23:33||826510000||621490||0.00075241
23:34||826260000||621505||0.00075241
23:35||826020500||621506||0.00075241
23:36||826020500||621506||0.00075241
23:37||826020500||621505||0.00075241
23:38||826010500||621505||0.00075241
23:39||826000500||621491||0.00075241
23:40||826000500||621491||0.00075241
23:41||826000500||621491||0.00075241
23:42||826000500||621490||0.00075241
23:43||826000500||621490||0.00075241
23:44||826000500||621490||0.00075241
23:45||826000500||621491||0.00075241
23:46||825500500||621491||0.00075241
23:47||825500500||621491||0.00075241
23:48||825000500||621491||0.00075241
23:49||825000500||621491||0.00075241
23:50||825000500||620739||0.00075241
23:51||825000500||620738||0.00075241
23:52||825000500||620738||0.00075241
23:53||825000500||620739||0.00075241
23:54||825000500||620739||0.00075241
23:55||824565500||620083||0.00075241
23:56||824565000||620738||0.00075241
23:57||824565000||620083||0.00075241
23:58||824565000||620738||0.00075241
23:59||824565000||620738||0.00075241
