00:00||853926000||643303||0.00075241
00:01||853934500||643303||0.00075241
00:02||854250000||643310||0.00075241
00:03||853931000||643310||0.00075241
00:04||853930500||643310||0.00075241
00:05||853931000||643310||0.00075241
00:06||853931000||643310||0.00075241
00:07||853931000||643310||0.00075241
00:08||853931000||643310||0.00075241
00:09||853926000||643310||0.00075241
00:10||853926000||643310||0.00075241
00:11||853926000||643310||0.00075241
00:12||853926000||643310||0.00075241
00:13||853926000||643310||0.00075241
00:14||853926000||643310||0.00075241
00:15||853926000||643310||0.00075241
00:16||853926000||643303||0.00075241
00:17||853926000||643303||0.00075241
00:18||853926000||643303||0.00075241
00:19||853926000||643303||0.00075241
00:20||853926000||643303||0.00075241
00:21||853926000||643303||0.00075241
00:22||853926000||643303||0.00075241
00:23||853926000||641701||0.00075241
00:24||853926000||641701||0.00075241
00:25||853926000||641701||0.00075241
00:26||853926000||641701||0.00075241
00:27||853926000||641701||0.00075241
00:28||853926000||641701||0.00075241
00:29||853931000||641701||0.00075241
00:30||853931000||641701||0.00075241
00:31||853931000||641701||0.00075241
00:32||853931000||641701||0.00075241
00:33||853931000||641701||0.00075241
00:34||853931000||641701||0.00075241
00:35||853931000||641701||0.00075241
00:36||853931000||641701||0.00075241
00:37||853926000||643303||0.00075241
00:38||853926000||643303||0.00075241
00:39||853926000||643303||0.00075241
00:40||853926000||643303||0.00075241
00:41||853926000||643303||0.00075241
00:42||853926000||643303||0.00075241
00:43||853926000||643303||0.00075241
00:44||853926000||641701||0.00075241
00:45||853926000||641701||0.00075241
00:46||853926000||643303||0.00075241
00:47||853926000||643303||0.00075241
00:48||853926000||643303||0.00075241
00:49||853926000||643303||0.00075241
00:50||853925500||643303||0.00075241
00:51||853925500||641701||0.00075241
00:52||853925500||641701||0.00075241
00:53||853925500||641701||0.00075241
00:54||853925500||641701||0.00075241
00:55||853925500||641701||0.00075241
00:56||853925500||641701||0.00075241
00:57||853925500||641701||0.00075241
00:58||853925500||641701||0.00075241
00:59||853925500||641701||0.00075241
01:00||853925500||641701||0.00075241
01:01||853925500||641701||0.00075241
01:02||853925500||641701||0.00075241
01:03||853925500||643302||0.00075241
01:04||853925500||643302||0.00075241
01:05||853925500||643302||0.00075241
01:06||853927500||643302||0.00075241
01:07||853927500||643302||0.00075241
01:08||853927500||643302||0.00075241
01:09||853927500||643302||0.00075241
01:10||853994500||643302||0.00075241
01:11||853994500||643302||0.00075241
01:12||853994500||643302||0.00075241
01:13||853994500||643302||0.00075241
01:14||853994500||643302||0.00075241
01:15||853994500||643302||0.00075241
01:16||853994500||643302||0.00075241
01:17||853994500||643302||0.00075241
01:18||853994500||643302||0.00075241
01:19||853995000||643302||0.00075241
01:20||853995000||643302||0.00075241
01:21||853995000||643302||0.00075241
01:22||853995000||643302||0.00075241
01:23||853995000||641806||0.00075241
01:24||853995000||641806||0.00075241
01:25||853995000||641806||0.00075241
01:26||853995000||641806||0.00075241
01:27||853995000||641806||0.00075241
01:28||853995000||641806||0.00075241
01:29||853995000||641806||0.00075241
01:30||853995000||641806||0.00075241
01:31||853995000||641806||0.00075241
01:32||853995000||641806||0.00075241
01:33||853995000||641806||0.00075241
01:34||853995000||641806||0.00075241
01:35||853995000||641806||0.00075241
01:36||853995000||641806||0.00075241
01:37||853995000||641806||0.00075241
01:38||853995000||641806||0.00075241
01:39||853995000||641806||0.00075241
01:40||853995000||641806||0.00075241
01:41||853995000||641806||0.00075241
01:42||853995000||641806||0.00075241
01:43||853995000||641806||0.00075241
01:44||853995000||641806||0.00075241
01:45||853995000||641806||0.00075241
01:46||853995000||641806||0.00075241
01:47||853995000||641806||0.00075241
01:48||853995000||641806||0.00075241
01:49||854161000||643552||0.00075241
01:50||854161000||643552||0.00075241
01:51||854161000||643552||0.00075241
01:52||854161000||643552||0.00075241
01:53||859234000||644815||0.00075241
01:54||859234000||644815||0.00075241
01:55||859234000||644815||0.00075241
01:56||859234000||644815||0.00075241
01:57||859234000||644815||0.00075241
01:58||859234000||644815||0.00075241
01:59||859234000||644815||0.00075241
02:00||859234000||644815||0.00075241
02:01||859234000||644815||0.00075241
02:02||859233500||644815||0.00075241
02:03||859233500||644815||0.00075241
02:04||859233500||644815||0.00075241
02:05||859233500||644815||0.00075241
02:06||859233500||646296||0.00075241
02:07||859233500||646296||0.00075241
02:08||859233500||646296||0.00075241
02:09||859233500||646296||0.00075241
02:10||859233500||646296||0.00075241
02:11||859233500||646296||0.00075241
02:12||859233500||646296||0.00075241
02:13||859233500||646296||0.00075241
02:14||859233500||646296||0.00075241
02:15||859484000||647072||0.00075241
02:16||859484000||647072||0.00075241
02:17||859484000||647072||0.00075241
02:18||859484000||647072||0.00075241
02:19||859484000||647072||0.00075241
02:20||859484000||647072||0.00075241
02:21||861482000||647259||0.00075241
02:22||861482000||647259||0.00075241
02:23||860943500||647259||0.00075241
02:24||860943500||647259||0.00075241
02:25||860943500||647259||0.00075241
02:26||860984000||647259||0.00075241
02:27||860984000||647259||0.00075241
02:28||860984000||647259||0.00075241
02:29||860984000||647259||0.00075241
02:30||860984000||647259||0.00075241
02:31||860984000||647259||0.00075241
02:32||860984000||647259||0.00075241
02:33||860984000||647259||0.00075241
02:34||860984000||647259||0.00075241
02:35||861533500||647259||0.00075241
02:36||861483500||647259||0.00075241
02:37||861483500||650081||0.00075241
02:38||861483500||650081||0.00075241
02:39||861483500||650081||0.00075241
02:40||861483500||650081||0.00075241
02:41||861483500||650081||0.00075241
02:42||861483500||650081||0.00075241
02:43||863998500||650081||0.00075241
02:44||863998500||650081||0.00075241
02:45||863998500||650081||0.00075241
02:46||863998500||650081||0.00075241
02:47||863998500||650081||0.00075241
02:48||863998500||650081||0.00075241
02:49||863998500||650081||0.00075241
02:50||861483500||646296||0.00075241
02:51||861483500||650081||0.00075241
02:52||861483000||650081||0.00075241
02:53||860960000||650081||0.00075241
02:54||860470000||650081||0.00075241
02:55||860500000||650081||0.00075241
02:56||860500000||650081||0.00075241
02:57||860500000||650081||0.00075241
02:58||860500000||650081||0.00075241
02:59||860500000||650081||0.00075241
03:00||861000000||649329||0.00075241
03:01||861000000||646320||0.00075241
03:02||861000000||646320||0.00075241
03:03||861000000||646320||0.00075241
03:04||860960000||646320||0.00075241
03:05||860960000||646320||0.00075241
03:06||861000000||646320||0.00075241
03:07||860000500||646320||0.00075241
03:08||860000500||646320||0.00075241
03:09||860000500||646320||0.00075241
03:10||862754000||650833||0.00075241
03:11||864332000||650833||0.00075241
03:12||864332000||650833||0.00075241
03:13||864332000||650833||0.00075241
03:14||864332000||650833||0.00075241
03:15||858671000||650525||0.00075241
03:16||857753000||650525||0.00075241
03:17||858794500||650525||0.00075241
03:18||858794500||650525||0.00075241
03:19||859588000||650525||0.00075241
03:20||861794000||650525||0.00075241
03:21||864587500||650525||0.00075241
03:22||859844000||650525||0.00075241
03:23||864892000||658421||0.00075241
03:24||871495500||658421||0.00075241
03:25||870485500||656071||0.00075241
03:26||870473000||655334||0.00075241
03:27||869317000||655315||0.00075241
03:28||869804500||655315||0.00075241
03:29||867249500||649812||0.00075241
03:30||866659500||649812||0.00075241
03:31||866656000||649812||0.00075241
03:32||866656000||649812||0.00075241
03:33||866656000||649812||0.00075241
03:34||866656000||649812||0.00075241
03:35||867156000||654348||0.00075241
03:36||867156000||654348||0.00075241
03:37||866656000||649812||0.00075241
03:38||866655000||649812||0.00075241
03:39||866655000||649812||0.00075241
03:40||866594500||654255||0.00075241
03:41||866442500||654255||0.00075241
03:42||866442500||649812||0.00075241
03:43||865221500||649812||0.00075241
03:44||865221500||649812||0.00075241
03:45||865221000||649812||0.00075241
03:46||865129500||649812||0.00075241
03:47||865129500||649812||0.00075241
03:48||865129500||649812||0.00075241
03:49||865129500||649812||0.00075241
03:50||865129000||649812||0.00075241
03:51||865129000||649812||0.00075241
03:52||865129000||649812||0.00075241
03:53||865129000||649812||0.00075241
03:54||865129000||649812||0.00075241
03:55||865129000||649812||0.00075241
03:56||865129000||649812||0.00075241
03:57||865099500||649812||0.00075241
03:58||865099500||649812||0.00075241
03:59||863308000||647072||0.00075241
04:00||863308500||647073||0.00075241
04:01||863242000||647072||0.00075241
04:02||863242000||647072||0.00075241
04:03||863242000||647072||0.00075241
04:04||863242000||647072||0.00075241
04:05||863242000||647072||0.00075241
04:06||862242000||645567||0.00075241
04:07||862242000||645567||0.00075241
04:08||862242000||645567||0.00075241
04:09||862241500||651951||0.00075241
04:10||862242000||652050||0.00075241
04:11||862157500||652050||0.00075241
04:12||862158000||652050||0.00075241
04:13||861001500||652050||0.00075241
04:14||861001500||652050||0.00075241
04:15||860501500||652050||0.00075241
04:16||860500000||645567||0.00075241
04:17||860499000||645567||0.00075241
04:18||860024000||645567||0.00075241
04:19||859025000||647072||0.00075241
04:20||860999000||647072||0.00075241
04:21||860039000||647072||0.00075241
04:22||860073500||647072||0.00075241
04:23||860073500||647072||0.00075241
04:24||860019000||645605||0.00075241
04:25||859936500||645605||0.00075241
04:26||859941000||645605||0.00075241
04:27||859941000||645605||0.00075241
04:28||859939500||645605||0.00075241
04:29||859933000||645612||0.00075241
04:30||859933000||645612||0.00075241
04:31||859895000||645612||0.00075241
04:32||859609000||645612||0.00075241
04:33||859932500||648438||0.00075241
04:34||859951500||648438||0.00075241
04:35||859951500||648438||0.00075241
04:36||859951500||648438||0.00075241
04:37||859951500||648438||0.00075241
04:38||859951500||648438||0.00075241
04:39||859957500||648438||0.00075241
04:40||859957500||648438||0.00075241
04:41||859958000||648438||0.00075241
04:42||859962500||648438||0.00075241
04:43||859987000||648438||0.00075241
04:44||860000000||648438||0.00075241
04:45||860592500||649329||0.00075241
04:46||861505000||649329||0.00075241
04:47||861543000||649329||0.00075241
04:48||861584000||649329||0.00075241
04:49||861584000||649329||0.00075241
04:50||862084000||650082||0.00075241
04:51||862111000||650082||0.00075241
04:52||862111000||650082||0.00075241
04:53||862340000||650082||0.00075241
04:54||862307500||650082||0.00075241
04:55||862397000||650032||0.00075241
04:56||862430000||650032||0.00075241
04:57||862430000||650032||0.00075241
04:58||862430000||650032||0.00075241
04:59||863580000||651812||0.00075241
05:00||866390000||651812||0.00075241
05:01||863500000||647719||0.00075241
05:02||863514000||647719||0.00075241
05:03||863514000||650834||0.00075241
05:04||863514000||650834||0.00075241
05:05||863514000||650834||0.00075241
05:06||863514000||650834||0.00075241
05:07||863505500||648585||0.00075241
05:08||863322000||648585||0.00075241
05:09||863323500||648585||0.00075241
05:10||863316500||648578||0.00075241
05:11||862427000||647720||0.00075241
05:12||862427000||647720||0.00075241
05:13||862427000||650557||0.00075241
05:14||862427000||650557||0.00075241
05:15||862373500||650557||0.00075241
05:16||862380000||650557||0.00075241
05:17||862380000||650557||0.00075241
05:18||862380000||650557||0.00075241
05:19||862433500||650557||0.00075241
05:20||862380000||650557||0.00075241
05:21||862380000||650394||0.00075241
05:22||862337500||650394||0.00075241
05:23||862337500||650394||0.00075241
05:24||862337500||650394||0.00075241
05:25||860672500||650394||0.00075241
05:26||860666000||650394||0.00075241
05:27||860666000||650394||0.00075241
05:28||860666000||647815||0.00075241
05:29||860666000||647815||0.00075241
05:30||860666000||647815||0.00075241
05:31||862372500||647815||0.00075241
05:32||862283000||647815||0.00075241
05:33||862172000||647815||0.00075241
05:34||862067500||647815||0.00075241
05:35||860548500||647815||0.00075241
05:36||860548500||647815||0.00075241
05:37||860548500||647815||0.00075241
05:38||860548500||647815||0.00075241
05:39||860548500||647815||0.00075241
05:40||860548500||647720||0.00075241
05:41||860548500||647720||0.00075241
05:42||860548500||647720||0.00075241
05:43||860548500||647720||0.00075241
05:44||860548500||647720||0.00075241
05:45||860542000||647710||0.00075241
05:46||860542000||647710||0.00075241
05:47||860542000||647710||0.00075241
05:48||860535000||647239||0.00075241
05:49||860535000||647239||0.00075241
05:50||860535000||647239||0.00075241
05:51||858854500||645652||0.00075241
05:52||858854500||645652||0.00075241
05:53||858854500||645652||0.00075241
05:54||858854500||646769||0.00075241
05:55||858854500||646769||0.00075241
05:56||858854500||646769||0.00075241
05:57||858854500||646769||0.00075241
05:58||858854500||646769||0.00075241
05:59||858854500||646769||0.00075241
06:00||858855000||646769||0.00075241
06:01||859196000||646769||0.00075241
06:02||860051000||646769||0.00075241
06:03||860051000||646971||0.00075241
06:04||860051000||646971||0.00075241
06:05||859175000||646971||0.00075241
06:06||859235500||646971||0.00075241
06:07||859235500||646971||0.00075241
06:08||859368500||646971||0.00075241
06:09||859175000||647250||0.00075241
06:10||859154000||647250||0.00075241
06:11||859154000||647250||0.00075241
06:12||859154000||647250||0.00075241
06:13||859154000||647250||0.00075241
06:14||859154000||647250||0.00075241
06:15||859154000||647250||0.00075241
06:16||859154000||647250||0.00075241
06:17||859131000||647250||0.00075241
06:18||859131000||647250||0.00075241
06:19||859131000||647250||0.00075241
06:20||859131000||647250||0.00075241
06:21||856650500||641812||0.00075241
06:22||857111000||641812||0.00075241
06:23||858091000||641812||0.00075241
06:24||858091000||641812||0.00075241
06:25||858091000||644124||0.00075241
06:26||858581000||644124||0.00075241
06:27||858581000||644124||0.00075241
06:28||858531000||644124||0.00075241
06:29||858530000||644862||0.00075241
06:30||858385000||644862||0.00075241
06:31||858381000||644862||0.00075241
06:32||858231000||644862||0.00075241
06:33||858181000||644862||0.00075241
06:34||858181000||644862||0.00075241
06:35||858031000||644862||0.00075241
06:36||858031000||644862||0.00075241
06:37||858027000||644862||0.00075241
06:38||857995000||644862||0.00075241
06:39||857995000||644862||0.00075241
06:40||858000500||646320||0.00075241
06:41||858500000||646320||0.00075241
06:42||858500000||646320||0.00075241
06:43||858500000||646320||0.00075241
06:44||858500000||646320||0.00075241
06:45||858495000||646320||0.00075241
06:46||858495000||646312||0.00075241
06:47||858495000||646312||0.00075241
06:48||858495000||646312||0.00075241
06:49||858505000||646312||0.00075241
06:50||858510000||645582||0.00075241
06:51||858490000||645582||0.00075241
06:52||858490000||645582||0.00075241
06:53||858490000||645582||0.00075241
06:54||858490000||646305||0.00075241
06:55||858490000||646305||0.00075241
06:56||858500000||646305||0.00075241
06:57||858500000||646305||0.00075241
06:58||858500000||646305||0.00075241
06:59||858510000||646305||0.00075241
07:00||858510000||645582||0.00075241
07:01||858510000||645582||0.00075241
07:02||858618000||645745||0.00075241
07:03||858618000||645745||0.00075241
07:04||858618000||645745||0.00075241
07:05||858618000||645745||0.00075241
07:06||858618000||645745||0.00075241
07:07||858618000||645745||0.00075241
07:08||858618000||645745||0.00075241
07:09||858618000||645745||0.00075241
07:10||858618000||646320||0.00075241
07:11||858618000||646320||0.00075241
07:12||858627000||645758||0.00075241
07:13||858635000||645758||0.00075241
07:14||860937000||647720||0.00075241
07:15||862381000||649889||0.00075241
07:16||862381000||649889||0.00075241
07:17||862328000||649889||0.00075241
07:18||862328000||649889||0.00075241
07:19||862381000||649889||0.00075241
07:20||862381000||649889||0.00075241
07:21||862381000||649889||0.00075241
07:22||862328000||649889||0.00075241
07:23||862381000||649889||0.00075241
07:24||862292500||647838||0.00075241
07:25||862292500||647838||0.00075241
07:26||862202000||647838||0.00075241
07:27||862202000||647838||0.00075241
07:28||862381000||649889||0.00075241
07:29||861881500||649889||0.00075241
07:30||861017500||649889||0.00075241
07:31||861845500||649889||0.00075241
07:32||861808500||649794||0.00075241
07:33||861808500||649794||0.00075241
07:34||861626000||649794||0.00075241
07:35||860091500||649794||0.00075241
07:36||859219000||645762||0.00075241
07:37||859220000||647207||0.00075241
07:38||859221000||647207||0.00075241
07:39||860089500||647207||0.00075241
07:40||859589500||647207||0.00075241
07:41||859500500||647147||0.00075241
07:42||859500500||647147||0.00075241
07:43||859500500||647147||0.00075241
07:44||859500500||647147||0.00075241
07:45||859500500||647147||0.00075241
07:46||859500500||647147||0.00075241
07:47||859490000||647147||0.00075241
07:48||858062000||645567||0.00075241
07:49||856494500||644815||0.00075241
07:50||856494500||644815||0.00075241
07:51||854487500||643310||0.00075241
07:52||853500500||642558||0.00075241
07:53||853500500||642558||0.00075241
07:54||851054000||641053||0.00075241
07:55||851177500||640942||0.00075241
07:56||851054000||640942||0.00075241
07:57||851054000||640942||0.00075241
07:58||851054000||640942||0.00075241
07:59||850909500||639549||0.00075241
08:00||850909500||640917||0.00075241
08:01||852672500||638796||0.00075241
08:02||852672500||638796||0.00075241
08:03||852716000||638796||0.00075241
08:04||852716000||638796||0.00075241
08:05||852716000||638796||0.00075241
08:06||851504000||638796||0.00075241
08:07||851000000||638796||0.00075241
08:08||850999000||638796||0.00075241
08:09||850612500||638796||0.00075241
08:10||850612500||638796||0.00075241
08:11||850612500||638796||0.00075241
08:12||850612500||641222||0.00075241
08:13||848690000||635794||0.00075241
08:14||848653000||635794||0.00075241
08:15||848624500||635794||0.00075241
08:16||848672500||635794||0.00075241
08:17||848228000||635794||0.00075241
08:18||848227500||635794||0.00075241
08:19||848000000||635787||0.00075241
08:20||847555000||640299||0.00075241
08:21||847999500||640299||0.00075241
08:22||848337500||640299||0.00075241
08:23||848336500||640299||0.00075241
08:24||848484000||636376||0.00075241
08:25||848811000||636376||0.00075241
08:26||849360000||636376||0.00075241
08:27||848995000||636376||0.00075241
08:28||849058000||636376||0.00075241
08:29||849997000||636376||0.00075241
08:30||849034500||636376||0.00075241
08:31||849034500||636376||0.00075241
08:32||849074500||636376||0.00075241
08:33||849603500||640292||0.00075241
08:34||849605000||638206||0.00075241
08:35||848979000||640293||0.00075241
08:36||849016000||640150||0.00075241
08:37||849016000||640150||0.00075241
08:38||849016000||640150||0.00075241
08:39||849053000||640150||0.00075241
08:40||849053000||640150||0.00075241
08:41||849053000||637521||0.00075241
08:42||849053000||637521||0.00075241
08:43||849053000||637521||0.00075241
08:44||849053000||637521||0.00075241
08:45||849088000||637521||0.00075241
08:46||849088000||637521||0.00075241
08:47||849038000||637521||0.00075241
08:48||849038000||637521||0.00075241
08:49||849083000||637574||0.00075241
08:50||849033000||637574||0.00075241
08:51||849083000||640075||0.00075241
08:52||849078000||640067||0.00075241
08:53||850090000||640067||0.00075241
08:54||850352000||639559||0.00075241
08:55||850090500||637592||0.00075241
08:56||850103000||637592||0.00075241
08:57||850359000||640066||0.00075241
08:58||850359000||640066||0.00075241
08:59||850359000||640066||0.00075241
09:00||850359000||640066||0.00075241
09:01||850359000||640066||0.00075241
09:02||850358500||640066||0.00075241
09:03||850358500||640066||0.00075241
09:04||850358500||640066||0.00075241
09:05||850358500||640066||0.00075241
09:06||850365000||640066||0.00075241
09:07||850365000||640066||0.00075241
09:08||850365000||639580||0.00075241
09:09||850365000||639580||0.00075241
09:10||850365000||640066||0.00075241
09:11||850365000||640066||0.00075241
09:12||850365000||640066||0.00075241
09:13||850365500||640066||0.00075241
09:14||850365000||640066||0.00075241
09:15||850365000||640066||0.00075241
09:16||850365000||640066||0.00075241
09:17||850365500||640066||0.00075241
09:18||850365500||640066||0.00075241
09:19||850365500||640066||0.00075241
09:20||850365500||640066||0.00075241
09:21||850365000||639580||0.00075241
09:22||850365000||639580||0.00075241
09:23||850365000||639580||0.00075241
09:24||850365000||639580||0.00075241
09:25||850365000||639580||0.00075241
09:26||850365000||639580||0.00075241
09:27||850365000||640066||0.00075241
09:28||850365000||639580||0.00075241
09:29||850373000||639580||0.00075241
09:30||850687500||639580||0.00075241
09:31||850687500||639580||0.00075241
09:32||850687500||639580||0.00075241
09:33||850687500||639580||0.00075241
09:34||850687500||639580||0.00075241
09:35||850687500||640066||0.00075241
09:36||850687500||640066||0.00075241
09:37||850858500||640066||0.00075241
09:38||850858500||640066||0.00075241
09:39||850858500||640299||0.00075241
09:40||851858500||641804||0.00075241
09:41||851858500||640089||0.00075241
09:42||851858500||640089||0.00075241
09:43||851858500||640089||0.00075241
09:44||851858500||640089||0.00075241
09:45||851858500||640089||0.00075241
09:46||851858500||640089||0.00075241
09:47||851921000||640089||0.00075241
09:48||854371000||640183||0.00075241
09:49||854371000||643829||0.00075241
09:50||855694500||643830||0.00075241
09:51||853321500||643830||0.00075241
09:52||854699000||643836||0.00075241
09:53||855228500||643836||0.00075241
09:54||855490500||643836||0.00075241
09:55||855490500||643836||0.00075241
09:56||855698500||643836||0.00075241
09:57||855698500||643836||0.00075241
09:58||855486500||643836||0.00075241
09:59||855445000||643836||0.00075241
10:00||855249000||643836||0.00075241
10:01||855249000||643534||0.00075241
10:02||853192000||643534||0.00075241
10:03||853193000||640302||0.00075241
10:04||855085000||640302||0.00075241
10:05||852945500||640302||0.00075241
10:06||852945500||640302||0.00075241
10:07||852945500||640302||0.00075241
10:08||852946000||640302||0.00075241
10:09||852996000||640302||0.00075241
10:10||854656000||640302||0.00075241
10:11||854656000||643169||0.00075241
10:12||854656000||643169||0.00075241
10:13||854656000||643169||0.00075241
10:14||854656000||643169||0.00075241
10:15||853001500||640444||0.00075241
10:16||852935000||640444||0.00075241
10:17||852935000||640444||0.00075241
10:18||852863500||640443||0.00075241
10:19||852863500||640443||0.00075241
10:20||852863500||640437||0.00075241
10:21||853718500||640437||0.00075241
10:22||854535500||640437||0.00075241
10:23||852858000||640436||0.00075241
10:24||852072000||640436||0.00075241
10:25||851180500||640436||0.00075241
10:26||851180500||640437||0.00075241
10:27||851180500||640436||0.00075241
10:28||850433000||640202||0.00075241
10:29||850433000||640202||0.00075241
10:30||850433000||640178||0.00075241
10:31||850433000||640178||0.00075241
10:32||850433000||640178||0.00075241
10:33||850433000||640178||0.00075241
10:34||850433000||640178||0.00075241
10:35||850433000||640178||0.00075241
10:36||850433000||640178||0.00075241
10:37||850433000||640178||0.00075241
10:38||850433000||640178||0.00075241
10:39||850029500||640178||0.00075241
10:40||850029500||639571||0.00075241
10:41||850029500||639571||0.00075241
10:42||850029500||639571||0.00075241
10:43||848795500||639570||0.00075241
10:44||848795500||639428||0.00075241
10:45||847751500||639428||0.00075241
10:46||849263000||639428||0.00075241
10:47||847751500||637857||0.00075241
10:48||849263000||640131||0.00075241
10:49||849263000||640131||0.00075241
10:50||849263000||640131||0.00075241
10:51||848822000||640131||0.00075241
10:52||847751500||637857||0.00075241
10:53||847751500||637857||0.00075241
10:54||847751500||637857||0.00075241
10:55||846877000||636540||0.00075241
10:56||845878500||636538||0.00075241
10:57||845845500||636422||0.00075241
10:58||845845500||636422||0.00075241
10:59||845845500||636422||0.00075241
11:00||844434000||635679||0.00075241
11:01||844434500||635679||0.00075241
11:02||844436000||635679||0.00075241
11:03||844436000||635679||0.00075241
11:04||844436000||635679||0.00075241
11:05||844418000||635652||0.00075241
11:06||844391000||635652||0.00075241
11:07||844391000||635652||0.00075241
11:08||844392500||635652||0.00075241
11:09||843486000||635034||0.00075241
11:10||842650500||634281||0.00075241
11:11||842650500||634019||0.00075241
11:12||842650500||634019||0.00075241
11:13||842650500||634019||0.00075241
11:14||842650500||633937||0.00075241
11:15||842596500||633937||0.00075241
11:16||841068500||633280||0.00075241
11:17||841072000||633280||0.00075241
11:18||843201000||632413||0.00075241
11:19||843204500||632413||0.00075241
11:20||843258000||632413||0.00075241
11:21||843379000||632677||0.00075241
11:22||843280000||636456||0.00075241
11:23||843780000||636456||0.00075241
11:24||843780000||636456||0.00075241
11:25||843741000||636233||0.00075241
11:26||843741000||636233||0.00075241
11:27||845446500||636290||0.00075241
11:28||844035000||636290||0.00075241
11:29||845040500||636290||0.00075241
11:30||844335000||636289||0.00075241
11:31||844361000||636289||0.00075241
11:32||844334500||636289||0.00075241
11:33||843909000||633584||0.00075241
11:34||844397500||633584||0.00075241
11:35||844423000||633584||0.00075241
11:36||843178500||636292||0.00075241
11:37||845915000||637915||0.00075241
11:38||845914500||637915||0.00075241
11:39||845914500||637915||0.00075241
11:40||846410500||637915||0.00075241
11:41||846411000||637915||0.00075241
11:42||846406000||637908||0.00075241
11:43||845996500||637908||0.00075241
11:44||845992000||637908||0.00075241
11:45||846176500||637283||0.00075241
11:46||846171000||637283||0.00075241
11:47||846156000||636074||0.00075241
11:48||846519500||636074||0.00075241
11:49||846663500||636074||0.00075241
11:50||846736500||637138||0.00075241
11:51||846736500||637138||0.00075241
11:52||846855500||637291||0.00075241
11:53||846855500||637291||0.00075241
11:54||846710500||637072||0.00075241
11:55||846055000||637072||0.00075241
11:56||846041500||637074||0.00075241
11:57||846041000||637074||0.00075241
11:58||845931000||637074||0.00075241
11:59||845381000||637074||0.00075241
12:00||845999500||637074||0.00075241
12:01||845999500||637074||0.00075241
12:02||844561500||634830||0.00075241
12:03||843708500||636042||0.00075241
12:04||843720500||636042||0.00075241
12:05||843720000||636042||0.00075241
12:06||843768500||636042||0.00075241
12:07||843430500||636042||0.00075241
12:08||843430500||636042||0.00075241
12:09||843382000||636042||0.00075241
12:10||843399500||635535||0.00075241
12:11||842921500||633605||0.00075241
12:12||846104000||638795||0.00075241
12:13||843773500||634438||0.00075241
12:14||846549500||638795||0.00075241
12:15||848019500||638795||0.00075241
12:16||848036000||638789||0.00075241
12:17||848990500||638788||0.00075241
12:18||848016500||638789||0.00075241
12:19||848016500||637322||0.00075241
12:20||847383500||638793||0.00075241
12:21||847393500||638793||0.00075241
12:22||847391000||636381||0.00075241
12:23||847390500||636380||0.00075241
12:24||846980500||636380||0.00075241
12:25||846980500||636380||0.00075241
12:26||846147500||638774||0.00075241
12:27||847017500||638774||0.00075241
12:28||848821000||638774||0.00075241
12:29||844575000||632024||0.00075241
12:30||844658000||632024||0.00075241
12:31||845006500||632024||0.00075241
12:32||845008500||635792||0.00075241
12:33||845012500||635792||0.00075241
12:34||841648000||635793||0.00075241
12:35||841371000||633864||0.00075241
12:36||841370500||632247||0.00075241
12:37||841363000||632247||0.00075241
12:38||841363000||632247||0.00075241
12:39||841363000||632247||0.00075241
12:40||841368000||633860||0.00075241
12:41||841391500||633860||0.00075241
12:42||841386500||633860||0.00075241
12:43||841729500||633860||0.00075241
12:44||842219500||633852||0.00075241
12:45||842228500||633852||0.00075241
12:46||842228500||633852||0.00075241
12:47||842213500||633852||0.00075241
12:48||842208500||633852||0.00075241
12:49||842208500||633852||0.00075241
12:50||842208500||633852||0.00075241
12:51||842163500||633754||0.00075241
12:52||842158500||633754||0.00075241
12:53||841565000||632656||0.00075241
12:54||841565000||633747||0.00075241
12:55||841579500||633747||0.00075241
12:56||841579500||633747||0.00075241
12:57||841579500||633747||0.00075241
12:58||841579500||633747||0.00075241
12:59||841658000||633747||0.00075241
13:00||841658000||633747||0.00075241
13:01||841658000||633747||0.00075241
13:02||841031500||633747||0.00075241
13:03||841031500||633747||0.00075241
13:04||841031500||633747||0.00075241
13:05||841031500||633747||0.00075241
13:06||840938500||633747||0.00075241
13:07||840850500||633747||0.00075241
13:08||841570000||632666||0.00075241
13:09||841585000||632666||0.00075241
13:10||841653000||632666||0.00075241
13:11||842998500||634280||0.00075241
13:12||843856000||634281||0.00075241
13:13||844338500||634281||0.00075241
13:14||844315000||634281||0.00075241
13:15||844596500||634281||0.00075241
13:16||844599500||634281||0.00075241
13:17||844599500||634281||0.00075241
13:18||844599500||634281||0.00075241
13:19||844599500||634281||0.00075241
13:20||844599500||635484||0.00075241
13:21||844599500||635484||0.00075241
13:22||844599500||635484||0.00075241
13:23||846533500||635793||0.00075241
13:24||847307000||635793||0.00075241
13:25||847306500||635793||0.00075241
13:26||847306500||637969||0.00075241
13:27||847306000||637969||0.00075241
13:28||847306000||637969||0.00075241
13:29||847281000||637969||0.00075241
13:30||847281000||637969||0.00075241
13:31||847281000||637969||0.00075241
13:32||846856000||637969||0.00075241
13:33||846856000||637969||0.00075241
13:34||846856000||637969||0.00075241
13:35||846856000||637969||0.00075241
13:36||846856000||637291||0.00075241
13:37||846856000||637291||0.00075241
13:38||846856000||637074||0.00075241
13:39||846856000||637074||0.00075241
13:40||846856000||637074||0.00075241
13:41||846856000||637074||0.00075241
13:42||846856000||637074||0.00075241
13:43||846856000||637074||0.00075241
13:44||846856000||637074||0.00075241
13:45||846856000||637074||0.00075241
13:46||846856000||637291||0.00075241
13:47||846855500||637074||0.00075241
13:48||846855500||637074||0.00075241
13:49||846712500||637074||0.00075241
13:50||846712500||637074||0.00075241
13:51||846712500||637074||0.00075241
13:52||846712500||637074||0.00075241
13:53||846712500||637074||0.00075241
13:54||846712500||637074||0.00075241
13:55||846712500||637074||0.00075241
13:56||846712500||637074||0.00075241
13:57||846712500||637074||0.00075241
13:58||846712500||637075||0.00075241
13:59||845853500||637075||0.00075241
14:00||845853000||637075||0.00075241
14:01||845852000||637075||0.00075241
14:02||845852000||637075||0.00075241
14:03||845852000||637075||0.00075241
14:04||845852000||637075||0.00075241
14:05||845847000||637075||0.00075241
14:06||845847000||637075||0.00075241
14:07||845847000||637075||0.00075241
14:08||845847000||637075||0.00075241
14:09||844997000||637075||0.00075241
14:10||837255000||630519||0.00075241
14:11||837010500||630519||0.00075241
14:12||837269500||633650||0.00075241
14:13||839786000||633650||0.00075241
14:14||841651000||633459||0.00075241
14:15||841544500||633459||0.00075241
14:16||841544500||633459||0.00075241
14:17||841544500||633186||0.00075241
14:18||841544500||633186||0.00075241
14:19||841544500||633186||0.00075241
14:20||841664000||633204||0.00075241
14:21||841664000||633204||0.00075241
14:22||842430000||633349||0.00075241
14:23||842442000||633349||0.00075241
14:24||842579000||634281||0.00075241
14:25||843909000||634291||0.00075241
14:26||843909000||634291||0.00075241
14:27||843909000||634291||0.00075241
14:28||843909000||634291||0.00075241
14:29||843501500||634291||0.00075241
14:30||843472500||635639||0.00075241
14:31||843394000||635639||0.00075241
14:32||843394000||635639||0.00075241
14:33||843399500||633566||0.00075241
14:34||843399500||633566||0.00075241
14:35||843389500||633566||0.00075241
14:36||843428500||633566||0.00075241
14:37||843387000||633624||0.00075241
14:38||843409500||635560||0.00075241
14:39||843364500||635560||0.00075241
14:40||843364500||635560||0.00075241
14:41||843364500||635560||0.00075241
14:42||843364500||635560||0.00075241
14:43||842797000||632772||0.00075241
14:44||842798000||632772||0.00075241
14:45||842833000||632772||0.00075241
14:46||842869000||632772||0.00075241
14:47||842869000||632880||0.00075241
14:48||842869000||632880||0.00075241
14:49||842869000||635485||0.00075241
14:50||842869000||632880||0.00075241
14:51||842869000||632880||0.00075241
14:52||843312500||632880||0.00075241
14:53||843312500||633548||0.00075241
14:54||843312500||633548||0.00075241
14:55||842669000||633548||0.00075241
14:56||842641500||633506||0.00075241
14:57||842501500||634517||0.00075241
14:58||843490000||635785||0.00075241
14:59||843490000||635778||0.00075241
15:00||843490000||635778||0.00075241
15:01||843490500||635786||0.00075241
15:02||843559500||635786||0.00075241
15:03||843525000||635786||0.00075241
15:04||843525000||635786||0.00075241
15:05||843525000||635786||0.00075241
15:06||843525000||635786||0.00075241
15:07||843490000||635786||0.00075241
15:08||843490000||635786||0.00075241
15:09||843490500||635786||0.00075241
15:10||843490500||635786||0.00075241
15:11||843491000||635786||0.00075241
15:12||843494500||635786||0.00075241
15:13||843564000||635786||0.00075241
15:14||843564000||635778||0.00075241
15:15||843640000||633632||0.00075241
15:16||842344000||633632||0.00075241
15:17||842227500||633632||0.00075241
15:18||842234000||633632||0.00075241
15:19||842175500||635785||0.00075241
15:20||842182000||635785||0.00075241
15:21||842157500||635785||0.00075241
15:22||842158000||635785||0.00075241
15:23||842164500||633653||0.00075241
15:24||842164500||633653||0.00075241
15:25||842164500||633653||0.00075241
15:26||842078000||633653||0.00075241
15:27||843495500||635786||0.00075241
15:28||843495500||635786||0.00075241
15:29||843495500||635786||0.00075241
15:30||843496000||635786||0.00075241
15:31||843496000||633523||0.00075241
15:32||843495500||633523||0.00075241
15:33||843495500||633523||0.00075241
15:34||843495500||633523||0.00075241
15:35||843495500||633523||0.00075241
15:36||843495500||633523||0.00075241
15:37||843526500||633523||0.00075241
15:38||843575500||633523||0.00075241
15:39||843526500||633523||0.00075241
15:40||843496500||633523||0.00075241
15:41||843496500||633523||0.00075241
15:42||844394000||633523||0.00075241
15:43||844394000||633523||0.00075241
15:44||844394000||633523||0.00075241
15:45||844394000||633523||0.00075241
15:46||843496500||633523||0.00075241
15:47||842898000||633523||0.00075241
15:48||842902500||633523||0.00075241
15:49||842014000||632022||0.00075241
15:50||842012000||632192||0.00075241
15:51||842048500||632192||0.00075241
15:52||842049500||632192||0.00075241
15:53||842049500||632192||0.00075241
15:54||842049500||632192||0.00075241
15:55||842086500||632192||0.00075241
15:56||842086500||634885||0.00075241
15:57||842086500||634885||0.00075241
15:58||843802500||634885||0.00075241
15:59||843802000||634885||0.00075241
16:00||842049500||632192||0.00075241
16:01||842049500||632192||0.00075241
16:02||842049500||632192||0.00075241
16:03||843401000||634292||0.00075241
16:04||843405000||634888||0.00075241
16:05||843511500||634888||0.00075241
16:06||843628500||634888||0.00075241
16:07||842153500||634888||0.00075241
16:08||842387500||635040||0.00075241
16:09||844505000||635786||0.00075241
16:10||844505000||635786||0.00075241
16:11||844578000||635786||0.00075241
16:12||844578000||635786||0.00075241
16:13||844773500||635786||0.00075241
16:14||844999500||635786||0.00075241
16:15||844999500||635785||0.00075241
16:16||844999500||635785||0.00075241
16:17||844999500||635785||0.00075241
16:18||844999500||635785||0.00075241
16:19||844999500||635785||0.00075241
16:20||844999500||635785||0.00075241
16:21||844999500||635785||0.00075241
16:22||844999500||635785||0.00075241
16:23||844999500||635785||0.00075241
16:24||844999500||635786||0.00075241
16:25||844999500||635786||0.00075241
16:26||844999500||635786||0.00075241
16:27||844999500||635786||0.00075241
16:28||844999500||635786||0.00075241
16:29||844999500||635786||0.00075241
16:30||844999500||635786||0.00075241
16:31||844999500||635786||0.00075241
16:32||844999500||635786||0.00075241
16:33||844999500||635786||0.00075241
16:34||844999500||635786||0.00075241
16:35||844999500||635786||0.00075241
16:36||844999500||635786||0.00075241
16:37||844999500||635785||0.00075241
16:38||844999500||635785||0.00075241
16:39||844999500||635785||0.00075241
16:40||844999500||635785||0.00075241
16:41||844999500||635785||0.00075241
16:42||844999500||635786||0.00075241
16:43||844999500||635785||0.00075241
16:44||844999500||635785||0.00075241
16:45||844999500||635786||0.00075241
16:46||844999500||635786||0.00075241
16:47||844999500||635786||0.00075241
16:48||844999500||635786||0.00075241
16:49||844999500||635786||0.00075241
16:50||844999500||635786||0.00075241
16:51||844999500||635786||0.00075241
16:52||844999500||635786||0.00075241
16:53||844999500||635786||0.00075241
16:54||844999500||635786||0.00075241
16:55||844999500||635786||0.00075241
16:56||844999500||635786||0.00075241
16:57||844999500||635786||0.00075241
16:58||844999500||635786||0.00075241
16:59||844999500||635786||0.00075241
17:00||844999500||635786||0.00075241
17:01||844999500||635786||0.00075241
17:02||844999500||635786||0.00075241
17:03||844999500||635786||0.00075241
17:04||844999500||635786||0.00075241
17:05||844999500||635786||0.00075241
17:06||844999500||635786||0.00075241
17:07||844999500||635786||0.00075241
17:08||844999500||635785||0.00075241
17:09||844500000||635034||0.00075241
17:10||844499500||635034||0.00075241
17:11||844499500||635785||0.00075241
17:12||844000500||635785||0.00075241
17:13||844000500||635785||0.00075241
17:14||844000500||635785||0.00075241
17:15||844000500||635785||0.00075241
17:16||844000500||635785||0.00075241
17:17||844499000||635784||0.00075241
17:18||844499000||635784||0.00075241
17:19||844000500||635784||0.00075241
17:20||844000500||635784||0.00075241
17:21||844000500||635784||0.00075241
17:22||843499000||635034||0.00075241
17:23||843509000||635034||0.00075241
17:24||843902000||635034||0.00075241
17:25||843999500||635033||0.00075241
17:26||843999500||635033||0.00075241
17:27||843999500||635033||0.00075241
17:28||843900000||635410||0.00075241
17:29||843900000||635410||0.00075241
17:30||843900000||635410||0.00075241
17:31||843900000||635034||0.00075241
17:32||843900000||635034||0.00075241
17:33||844349500||635711||0.00075241
17:34||844150000||635711||0.00075241
17:35||844150000||635711||0.00075241
17:36||843749500||635410||0.00075241
17:37||843699000||634280||0.00075241
17:38||843349000||634280||0.00075241
17:39||843499500||634280||0.00075241
17:40||842499500||633529||0.00075241
17:41||842500000||633529||0.00075241
17:42||842499500||633529||0.00075241
17:43||842500000||633529||0.00075241
17:44||842500000||633529||0.00075241
17:45||842500000||633529||0.00075241
17:46||842250500||633529||0.00075241
17:47||842250500||633529||0.00075241
17:48||842250500||633529||0.00075241
17:49||842001500||633529||0.00075241
17:50||842001500||633529||0.00075241
17:51||842001500||633529||0.00075241
17:52||842001000||633529||0.00075241
17:53||842001000||633530||0.00075241
17:54||842001000||633530||0.00075241
17:55||841001000||632024||0.00075241
17:56||841001000||632024||0.00075241
17:57||841000000||632024||0.00075241
17:58||841000000||632024||0.00075241
17:59||842499500||635785||0.00075241
18:00||843630000||633725||0.00075241
18:01||843630000||633725||0.00075241
18:02||843630000||633725||0.00075241
18:03||843630000||633725||0.00075241
18:04||843630000||633725||0.00075241
18:05||843635000||633725||0.00075241
18:06||843635000||633725||0.00075241
18:07||843649500||635785||0.00075241
18:08||843150500||635785||0.00075241
18:09||843650000||635785||0.00075241
18:10||843649000||635785||0.00075241
18:11||843085000||635785||0.00075241
18:12||842470500||635785||0.00075241
18:13||842385500||635785||0.00075241
18:14||842300500||635785||0.00075241
18:15||842300500||633754||0.00075241
18:16||842300500||633754||0.00075241
18:17||842300500||633754||0.00075241
18:18||842300500||633754||0.00075241
18:19||842300500||633755||0.00075241
18:20||842300500||633755||0.00075241
18:21||842300500||633755||0.00075241
18:22||842300500||633755||0.00075241
18:23||842300500||633755||0.00075241
18:24||842300500||633755||0.00075241
18:25||842284000||633730||0.00075241
18:26||842280500||633730||0.00075241
18:27||842282500||633753||0.00075241
18:28||842368000||633883||0.00075241
18:29||842368000||633883||0.00075241
18:30||842368000||633883||0.00075241
18:31||842368000||633883||0.00075241
18:32||839133500||629015||0.00075241
18:33||837230000||629015||0.00075241
18:34||837230000||629015||0.00075241
18:35||834500000||628262||0.00075241
18:36||834500500||628262||0.00075241
18:37||834500000||628262||0.00075241
18:38||834500000||628262||0.00075241
18:39||835755000||628262||0.00075241
18:40||836250000||628262||0.00075241
18:41||836245500||628262||0.00075241
18:42||836456500||628262||0.00075241
18:43||836457000||628262||0.00075241
18:44||836492000||630135||0.00075241
18:45||836492000||630135||0.00075241
18:46||836492500||630135||0.00075241
18:47||836492500||630135||0.00075241
18:48||836492500||629014||0.00075241
18:49||836993000||630120||0.00075241
18:50||836500000||630120||0.00075241
18:51||836025000||628299||0.00075241
18:52||836025000||629767||0.00075241
18:53||836025000||629767||0.00075241
18:54||836500000||629767||0.00075241
18:55||836495000||629759||0.00075241
18:56||836495000||629759||0.00075241
18:57||833169500||626765||0.00075241
18:58||833171500||626945||0.00075241
18:59||833173500||626945||0.00075241
19:00||833174000||626831||0.00075241
19:01||833249500||626944||0.00075241
19:02||835038000||629691||0.00075241
19:03||834989500||629691||0.00075241
19:04||833251500||626947||0.00075241
19:05||833131000||626947||0.00075241
19:06||833128500||626765||0.00075241
19:07||833129000||626765||0.00075241
19:08||832122000||625254||0.00075241
19:09||831982000||625254||0.00075241
19:10||831982000||625254||0.00075241
19:11||831982000||625254||0.00075241
19:12||833424000||625254||0.00075241
19:13||833524000||625327||0.00075241
19:14||833569000||628894||0.00075241
19:15||835452000||628894||0.00075241
19:16||835004500||628266||0.00075241
19:17||833095000||628266||0.00075241
19:18||834999500||628261||0.00075241
19:19||833069000||628261||0.00075241
19:20||833242500||625507||0.00075241
19:21||834754500||627893||0.00075241
19:22||834754500||627893||0.00075241
19:23||834754500||627893||0.00075241
19:24||835940500||628970||0.00075241
19:25||836849500||629615||0.00075241
19:26||841510000||629747||0.00075241
19:27||841020500||629747||0.00075241
19:28||841020500||632792||0.00075241
19:29||841020500||632792||0.00075241
19:30||841020500||632792||0.00075241
19:31||841020500||632792||0.00075241
19:32||841510000||633529||0.00075241
19:33||841510000||632791||0.00075241
19:34||841510000||632791||0.00075241
19:35||841608000||633529||0.00075241
19:36||841608000||633529||0.00075241
19:37||841616000||633528||0.00075241
19:38||841616500||633529||0.00075241
19:39||841616500||633529||0.00075241
19:40||841616500||633529||0.00075241
19:41||841616500||632952||0.00075241
19:42||841616500||632952||0.00075241
19:43||841616500||632952||0.00075241
19:44||841624500||632952||0.00075241
19:45||841632500||632952||0.00075241
19:46||841632500||632952||0.00075241
19:47||841640500||632952||0.00075241
19:48||841648500||632952||0.00075241
19:49||841883500||633882||0.00075241
19:50||841884500||633000||0.00075241
19:51||841885500||633000||0.00075241
19:52||841890000||633000||0.00075241
19:53||841890000||633000||0.00075241
19:54||841890500||633010||0.00075241
19:55||841890500||633010||0.00075241
19:56||841405500||633010||0.00075241
19:57||841656500||633529||0.00075241
19:58||841656500||633529||0.00075241
19:59||841655500||633010||0.00075241
20:00||841655500||633010||0.00075241
20:01||841655500||633010||0.00075241
20:02||841883000||633871||0.00075241
20:03||841655500||633010||0.00075241
20:04||841655500||633010||0.00075241
20:05||841656000||633010||0.00075241
20:06||841656000||633010||0.00075241
20:07||841656000||633010||0.00075241
20:08||841656000||633529||0.00075241
20:09||841656500||633529||0.00075241
20:10||841660000||633529||0.00075241
20:11||841660000||633529||0.00075241
20:12||841660000||633529||0.00075241
20:13||839000000||630519||0.00075241
20:14||839000000||632024||0.00075241
20:15||839000000||630519||0.00075241
20:16||839000000||630519||0.00075241
20:17||839004500||630519||0.00075241
20:18||839004500||630519||0.00075241
20:19||839255000||632031||0.00075241
20:20||839254000||632031||0.00075241
20:21||839254000||632031||0.00075241
20:22||839254000||632031||0.00075241
20:23||839258000||632031||0.00075241
20:24||839262500||632031||0.00075241
20:25||839263000||632031||0.00075241
20:26||839308500||632031||0.00075241
20:27||839317000||632035||0.00075241
20:28||838627500||632035||0.00075241
20:29||839817500||632776||0.00075241
20:30||839819500||630997||0.00075241
20:31||839819500||632776||0.00075241
20:32||839319500||632024||0.00075241
20:33||839797500||632024||0.00075241
20:34||839796500||631718||0.00075241
20:35||839994500||631718||0.00075241
20:36||839994500||631718||0.00075241
20:37||839994500||631718||0.00075241
20:38||839994500||631718||0.00075241
20:39||839994500||631718||0.00075241
20:40||839994500||631718||0.00075241
20:41||839994500||632016||0.00075241
20:42||839994500||632016||0.00075241
20:43||839994500||632016||0.00075241
20:44||839994500||632016||0.00075241
20:45||839994500||632016||0.00075241
20:46||839994500||632024||0.00075241
20:47||839994500||632024||0.00075241
20:48||839994500||632024||0.00075241
20:49||839994500||632016||0.00075241
20:50||839994500||632016||0.00075241
20:51||839994000||632016||0.00075241
20:52||839994000||632016||0.00075241
20:53||839994000||632016||0.00075241
20:54||839994000||632016||0.00075241
20:55||839994000||632016||0.00075241
20:56||839994000||632016||0.00075241
20:57||839994000||632016||0.00075241
20:58||839994000||632016||0.00075241
20:59||839994000||632016||0.00075241
21:00||839994000||632016||0.00075241
21:01||839995000||632024||0.00075241
21:02||839995000||632024||0.00075241
21:03||839995000||632024||0.00075241
21:04||839994500||632024||0.00075241
21:05||839994500||632024||0.00075241
21:06||839994500||632024||0.00075241
21:07||839994500||632016||0.00075241
21:08||839994500||632016||0.00075241
21:09||839994500||632016||0.00075241
21:10||839994500||632016||0.00075241
21:11||839994500||632016||0.00075241
21:12||839994500||632016||0.00075241
21:13||839994500||632016||0.00075241
21:14||839994500||632016||0.00075241
21:15||839994500||632016||0.00075241
21:16||839994500||632016||0.00075241
21:17||839994500||632016||0.00075241
21:18||839994500||632016||0.00075241
21:19||839994500||632016||0.00075241
21:20||839994500||632016||0.00075241
21:21||839994500||632016||0.00075241
21:22||839994500||632016||0.00075241
21:23||839994500||632016||0.00075241
21:24||839994500||632016||0.00075241
21:25||839995000||632023||0.00075241
21:26||839995000||632023||0.00075241
21:27||839995000||632024||0.00075241
21:28||839995000||632016||0.00075241
21:29||839995000||632016||0.00075241
21:30||839995000||632016||0.00075241
21:31||839995000||632016||0.00075241
21:32||839999500||632016||0.00075241
21:33||839999500||632023||0.00075241
21:34||840443500||632692||0.00075241
21:35||840887500||632692||0.00075241
21:36||840887500||632692||0.00075241
21:37||840887500||632692||0.00075241
21:38||840993500||632776||0.00075241
21:39||840999500||632776||0.00075241
21:40||841500000||633526||0.00075241
21:41||841500000||633529||0.00075241
21:42||841993500||633529||0.00075241
21:43||841993500||633519||0.00075241
21:44||841993500||633519||0.00075241
21:45||841993500||633519||0.00075241
21:46||841493500||632767||0.00075241
21:47||841493500||632767||0.00075241
21:48||841443500||632691||0.00075241
21:49||841443500||632691||0.00075241
21:50||841068500||632691||0.00075241
21:51||841068500||632964||0.00075241
21:52||841443500||633529||0.00075241
21:53||841625000||633529||0.00075241
21:54||841625000||633529||0.00075241
21:55||841625000||633529||0.00075241
21:56||841625000||633529||0.00075241
21:57||841625000||633529||0.00075241
21:58||841625000||633529||0.00075241
21:59||841625000||633529||0.00075241
22:00||841605000||632934||0.00075241
22:01||841605000||632934||0.00075241
22:02||841605000||633529||0.00075241
22:03||841605500||633529||0.00075241
22:04||841605500||633529||0.00075241
22:05||841605500||632935||0.00075241
22:06||841605000||632934||0.00075241
22:07||841210500||632934||0.00075241
22:08||841210500||632934||0.00075241
22:09||841210500||632934||0.00075241
22:10||841210500||632934||0.00075241
22:11||841210500||632934||0.00075241
22:12||841605500||633529||0.00075241
22:13||841605500||633529||0.00075241
22:14||841605500||633529||0.00075241
22:15||841605500||633529||0.00075241
22:16||841606000||633529||0.00075241
22:17||841212500||633529||0.00075241
22:18||841622500||633529||0.00075241
22:19||841999500||633529||0.00075241
22:20||841852000||633871||0.00075241
22:21||841852000||633871||0.00075241
22:22||841852000||633871||0.00075241
22:23||841852000||633871||0.00075241
22:24||841852000||633871||0.00075241
22:25||841852000||633871||0.00075241
22:26||841852000||633871||0.00075241
22:27||841727500||633871||0.00075241
22:28||841727500||633871||0.00075241
22:29||841727500||633871||0.00075241
22:30||841727000||633871||0.00075241
22:31||841727500||633871||0.00075241
22:32||841728000||633871||0.00075241
22:33||842001000||634280||0.00075241
22:34||842049500||634280||0.00075241
22:35||842049500||634280||0.00075241
22:36||842499500||634280||0.00075241
22:37||842499500||633529||0.00075241
22:38||842549500||633529||0.00075241
22:39||842549500||633529||0.00075241
22:40||842559500||634280||0.00075241
22:41||842560000||634281||0.00075241
22:42||842560000||634281||0.00075241
22:43||842560000||634281||0.00075241
22:44||842560000||634281||0.00075241
22:45||842560000||631719||0.00075241
22:46||844250000||635034||0.00075241
22:47||844250000||635034||0.00075241
22:48||844250000||635034||0.00075241
22:49||844250000||635034||0.00075241
22:50||844250000||635034||0.00075241
22:51||844250000||635410||0.00075241
22:52||844250000||635410||0.00075241
22:53||844245000||635410||0.00075241
22:54||844245000||635410||0.00075241
22:55||844235000||635410||0.00075241
22:56||844240000||635410||0.00075241
22:57||844240000||635410||0.00075241
22:58||844240000||635034||0.00075241
22:59||844250000||635034||0.00075241
23:00||844250000||635410||0.00075241
23:01||844250000||635410||0.00075241
23:02||844250000||635410||0.00075241
23:03||844250000||635410||0.00075241
23:04||844250000||635034||0.00075241
23:05||844499500||635034||0.00075241
23:06||844499500||635034||0.00075241
23:07||844499500||635034||0.00075241
23:08||844250000||635034||0.00075241
23:09||844250000||635034||0.00075241
23:10||843060000||635034||0.00075241
23:11||843000500||633529||0.00075241
23:12||842500500||633529||0.00075241
23:13||842500000||633529||0.00075241
23:14||842500000||633529||0.00075241
23:15||843250000||635410||0.00075241
23:16||843249500||633529||0.00075241
23:17||843249500||633529||0.00075241
23:18||843299500||635409||0.00075241
23:19||843299500||633604||0.00075241
23:20||843299500||633604||0.00075241
23:21||843275500||633604||0.00075241
23:22||843275500||633604||0.00075241
23:23||843299500||633604||0.00075241
23:24||843299500||633604||0.00075241
23:25||843299500||633604||0.00075241
23:26||843299500||633604||0.00075241
23:27||843251500||633604||0.00075241
23:28||842100500||633604||0.00075241
23:29||842100500||633604||0.00075241
23:30||842100500||633604||0.00075241
23:31||843227000||633604||0.00075241
23:32||842100500||633604||0.00075241
23:33||842100500||633604||0.00075241
23:34||842100500||633604||0.00075241
23:35||842100500||633604||0.00075241
23:36||842100500||633604||0.00075241
23:37||841455000||633529||0.00075241
23:38||841455000||632777||0.00075241
23:39||841455000||632777||0.00075241
23:40||841454500||632776||0.00075241
23:41||841000500||632776||0.00075241
23:42||840942500||632776||0.00075241
23:43||840942500||632776||0.00075241
23:44||840380500||632609||0.00075241
23:45||840380500||632596||0.00075241
23:46||840980000||632596||0.00075241
23:47||840980000||633499||0.00075241
23:48||840980000||633499||0.00075241
23:49||840980000||633499||0.00075241
23:50||840980000||633499||0.00075241
23:51||840980000||633499||0.00075241
23:52||840980000||632024||0.00075241
23:53||840980000||632024||0.00075241
23:54||840980000||632024||0.00075241
23:55||840980000||632024||0.00075241
23:56||840980000||632024||0.00075241
23:57||840980500||632024||0.00075241
23:58||840980500||632024||0.00075241
23:59||840980500||633499||0.00075241
