00:00||566850500||425112||0.00075241
00:01||566850500||425112||0.00075241
00:02||566850500||425112||0.00075241
00:03||566887500||425112||0.00075241
00:04||567387500||425112||0.00075241
00:05||567387500||425112||0.00075241
00:06||566400000||424434||0.00075241
00:07||566399000||424434||0.00075241
00:08||566399000||424434||0.00075241
00:09||566399000||424434||0.00075241
00:10||566445000||424434||0.00075241
00:11||566426500||424434||0.00075241
00:12||566622000||424434||0.00075241
00:13||567153000||424434||0.00075241
00:14||567122000||424434||0.00075241
00:15||567122000||424434||0.00075241
00:16||567122000||424434||0.00075241
00:17||567122000||424434||0.00075241
00:18||567091500||424434||0.00075241
00:19||565052500||425550||0.00075241
00:20||565052500||424735||0.00075241
00:21||565052500||424751||0.00075241
00:22||567150000||425550||0.00075241
00:23||567669000||426419||0.00075241
00:24||567769000||426419||0.00075241
00:25||567281000||426419||0.00075241
00:26||567400000||426419||0.00075241
00:27||567250000||425638||0.00075241
00:28||567250000||425638||0.00075241
00:29||567250000||425638||0.00075241
00:30||567238500||425638||0.00075241
00:31||567238500||425638||0.00075241
00:32||567238500||425638||0.00075241
00:33||567238500||425638||0.00075241
00:34||567238500||425638||0.00075241
00:35||567238500||425638||0.00075241
00:36||567238500||425638||0.00075241
00:37||567238500||425638||0.00075241
00:38||567238500||425638||0.00075241
00:39||567238500||425638||0.00075241
00:40||566292500||424214||0.00075241
00:41||566292500||424214||0.00075241
00:42||566292500||424214||0.00075241
00:43||566292500||424214||0.00075241
00:44||566292500||424214||0.00075241
00:45||566342000||424214||0.00075241
00:46||566292500||424214||0.00075241
00:47||566342000||424214||0.00075241
00:48||566342000||424214||0.00075241
00:49||566342000||424214||0.00075241
00:50||566395500||424289||0.00075241
00:51||566395500||424289||0.00075241
00:52||566395500||424289||0.00075241
00:53||566395500||424289||0.00075241
00:54||566395500||424369||0.00075241
00:55||566395500||424369||0.00075241
00:56||566395500||424369||0.00075241
00:57||566395500||424369||0.00075241
00:58||566395500||424369||0.00075241
00:59||566395500||424369||0.00075241
01:00||566395500||424369||0.00075241
01:01||566395500||424369||0.00075241
01:02||566395500||424369||0.00075241
01:03||566395500||424369||0.00075241
01:04||566395500||424369||0.00075241
01:05||566395500||424369||0.00075241
01:06||566443500||424442||0.00075241
01:07||566443500||424442||0.00075241
01:08||566443500||424442||0.00075241
01:09||566443500||424442||0.00075241
01:10||566396000||424442||0.00075241
01:11||566396000||424442||0.00075241
01:12||566396000||424442||0.00075241
01:13||566443500||424442||0.00075241
01:14||566396000||424442||0.00075241
01:15||566396000||424442||0.00075241
01:16||566396000||424442||0.00075241
01:17||566396000||424442||0.00075241
01:18||566396000||424442||0.00075241
01:19||566396000||424442||0.00075241
01:20||566396000||424442||0.00075241
01:21||566347000||424442||0.00075241
01:22||566347000||424442||0.00075241
01:23||566347500||424442||0.00075241
01:24||566347500||424442||0.00075241
01:25||566347500||424442||0.00075241
01:26||566347500||424442||0.00075241
01:27||566292500||424214||0.00075241
01:28||566292500||424214||0.00075241
01:29||566251000||424214||0.00075241
01:30||566251000||424153||0.00075241
01:31||566251000||424153||0.00075241
01:32||566251000||424153||0.00075241
01:33||566142000||423989||0.00075241
01:34||566142000||423989||0.00075241
01:35||566142000||423989||0.00075241
01:36||566142000||423989||0.00075241
01:37||566142000||423989||0.00075241
01:38||566194500||423989||0.00075241
01:39||566194500||423989||0.00075241
01:40||566194500||423989||0.00075241
01:41||566680500||423989||0.00075241
01:42||566680500||424800||0.00075241
01:43||566680500||424800||0.00075241
01:44||566680500||424800||0.00075241
01:45||566680500||424800||0.00075241
01:46||566680500||424800||0.00075241
01:47||566680500||424800||0.00075241
01:48||566680500||424800||0.00075241
01:49||566680500||424800||0.00075241
01:50||566680500||424800||0.00075241
01:51||567305000||424800||0.00075241
01:52||568776000||427951||0.00075241
01:53||568776000||427951||0.00075241
01:54||568776000||427951||0.00075241
01:55||568776000||427951||0.00075241
01:56||568776000||427951||0.00075241
01:57||568776000||427951||0.00075241
01:58||568776000||427951||0.00075241
01:59||568776000||427952||0.00075241
02:00||568776000||427952||0.00075241
02:01||568776000||427952||0.00075241
02:02||568776000||427952||0.00075241
02:03||568776000||427952||0.00075241
02:04||568776000||427952||0.00075241
02:05||568776000||427952||0.00075241
02:06||568776000||427952||0.00075241
02:07||568776000||427952||0.00075241
02:08||568776000||427952||0.00075241
02:09||568776000||427952||0.00075241
02:10||568776000||427952||0.00075241
02:11||566638500||424735||0.00075241
02:12||566638000||424735||0.00075241
02:13||566638000||424735||0.00075241
02:14||566681000||424735||0.00075241
02:15||566681000||424735||0.00075241
02:16||566638000||424735||0.00075241
02:17||566638000||424735||0.00075241
02:18||566638000||424735||0.00075241
02:19||566638000||424735||0.00075241
02:20||566138000||423983||0.00075241
02:21||560245000||421349||0.00075241
02:22||560245000||421349||0.00075241
02:23||560245000||421349||0.00075241
02:24||560245000||421349||0.00075241
02:25||560245000||421349||0.00075241
02:26||560245000||421349||0.00075241
02:27||560245000||421349||0.00075241
02:28||560245000||421349||0.00075241
02:29||560245000||421349||0.00075241
02:30||550850000||414106||0.00075241
02:31||543000500||412320||0.00075241
02:32||542520000||406331||0.00075241
02:33||542520000||410063||0.00075241
02:34||542520000||410063||0.00075241
02:35||542520000||410063||0.00075241
02:36||542520000||410063||0.00075241
02:37||542520000||410063||0.00075241
02:38||542520000||410063||0.00075241
02:39||542520000||410063||0.00075241
02:40||542520000||410063||0.00075241
02:41||542520000||410063||0.00075241
02:42||542520000||410063||0.00075241
02:43||542500500||406331||0.00075241
02:44||542500500||406331||0.00075241
02:45||541955500||406331||0.00075241
02:46||540000000||410063||0.00075241
02:47||544440500||410063||0.00075241
02:48||544440500||410063||0.00075241
02:49||544506000||410063||0.00075241
02:50||544506000||410063||0.00075241
02:51||544995500||410063||0.00075241
02:52||544991500||410063||0.00075241
02:53||544990500||410063||0.00075241
02:54||544990500||410063||0.00075241
02:55||544990500||410063||0.00075241
02:56||544990500||410063||0.00075241
02:57||544990500||410063||0.00075241
02:58||544990500||410063||0.00075241
02:59||544990500||410063||0.00075241
03:00||544990500||410063||0.00075241
03:01||544990500||410063||0.00075241
03:02||544990500||410063||0.00075241
03:03||544990500||410063||0.00075241
03:04||547736500||410063||0.00075241
03:05||549694500||410063||0.00075241
03:06||549694500||410063||0.00075241
03:07||547423500||413249||0.00075241
03:08||547423500||413249||0.00075241
03:09||549579500||413249||0.00075241
03:10||549579500||413249||0.00075241
03:11||549579500||413249||0.00075241
03:12||549142000||413249||0.00075241
03:13||549142000||413249||0.00075241
03:14||549141000||413249||0.00075241
03:15||548543500||413249||0.00075241
03:16||548448500||413249||0.00075241
03:17||542577500||409217||0.00075241
03:18||539386000||402540||0.00075241
03:19||535000500||402540||0.00075241
03:20||537504500||402539||0.00075241
03:21||537505500||406309||0.00075241
03:22||537781000||406309||0.00075241
03:23||546673000||416607||0.00075241
03:24||546673000||416607||0.00075241
03:25||541487000||406310||0.00075241
03:26||538981500||406310||0.00075241
03:27||539298000||406310||0.00075241
03:28||539298000||406310||0.00075241
03:29||539298000||406310||0.00075241
03:30||540236500||410418||0.00075241
03:31||545466500||410418||0.00075241
03:32||549497000||416483||0.00075241
03:33||549311500||416483||0.00075241
03:34||549225500||416483||0.00075241
03:35||548224000||416229||0.00075241
03:36||548224000||416229||0.00075241
03:37||548224000||416229||0.00075241
03:38||548929000||416229||0.00075241
03:39||548929000||416229||0.00075241
03:40||550126000||416229||0.00075241
03:41||550126000||416229||0.00075241
03:42||550070500||416229||0.00075241
03:43||550070500||416229||0.00075241
03:44||550070500||416229||0.00075241
03:45||550070500||416229||0.00075241
03:46||550070500||416229||0.00075241
03:47||550070500||416229||0.00075241
03:48||550070500||415902||0.00075241
03:49||550070500||415902||0.00075241
03:50||550070500||415902||0.00075241
03:51||550070500||415902||0.00075241
03:52||545738500||411854||0.00075241
03:53||539350000||409085||0.00075241
03:54||539350000||409085||0.00075241
03:55||539350000||409085||0.00075241
03:56||539350000||409085||0.00075241
03:57||543697500||415894||0.00075241
03:58||543474500||415894||0.00075241
03:59||544943000||415894||0.00075241
04:00||544803500||415894||0.00075241
04:01||551123500||414668||0.00075241
04:02||540530000||414668||0.00075241
04:03||540537000||414668||0.00075241
04:04||540537500||414668||0.00075241
04:05||540537500||414668||0.00075241
04:06||540537500||409735||0.00075241
04:07||537448500||399027||0.00075241
04:08||533360500||403584||0.00075241
04:09||533360500||399027||0.00075241
04:10||532445500||399027||0.00075241
04:11||532399500||399027||0.00075241
04:12||528923500||398777||0.00075241
04:13||528923500||398777||0.00075241
04:14||526959500||397273||0.00075241
04:15||524976500||395732||0.00075241
04:16||524976500||395732||0.00075241
04:17||526160000||395732||0.00075241
04:18||526160000||394262||0.00075241
04:19||517747000||389883||0.00075241
04:20||513581500||388995||0.00075241
04:21||515317500||388644||0.00075241
04:22||529000000||391264||0.00075241
04:23||534549500||402036||0.00075241
04:24||543243500||402200||0.00075241
04:25||543921000||404044||0.00075241
04:26||540623000||409319||0.00075241
04:27||540622500||409319||0.00075241
04:28||544009500||409319||0.00075241
04:29||545505500||409319||0.00075241
04:30||546002500||409319||0.00075241
04:31||547470500||413766||0.00075241
04:32||547416000||413766||0.00075241
04:33||546906500||413766||0.00075241
04:34||540305500||413766||0.00075241
04:35||551466500||427953||0.00075241
04:36||561062500||427442||0.00075241
04:37||561062000||427442||0.00075241
04:38||563878000||427953||0.00075241
04:39||558987500||427953||0.00075241
04:40||547487000||420598||0.00075241
04:41||563861500||420598||0.00075241
04:42||563826000||420598||0.00075241
04:43||561421000||420598||0.00075241
04:44||564730000||420598||0.00075241
04:45||564730000||420598||0.00075241
04:46||564730000||420598||0.00075241
04:47||563650000||420598||0.00075241
04:48||561800000||420598||0.00075241
04:49||559582500||420598||0.00075241
04:50||559582500||420598||0.00075241
04:51||559553500||425111||0.00075241
04:52||559662500||425111||0.00075241
04:53||561500000||425111||0.00075241
04:54||561500000||425111||0.00075241
04:55||561570000||425111||0.00075241
04:56||561570000||425111||0.00075241
04:57||562493000||425111||0.00075241
04:58||562493000||425111||0.00075241
04:59||562493000||425111||0.00075241
05:00||562493000||425111||0.00075241
05:01||562493000||425111||0.00075241
05:02||562493000||425111||0.00075241
05:03||562493000||425111||0.00075241
05:04||562493000||425111||0.00075241
05:05||562493000||425111||0.00075241
05:06||562493000||425111||0.00075241
05:07||562493000||425111||0.00075241
05:08||562493000||421339||0.00075241
05:09||562493000||421339||0.00075241
05:10||561993000||421339||0.00075241
05:11||562493000||421339||0.00075241
05:12||562493000||421339||0.00075241
05:13||562493000||421339||0.00075241
05:14||562493000||421339||0.00075241
05:15||562493000||421339||0.00075241
05:16||558625000||415518||0.00075241
05:17||558625000||415518||0.00075241
05:18||559357500||415518||0.00075241
05:19||559357500||415518||0.00075241
05:20||559357500||415518||0.00075241
05:21||561495000||415518||0.00075241
05:22||561495000||415518||0.00075241
05:23||561495000||415518||0.00075241
05:24||562041000||415518||0.00075241
05:25||557532500||415518||0.00075241
05:26||557532500||415518||0.00075241
05:27||557532500||415518||0.00075241
05:28||557532500||415518||0.00075241
05:29||559505000||415518||0.00075241
05:30||559505000||415518||0.00075241
05:31||559616000||415518||0.00075241
05:32||559616000||415518||0.00075241
05:33||559616000||422088||0.00075241
05:34||561625000||425111||0.00075241
05:35||564998500||422102||0.00075241
05:36||564998500||425110||0.00075241
05:37||564998500||425110||0.00075241
05:38||564999000||425110||0.00075241
05:39||564999000||425110||0.00075241
05:40||564994500||425111||0.00075241
05:41||561078500||425097||0.00075241
05:42||561078000||425110||0.00075241
05:43||561078000||425110||0.00075241
05:44||563499500||425110||0.00075241
05:45||564264500||424005||0.00075241
05:46||564264500||424005||0.00075241
05:47||564754500||424005||0.00075241
05:48||561078000||424742||0.00075241
05:49||561078000||424742||0.00075241
05:50||559813500||419210||0.00075241
05:51||559813500||419210||0.00075241
05:52||559808500||419210||0.00075241
05:53||559808500||423200||0.00075241
05:54||558339000||423200||0.00075241
05:55||561116000||421178||0.00075241
05:56||561116000||421178||0.00075241
05:57||561116000||421178||0.00075241
05:58||561116000||421178||0.00075241
05:59||561116000||421178||0.00075241
06:00||561116000||421178||0.00075241
06:01||561116000||421178||0.00075241
06:02||561116000||421178||0.00075241
06:03||561116000||423200||0.00075241
06:04||561143000||423200||0.00075241
06:05||561116000||423200||0.00075241
06:06||561143000||423200||0.00075241
06:07||561143000||423200||0.00075241
06:08||566653000||425111||0.00075241
06:09||566653000||425111||0.00075241
06:10||566870000||427556||0.00075241
06:11||567145000||427970||0.00075241
06:12||570969000||427970||0.00075241
06:13||570969000||427970||0.00075241
06:14||570969000||427970||0.00075241
06:15||571069000||427970||0.00075241
06:16||569819000||427970||0.00075241
06:17||569819000||430754||0.00075241
06:18||572422000||430754||0.00075241
06:19||572322000||430754||0.00075241
06:20||572322000||430754||0.00075241
06:21||572322000||430754||0.00075241
06:22||572322000||430754||0.00075241
06:23||572322000||430754||0.00075241
06:24||571422000||430754||0.00075241
06:25||571422000||430754||0.00075241
06:26||571422000||430754||0.00075241
06:27||571422000||430754||0.00075241
06:28||571422000||430754||0.00075241
06:29||571422000||430754||0.00075241
06:30||571453500||430754||0.00075241
06:31||571453500||430754||0.00075241
06:32||571453500||430754||0.00075241
06:33||571422000||430754||0.00075241
06:34||572422000||430754||0.00075241
06:35||571172000||430754||0.00075241
06:36||571172000||430754||0.00075241
06:37||571172000||430754||0.00075241
06:38||571172000||430754||0.00075241
06:39||571172000||430754||0.00075241
06:40||571172000||430754||0.00075241
06:41||571172000||430754||0.00075241
06:42||571122000||430754||0.00075241
06:43||561401500||417587||0.00075241
06:44||561477500||417587||0.00075241
06:45||561586500||417587||0.00075241
06:46||561586500||417587||0.00075241
06:47||561569500||417587||0.00075241
06:48||561569500||417587||0.00075241
06:49||560869500||417587||0.00075241
06:50||560869500||417587||0.00075241
06:51||565018000||424381||0.00075241
06:52||565018000||424381||0.00075241
06:53||566740000||425864||0.00075241
06:54||569979500||426917||0.00075241
06:55||569979500||426917||0.00075241
06:56||569979500||426961||0.00075241
06:57||569979500||426961||0.00075241
06:58||569979500||426961||0.00075241
06:59||569979500||426961||0.00075241
07:00||569979500||426961||0.00075241
07:01||569982000||426961||0.00075241
07:02||574028000||430754||0.00075241
07:03||574028000||430754||0.00075241
07:04||573487500||430754||0.00075241
07:05||573517500||430754||0.00075241
07:06||572363500||430754||0.00075241
07:07||572310000||430754||0.00075241
07:08||572363500||428683||0.00075241
07:09||572363500||428683||0.00075241
07:10||571848500||428683||0.00075241
07:11||571911000||428683||0.00075241
07:12||570421000||428683||0.00075241
07:13||570421000||428683||0.00075241
07:14||570421000||428683||0.00075241
07:15||570421000||428683||0.00075241
07:16||569826000||428683||0.00075241
07:17||569826000||428683||0.00075241
07:18||569869500||428683||0.00075241
07:19||569874500||428683||0.00075241
07:20||569917000||428683||0.00075241
07:21||569917000||428683||0.00075241
07:22||569917000||428683||0.00075241
07:23||569917000||428683||0.00075241
07:24||569874500||428683||0.00075241
07:25||569917000||428683||0.00075241
07:26||569917000||427243||0.00075241
07:27||569963500||427243||0.00075241
07:28||569963500||427243||0.00075241
07:29||569963500||427243||0.00075241
07:30||569922000||427243||0.00075241
07:31||569963500||427243||0.00075241
07:32||569963500||427243||0.00075241
07:33||569963500||427243||0.00075241
07:34||569963500||427243||0.00075241
07:35||570035500||427243||0.00075241
07:36||570035500||427243||0.00075241
07:37||569963500||427243||0.00075241
07:38||569963500||427243||0.00075241
07:39||569963500||427243||0.00075241
07:40||570004000||427243||0.00075241
07:41||570004000||427243||0.00075241
07:42||570004000||427243||0.00075241
07:43||570004000||427374||0.00075241
07:44||570004000||427374||0.00075241
07:45||570004000||427374||0.00075241
07:46||570004000||427374||0.00075241
07:47||570086000||427374||0.00075241
07:48||572600500||430378||0.00075241
07:49||572645000||430378||0.00075241
07:50||572697500||430378||0.00075241
07:51||572732500||430378||0.00075241
07:52||573604500||431130||0.00075241
07:53||573654000||431130||0.00075241
07:54||574508500||431883||0.00075241
07:55||574559000||431883||0.00075241
07:56||574589500||431883||0.00075241
07:57||574636000||431883||0.00075241
07:58||574688500||431883||0.00075241
07:59||574718000||432635||0.00075241
08:00||576170000||432635||0.00075241
08:01||576189000||432635||0.00075241
08:02||576189000||432635||0.00075241
08:03||576172500||432635||0.00075241
08:04||576172500||432895||0.00075241
08:05||576172500||432895||0.00075241
08:06||576172500||432895||0.00075241
08:07||576172500||432895||0.00075241
08:08||576172500||432895||0.00075241
08:09||576172500||432895||0.00075241
08:10||576172500||432895||0.00075241
08:11||576172500||432895||0.00075241
08:12||576172500||432895||0.00075241
08:13||576172500||432895||0.00075241
08:14||576172500||432895||0.00075241
08:15||576172500||432895||0.00075241
08:16||576172500||432895||0.00075241
08:17||576172500||432895||0.00075241
08:18||576172500||432895||0.00075241
08:19||576172500||432895||0.00075241
08:20||576172500||432895||0.00075241
08:21||573059000||431177||0.00075241
08:22||573059500||431177||0.00075241
08:23||574514000||431883||0.00075241
08:24||575504500||432635||0.00075241
08:25||578792500||434140||0.00075241
08:26||578794000||434140||0.00075241
08:27||578818000||436397||0.00075241
08:28||578818000||436397||0.00075241
08:29||578818000||434619||0.00075241
08:30||578842500||434619||0.00075241
08:31||578870500||434619||0.00075241
08:32||578870500||434619||0.00075241
08:33||578870500||434619||0.00075241
08:34||578870500||434619||0.00075241
08:35||578870500||434619||0.00075241
08:36||578870500||434619||0.00075241
08:37||578870500||434698||0.00075241
08:38||578870500||434698||0.00075241
08:39||578870500||434698||0.00075241
08:40||578870500||436397||0.00075241
08:41||577870500||436397||0.00075241
08:42||577870500||436397||0.00075241
08:43||577870500||436397||0.00075241
08:44||577870500||436397||0.00075241
08:45||577870500||436397||0.00075241
08:46||579018500||437895||0.00075241
08:47||580013500||437895||0.00075241
08:48||579812500||437895||0.00075241
08:49||579849000||437895||0.00075241
08:50||579863500||437895||0.00075241
08:51||579144000||437895||0.00075241
08:52||578397000||437895||0.00075241
08:53||578397000||437895||0.00075241
08:54||578397000||437895||0.00075241
08:55||578337500||437895||0.00075241
08:56||578337500||437895||0.00075241
08:57||578337500||437895||0.00075241
08:58||578337500||437895||0.00075241
08:59||578337500||437895||0.00075241
09:00||578337500||437895||0.00075241
09:01||578337500||437895||0.00075241
09:02||578097500||437895||0.00075241
09:03||578097500||437895||0.00075241
09:04||577897500||434968||0.00075241
09:05||577747500||434968||0.00075241
09:06||577897500||434968||0.00075241
09:07||577695500||434968||0.00075241
09:08||577695500||434968||0.00075241
09:09||577695500||434968||0.00075241
09:10||577695500||434968||0.00075241
09:11||578821000||434968||0.00075241
09:12||578821000||434968||0.00075241
09:13||578953500||435561||0.00075241
09:14||578953500||435561||0.00075241
09:15||578953500||435561||0.00075241
09:16||577495000||435561||0.00075241
09:17||578044500||434208||0.00075241
09:18||578043500||434208||0.00075241
09:19||579933000||436397||0.00075241
09:20||580510500||436397||0.00075241
09:21||580510000||436414||0.00075241
09:22||580510000||436414||0.00075241
09:23||580510000||436414||0.00075241
09:24||580510000||436414||0.00075241
09:25||580520500||436414||0.00075241
09:26||580497000||436414||0.00075241
09:27||580491500||437113||0.00075241
09:28||580491500||437113||0.00075241
09:29||580470000||437113||0.00075241
09:30||580474500||437113||0.00075241
09:31||580929500||437097||0.00075241
09:32||580444500||437096||0.00075241
09:33||580000500||437096||0.00075241
09:34||580000500||437096||0.00075241
09:35||580000500||437096||0.00075241
09:36||580000500||436397||0.00075241
09:37||580000500||436397||0.00075241
09:38||580000500||436397||0.00075241
09:39||580000500||436397||0.00075241
09:40||578001000||433388||0.00075241
09:41||577952000||433315||0.00075241
09:42||576951500||433315||0.00075241
09:43||576951000||433315||0.00075241
09:44||576951000||433315||0.00075241
09:45||573745500||430068||0.00075241
09:46||572337500||430068||0.00075241
09:47||571920000||430134||0.00075241
09:48||572532500||430378||0.00075241
09:49||574018500||431883||0.00075241
09:50||574018500||431883||0.00075241
09:51||574018500||431883||0.00075241
09:52||573251000||429988||0.00075241
09:53||573250000||429988||0.00075241
09:54||573246000||429988||0.00075241
09:55||573281000||429988||0.00075241
09:56||573281000||429988||0.00075241
09:57||573280000||429988||0.00075241
09:58||573317500||430112||0.00075241
09:59||573317500||430112||0.00075241
10:00||573199500||430112||0.00075241
10:01||573234500||432574||0.00075241
10:02||573196500||432574||0.00075241
10:03||573196500||432574||0.00075241
10:04||573190500||429988||0.00075241
10:05||573190000||429988||0.00075241
10:06||573140500||429988||0.00075241
10:07||573140500||429988||0.00075241
10:08||573140500||429988||0.00075241
10:09||573140500||429988||0.00075241
10:10||573140000||429988||0.00075241
10:11||573129000||429988||0.00075241
10:12||573090500||429988||0.00075241
10:13||573090500||429988||0.00075241
10:14||573050500||429988||0.00075241
10:15||572740500||429988||0.00075241
10:16||570560000||428601||0.00075241
10:17||570138000||428601||0.00075241
10:18||570096500||428538||0.00075241
10:19||570085500||428538||0.00075241
10:20||566985500||424359||0.00075241
10:21||565899000||422904||0.00075241
10:22||564568500||422929||0.00075241
10:23||559500000||422904||0.00075241
10:24||559500000||421349||0.00075241
10:25||559500000||420597||0.00075241
10:26||559500000||420597||0.00075241
10:27||559000500||420597||0.00075241
10:28||558500000||420597||0.00075241
10:29||558500000||420596||0.00075241
10:30||558200500||420596||0.00075241
10:31||558200500||420596||0.00075241
10:32||558500000||420596||0.00075241
10:33||558500000||420596||0.00075241
10:34||558500500||420596||0.00075241
10:35||558501000||420596||0.00075241
10:36||559001500||421349||0.00075241
10:37||559001500||419847||0.00075241
10:38||556537000||417628||0.00075241
10:39||557527500||421349||0.00075241
10:40||558055500||421349||0.00075241
10:41||558055500||421349||0.00075241
10:42||557527500||421349||0.00075241
10:43||557527000||421349||0.00075241
10:44||557879000||421349||0.00075241
10:45||557879000||421349||0.00075241
10:46||557523000||421349||0.00075241
10:47||557518500||421349||0.00075241
10:48||557919500||421349||0.00075241
10:49||557919500||421349||0.00075241
10:50||558390000||421349||0.00075241
10:51||558390000||421349||0.00075241
10:52||557827000||418906||0.00075241
10:53||557478500||421274||0.00075241
10:54||555483500||421274||0.00075241
10:55||555483500||421274||0.00075241
10:56||555394000||418275||0.00075241
10:57||552891500||413865||0.00075241
10:58||555722500||418138||0.00075241
10:59||557806500||421274||0.00075241
11:00||558444500||421274||0.00075241
11:01||557995000||421274||0.00075241
11:02||558436500||421274||0.00075241
11:03||558886500||421273||0.00075241
11:04||559195000||421274||0.00075241
11:05||559195000||421348||0.00075241
11:06||559195000||421348||0.00075241
11:07||558944500||419762||0.00075241
11:08||558944500||419762||0.00075241
11:09||558957000||419762||0.00075241
11:10||558957000||421348||0.00075241
11:11||559993500||421348||0.00075241
11:12||563371000||421349||0.00075241
11:13||563450000||421349||0.00075241
11:14||562100000||421349||0.00075241
11:15||561600000||421349||0.00075241
11:16||561500000||421349||0.00075241
11:17||561495500||423606||0.00075241
11:18||560500000||419844||0.00075241
11:19||560465000||423554||0.00075241
11:20||560274500||423554||0.00075241
11:21||560274000||423554||0.00075241
11:22||559773000||422476||0.00075241
11:23||559524000||422476||0.00075241
11:24||559494500||422476||0.00075241
11:25||559351000||419882||0.00075241
11:26||559524000||422102||0.00075241
11:27||559377500||419882||0.00075241
11:28||558050500||419882||0.00075241
11:29||559234000||419844||0.00075241
11:30||556438500||419844||0.00075241
11:31||556323000||419844||0.00075241
11:32||555552000||419844||0.00075241
11:33||555552000||419844||0.00075241
11:34||555552000||419844||0.00075241
11:35||555398000||419844||0.00075241
11:36||555340500||419844||0.00075241
11:37||555340500||419844||0.00075241
11:38||555111500||416835||0.00075241
11:39||555087500||416835||0.00075241
11:40||555087500||416835||0.00075241
11:41||554091500||415337||0.00075241
11:42||554090000||415337||0.00075241
11:43||553114500||415337||0.00075241
11:44||553136000||415337||0.00075241
11:45||553584000||415337||0.00075241
11:46||553195500||413863||0.00075241
11:47||554836500||413863||0.00075241
11:48||554089000||413825||0.00075241
11:49||550899000||413825||0.00075241
11:50||547049000||410877||0.00075241
11:51||547050500||407084||0.00075241
11:52||544524500||407090||0.00075241
11:53||543270000||407084||0.00075241
11:54||544021000||410443||0.00075241
11:55||544520500||410443||0.00075241
11:56||546084500||411567||0.00075241
11:57||546084500||411567||0.00075241
11:58||543602500||407837||0.00075241
11:59||544520500||407837||0.00075241
12:00||545021000||412319||0.00075241
12:01||545111000||412320||0.00075241
12:02||545500000||412320||0.00075241
12:03||545501000||412320||0.00075241
12:04||548357000||412320||0.00075241
12:05||547538500||412320||0.00075241
12:06||547038500||412320||0.00075241
12:07||546957500||412256||0.00075241
12:08||546957500||412256||0.00075241
12:09||547038500||412378||0.00075241
12:10||546610000||412378||0.00075241
12:11||546837500||412378||0.00075241
12:12||546813500||412340||0.00075241
12:13||546813500||412340||0.00075241
12:14||546763500||410514||0.00075241
12:15||546737000||410514||0.00075241
12:16||545712500||410439||0.00075241
12:17||545712500||408963||0.00075241
12:18||545442500||408963||0.00075241
12:19||543000500||408963||0.00075241
12:20||543000500||408963||0.00075241
12:21||544946000||408558||0.00075241
12:22||544946000||408558||0.00075241
12:23||544282000||407973||0.00075241
12:24||537500500||405548||0.00075241
12:25||537500500||405548||0.00075241
12:26||537000500||405548||0.00075241
12:27||537000500||403292||0.00075241
12:28||536802500||402994||0.00075241
12:29||537302500||405548||0.00075241
12:30||536062000||403682||0.00075241
12:31||534432000||400541||0.00075241
12:32||534370000||400541||0.00075241
12:33||534432000||400541||0.00075241
12:34||535555000||403682||0.00075241
12:35||536796500||405548||0.00075241
12:36||538984000||405537||0.00075241
12:37||538984000||405537||0.00075241
12:38||538984000||405548||0.00075241
12:39||538989500||405547||0.00075241
12:40||538989500||405547||0.00075241
12:41||536796000||402233||0.00075241
12:42||536796500||402233||0.00075241
12:43||536796500||405547||0.00075241
12:44||536796500||405547||0.00075241
12:45||536796500||405547||0.00075241
12:46||536999000||405547||0.00075241
12:47||543249500||411944||0.00075241
12:48||546654500||411944||0.00075241
12:49||546682000||411943||0.00075241
12:50||547492000||411932||0.00075241
12:51||549019500||413825||0.00075241
12:52||549992500||413825||0.00075241
12:53||549992000||413824||0.00075241
12:54||542990000||413810||0.00075241
12:55||544250000||413810||0.00075241
12:56||544250500||413810||0.00075241
12:57||544502000||414193||0.00075241
12:58||544702000||414193||0.00075241
12:59||544707000||414193||0.00075241
13:00||545000000||414125||0.00075241
13:01||545002500||414125||0.00075241
13:02||545504000||413825||0.00075241
13:03||545504000||413825||0.00075241
13:04||545914500||413825||0.00075241
13:05||545898500||413825||0.00075241
13:06||544897000||406305||0.00075241
13:07||544007000||406305||0.00075241
13:08||544007000||406306||0.00075241
13:09||543437000||411468||0.00075241
13:10||543443000||411468||0.00075241
13:11||543409000||411417||0.00075241
13:12||543336000||406307||0.00075241
13:13||540013000||406314||0.00075241
13:14||540013000||406314||0.00075241
13:15||540013000||406314||0.00075241
13:16||540013000||406314||0.00075241
13:17||542809000||406314||0.00075241
13:18||542752000||406314||0.00075241
13:19||542752000||406314||0.00075241
13:20||542454500||406314||0.00075241
13:21||543009000||406314||0.00075241
13:22||544000500||406314||0.00075241
13:23||544500000||410063||0.00075241
13:24||543558500||410063||0.00075241
13:25||543529500||410063||0.00075241
13:26||543529000||410019||0.00075241
13:27||543501000||410019||0.00075241
13:28||542117500||407895||0.00075241
13:29||541038500||407894||0.00075241
13:30||541038500||406307||0.00075241
13:31||539035000||403291||0.00075241
13:32||536390500||400541||0.00075241
13:33||536715500||406625||0.00075241
13:34||535500000||406625||0.00075241
13:35||535699500||406625||0.00075241
13:36||535703500||406625||0.00075241
13:37||541184500||407858||0.00075241
13:38||541170500||406506||0.00075241
13:39||542607000||407858||0.00075241
13:40||542586000||409988||0.00075241
13:41||544899500||406506||0.00075241
13:42||542586000||406506||0.00075241
13:43||542539500||406506||0.00075241
13:44||542396000||409918||0.00075241
13:45||542441000||409768||0.00075241
13:46||544555000||409636||0.00075241
13:47||544502500||409636||0.00075241
13:48||544502500||409636||0.00075241
13:49||544502500||409689||0.00075241
13:50||544502500||409689||0.00075241
13:51||542387500||409689||0.00075241
13:52||544502500||409689||0.00075241
13:53||544502500||409689||0.00075241
13:54||544502500||409689||0.00075241
13:55||542388000||409689||0.00075241
13:56||542388000||406506||0.00075241
13:57||542386500||406506||0.00075241
13:58||542336500||406506||0.00075241
13:59||542358500||409645||0.00075241
14:00||542358500||409645||0.00075241
14:01||542358500||409645||0.00075241
14:02||542358000||409645||0.00075241
14:03||542636500||410063||0.00075241
14:04||542635500||410063||0.00075241
14:05||542635500||410063||0.00075241
14:06||542404000||410063||0.00075241
14:07||542317000||410063||0.00075241
14:08||542635500||410063||0.00075241
14:09||542494500||410063||0.00075241
14:10||542448000||410063||0.00075241
14:11||542510000||409872||0.00075241
14:12||543623000||409872||0.00075241
14:13||543511500||409872||0.00075241
14:14||542749000||409872||0.00075241
14:15||542703000||409872||0.00075241
14:16||542500500||409872||0.00075241
14:17||541143500||408173||0.00075241
14:18||536512500||406506||0.00075241
14:19||536513500||406506||0.00075241
14:20||536562500||406506||0.00075241
14:21||534500500||401787||0.00075241
14:22||534501000||401787||0.00075241
14:23||534501000||401788||0.00075241
14:24||534501000||401788||0.00075241
14:25||534501000||401788||0.00075241
14:26||534501000||401788||0.00075241
14:27||534501000||401788||0.00075241
14:28||534501000||401788||0.00075241
14:29||535501000||404044||0.00075241
14:30||536504000||404796||0.00075241
14:31||536516500||405548||0.00075241
14:32||536517000||405548||0.00075241
14:33||536516500||405548||0.00075241
14:34||536549500||405548||0.00075241
14:35||536549500||405548||0.00075241
14:36||536549500||405548||0.00075241
14:37||536549500||405548||0.00075241
14:38||536549000||405548||0.00075241
14:39||536548500||405548||0.00075241
14:40||537495500||403292||0.00075241
14:41||537495500||403292||0.00075241
14:42||537475500||403292||0.00075241
14:43||537492000||403292||0.00075241
14:44||537268000||403292||0.00075241
14:45||537268000||403292||0.00075241
14:46||537268000||403292||0.00075241
14:47||537267500||405172||0.00075241
14:48||536768000||405172||0.00075241
14:49||536768000||404420||0.00075241
14:50||537517500||405548||0.00075241
14:51||537518500||405548||0.00075241
14:52||537518500||405548||0.00075241
14:53||537518500||405548||0.00075241
14:54||537518500||405548||0.00075241
14:55||537518500||405548||0.00075241
14:56||537517500||405548||0.00075241
14:57||537517500||405548||0.00075241
14:58||537518000||405548||0.00075241
14:59||537518000||405548||0.00075241
15:00||537518500||405548||0.00075241
15:01||537518500||405548||0.00075241
15:02||537518500||405548||0.00075241
15:03||538999000||405548||0.00075241
15:04||539545000||408551||0.00075241
15:05||539545500||408551||0.00075241
15:06||539995000||408551||0.00075241
15:07||539989500||408542||0.00075241
15:08||539989500||408542||0.00075241
15:09||539989000||408542||0.00075241
15:10||540000000||408557||0.00075241
15:11||540000000||408557||0.00075241
15:12||540000000||408557||0.00075241
15:13||540000000||408558||0.00075241
15:14||540000500||408558||0.00075241
15:15||540001500||408558||0.00075241
15:16||540502000||409310||0.00075241
15:17||540502000||409310||0.00075241
15:18||540504500||409308||0.00075241
15:19||540504500||409308||0.00075241
15:20||542496000||409308||0.00075241
15:21||540497000||409303||0.00075241
15:22||540497000||409303||0.00075241
15:23||540251500||409303||0.00075241
15:24||538502000||408934||0.00075241
15:25||540254000||408934||0.00075241
15:26||540254000||408934||0.00075241
15:27||537506000||408934||0.00075241
15:28||542498500||404796||0.00075241
15:29||540001000||408180||0.00075241
15:30||540250000||408180||0.00075241
15:31||540255000||408180||0.00075241
15:32||541250500||409303||0.00075241
15:33||541250500||409303||0.00075241
15:34||541250500||409303||0.00075241
15:35||541005500||409303||0.00075241
15:36||541300500||408934||0.00075241
15:37||541300500||408934||0.00075241
15:38||541300500||408934||0.00075241
15:39||541541000||408934||0.00075241
15:40||542503000||408934||0.00075241
15:41||544490500||410063||0.00075241
15:42||544507500||413071||0.00075241
15:43||544507500||413071||0.00075241
15:44||544503500||413065||0.00075241
15:45||545496000||413065||0.00075241
15:46||545496000||413065||0.00075241
15:47||545995500||413065||0.00075241
15:48||545995500||413065||0.00075241
15:49||546445000||413073||0.00075241
15:50||546944500||413073||0.00075241
15:51||551096000||413741||0.00075241
15:52||550925000||415298||0.00075241
15:53||547431500||413744||0.00075241
15:54||547289000||409313||0.00075241
15:55||547001500||409313||0.00075241
15:56||547501000||409313||0.00075241
15:57||547500500||413825||0.00075241
15:58||547496000||413825||0.00075241
15:59||547446000||413817||0.00075241
16:00||547353000||413742||0.00075241
16:01||547305500||413529||0.00075241
16:02||547207500||413524||0.00075241
16:03||547163000||413380||0.00075241
16:04||547207000||413380||0.00075241
16:05||547305000||413380||0.00075241
16:06||548705000||413380||0.00075241
16:07||548995500||413380||0.00075241
16:08||548995500||413380||0.00075241
16:09||548002500||413380||0.00075241
16:10||548002500||412322||0.00075241
16:11||546576000||412320||0.00075241
16:12||545202500||410216||0.00075241
16:13||546574000||412280||0.00075241
16:14||546574000||412280||0.00075241
16:15||546574000||412280||0.00075241
16:16||547261500||410067||0.00075241
16:17||546475500||412280||0.00075241
16:18||542963500||410064||0.00075241
16:19||542001000||410064||0.00075241
16:20||542001000||410064||0.00075241
16:21||542006500||410064||0.00075241
16:22||544488000||412322||0.00075241
16:23||544532000||412322||0.00075241
16:24||543601000||412322||0.00075241
16:25||543112000||410063||0.00075241
16:26||543612000||410063||0.00075241
16:27||545993500||413814||0.00075241
16:28||545995000||413814||0.00075241
16:29||545995000||413814||0.00075241
16:30||546068500||413814||0.00075241
16:31||546500000||413825||0.00075241
16:32||547001000||413825||0.00075241
16:33||547001000||413825||0.00075241
16:34||547001000||413825||0.00075241
16:35||547500000||413825||0.00075241
16:36||547500000||413825||0.00075241
16:37||547500000||413825||0.00075241
16:38||547500000||414577||0.00075241
16:39||547500000||414577||0.00075241
16:40||547999500||414577||0.00075241
16:41||548074500||414577||0.00075241
16:42||548075000||414577||0.00075241
16:43||548075000||415330||0.00075241
16:44||548501000||415330||0.00075241
16:45||548501500||415330||0.00075241
16:46||548998500||415330||0.00075241
16:47||549002500||415328||0.00075241
16:48||549002500||415328||0.00075241
16:49||549658500||415328||0.00075241
16:50||549251000||415328||0.00075241
16:51||548984000||415328||0.00075241
16:52||548703500||415328||0.00075241
16:53||548702000||415328||0.00075241
16:54||547502500||415328||0.00075241
16:55||548678000||411946||0.00075241
16:56||548678000||413715||0.00075241
16:57||548678000||413715||0.00075241
16:58||548678000||413715||0.00075241
16:59||546978500||413715||0.00075241
17:00||546928500||413604||0.00075241
17:01||546876000||413604||0.00075241
17:02||546876000||413604||0.00075241
17:03||549545500||413442||0.00075241
17:04||549545500||413442||0.00075241
17:05||546929500||413442||0.00075241
17:06||547346000||413442||0.00075241
17:07||548800000||413442||0.00075241
17:08||548853000||413442||0.00075241
17:09||548853000||413442||0.00075241
17:10||548853000||413604||0.00075241
17:11||548853000||413604||0.00075241
17:12||548853000||413604||0.00075241
17:13||548870000||413604||0.00075241
17:14||548870000||413604||0.00075241
17:15||549352500||413604||0.00075241
17:16||549360000||413604||0.00075241
17:17||549360000||413604||0.00075241
17:18||549360000||413604||0.00075241
17:19||549360000||413604||0.00075241
17:20||550636500||413604||0.00075241
17:21||550500000||413604||0.00075241
17:22||550500000||413604||0.00075241
17:23||550500000||413604||0.00075241
17:24||550500000||413604||0.00075241
17:25||548791500||413073||0.00075241
17:26||550500000||413073||0.00075241
17:27||550499500||414577||0.00075241
17:28||550499500||414577||0.00075241
17:29||550509500||414577||0.00075241
17:30||551598000||414577||0.00075241
17:31||551598000||415330||0.00075241
17:32||551598000||415330||0.00075241
17:33||551598000||415330||0.00075241
17:34||551598000||415330||0.00075241
17:35||552196500||415330||0.00075241
17:36||553349000||415593||0.00075241
17:37||553848000||415593||0.00075241
17:38||555702500||418332||0.00075241
17:39||555702500||418332||0.00075241
17:40||555989500||418332||0.00075241
17:41||555995000||418332||0.00075241
17:42||558007500||421274||0.00075241
17:43||558007500||421274||0.00075241
17:44||555100000||421349||0.00075241
17:45||557499500||421349||0.00075241
17:46||557502000||421349||0.00075241
17:47||557759000||421349||0.00075241
17:48||566330000||425111||0.00075241
17:49||568836000||429337||0.00075241
17:50||569196500||429337||0.00075241
17:51||563054500||429337||0.00075241
17:52||563531000||429470||0.00075241
17:53||563869000||429470||0.00075241
17:54||564301000||429470||0.00075241
17:55||560955500||429470||0.00075241
17:56||569245000||425111||0.00075241
17:57||569020500||425111||0.00075241
17:58||569206000||426994||0.00075241
17:59||568240000||428835||0.00075241
18:00||567756000||427002||0.00075241
18:01||567756000||427002||0.00075241
18:02||567756000||427002||0.00075241
18:03||567756000||427002||0.00075241
18:04||568006500||427745||0.00075241
18:05||569155500||429475||0.00075241
18:06||569122500||429475||0.00075241
18:07||569126000||429475||0.00075241
18:08||569093500||429475||0.00075241
18:09||569090000||427002||0.00075241
18:10||567996500||429375||0.00075241
18:11||569245500||429611||0.00075241
18:12||568730500||429611||0.00075241
18:13||567755500||428097||0.00075241
18:14||567511500||427001||0.00075241
18:15||567511500||427001||0.00075241
18:16||567511500||427001||0.00075241
18:17||567511500||427001||0.00075241
18:18||567511500||427001||0.00075241
18:19||567511500||427001||0.00075241
18:20||567511500||427001||0.00075241
18:21||567511500||427001||0.00075241
18:22||567511500||427001||0.00075241
18:23||567511500||427001||0.00075241
18:24||567511500||427001||0.00075241
18:25||567511500||427001||0.00075241
18:26||567511500||427000||0.00075241
18:27||567511500||427000||0.00075241
18:28||567511500||427000||0.00075241
18:29||567511500||427000||0.00075241
18:30||567511500||427000||0.00075241
18:31||567511500||427000||0.00075241
18:32||567511500||427001||0.00075241
18:33||567511500||427001||0.00075241
18:34||562030000||427000||0.00075241
18:35||562245500||418949||0.00075241
18:36||562940000||421349||0.00075241
18:37||562000000||422102||0.00075241
18:38||561000500||422102||0.00075241
18:39||561000500||422102||0.00075241
18:40||559358500||422102||0.00075241
18:41||559530000||422102||0.00075241
18:42||559530000||422102||0.00075241
18:43||559530000||422102||0.00075241
18:44||559530000||422102||0.00075241
18:45||559530000||422102||0.00075241
18:46||559530000||422102||0.00075241
18:47||559583000||422102||0.00075241
18:48||560999500||422102||0.00075241
18:49||560999500||422102||0.00075241
18:50||560999500||422102||0.00075241
18:51||560999500||422102||0.00075241
18:52||560999500||422102||0.00075241
18:53||560999500||422102||0.00075241
18:54||560999500||422102||0.00075241
18:55||560999500||422102||0.00075241
18:56||561000000||422102||0.00075241
18:57||562611000||422854||0.00075241
18:58||562611000||422854||0.00075241
18:59||563111000||424359||0.00075241
19:00||563111000||424359||0.00075241
19:01||563111000||424359||0.00075241
19:02||563111000||424359||0.00075241
19:03||564528000||424359||0.00075241
19:04||565506500||425111||0.00075241
19:05||565506500||425111||0.00075241
19:06||565499500||425487||0.00075241
19:07||565499500||425487||0.00075241
19:08||565499500||425487||0.00075241
19:09||565499500||425487||0.00075241
19:10||565499500||425487||0.00075241
19:11||565499500||425487||0.00075241
19:12||565499500||425487||0.00075241
19:13||565499500||425487||0.00075241
19:14||565499500||425487||0.00075241
19:15||561597000||425011||0.00075241
19:16||562482000||425011||0.00075241
19:17||562433500||425011||0.00075241
19:18||562433500||425011||0.00075241
19:19||562482000||425011||0.00075241
19:20||562482000||425011||0.00075241
19:21||562482000||425011||0.00075241
19:22||566628500||425864||0.00075241
19:23||566999500||425864||0.00075241
19:24||568096000||426616||0.00075241
19:25||568096000||426616||0.00075241
19:26||568490000||426761||0.00075241
19:27||568490000||427368||0.00075241
19:28||568500000||427368||0.00075241
19:29||568510000||427368||0.00075241
19:30||568510000||427368||0.00075241
19:31||568510000||428121||0.00075241
19:32||570564000||429619||0.00075241
19:33||570642000||429619||0.00075241
19:34||570905000||429619||0.00075241
19:35||571405000||429619||0.00075241
19:36||570050000||429619||0.00075241
19:37||569265500||429619||0.00075241
19:38||569657500||429619||0.00075241
19:39||571103500||431060||0.00075241
19:40||572906500||431060||0.00075241
19:41||572948000||431060||0.00075241
19:42||572907000||431060||0.00075241
19:43||571049500||428398||0.00075241
19:44||571001000||428398||0.00075241
19:45||571001500||428398||0.00075241
19:46||570968500||428398||0.00075241
19:47||570935500||428398||0.00075241
19:48||570980000||428398||0.00075241
19:49||568020500||428347||0.00075241
19:50||568020500||428347||0.00075241
19:51||568020500||427384||0.00075241
19:52||568020500||427384||0.00075241
19:53||567510500||427384||0.00075241
19:54||567510500||427384||0.00075241
19:55||567510500||426616||0.00075241
19:56||567510500||426616||0.00075241
19:57||567000500||426616||0.00075241
19:58||567000000||426616||0.00075241
19:59||566999500||426615||0.00075241
20:00||563723500||426615||0.00075241
20:01||563790000||426616||0.00075241
20:02||563854500||426616||0.00075241
20:03||564045000||426616||0.00075241
20:04||564163000||426616||0.00075241
20:05||566812500||426616||0.00075241
20:06||566911000||426616||0.00075241
20:07||566746000||426616||0.00075241
20:08||567189000||428743||0.00075241
20:09||565686500||428743||0.00075241
20:10||566316500||428743||0.00075241
20:11||566344000||428743||0.00075241
20:12||566344000||428743||0.00075241
20:13||566344000||428743||0.00075241
20:14||566496000||428743||0.00075241
20:15||566496000||425302||0.00075241
20:16||566495500||425302||0.00075241
20:17||566495500||425302||0.00075241
20:18||566495000||425302||0.00075241
20:19||566495000||425302||0.00075241
20:20||567686500||427133||0.00075241
20:21||567687000||427133||0.00075241
20:22||564901500||427133||0.00075241
20:23||567687500||427133||0.00075241
20:24||567687500||427133||0.00075241
20:25||567687500||427133||0.00075241
20:26||567687500||427134||0.00075241
20:27||567687500||427134||0.00075241
20:28||567687000||427134||0.00075241
20:29||569309000||429623||0.00075241
20:30||569309000||427133||0.00075241
20:31||569309000||427133||0.00075241
20:32||569342000||427133||0.00075241
20:33||569342000||427133||0.00075241
20:34||569342000||429623||0.00075241
20:35||571517500||429624||0.00075241
20:36||571517500||430301||0.00075241
20:37||571518500||430303||0.00075241
20:38||567025500||430303||0.00075241
20:39||567313000||430303||0.00075241
20:40||570344500||430303||0.00075241
20:41||570344500||430303||0.00075241
20:42||570344500||430303||0.00075241
20:43||571419000||430303||0.00075241
20:44||570944500||430303||0.00075241
20:45||569228000||430303||0.00075241
20:46||567299000||430303||0.00075241
20:47||567299000||430303||0.00075241
20:48||567303000||430303||0.00075241
20:49||568987500||430303||0.00075241
20:50||568987500||430303||0.00075241
20:51||569027000||429567||0.00075241
20:52||570500500||429567||0.00075241
20:53||570510500||429567||0.00075241
20:54||570500500||429567||0.00075241
20:55||570500500||429567||0.00075241
20:56||570490500||429611||0.00075241
20:57||570490500||429611||0.00075241
20:58||570490500||429611||0.00075241
20:59||570000500||429611||0.00075241
21:00||567801000||428873||0.00075241
21:01||567801000||428724||0.00075241
21:02||567801000||428724||0.00075241
21:03||567801000||428724||0.00075241
21:04||567801000||428724||0.00075241
21:05||567801000||428724||0.00075241
21:06||565800500||428724||0.00075241
21:07||565800500||428724||0.00075241
21:08||565800500||428724||0.00075241
21:09||565800500||428724||0.00075241
21:10||565800500||428724||0.00075241
21:11||565800500||428724||0.00075241
21:12||565800500||425714||0.00075241
21:13||565800500||425714||0.00075241
21:14||565800500||425714||0.00075241
21:15||565400500||423419||0.00075241
21:16||564306500||423419||0.00075241
21:17||564316000||423465||0.00075241
21:18||564346500||423465||0.00075241
21:19||564346500||423465||0.00075241
21:20||564346500||423465||0.00075241
21:21||565912000||425728||0.00075241
21:22||565912000||425728||0.00075241
21:23||565912000||425728||0.00075241
21:24||565912000||425728||0.00075241
21:25||565912000||425864||0.00075241
21:26||568012000||425864||0.00075241
21:27||568012000||425864||0.00075241
21:28||568011500||425864||0.00075241
21:29||568011500||428670||0.00075241
21:30||568011500||428670||0.00075241
21:31||566506000||428670||0.00075241
21:32||567500000||428622||0.00075241
21:33||567000500||428622||0.00075241
21:34||563857500||426616||0.00075241
21:35||562765500||423419||0.00075241
21:36||562344500||423419||0.00075241
21:37||562000500||422854||0.00075241
21:38||560618500||422854||0.00075241
21:39||560580500||421424||0.00075241
21:40||560514500||422147||0.00075241
21:41||560514500||422048||0.00075241
21:42||556411500||421349||0.00075241
21:43||555949000||420216||0.00075241
21:44||556000500||420216||0.00075241
21:45||556000500||420216||0.00075241
21:46||556000500||420216||0.00075241
21:47||556105000||420216||0.00075241
21:48||556003000||420216||0.00075241
21:49||558249000||416464||0.00075241
21:50||557749000||416464||0.00075241
21:51||557815000||420296||0.00075241
21:52||557815000||420296||0.00075241
21:53||557815000||420296||0.00075241
21:54||557815000||420296||0.00075241
21:55||557815000||420296||0.00075241
21:56||560926000||425097||0.00075241
21:57||560926000||425097||0.00075241
21:58||559771500||424356||0.00075241
21:59||562427500||424356||0.00075241
22:00||559729000||423118||0.00075241
22:01||561175500||423118||0.00075241
22:02||561175500||423118||0.00075241
22:03||561175500||423118||0.00075241
22:04||561175500||423118||0.00075241
22:05||561199000||423118||0.00075241
22:06||561175500||423118||0.00075241
22:07||561175500||423118||0.00075241
22:08||561151500||423118||0.00075241
22:09||556873500||421349||0.00075241
22:10||556814000||421181||0.00075241
22:11||556814500||421181||0.00075241
22:12||556717500||421181||0.00075241
22:13||556717000||421181||0.00075241
22:14||553851500||421181||0.00075241
22:15||553851500||416723||0.00075241
22:16||553285000||416723||0.00075241
22:17||553285000||415956||0.00075241
22:18||552394000||414615||0.00075241
22:19||551761000||414615||0.00075241
22:20||551285000||414615||0.00075241
22:21||554199500||419099||0.00075241
22:22||554500500||419099||0.00075241
22:23||554500500||419099||0.00075241
22:24||554500500||419099||0.00075241
22:25||554500500||419099||0.00075241
22:26||554500500||419099||0.00075241
22:27||554500500||417211||0.00075241
22:28||554335000||419098||0.00075241
22:29||554520000||416489||0.00075241
22:30||554540000||417963||0.00075241
22:31||555499500||417963||0.00075241
22:32||557459500||419099||0.00075241
22:33||557526000||419099||0.00075241
22:34||557526000||419099||0.00075241
22:35||558210000||420913||0.00075241
22:36||558210000||420913||0.00075241
22:37||558210000||420913||0.00075241
22:38||558210000||420913||0.00075241
22:39||557490000||420913||0.00075241
22:40||566182000||425235||0.00075241
22:41||569498000||430232||0.00075241
22:42||569497500||430232||0.00075241
22:43||568677000||430232||0.00075241
22:44||568999500||427635||0.00075241
22:45||570673000||430232||0.00075241
22:46||571748500||430232||0.00075241
22:47||570506000||430179||0.00075241
22:48||570506000||430179||0.00075241
22:49||562662500||428497||0.00075241
22:50||561167500||427186||0.00075241
22:51||561061000||427186||0.00075241
22:52||561166000||426080||0.00075241
22:53||561269000||426080||0.00075241
22:54||561165500||426080||0.00075241
22:55||563101000||425924||0.00075241
22:56||563101000||425924||0.00075241
22:57||563101000||425924||0.00075241
22:58||563101000||425924||0.00075241
22:59||563101000||425924||0.00075241
23:00||563101000||425924||0.00075241
23:01||563101000||425924||0.00075241
23:02||563311000||425924||0.00075241
23:03||563311000||425924||0.00075241
23:04||563247000||425924||0.00075241
23:05||563247000||425924||0.00075241
23:06||563002000||426143||0.00075241
23:07||558036000||421441||0.00075241
23:08||561022500||418401||0.00075241
23:09||559620000||418401||0.00075241
23:10||559552500||418401||0.00075241
23:11||559620000||418401||0.00075241
23:12||559620000||418401||0.00075241
23:13||564032500||423606||0.00075241
23:14||564032500||423606||0.00075241
23:15||560486000||423648||0.00075241
23:16||558090000||423648||0.00075241
23:17||558090000||423648||0.00075241
23:18||558090000||423648||0.00075241
23:19||562648000||421349||0.00075241
23:20||561713500||421349||0.00075241
23:21||561713500||421349||0.00075241
23:22||561713500||421349||0.00075241
23:23||561713500||421349||0.00075241
23:24||561713500||421349||0.00075241
23:25||561713500||421349||0.00075241
23:26||561713500||421349||0.00075241
23:27||561713500||421349||0.00075241
23:28||561713500||421349||0.00075241
23:29||563988000||423618||0.00075241
23:30||563988000||423618||0.00075241
23:31||567641000||425119||0.00075241
23:32||567723000||425119||0.00075241
23:33||567723000||425119||0.00075241
23:34||567723000||425119||0.00075241
23:35||567723000||425517||0.00075241
23:36||567723000||425517||0.00075241
23:37||567723000||425517||0.00075241
23:38||567723000||425517||0.00075241
23:39||567678500||425517||0.00075241
23:40||567678500||425517||0.00075241
23:41||567678500||425517||0.00075241
23:42||567723000||425517||0.00075241
23:43||567723000||428803||0.00075241
23:44||567767000||428803||0.00075241
23:45||567894500||428803||0.00075241
23:46||567894500||428803||0.00075241
23:47||567894500||428803||0.00075241
23:48||567894500||428803||0.00075241
23:49||567903500||428803||0.00075241
23:50||567903500||428803||0.00075241
23:51||567903500||428803||0.00075241
23:52||567903500||428803||0.00075241
23:53||567419000||428803||0.00075241
23:54||567388000||428803||0.00075241
23:55||567357500||428803||0.00075241
23:56||567298500||428803||0.00075241
23:57||567270000||427893||0.00075241
23:58||567241000||427893||0.00075241
23:59||567241000||427893||0.00075241
