00:00||496650000||374021||0.00075241
00:01||496702000||374023||0.00075241
00:02||496751000||374098||0.00075241
00:03||496746000||373422||0.00075241
00:04||496691500||374081||0.00075241
00:05||496702500||374098||0.00075241
00:06||496751000||374098||0.00075241
00:07||496750000||373422||0.00075241
00:08||496850000||373573||0.00075241
00:09||496850000||373573||0.00075241
00:10||497300000||374248||0.00075241
00:11||497298000||374248||0.00075241
00:12||496904500||374173||0.00075241
00:13||496901000||374173||0.00075241
00:14||496901000||373347||0.00075241
00:15||496900000||373347||0.00075241
00:16||496901000||374173||0.00075241
00:17||496851000||374173||0.00075241
00:18||496851000||374098||0.00075241
00:19||496650000||373347||0.00075241
00:20||496201000||373347||0.00075241
00:21||496599500||373347||0.00075241
00:22||496600500||373947||0.00075241
00:23||496908000||373582||0.00075241
00:24||497092000||373582||0.00075241
00:25||497268000||374323||0.00075241
00:26||497250000||374013||0.00075241
00:27||497250000||374323||0.00075241
00:28||497010000||374323||0.00075241
00:29||497010000||374323||0.00075241
00:30||497057000||374323||0.00075241
00:31||497007000||374173||0.00075241
00:32||497150000||374173||0.00075241
00:33||496850000||374173||0.00075241
00:34||496857000||374098||0.00075241
00:35||496857000||374098||0.00075241
00:36||496807000||374023||0.00075241
00:37||497199500||374023||0.00075241
00:38||497299500||374323||0.00075241
00:39||497399500||374022||0.00075241
00:40||497399500||374474||0.00075241
00:41||497549000||374699||0.00075241
00:42||497549000||374699||0.00075241
00:43||499592500||376205||0.00075241
00:44||499999500||376205||0.00075241
00:45||499999500||376204||0.00075241
00:46||498579000||376205||0.00075241
00:47||498579000||376205||0.00075241
00:48||498774500||376204||0.00075241
00:49||499509500||376204||0.00075241
00:50||499499500||376204||0.00075241
00:51||499250000||375828||0.00075241
00:52||499000500||375453||0.00075241
00:53||498250500||374323||0.00075241
00:54||498281000||374323||0.00075241
00:55||498532000||375453||0.00075241
00:56||498998500||375453||0.00075241
00:57||498750500||374700||0.00075241
00:58||498750500||375453||0.00075241
00:59||498751500||375453||0.00075241
01:00||498751500||375453||0.00075241
01:01||499000500||375453||0.00075241
01:02||499000500||375453||0.00075241
01:03||499000500||375453||0.00075241
01:04||499000500||375453||0.00075241
01:05||499000500||375453||0.00075241
01:06||498222500||375452||0.00075241
01:07||497249500||374324||0.00075241
01:08||497000500||373572||0.00075241
01:09||497265500||374322||0.00075241
01:10||497260500||374248||0.00075241
01:11||497286500||374248||0.00075241
01:12||497250000||373947||0.00075241
01:13||497201000||374248||0.00075241
01:14||497151000||374248||0.00075241
01:15||496901500||374173||0.00075241
01:16||496851500||374173||0.00075241
01:17||497101000||374098||0.00075241
01:18||497101000||374098||0.00075241
01:19||497051000||374098||0.00075241
01:20||496801500||374098||0.00075241
01:21||496800500||373572||0.00075241
01:22||496750500||373946||0.00075241
01:23||496751500||373573||0.00075241
01:24||496752500||373947||0.00075241
01:25||496752500||373947||0.00075241
01:26||496752500||373575||0.00075241
01:27||496753500||373947||0.00075241
01:28||496753000||373947||0.00075241
01:29||496754000||373947||0.00075241
01:30||496754000||373577||0.00075241
01:31||496754500||373577||0.00075241
01:32||496754500||373577||0.00075241
01:33||496754500||373579||0.00075241
01:34||496754500||373579||0.00075241
01:35||496754500||373579||0.00075241
01:36||497504500||374700||0.00075241
01:37||497750000||373947||0.00075241
01:38||497750000||375076||0.00075241
01:39||497781500||375076||0.00075241
01:40||498010000||375076||0.00075241
01:41||498082000||374402||0.00075241
01:42||498113000||375001||0.00075241
01:43||498355000||375001||0.00075241
01:44||498355000||375226||0.00075241
01:45||498355000||375226||0.00075241
01:46||498405000||375226||0.00075241
01:47||498405000||375226||0.00075241
01:48||498255000||375226||0.00075241
01:49||498255000||375076||0.00075241
01:50||498255000||375076||0.00075241
01:51||497899000||375226||0.00075241
01:52||497900000||375226||0.00075241
01:53||498100000||375226||0.00075241
01:54||498100000||375226||0.00075241
01:55||498100000||375226||0.00075241
01:56||498100000||375226||0.00075241
01:57||498100000||374323||0.00075241
01:58||498100000||375226||0.00075241
01:59||498000000||375226||0.00075241
02:00||497101000||374024||0.00075241
02:01||496806500||374023||0.00075241
02:02||496553500||374700||0.00075241
02:03||496740000||374700||0.00075241
02:04||496505000||374700||0.00075241
02:05||496755000||374323||0.00075241
02:06||496755000||374323||0.00075241
02:07||496755000||374323||0.00075241
02:08||497098000||373202||0.00075241
02:09||497100000||374474||0.00075241
02:10||497100000||374474||0.00075241
02:11||497150000||374474||0.00075241
02:12||497150000||374549||0.00075241
02:13||497150000||374549||0.00075241
02:14||497150000||373571||0.00075241
02:15||497088000||373571||0.00075241
02:16||496941000||373571||0.00075241
02:17||496500000||373571||0.00075241
02:18||496455000||373202||0.00075241
02:19||496705500||373203||0.00075241
02:20||496755500||373203||0.00075241
02:21||496756000||373204||0.00075241
02:22||496756000||373204||0.00075241
02:23||496756500||373205||0.00075241
02:24||496254500||374323||0.00075241
02:25||496254500||374323||0.00075241
02:26||496256500||374323||0.00075241
02:27||496495500||373568||0.00075241
02:28||496495500||373568||0.00075241
02:29||496495500||373568||0.00075241
02:30||496948000||373568||0.00075241
02:31||496947500||373568||0.00075241
02:32||497097500||374474||0.00075241
02:33||497183500||374474||0.00075241
02:34||496987500||374474||0.00075241
02:35||497000000||374474||0.00075241
02:36||497100000||374474||0.00075241
02:37||497100000||374474||0.00075241
02:38||497100000||373571||0.00075241
02:39||497150000||373571||0.00075241
02:40||497250000||373571||0.00075241
02:41||497250000||374700||0.00075241
02:42||497250000||373571||0.00075241
02:43||497250000||374700||0.00075241
02:44||497152500||374700||0.00075241
02:45||497261000||374700||0.00075241
02:46||497510000||374700||0.00075241
02:47||497294000||374463||0.00075241
02:48||497250000||374390||0.00075241
02:49||497401000||374390||0.00075241
02:50||497501000||374390||0.00075241
02:51||497501000||374700||0.00075241
02:52||498008500||374700||0.00075241
02:53||498255500||374700||0.00075241
02:54||499051000||374700||0.00075241
02:55||498196500||374700||0.00075241
02:56||498423000||375678||0.00075241
02:57||498477000||374573||0.00075241
02:58||498532000||374573||0.00075241
02:59||498532000||374573||0.00075241
03:00||498532000||374573||0.00075241
03:01||498513000||375452||0.00075241
03:02||498310500||374734||0.00075241
03:03||497653500||374734||0.00075241
03:04||497553500||374734||0.00075241
03:05||497503500||374734||0.00075241
03:06||497754000||374698||0.00075241
03:07||497776500||374698||0.00075241
03:08||497826000||374698||0.00075241
03:09||497864000||374698||0.00075241
03:10||497897500||374698||0.00075241
03:11||498090000||374924||0.00075241
03:12||498127500||374924||0.00075241
03:13||498156000||374924||0.00075241
03:14||498182000||374924||0.00075241
03:15||498182000||374924||0.00075241
03:16||498533000||375452||0.00075241
03:17||498255500||375452||0.00075241
03:18||498542000||375452||0.00075241
03:19||498895000||375452||0.00075241
03:20||498993000||375828||0.00075241
03:21||499066500||375828||0.00075241
03:22||498750000||374700||0.00075241
03:23||498751000||375828||0.00075241
03:24||498826500||375828||0.00075241
03:25||499021000||375828||0.00075241
03:26||499090500||375123||0.00075241
03:27||499159000||375123||0.00075241
03:28||499218500||375123||0.00075241
03:29||499168500||375828||0.00075241
03:30||499168500||375828||0.00075241
03:31||499118500||375828||0.00075241
03:32||499068500||375828||0.00075241
03:33||498937500||375828||0.00075241
03:34||498937500||375828||0.00075241
03:35||497993000||375828||0.00075241
03:36||497993000||373983||0.00075241
03:37||497974000||373983||0.00075241
03:38||497759500||373983||0.00075241
03:39||497674000||373983||0.00075241
03:40||497674000||373983||0.00075241
03:41||497674000||373983||0.00075241
03:42||497674000||374925||0.00075241
03:43||497674000||374925||0.00075241
03:44||497674000||373983||0.00075241
03:45||497514500||373983||0.00075241
03:46||497465500||373983||0.00075241
03:47||497142500||374538||0.00075241
03:48||496990000||374538||0.00075241
03:49||496900000||374173||0.00075241
03:50||496900000||374173||0.00075241
03:51||496900000||374173||0.00075241
03:52||496900000||374173||0.00075241
03:53||496900000||374173||0.00075241
03:54||496900000||374173||0.00075241
03:55||496900000||374173||0.00075241
03:56||496900000||374173||0.00075241
03:57||496900000||374173||0.00075241
03:58||496900000||374173||0.00075241
03:59||496900000||374173||0.00075241
04:00||496900000||374173||0.00075241
04:01||496908000||374173||0.00075241
04:02||496908000||374173||0.00075241
04:03||496908000||374173||0.00075241
04:04||496908000||373583||0.00075241
04:05||496908000||373583||0.00075241
04:06||496908000||373583||0.00075241
04:07||497008000||374323||0.00075241
04:08||497258000||374323||0.00075241
04:09||497510000||374323||0.00075241
04:10||497510000||374323||0.00075241
04:11||497755000||374323||0.00075241
04:12||497755000||374700||0.00075241
04:13||497999500||374700||0.00075241
04:14||497999500||374700||0.00075241
04:15||497999500||374700||0.00075241
04:16||497999500||374700||0.00075241
04:17||497999500||374700||0.00075241
04:18||498249500||375076||0.00075241
04:19||498255000||375076||0.00075241
04:20||498505000||375452||0.00075241
04:21||498505000||375452||0.00075241
04:22||498505000||375452||0.00075241
04:23||498505000||374707||0.00075241
04:24||498010500||374707||0.00075241
04:25||498010500||374707||0.00075241
04:26||498010500||374707||0.00075241
04:27||498010500||374707||0.00075241
04:28||498010500||374707||0.00075241
04:29||498010500||374708||0.00075241
04:30||498010500||374708||0.00075241
04:31||498505000||374708||0.00075241
04:32||498499500||374708||0.00075241
04:33||498499500||374708||0.00075241
04:34||498807000||375162||0.00075241
04:35||498807000||375162||0.00075241
04:36||498807000||375162||0.00075241
04:37||498749500||375162||0.00075241
04:38||498749500||375162||0.00075241
04:39||498749500||375162||0.00075241
04:40||498749500||375162||0.00075241
04:41||498749500||375162||0.00075241
04:42||498749500||375162||0.00075241
04:43||498749500||375452||0.00075241
04:44||498749500||375452||0.00075241
04:45||498750000||375452||0.00075241
04:46||498755000||375452||0.00075241
04:47||498755000||375452||0.00075241
04:48||498755000||375452||0.00075241
04:49||498755000||375083||0.00075241
04:50||498755000||375083||0.00075241
04:51||499250000||375452||0.00075241
04:52||499250000||375452||0.00075241
04:53||499250000||375452||0.00075241
04:54||498999500||375452||0.00075241
04:55||498749500||375452||0.00075241
04:56||498744500||375452||0.00075241
04:57||497224500||374699||0.00075241
04:58||496990500||374699||0.00075241
04:59||496745500||374699||0.00075241
05:00||496501500||373940||0.00075241
05:01||496745500||373940||0.00075241
05:02||496501500||373940||0.00075241
05:03||496687000||373196||0.00075241
05:04||496501000||373196||0.00075241
05:05||496501000||373196||0.00075241
05:06||496491000||373196||0.00075241
05:07||496246000||373196||0.00075241
05:08||496246000||373932||0.00075241
05:09||496251000||373196||0.00075241
05:10||496501500||373196||0.00075241
05:11||496501500||373196||0.00075241
05:12||496501500||373196||0.00075241
05:13||496502000||373196||0.00075241
05:14||496502000||373196||0.00075241
05:15||496492000||373196||0.00075241
05:16||496252000||373196||0.00075241
05:17||496007000||373196||0.00075241
05:18||496252000||373196||0.00075241
05:19||496202000||373196||0.00075241
05:20||496702500||373416||0.00075241
05:21||496502500||373416||0.00075241
05:22||496502500||373416||0.00075241
05:23||496502500||373416||0.00075241
05:24||496502500||373416||0.00075241
05:25||496502500||373416||0.00075241
05:26||496502500||373416||0.00075241
05:27||496502500||373199||0.00075241
05:28||496502500||373199||0.00075241
05:29||496502500||373199||0.00075241
05:30||496502500||373947||0.00075241
05:31||496502500||373947||0.00075241
05:32||496502500||373947||0.00075241
05:33||496502500||373947||0.00075241
05:34||496502500||373199||0.00075241
05:35||496503000||373199||0.00075241
05:36||496503000||373199||0.00075241
05:37||496503000||373199||0.00075241
05:38||496502500||373199||0.00075241
05:39||496502500||373947||0.00075241
05:40||496502500||373947||0.00075241
05:41||496502500||373947||0.00075241
05:42||496502500||373947||0.00075241
05:43||496502500||373947||0.00075241
05:44||496501000||373196||0.00075241
05:45||496501000||373196||0.00075241
05:46||496501000||373196||0.00075241
05:47||496501000||373196||0.00075241
05:48||496251000||373196||0.00075241
05:49||496251000||373571||0.00075241
05:50||496251000||373571||0.00075241
05:51||496251000||373571||0.00075241
05:52||496251000||373571||0.00075241
05:53||496251000||373571||0.00075241
05:54||496251000||373571||0.00075241
05:55||496251000||373571||0.00075241
05:56||496251000||373571||0.00075241
05:57||496251000||373571||0.00075241
05:58||496251000||373571||0.00075241
05:59||496251000||373571||0.00075241
06:00||496251000||373571||0.00075241
06:01||496251000||373571||0.00075241
06:02||496251000||373571||0.00075241
06:03||496251000||373571||0.00075241
06:04||496250500||373571||0.00075241
06:05||496250500||373570||0.00075241
06:06||496250500||373570||0.00075241
06:07||496250500||373570||0.00075241
06:08||496250500||373570||0.00075241
06:09||496250500||373570||0.00075241
06:10||496250500||373570||0.00075241
06:11||496250500||373570||0.00075241
06:12||496250500||373570||0.00075241
06:13||496250500||373196||0.00075241
06:14||496250500||373196||0.00075241
06:15||496005500||372828||0.00075241
06:16||496005500||372828||0.00075241
06:17||496005500||372828||0.00075241
06:18||496005500||372828||0.00075241
06:19||496005500||372828||0.00075241
06:20||496005500||372828||0.00075241
06:21||496005500||373570||0.00075241
06:22||496005500||373570||0.00075241
06:23||496005500||373570||0.00075241
06:24||496005500||373570||0.00075241
06:25||496006000||373571||0.00075241
06:26||496006000||373571||0.00075241
06:27||496006000||373571||0.00075241
06:28||496006000||373571||0.00075241
06:29||496006000||373571||0.00075241
06:30||496006000||373571||0.00075241
06:31||496006000||372828||0.00075241
06:32||496006000||373571||0.00075241
06:33||496006000||373571||0.00075241
06:34||496016000||373571||0.00075241
06:35||496016000||373571||0.00075241
06:36||496016000||373571||0.00075241
06:37||496016000||373571||0.00075241
06:38||496885500||373571||0.00075241
06:39||496885500||374098||0.00075241
06:40||496885500||374098||0.00075241
06:41||496885500||373624||0.00075241
06:42||496885500||373624||0.00075241
06:43||496885500||373624||0.00075241
06:44||496885500||374098||0.00075241
06:45||496885500||374098||0.00075241
06:46||496885500||374098||0.00075241
06:47||496885500||374098||0.00075241
06:48||496885000||374098||0.00075241
06:49||497258000||374098||0.00075241
06:50||497258000||374098||0.00075241
06:51||497353000||374173||0.00075241
06:52||497353000||374178||0.00075241
06:53||497353000||374178||0.00075241
06:54||497913000||374549||0.00075241
06:55||497913000||374569||0.00075241
06:56||497913000||374700||0.00075241
06:57||497913000||374700||0.00075241
06:58||497913000||374700||0.00075241
06:59||497913000||374700||0.00075241
07:00||497913000||374700||0.00075241
07:01||496782000||374700||0.00075241
07:02||496782000||374700||0.00075241
07:03||496782000||372867||0.00075241
07:04||496782000||372867||0.00075241
07:05||496782000||372867||0.00075241
07:06||496782000||372867||0.00075241
07:07||496782000||372867||0.00075241
07:08||496782000||374700||0.00075241
07:09||496782000||374700||0.00075241
07:10||496782000||374700||0.00075241
07:11||496782000||374700||0.00075241
07:12||496782000||374700||0.00075241
07:13||496782000||374700||0.00075241
07:14||496500000||373947||0.00075241
07:15||496999500||373947||0.00075241
07:16||496999500||373947||0.00075241
07:17||497499500||374700||0.00075241
07:18||497499500||374700||0.00075241
07:19||497499500||374700||0.00075241
07:20||497499500||374700||0.00075241
07:21||498320500||374700||0.00075241
07:22||498658500||375302||0.00075241
07:23||497917500||375302||0.00075241
07:24||498499500||375302||0.00075241
07:25||498499500||375075||0.00075241
07:26||498499500||375075||0.00075241
07:27||498499500||375076||0.00075241
07:28||498499500||375076||0.00075241
07:29||498499500||375076||0.00075241
07:30||498499500||375076||0.00075241
07:31||498499500||375076||0.00075241
07:32||498499500||375076||0.00075241
07:33||498499500||375076||0.00075241
07:34||498499500||375075||0.00075241
07:35||498499500||375075||0.00075241
07:36||498499500||375075||0.00075241
07:37||498499500||375075||0.00075241
07:38||498499500||375075||0.00075241
07:39||498499500||375075||0.00075241
07:40||498499500||375075||0.00075241
07:41||497520000||373571||0.00075241
07:42||497520000||375076||0.00075241
07:43||497520000||373601||0.00075241
07:44||497520000||373601||0.00075241
07:45||497420000||373601||0.00075241
07:46||497292500||374700||0.00075241
07:47||497292500||373635||0.00075241
07:48||497307000||374700||0.00075241
07:49||497307000||374700||0.00075241
07:50||497307000||373657||0.00075241
07:51||497307000||374700||0.00075241
07:52||497307000||373657||0.00075241
07:53||497307000||373657||0.00075241
07:54||497307000||374700||0.00075241
07:55||497336500||374700||0.00075241
07:56||497393000||374700||0.00075241
07:57||497393000||374700||0.00075241
07:58||497343000||374700||0.00075241
07:59||496716000||373786||0.00075241
08:00||496717000||373786||0.00075241
08:01||496717000||373786||0.00075241
08:02||496785500||373786||0.00075241
08:03||497044000||374173||0.00075241
08:04||497043500||373788||0.00075241
08:05||496994000||373788||0.00075241
08:06||496994000||373788||0.00075241
08:07||496994000||373788||0.00075241
08:08||496994000||373788||0.00075241
08:09||496944000||374023||0.00075241
08:10||496944000||374023||0.00075241
08:11||496944000||374023||0.00075241
08:12||496893500||373788||0.00075241
08:13||496947000||373788||0.00075241
08:14||496998500||373788||0.00075241
08:15||496998500||373788||0.00075241
08:16||496998500||373947||0.00075241
08:17||496998500||373947||0.00075241
08:18||496998500||373947||0.00075241
08:19||496998500||373947||0.00075241
08:20||496998500||373946||0.00075241
08:21||496998500||373947||0.00075241
08:22||496998500||373947||0.00075241
08:23||496998500||373789||0.00075241
08:24||496844500||373789||0.00075241
08:25||496844500||373872||0.00075241
08:26||496789500||373872||0.00075241
08:27||496789500||373788||0.00075241
08:28||496789500||373788||0.00075241
08:29||496789500||373788||0.00075241
08:30||496789500||373789||0.00075241
08:31||496789500||373789||0.00075241
08:32||496789500||373789||0.00075241
08:33||496789500||373789||0.00075241
08:34||496789500||373789||0.00075241
08:35||496789500||373789||0.00075241
08:36||496789500||373789||0.00075241
08:37||496789500||373789||0.00075241
08:38||496789500||373789||0.00075241
08:39||496789500||373789||0.00075241
08:40||496789500||373789||0.00075241
08:41||496789500||373789||0.00075241
08:42||496789500||373789||0.00075241
08:43||496789500||373789||0.00075241
08:44||496789500||373789||0.00075241
08:45||496789500||373789||0.00075241
08:46||496789500||373789||0.00075241
08:47||496789500||373789||0.00075241
08:48||496789500||373789||0.00075241
08:49||496789500||373789||0.00075241
08:50||496789500||373789||0.00075241
08:51||496789500||373789||0.00075241
08:52||496789500||373789||0.00075241
08:53||496789500||373789||0.00075241
08:54||496994000||374097||0.00075241
08:55||496944500||374097||0.00075241
08:56||496944500||374023||0.00075241
08:57||496944500||374023||0.00075241
08:58||496944500||374023||0.00075241
08:59||496944500||374023||0.00075241
09:00||496944500||373789||0.00075241
09:01||496944500||374023||0.00075241
09:02||496894500||374023||0.00075241
09:03||496894500||374023||0.00075241
09:04||496894500||373947||0.00075241
09:05||496894500||373947||0.00075241
09:06||496894500||373789||0.00075241
09:07||496894500||373947||0.00075241
09:08||496894500||373947||0.00075241
09:09||496993500||373947||0.00075241
09:10||496789500||373947||0.00075241
09:11||496789500||373947||0.00075241
09:12||496789500||373947||0.00075241
09:13||496789500||373947||0.00075241
09:14||496789500||373947||0.00075241
09:15||496789500||373789||0.00075241
09:16||496789500||373789||0.00075241
09:17||496789500||373789||0.00075241
09:18||496789500||373789||0.00075241
09:19||496789500||373789||0.00075241
09:20||496789500||373789||0.00075241
09:21||496789500||373789||0.00075241
09:22||496894500||373947||0.00075241
09:23||496894500||373947||0.00075241
09:24||497098500||374095||0.00075241
09:25||497098500||374095||0.00075241
09:26||496895000||373947||0.00075241
09:27||496994000||374095||0.00075241
09:28||496994000||374095||0.00075241
09:29||496994000||374095||0.00075241
09:30||496995000||374095||0.00075241
09:31||496996000||374095||0.00075241
09:32||497399500||374248||0.00075241
09:33||497399500||374248||0.00075241
09:34||497399500||374248||0.00075241
09:35||497399500||374248||0.00075241
09:36||497097000||374248||0.00075241
09:37||497147000||373842||0.00075241
09:38||497208500||374241||0.00075241
09:39||497243000||374241||0.00075241
09:40||497272500||374241||0.00075241
09:41||497295000||374241||0.00075241
09:42||497318000||374126||0.00075241
09:43||497334000||374154||0.00075241
09:44||497352000||374184||0.00075241
09:45||497362500||374240||0.00075241
09:46||497388500||374202||0.00075241
09:47||497388500||374240||0.00075241
09:48||497195000||373948||0.00075241
09:49||497250500||374025||0.00075241
09:50||497397500||374025||0.00075241
09:51||497447000||374321||0.00075241
09:52||497447000||374321||0.00075241
09:53||497548000||374246||0.00075241
09:54||497498500||374246||0.00075241
09:55||497498500||374323||0.00075241
09:56||497498500||374323||0.00075241
09:57||497498500||374323||0.00075241
09:58||497498500||374323||0.00075241
09:59||497498500||374322||0.00075241
10:00||497498500||374322||0.00075241
10:01||497498500||374322||0.00075241
10:02||497498500||374323||0.00075241
10:03||497398500||374323||0.00075241
10:04||497397500||374247||0.00075241
10:05||497397500||374247||0.00075241
10:06||497397500||374247||0.00075241
10:07||497397500||374247||0.00075241
10:08||497397500||374247||0.00075241
10:09||497397500||374247||0.00075241
10:10||497397500||374247||0.00075241
10:11||497498500||374322||0.00075241
10:12||497498500||374322||0.00075241
10:13||497498500||374323||0.00075241
10:14||497498500||374323||0.00075241
10:15||497498500||374322||0.00075241
10:16||497498500||374323||0.00075241
10:17||497652000||374399||0.00075241
10:18||497861000||374474||0.00075241
10:19||498110500||375075||0.00075241
10:20||498498500||375075||0.00075241
10:21||498498500||375075||0.00075241
10:22||498499000||375076||0.00075241
10:23||498499000||375074||0.00075241
10:24||498498500||375074||0.00075241
10:25||498499000||375151||0.00075241
10:26||498549000||375151||0.00075241
10:27||498499000||375151||0.00075241
10:28||498499000||375076||0.00075241
10:29||498499500||375076||0.00075241
10:30||498499500||375076||0.00075241
10:31||498702000||375302||0.00075241
10:32||498504500||375080||0.00075241
10:33||498504500||375080||0.00075241
10:34||498504500||375080||0.00075241
10:35||498504500||375080||0.00075241
10:36||498504500||375079||0.00075241
10:37||498504500||375079||0.00075241
10:38||498504500||375080||0.00075241
10:39||498504500||375080||0.00075241
10:40||498951000||375377||0.00075241
10:41||499153000||375678||0.00075241
10:42||499103000||375457||0.00075241
10:43||498760000||375393||0.00075241
10:44||498760000||375393||0.00075241
10:45||498750000||375393||0.00075241
10:46||498725000||375339||0.00075241
10:47||498600500||375152||0.00075241
10:48||498600500||375151||0.00075241
10:49||498600500||375152||0.00075241
10:50||498600500||375152||0.00075241
10:51||498600500||375152||0.00075241
10:52||498600500||375151||0.00075241
10:53||498600500||375152||0.00075241
10:54||498500500||375077||0.00075241
10:55||498140000||374534||0.00075241
10:56||498090000||375001||0.00075241
10:57||498096000||375001||0.00075241
10:58||498254500||375001||0.00075241
10:59||498254500||374706||0.00075241
11:00||498254500||375077||0.00075241
11:01||498254500||375077||0.00075241
11:02||498254500||375077||0.00075241
11:03||498303500||374706||0.00075241
11:04||498304000||375151||0.00075241
11:05||498311000||374706||0.00075241
11:06||498599500||374706||0.00075241
11:07||498599500||375150||0.00075241
11:08||498599500||375151||0.00075241
11:09||498753000||375156||0.00075241
11:10||498753000||375377||0.00075241
11:11||498753000||375377||0.00075241
11:12||498753000||375377||0.00075241
11:13||498803000||375452||0.00075241
11:14||498803000||375156||0.00075241
11:15||498803000||375452||0.00075241
11:16||498803000||375452||0.00075241
11:17||498803000||375452||0.00075241
11:18||498803000||375452||0.00075241
11:19||498803000||375452||0.00075241
11:20||498853000||375527||0.00075241
11:21||498653000||375527||0.00075241
11:22||498699500||375226||0.00075241
11:23||498699500||375226||0.00075241
11:24||498699500||375226||0.00075241
11:25||498999500||375226||0.00075241
11:26||499049500||375452||0.00075241
11:27||499099000||375602||0.00075241
11:28||499098500||375602||0.00075241
11:29||498999500||375451||0.00075241
11:30||498999500||375452||0.00075241
11:31||498999500||375452||0.00075241
11:32||498999500||375451||0.00075241
11:33||498999500||375452||0.00075241
11:34||498999500||375452||0.00075241
11:35||498999500||375451||0.00075241
11:36||499098500||375452||0.00075241
11:37||499098500||375451||0.00075241
11:38||499118000||375601||0.00075241
11:39||499197500||375601||0.00075241
11:40||499197500||375600||0.00075241
11:41||499197500||375600||0.00075241
11:42||499197500||375601||0.00075241
11:43||499197500||375601||0.00075241
11:44||499197500||375601||0.00075241
11:45||499197500||375601||0.00075241
11:46||499363500||375603||0.00075241
11:47||499346000||375623||0.00075241
11:48||499299500||375623||0.00075241
11:49||499299500||375677||0.00075241
11:50||499299500||375678||0.00075241
11:51||499299500||375678||0.00075241
11:52||499299500||375678||0.00075241
11:53||499299500||375677||0.00075241
11:54||500251000||376581||0.00075241
11:55||499022000||376206||0.00075241
11:56||499751000||376206||0.00075241
11:57||499499500||376204||0.00075241
11:58||499499500||376202||0.00075241
11:59||499550500||376202||0.00075241
12:00||499550000||376201||0.00075241
12:01||499550000||376201||0.00075241
12:02||499451000||376128||0.00075241
12:03||499406000||376054||0.00075241
12:04||499257000||375979||0.00075241
12:05||499258500||375466||0.00075241
12:06||499018000||375466||0.00075241
12:07||499210000||375753||0.00075241
12:08||499020500||375468||0.00075241
12:09||499210000||375467||0.00075241
12:10||499210000||375753||0.00075241
12:11||499219000||375753||0.00075241
12:12||499215000||375752||0.00075241
12:13||499220000||375482||0.00075241
12:14||499225000||375482||0.00075241
12:15||499225000||375753||0.00075241
12:16||499225000||375753||0.00075241
12:17||499172500||375678||0.00075241
12:18||499157500||375674||0.00075241
12:19||499156000||375674||0.00075241
12:20||499017500||375465||0.00075241
12:21||499017500||375465||0.00075241
12:22||499017500||375466||0.00075241
12:23||499258000||375828||0.00075241
12:24||499258000||375828||0.00075241
12:25||499258500||375472||0.00075241
12:26||499258500||375472||0.00075241
12:27||499258500||375472||0.00075241
12:28||499260000||375472||0.00075241
12:29||499305000||375821||0.00075241
12:30||499305000||375813||0.00075241
12:31||499305000||375813||0.00075241
12:32||499215000||375550||0.00075241
12:33||499215000||375678||0.00075241
12:34||499130500||375678||0.00075241
12:35||499219500||375551||0.00075241
12:36||499559500||376189||0.00075241
12:37||499979500||375557||0.00075241
12:38||499979500||376189||0.00075241
12:39||499979500||376189||0.00075241
12:40||500255000||376205||0.00075241
12:41||500499500||376205||0.00075241
12:42||501252500||376957||0.00075241
12:43||503354500||377540||0.00075241
12:44||504937000||379538||0.00075241
12:45||502509000||379921||0.00075241
12:46||505955500||381401||0.00075241
12:47||506244000||381373||0.00075241
12:48||506181500||380472||0.00075241
12:49||506109000||381208||0.00075241
12:50||506054500||381140||0.00075241
12:51||503238000||381038||0.00075241
12:52||504430000||377767||0.00075241
12:53||505427500||380571||0.00075241
12:54||505018500||379968||0.00075241
12:55||505034500||379992||0.00075241
12:56||505036500||379994||0.00075241
12:57||505036500||379994||0.00075241
12:58||505683500||380620||0.00075241
12:59||505868500||380619||0.00075241
13:00||505868500||380620||0.00075241
13:01||505868500||380620||0.00075241
13:02||505868500||380620||0.00075241
13:03||505868500||380620||0.00075241
13:04||505868500||380620||0.00075241
13:05||504964500||380620||0.00075241
13:06||504982500||379286||0.00075241
13:07||504982500||379286||0.00075241
13:08||504982500||380620||0.00075241
13:09||504945500||379259||0.00075241
13:10||504060500||379259||0.00075241
13:11||504909500||380620||0.00075241
13:12||504873500||380511||0.00075241
13:13||504795500||380383||0.00075241
13:14||504681000||379268||0.00075241
13:15||504978000||379389||0.00075241
13:16||505142500||380450||0.00075241
13:17||505172000||380450||0.00075241
13:18||505148500||380352||0.00075241
13:19||505103000||380282||0.00075241
13:20||505063000||380282||0.00075241
13:21||504907500||380211||0.00075241
13:22||504913500||380202||0.00075241
13:23||505717500||379601||0.00075241
13:24||505717500||380506||0.00075241
13:25||505717500||380507||0.00075241
13:26||505717500||380506||0.00075241
13:27||505717500||380506||0.00075241
13:28||505719500||380507||0.00075241
13:29||505719500||380507||0.00075241
13:30||505717500||380508||0.00075241
13:31||505793500||380620||0.00075241
13:32||505793500||380620||0.00075241
13:33||505792500||380506||0.00075241
13:34||505719500||380618||0.00075241
13:35||505719500||380618||0.00075241
13:36||505719500||380508||0.00075241
13:37||505719500||380508||0.00075241
13:38||505794000||380620||0.00075241
13:39||505793000||380619||0.00075241
13:40||505794000||380620||0.00075241
13:41||505935000||380718||0.00075241
13:42||505935000||380718||0.00075241
13:43||505999000||380717||0.00075241
13:44||505999500||380719||0.00075241
13:45||506275000||381091||0.00075241
13:46||506448500||380784||0.00075241
13:47||506448500||381056||0.00075241
13:48||506448500||381057||0.00075241
13:49||506449500||381058||0.00075241
13:50||506449500||381058||0.00075241
13:51||506449500||381057||0.00075241
13:52||506449500||381058||0.00075241
13:53||507783000||382223||0.00075241
13:54||508269000||382954||0.00075241
13:55||508269000||382954||0.00075241
13:56||507710000||382954||0.00075241
13:57||507713500||382954||0.00075241
13:58||508985500||382954||0.00075241
13:59||508986500||382976||0.00075241
14:00||507252500||382975||0.00075241
14:01||507236500||380354||0.00075241
14:02||507338500||380354||0.00075241
14:03||507445000||380562||0.00075241
14:04||507778500||381222||0.00075241
14:05||508334500||382884||0.00075241
14:06||508323500||382884||0.00075241
14:07||508117000||382555||0.00075241
14:08||507897500||382071||0.00075241
14:09||508147500||382598||0.00075241
14:10||508147500||382071||0.00075241
14:11||508146000||382071||0.00075241
14:12||508150000||382592||0.00075241
14:13||508494500||382592||0.00075241
14:14||508496000||382598||0.00075241
14:15||508491000||382595||0.00075241
14:16||508148500||382590||0.00075241
14:17||508148500||382081||0.00075241
14:18||508149000||382592||0.00075241
14:19||508144000||382583||0.00075241
14:20||508144000||382583||0.00075241
14:21||508144000||382583||0.00075241
14:22||508144000||382583||0.00075241
14:23||508144000||382583||0.00075241
14:24||508104000||382079||0.00075241
14:25||507904500||382224||0.00075241
14:26||508105000||382525||0.00075241
14:27||508105000||382525||0.00075241
14:28||508104500||382524||0.00075241
14:29||508398500||382524||0.00075241
14:30||508398500||382524||0.00075241
14:31||508105000||382525||0.00075241
14:32||508105000||382081||0.00075241
14:33||507905000||382224||0.00075241
14:34||507999500||382224||0.00075241
14:35||507999500||382224||0.00075241
14:36||507999500||382224||0.00075241
14:37||507999500||382224||0.00075241
14:38||508151000||382224||0.00075241
14:39||508299000||382448||0.00075241
14:40||508151000||382225||0.00075241
14:41||508151000||382227||0.00075241
14:42||508151000||382227||0.00075241
14:43||508151000||382448||0.00075241
14:44||508151000||382448||0.00075241
14:45||508199000||382231||0.00075241
14:46||508297500||382231||0.00075241
14:47||508155000||382448||0.00075241
14:48||508205500||382448||0.00075241
14:49||508300000||382523||0.00075241
14:50||508302000||382376||0.00075241
14:51||508399500||382524||0.00075241
14:52||508399500||382524||0.00075241
14:53||508399500||382525||0.00075241
14:54||508849500||382863||0.00075241
14:55||508625500||382863||0.00075241
14:56||508923000||382973||0.00075241
14:57||508997000||382975||0.00075241
14:58||508999500||382976||0.00075241
14:59||508999500||382976||0.00075241
15:00||508998000||382976||0.00075241
15:01||509448000||383653||0.00075241
15:02||509449000||383653||0.00075241
15:03||509449500||383652||0.00075241
15:04||509558500||383652||0.00075241
15:05||509613500||383653||0.00075241
15:06||509664500||383729||0.00075241
15:07||509664500||383225||0.00075241
15:08||509999000||383727||0.00075241
15:09||509669500||383727||0.00075241
15:10||509673500||383237||0.00075241
15:11||509672500||383727||0.00075241
15:12||509671500||383237||0.00075241
15:13||509887500||383561||0.00075241
15:14||509887500||383561||0.00075241
15:15||509887500||383723||0.00075241
15:16||509887500||383723||0.00075241
15:17||509791000||383565||0.00075241
15:18||509782500||383578||0.00075241
15:19||509557000||383565||0.00075241
15:20||509556000||383564||0.00075241
15:21||509559500||383230||0.00075241
15:22||509560000||383230||0.00075241
15:23||509560000||383232||0.00075241
15:24||509560000||383565||0.00075241
15:25||509340500||383233||0.00075241
15:26||509391000||383232||0.00075241
15:27||509340500||383232||0.00075241
15:28||509064500||383224||0.00075241
15:29||509050000||383224||0.00075241
15:30||509032000||383028||0.00075241
15:31||509026500||383028||0.00075241
15:32||509539000||383382||0.00075241
15:33||509278000||383382||0.00075241
15:34||509278000||382989||0.00075241
15:35||509279000||382989||0.00075241
15:36||509279000||382989||0.00075241
15:37||509273000||382989||0.00075241
15:38||509254000||383344||0.00075241
15:39||509253500||383344||0.00075241
15:40||509487500||383343||0.00075241
15:41||509487500||383343||0.00075241
15:42||509487500||383343||0.00075241
15:43||509487500||383343||0.00075241
15:44||509487500||383343||0.00075241
15:45||509487500||383343||0.00075241
15:46||509487500||383343||0.00075241
15:47||509487500||383343||0.00075241
15:48||509514500||383382||0.00075241
15:49||509514500||383382||0.00075241
15:50||509259500||382989||0.00075241
15:51||509259500||383352||0.00075241
15:52||509499500||383352||0.00075241
15:53||509499500||382989||0.00075241
15:54||509017500||382989||0.00075241
15:55||509258500||383352||0.00075241
15:56||509499500||383352||0.00075241
15:57||509499500||383352||0.00075241
15:58||509499500||383352||0.00075241
15:59||509499500||383352||0.00075241
16:00||509258500||382989||0.00075241
16:01||509017500||383382||0.00075241
16:02||509499500||383352||0.00075241
16:03||509499500||383352||0.00075241
16:04||509498500||383352||0.00075241
16:05||509498500||383352||0.00075241
16:06||509498500||383352||0.00075241
16:07||510725000||385196||0.00075241
16:08||510726500||385196||0.00075241
16:09||510729500||385196||0.00075241
16:10||510729500||385196||0.00075241
16:11||510563000||383359||0.00075241
16:12||510245000||384725||0.00075241
16:13||509263500||383352||0.00075241
16:14||509233000||383279||0.00075241
16:15||509203000||383205||0.00075241
16:16||509175500||383051||0.00075241
16:17||509155000||383051||0.00075241
16:18||509137500||383053||0.00075241
16:19||509102500||383054||0.00075241
16:20||508378000||382976||0.00075241
16:21||508315000||382696||0.00075241
16:22||508248000||382606||0.00075241
16:23||508211500||382606||0.00075241
16:24||508200500||382233||0.00075241
16:25||508130000||382233||0.00075241
16:26||508130000||382233||0.00075241
16:27||508130000||382410||0.00075241
16:28||508128500||382233||0.00075241
16:29||508125000||382403||0.00075241
16:30||508012500||382410||0.00075241
16:31||508134000||382410||0.00075241
16:32||508027500||382081||0.00075241
16:33||508029500||382409||0.00075241
16:34||508030500||382409||0.00075241
16:35||508028000||382408||0.00075241
16:36||508028000||382082||0.00075241
16:37||508028000||382407||0.00075241
16:38||508029000||382409||0.00075241
16:39||508028000||382082||0.00075241
16:40||508027500||382403||0.00075241
16:41||507815000||382085||0.00075241
16:42||507816500||382087||0.00075241
16:43||508026000||382085||0.00075241
16:44||508027000||382086||0.00075241
16:45||508118500||382402||0.00075241
16:46||508118500||382225||0.00075241
16:47||508241500||382407||0.00075241
16:48||508123000||382407||0.00075241
16:49||508124500||382407||0.00075241
16:50||508123000||382405||0.00075241
16:51||508244000||382407||0.00075241
16:52||508245500||382408||0.00075241
16:53||508245500||382409||0.00075241
16:54||508245500||382409||0.00075241
16:55||508245500||382409||0.00075241
16:56||508245500||382409||0.00075241
16:57||508245500||382409||0.00075241
16:58||508245500||382409||0.00075241
16:59||508245500||382409||0.00075241
17:00||508245500||382408||0.00075241
17:01||508245500||382409||0.00075241
17:02||508245500||382409||0.00075241
17:03||508245500||382409||0.00075241
17:04||508245500||382409||0.00075241
17:05||508245500||382408||0.00075241
17:06||508245500||382409||0.00075241
17:07||508245500||382409||0.00075241
17:08||508245500||382408||0.00075241
17:09||508245500||382408||0.00075241
17:10||508245500||382408||0.00075241
17:11||508245500||382409||0.00075241
17:12||508245500||382409||0.00075241
17:13||508245500||382409||0.00075241
17:14||508245500||382409||0.00075241
17:15||508245500||382409||0.00075241
17:16||508245500||382409||0.00075241
17:17||508245500||382408||0.00075241
17:18||508245500||382408||0.00075241
17:19||508245500||382408||0.00075241
17:20||508245500||382409||0.00075241
17:21||508245500||382408||0.00075241
17:22||508245500||382408||0.00075241
17:23||508245500||382408||0.00075241
17:24||508245500||382409||0.00075241
17:25||508245500||382409||0.00075241
17:26||508245500||382409||0.00075241
17:27||508245500||382409||0.00075241
17:28||508245500||382409||0.00075241
17:29||508245500||382408||0.00075241
17:30||508245500||382409||0.00075241
17:31||508245500||382409||0.00075241
17:32||508245500||382409||0.00075241
17:33||508245500||382409||0.00075241
17:34||508245500||382409||0.00075241
17:35||508245500||382409||0.00075241
17:36||508245500||382976||0.00075241
17:37||509750000||383729||0.00075241
17:38||509736000||382978||0.00075241
17:39||509736000||384082||0.00075241
17:40||509661000||382978||0.00075241
17:41||509566500||383829||0.00075241
17:42||509616500||384105||0.00075241
17:43||509612000||383826||0.00075241
17:44||509203500||383826||0.00075241
17:45||509203500||383130||0.00075241
17:46||509203500||383130||0.00075241
17:47||509601500||383130||0.00075241
17:48||509902500||384103||0.00075241
17:49||509907500||383207||0.00075241
17:50||509906000||384110||0.00075241
17:51||509906000||384110||0.00075241
17:52||509912000||384110||0.00075241
17:53||509912000||383216||0.00075241
17:54||509912000||383216||0.00075241
17:55||510503500||383216||0.00075241
17:56||510504000||384108||0.00075241
17:57||510507500||384112||0.00075241
17:58||510509500||384112||0.00075241
17:59||510509500||384112||0.00075241
18:00||510509500||384112||0.00075241
18:01||510509500||384112||0.00075241
18:02||510994500||384842||0.00075241
18:03||510980500||384820||0.00075241
18:04||510980500||384820||0.00075241
18:05||510510500||384820||0.00075241
18:06||510510500||384113||0.00075241
18:07||510510500||384113||0.00075241
18:08||510510500||384113||0.00075241
18:09||510510500||384113||0.00075241
18:10||510510500||384113||0.00075241
18:11||510510500||384113||0.00075241
18:12||510510500||384112||0.00075241
18:13||510510500||384113||0.00075241
18:14||510510500||384113||0.00075241
18:15||510510500||384113||0.00075241
18:16||510510000||384112||0.00075241
18:17||510510000||384112||0.00075241
18:18||509860000||383227||0.00075241
18:19||510345500||383989||0.00075241
18:20||510345500||383989||0.00075241
18:21||509775000||383227||0.00075241
18:22||510304000||384751||0.00075241
18:23||509333500||384688||0.00075241
18:24||510271000||384698||0.00075241
18:25||510159000||384551||0.00075241
18:26||510076000||383229||0.00075241
18:27||509338000||383231||0.00075241
18:28||509916500||384086||0.00075241
18:29||509871500||383279||0.00075241
18:30||509451000||383279||0.00075241
18:31||509499500||383352||0.00075241
18:32||509978500||383353||0.00075241
18:33||510073000||384000||0.00075241
18:34||510091000||383730||0.00075241
18:35||510002500||383872||0.00075241
18:36||510000500||383729||0.00075241
18:37||510288500||384087||0.00075241
18:38||510289500||383804||0.00075241
18:39||510337500||384089||0.00075241
18:40||510349000||384089||0.00075241
18:41||510494500||384101||0.00075241
18:42||510496500||384102||0.00075241
18:43||510496500||384103||0.00075241
18:44||510496500||384103||0.00075241
18:45||510645000||384105||0.00075241
18:46||510787500||384480||0.00075241
18:47||510894000||384480||0.00075241
18:48||510998500||384480||0.00075241
18:49||510998500||384480||0.00075241
18:50||510998500||384480||0.00075241
18:51||510746000||384102||0.00075241
18:52||510746000||384477||0.00075241
18:53||510746000||384477||0.00075241
18:54||510747000||384103||0.00075241
18:55||510736000||384467||0.00075241
18:56||510736000||384459||0.00075241
18:57||510501500||384106||0.00075241
18:58||510501500||384106||0.00075241
18:59||510501500||384106||0.00075241
19:00||510499500||384105||0.00075241
19:01||510499500||384105||0.00075241
19:02||510499500||384105||0.00075241
19:03||510499500||384105||0.00075241
19:04||510499500||384105||0.00075241
19:05||510499500||384105||0.00075241
19:06||510499500||384105||0.00075241
19:07||510499500||384105||0.00075241
19:08||510499500||384105||0.00075241
19:09||510499500||384104||0.00075241
19:10||510499500||384105||0.00075241
19:11||510499500||384105||0.00075241
19:12||510499500||384105||0.00075241
19:13||510499500||384105||0.00075241
19:14||510499500||384104||0.00075241
19:15||510499500||384105||0.00075241
19:16||510499500||384104||0.00075241
19:17||510340500||384104||0.00075241
19:18||510049500||383881||0.00075241
19:19||509650500||383504||0.00075241
19:20||509600500||383352||0.00075241
19:21||509537000||383352||0.00075241
19:22||509537000||383352||0.00075241
19:23||509537000||383498||0.00075241
19:24||509537000||383498||0.00075241
19:25||509537000||383262||0.00075241
19:26||509515500||383230||0.00075241
19:27||509337500||383230||0.00075241
19:28||509337500||383231||0.00075241
19:29||509337500||383231||0.00075241
19:30||509337500||383231||0.00075241
19:31||509337500||383231||0.00075241
19:32||509629000||383668||0.00075241
19:33||509863500||384014||0.00075241
19:34||509713000||383794||0.00075241
19:35||509663000||383719||0.00075241
19:36||509337500||383498||0.00075241
19:37||509169000||383231||0.00075241
19:38||509049000||383124||0.00075241
19:39||509000500||382976||0.00075241
19:40||509169000||383728||0.00075241
19:41||509948500||383726||0.00075241
19:42||509441500||383726||0.00075241
19:43||509000500||382976||0.00075241
19:44||509000500||382977||0.00075241
19:45||509499500||383728||0.00075241
19:46||509499500||382976||0.00075241
19:47||509475500||382976||0.00075241
19:48||509000500||383566||0.00075241
19:49||509000500||382977||0.00075241
19:50||509250000||382977||0.00075241
19:51||509250500||382977||0.00075241
19:52||509400500||383578||0.00075241
19:53||509392000||382976||0.00075241
19:54||509165500||383225||0.00075241
19:55||508703500||382976||0.00075241
19:56||507679500||382081||0.00075241
19:57||506979000||381741||0.00075241
19:58||507012500||381741||0.00075241
19:59||507013000||381741||0.00075241
20:00||507006500||381731||0.00075241
20:01||507006500||381222||0.00075241
20:02||507344500||381731||0.00075241
20:03||507344500||381730||0.00075241
20:04||507344500||381731||0.00075241
20:05||507344500||381730||0.00075241
20:06||508136000||381731||0.00075241
20:07||507959500||381730||0.00075241
20:08||507714500||382288||0.00075241
20:09||507668500||382214||0.00075241
20:10||507668500||382214||0.00075241
20:11||507647500||381735||0.00075241
20:12||507653500||381735||0.00075241
20:13||507654000||382191||0.00075241
20:14||507654000||381735||0.00075241
20:15||507650500||381730||0.00075241
20:16||507650000||382191||0.00075241
20:17||507655000||382191||0.00075241
20:18||507656000||382191||0.00075241
20:19||507656000||382191||0.00075241
20:20||507656000||381739||0.00075241
20:21||507656000||382191||0.00075241
20:22||507684000||382224||0.00075241
20:23||507691000||381748||0.00075241
20:24||507697500||381748||0.00075241
20:25||507704000||381748||0.00075241
20:26||507758500||382224||0.00075241
20:27||507888500||382224||0.00075241
20:28||507775000||382224||0.00075241
20:29||507888500||382224||0.00075241
20:30||507888500||382056||0.00075241
20:31||507888500||382224||0.00075241
20:32||508050000||382224||0.00075241
20:33||507938500||382224||0.00075241
20:34||507938500||382056||0.00075241
20:35||507888500||382224||0.00075241
20:36||507888500||382224||0.00075241
20:37||507938500||382299||0.00075241
20:38||508099500||382299||0.00075241
20:39||508099500||382299||0.00075241
20:40||508349500||382374||0.00075241
20:41||508088500||382057||0.00075241
20:42||508088500||382523||0.00075241
20:43||508089000||382524||0.00075241
20:44||508139000||382599||0.00075241
20:45||507939500||382299||0.00075241
20:46||507939500||382057||0.00075241
20:47||508139000||382599||0.00075241
20:48||507889500||382056||0.00075241
20:49||507888500||382224||0.00075241
20:50||507888500||382056||0.00075241
20:51||507888500||382224||0.00075241
20:52||507877000||382056||0.00075241
20:53||507877000||382206||0.00075241
20:54||507888500||382056||0.00075241
20:55||507888500||382224||0.00075241
20:56||507888500||382223||0.00075241
20:57||507888500||382057||0.00075241
20:58||507888500||382224||0.00075241
20:59||507889000||382224||0.00075241
21:00||507887500||382224||0.00075241
21:01||507887500||382224||0.00075241
21:02||507887500||382140||0.00075241
21:03||508244500||382224||0.00075241
21:04||508244500||382592||0.00075241
21:05||508294500||382592||0.00075241
21:06||508294500||382592||0.00075241
21:07||508299500||382592||0.00075241
21:08||508304000||382599||0.00075241
21:09||508499500||382306||0.00075241
21:10||508499500||382600||0.00075241
21:11||508499500||382599||0.00075241
21:12||508891500||382826||0.00075241
21:13||508499500||382239||0.00075241
21:14||508978000||382239||0.00075241
21:15||508988000||382975||0.00075241
21:16||508988000||382975||0.00075241
21:17||508988000||382975||0.00075241
21:18||508988000||382975||0.00075241
21:19||508988000||382975||0.00075241
21:20||508400500||381730||0.00075241
21:21||508412500||382094||0.00075241
21:22||508400500||382975||0.00075241
21:23||508400500||382076||0.00075241
21:24||508400500||382076||0.00075241
21:25||508400500||382975||0.00075241
21:26||508651000||383352||0.00075241
21:27||508651500||382076||0.00075241
21:28||507854000||383352||0.00075241
21:29||507804500||382076||0.00075241
21:30||507853500||382152||0.00075241
21:31||508651000||383352||0.00075241
21:32||508651500||383351||0.00075241
21:33||508652000||383351||0.00075241
21:34||508651500||382078||0.00075241
21:35||508652000||383350||0.00075241
21:36||508652000||382079||0.00075241
21:37||508652500||382079||0.00075241
21:38||508651500||382079||0.00075241
21:39||508651500||382079||0.00075241
21:40||508652000||383349||0.00075241
21:41||508657000||382088||0.00075241
21:42||508657000||382088||0.00075241
21:43||508657000||382088||0.00075241
21:44||508657000||382088||0.00075241
21:45||508657000||382088||0.00075241
21:46||508674000||382113||0.00075241
21:47||508674000||382113||0.00075241
21:48||509494500||383348||0.00075241
21:49||508657000||383348||0.00075241
21:50||508674000||382113||0.00075241
21:51||508660500||383198||0.00075241
21:52||508660500||383198||0.00075241
21:53||508660500||383198||0.00075241
21:54||508760500||382243||0.00075241
21:55||508760500||383349||0.00075241
21:56||508760500||383349||0.00075241
21:57||509252500||383349||0.00075241
21:58||509494500||383349||0.00075241
21:59||509494500||383348||0.00075241
22:00||509490500||383348||0.00075241
22:01||509490500||383345||0.00075241
22:02||509490500||383346||0.00075241
22:03||509490500||383346||0.00075241
22:04||509490500||383345||0.00075241
22:05||509490500||383345||0.00075241
22:06||509490500||383346||0.00075241
22:07||509490500||383346||0.00075241
22:08||509490500||383345||0.00075241
22:09||509490500||383346||0.00075241
22:10||509490500||383345||0.00075241
22:11||509490500||383346||0.00075241
22:12||509490500||383346||0.00075241
22:13||509490500||383346||0.00075241
22:14||509490500||383346||0.00075241
22:15||509490500||383345||0.00075241
22:16||509490500||383346||0.00075241
22:17||509490500||383345||0.00075241
22:18||509490500||383346||0.00075241
22:19||509490500||383346||0.00075241
22:20||509490500||383346||0.00075241
22:21||509490500||383345||0.00075241
22:22||509994500||384104||0.00075241
22:23||509994500||384104||0.00075241
22:24||509994500||384104||0.00075241
22:25||509994500||384104||0.00075241
22:26||509994500||384104||0.00075241
22:27||509995000||384104||0.00075241
22:28||509995000||384104||0.00075241
22:29||509995000||384104||0.00075241
22:30||509995000||384104||0.00075241
22:31||509995500||384104||0.00075241
22:32||509995000||384104||0.00075241
22:33||509995500||383346||0.00075241
22:34||509995500||383346||0.00075241
22:35||509846000||383346||0.00075241
22:36||509845000||383347||0.00075241
22:37||509844000||383347||0.00075241
22:38||509844000||383347||0.00075241
22:39||509844000||383347||0.00075241
22:40||509845500||383347||0.00075241
22:41||509846500||383875||0.00075241
22:42||509802000||383875||0.00075241
22:43||509802000||383807||0.00075241
22:44||509802000||383807||0.00075241
22:45||509802000||383807||0.00075241
22:46||509750000||383807||0.00075241
22:47||509999500||383729||0.00075241
22:48||509999500||383728||0.00075241
22:49||509999500||383728||0.00075241
22:50||509999500||383728||0.00075241
22:51||509999500||383728||0.00075241
22:52||509999500||383728||0.00075241
22:53||509999500||383729||0.00075241
22:54||509999500||383729||0.00075241
22:55||509999500||383729||0.00075241
22:56||509999500||383729||0.00075241
22:57||509999500||383728||0.00075241
22:58||509999500||383728||0.00075241
22:59||509999500||383729||0.00075241
23:00||509999500||383729||0.00075241
23:01||509999500||383729||0.00075241
23:02||509999500||383729||0.00075241
23:03||509999500||383729||0.00075241
23:04||509749500||383728||0.00075241
23:05||509749500||383728||0.00075241
23:06||509749500||383728||0.00075241
23:07||509749500||383352||0.00075241
23:08||509749500||383352||0.00075241
23:09||509749500||383352||0.00075241
23:10||509749500||383728||0.00075241
23:11||509749500||383728||0.00075241
23:12||509749500||383352||0.00075241
23:13||509749500||383728||0.00075241
23:14||509749500||383352||0.00075241
23:15||509754500||383807||0.00075241
23:16||510308500||383807||0.00075241
23:17||513499500||385986||0.00075241
23:18||511793500||385986||0.00075241
23:19||512289500||386737||0.00075241
23:20||512289500||386737||0.00075241
23:21||513513500||386737||0.00075241
23:22||512281500||386737||0.00075241
23:23||512532000||384519||0.00075241
23:24||512512500||385619||0.00075241
23:25||512022000||385619||0.00075241
23:26||511895500||385619||0.00075241
23:27||511791500||385076||0.00075241
23:28||511791500||385076||0.00075241
23:29||511791500||385076||0.00075241
23:30||511791500||385076||0.00075241
23:31||511791500||385233||0.00075241
23:32||512145500||385076||0.00075241
23:33||512499500||385610||0.00075241
23:34||512499500||385609||0.00075241
23:35||510779000||385197||0.00075241
23:36||510754500||385197||0.00075241
23:37||510754500||385197||0.00075241
23:38||510779500||385197||0.00075241
23:39||510779500||385197||0.00075241
23:40||510994500||383729||0.00075241
23:41||510950500||383729||0.00075241
23:42||510500000||383729||0.00075241
23:43||510500500||384480||0.00075241
23:44||510500000||383730||0.00075241
23:45||510251500||384479||0.00075241
23:46||510251500||384479||0.00075241
23:47||510251000||384479||0.00075241
23:48||509781500||384479||0.00075241
23:49||509502000||382977||0.00075241
23:50||509502000||383731||0.00075241
23:51||509502000||383731||0.00075241
23:52||509502000||382977||0.00075241
23:53||509502000||383731||0.00075241
23:54||509502000||383731||0.00075241
23:55||509001500||382977||0.00075241
23:56||509001500||382977||0.00075241
23:57||509001500||382977||0.00075241
23:58||509001000||382976||0.00075241
23:59||509001000||382976||0.00075241
