00:00||524470500||394985||0.00075241
00:01||524470500||394985||0.00075241
00:02||524470500||394985||0.00075241
00:03||524480000||394985||0.00075241
00:04||524480000||394985||0.00075241
00:05||524470500||394985||0.00075241
00:06||524470500||394985||0.00075241
00:07||524221500||393887||0.00075241
00:08||524221500||393887||0.00075241
00:09||524221500||393887||0.00075241
00:10||524221500||393887||0.00075241
00:11||524221500||393887||0.00075241
00:12||524221500||394970||0.00075241
00:13||524221500||394970||0.00075241
00:14||524221500||394970||0.00075241
00:15||524221000||394970||0.00075241
00:16||524221000||394970||0.00075241
00:17||524221000||394970||0.00075241
00:18||524221000||394970||0.00075241
00:19||524221500||394970||0.00075241
00:20||524221500||394970||0.00075241
00:21||524221500||394970||0.00075241
00:22||524221500||394970||0.00075241
00:23||524221500||393888||0.00075241
00:24||524221500||393888||0.00075241
00:25||524221500||393888||0.00075241
00:26||524221500||393888||0.00075241
00:27||524221500||393888||0.00075241
00:28||524518500||393888||0.00075241
00:29||524518500||393888||0.00075241
00:30||524518500||393888||0.00075241
00:31||524518500||393888||0.00075241
00:32||524518500||393888||0.00075241
00:33||524518500||393888||0.00075241
00:34||524518500||393888||0.00075241
00:35||524899500||393888||0.00075241
00:36||524871500||393888||0.00075241
00:37||524904000||393888||0.00075241
00:38||524904000||393888||0.00075241
00:39||524904000||393888||0.00075241
00:40||524904000||393888||0.00075241
00:41||525711000||393888||0.00075241
00:42||525711500||393888||0.00075241
00:43||525711500||393888||0.00075241
00:44||525711500||393888||0.00075241
00:45||525343000||393888||0.00075241
00:46||525343000||393888||0.00075241
00:47||525306000||393888||0.00075241
00:48||525306000||393888||0.00075241
00:49||525306000||393888||0.00075241
00:50||525306000||393888||0.00075241
00:51||525306000||393888||0.00075241
00:52||525854500||393888||0.00075241
00:53||525854500||393888||0.00075241
00:54||525854500||393888||0.00075241
00:55||525807000||393888||0.00075241
00:56||525807000||393888||0.00075241
00:57||527005500||393888||0.00075241
00:58||527602500||393888||0.00075241
00:59||528200500||393888||0.00075241
01:00||528200500||393888||0.00075241
01:01||528251000||397499||0.00075241
01:02||525998000||397499||0.00075241
01:03||528301500||397499||0.00075241
01:04||528301500||397499||0.00075241
01:05||528301500||397499||0.00075241
01:06||528301500||397499||0.00075241
01:07||528301500||397499||0.00075241
01:08||528301500||397499||0.00075241
01:09||528301500||397499||0.00075241
01:10||528301500||397499||0.00075241
01:11||528301500||397499||0.00075241
01:12||528301500||397499||0.00075241
01:13||528301500||397499||0.00075241
01:14||528301500||397499||0.00075241
01:15||528301500||397499||0.00075241
01:16||528301500||397499||0.00075241
01:17||528301500||397499||0.00075241
01:18||528301500||397499||0.00075241
01:19||528301500||397499||0.00075241
01:20||528301500||397499||0.00075241
01:21||528301500||397499||0.00075241
01:22||528301500||397499||0.00075241
01:23||528301500||397499||0.00075241
01:24||528301500||397499||0.00075241
01:25||528301500||397499||0.00075241
01:26||528301500||397499||0.00075241
01:27||528301500||397733||0.00075241
01:28||529011000||398589||0.00075241
01:29||529157500||398589||0.00075241
01:30||529157500||398589||0.00075241
01:31||529157500||398589||0.00075241
01:32||529157500||398589||0.00075241
01:33||529157500||398589||0.00075241
01:34||529157500||398589||0.00075241
01:35||529330000||398589||0.00075241
01:36||529330000||398589||0.00075241
01:37||529745000||398589||0.00075241
01:38||529745000||398589||0.00075241
01:39||529745500||398589||0.00075241
01:40||529745500||398589||0.00075241
01:41||529745500||398589||0.00075241
01:42||529745500||398589||0.00075241
01:43||529749500||398589||0.00075241
01:44||529749500||398589||0.00075241
01:45||529749500||398589||0.00075241
01:46||529749500||398589||0.00075241
01:47||529749500||398589||0.00075241
01:48||529749500||398589||0.00075241
01:49||529749500||398589||0.00075241
01:50||529749500||398589||0.00075241
01:51||529749500||398589||0.00075241
01:52||529745500||398589||0.00075241
01:53||529745500||398589||0.00075241
01:54||529745500||398589||0.00075241
01:55||529745500||398589||0.00075241
01:56||529745500||398589||0.00075241
01:57||529745500||398589||0.00075241
01:58||529745500||398589||0.00075241
01:59||529741500||398589||0.00075241
02:00||529741500||398589||0.00075241
02:01||529741000||398589||0.00075241
02:02||529741000||398589||0.00075241
02:03||529741000||398589||0.00075241
02:04||526598000||398568||0.00075241
02:05||526548000||394339||0.00075241
02:06||526548000||394339||0.00075241
02:07||525743500||394339||0.00075241
02:08||525726500||394339||0.00075241
02:09||525339500||394339||0.00075241
02:10||525339500||394339||0.00075241
02:11||525339500||394339||0.00075241
02:12||525339500||394339||0.00075241
02:13||525339500||394339||0.00075241
02:14||525339500||394339||0.00075241
02:15||525339500||394339||0.00075241
02:16||525339500||394314||0.00075241
02:17||525288500||394314||0.00075241
02:18||525314000||394314||0.00075241
02:19||525314000||394314||0.00075241
02:20||525314000||396150||0.00075241
02:21||525337500||396150||0.00075241
02:22||525337500||396150||0.00075241
02:23||525339500||396150||0.00075241
02:24||525339500||396150||0.00075241
02:25||525339500||396150||0.00075241
02:26||525332500||396150||0.00075241
02:27||525332500||396150||0.00075241
02:28||525332500||396150||0.00075241
02:29||525332500||396150||0.00075241
02:30||525339500||396179||0.00075241
02:31||525315000||396179||0.00075241
02:32||525315000||396179||0.00075241
02:33||525315000||396179||0.00075241
02:34||525315000||396179||0.00075241
02:35||525315000||396179||0.00075241
02:36||525315000||396179||0.00075241
02:37||525289000||396179||0.00075241
02:38||525289000||396179||0.00075241
02:39||525289000||396179||0.00075241
02:40||525289000||396179||0.00075241
02:41||525239500||396179||0.00075241
02:42||525216500||396179||0.00075241
02:43||525216500||396179||0.00075241
02:44||525126500||396179||0.00075241
02:45||525126500||396179||0.00075241
02:46||524836000||396179||0.00075241
02:47||524793000||396179||0.00075241
02:48||524793000||396179||0.00075241
02:49||524793000||396179||0.00075241
02:50||524793000||396179||0.00075241
02:51||524778500||396179||0.00075241
02:52||524778500||396179||0.00075241
02:53||524778500||396179||0.00075241
02:54||524778500||396179||0.00075241
02:55||524778500||396179||0.00075241
02:56||524778500||394315||0.00075241
02:57||524703500||394315||0.00075241
02:58||524703500||394315||0.00075241
02:59||524703500||394315||0.00075241
03:00||524732500||394315||0.00075241
03:01||524733000||394315||0.00075241
03:02||524733000||394315||0.00075241
03:03||525353000||396227||0.00075241
03:04||526367000||396227||0.00075241
03:05||526367000||396227||0.00075241
03:06||526362000||396227||0.00075241
03:07||526362000||396227||0.00075241
03:08||526376000||395849||0.00075241
03:09||526371000||395849||0.00075241
03:10||526371000||395849||0.00075241
03:11||526368000||395849||0.00075241
03:12||526355000||395849||0.00075241
03:13||526355000||395849||0.00075241
03:14||526182000||395849||0.00075241
03:15||526198500||395849||0.00075241
03:16||526215500||395849||0.00075241
03:17||526206500||395849||0.00075241
03:18||526206500||395849||0.00075241
03:19||526198500||395849||0.00075241
03:20||526198500||395849||0.00075241
03:21||526215500||395849||0.00075241
03:22||526198500||395849||0.00075241
03:23||526198500||395849||0.00075241
03:24||526198500||395849||0.00075241
03:25||526198500||395849||0.00075241
03:26||525742500||395849||0.00075241
03:27||525742500||395849||0.00075241
03:28||525758000||395849||0.00075241
03:29||526756000||396227||0.00075241
03:30||526756000||396227||0.00075241
03:31||526756000||396227||0.00075241
03:32||526756500||396227||0.00075241
03:33||527433000||396227||0.00075241
03:34||527433000||396227||0.00075241
03:35||527868500||396227||0.00075241
03:36||527943500||396227||0.00075241
03:37||527789500||396227||0.00075241
03:38||527789500||396227||0.00075241
03:39||527943500||396227||0.00075241
03:40||527943500||396227||0.00075241
03:41||528216500||396227||0.00075241
03:42||528366000||396227||0.00075241
03:43||528366000||396227||0.00075241
03:44||528377000||396227||0.00075241
03:45||528377000||396227||0.00075241
03:46||528377000||396227||0.00075241
03:47||528292000||396227||0.00075241
03:48||527746000||396227||0.00075241
03:49||527746000||396531||0.00075241
03:50||527745500||396531||0.00075241
03:51||527745500||396531||0.00075241
03:52||527834500||396531||0.00075241
03:53||527834500||396531||0.00075241
03:54||527876500||396531||0.00075241
03:55||527876500||396531||0.00075241
03:56||527875000||396531||0.00075241
03:57||527875000||396531||0.00075241
03:58||528088500||396531||0.00075241
03:59||528088500||396531||0.00075241
04:00||528076500||396531||0.00075241
04:01||528085500||396531||0.00075241
04:02||528095000||396531||0.00075241
04:03||528135000||396531||0.00075241
04:04||528136000||396531||0.00075241
04:05||528158500||396531||0.00075241
04:06||528180000||396531||0.00075241
04:07||529201000||398589||0.00075241
04:08||529213000||398589||0.00075241
04:09||529213000||398589||0.00075241
04:10||529213000||398589||0.00075241
04:11||529693000||398589||0.00075241
04:12||529693000||398589||0.00075241
04:13||529693000||398589||0.00075241
04:14||529693000||398589||0.00075241
04:15||529693000||398589||0.00075241
04:16||529696000||398589||0.00075241
04:17||529697000||398589||0.00075241
04:18||529697000||398589||0.00075241
04:19||529697000||398589||0.00075241
04:20||529697000||398589||0.00075241
04:21||529697000||398589||0.00075241
04:22||529697000||398589||0.00075241
04:23||529705000||398589||0.00075241
04:24||529709000||398589||0.00075241
04:25||529713500||398589||0.00075241
04:26||529719000||398589||0.00075241
04:27||529749500||398589||0.00075241
04:28||529749500||398589||0.00075241
04:29||529799500||398589||0.00075241
04:30||529846500||398626||0.00075241
04:31||529846500||398626||0.00075241
04:32||529846500||398626||0.00075241
04:33||529846500||398626||0.00075241
04:34||529846500||398626||0.00075241
04:35||529881500||398626||0.00075241
04:36||529881500||398626||0.00075241
04:37||529241500||398626||0.00075241
04:38||529241500||398626||0.00075241
04:39||529241500||398626||0.00075241
04:40||529241500||398626||0.00075241
04:41||529231500||398626||0.00075241
04:42||529218500||398626||0.00075241
04:43||528931000||398626||0.00075241
04:44||528931000||398626||0.00075241
04:45||528931000||398626||0.00075241
04:46||528949500||398626||0.00075241
04:47||529449500||398626||0.00075241
04:48||529449500||398626||0.00075241
04:49||529471000||398626||0.00075241
04:50||529471000||398626||0.00075241
04:51||529471000||398626||0.00075241
04:52||529887500||398626||0.00075241
04:53||529887500||398626||0.00075241
04:54||529887500||398626||0.00075241
04:55||529887500||398626||0.00075241
04:56||529887500||398626||0.00075241
04:57||529942500||398693||0.00075241
04:58||529997500||398693||0.00075241
04:59||529991500||398693||0.00075241
05:00||529997500||398693||0.00075241
05:01||529997500||398693||0.00075241
05:02||529997500||398693||0.00075241
05:03||529997500||398693||0.00075241
05:04||529997500||398693||0.00075241
05:05||529997500||398775||0.00075241
05:06||529997500||398775||0.00075241
05:07||529893000||398775||0.00075241
05:08||529894000||398777||0.00075241
05:09||529896000||398777||0.00075241
05:10||529896000||398777||0.00075241
05:11||529999500||398777||0.00075241
05:12||529999500||398777||0.00075241
05:13||529999500||398777||0.00075241
05:14||529999500||398777||0.00075241
05:15||529999500||398777||0.00075241
05:16||529999500||398777||0.00075241
05:17||529999500||398777||0.00075241
05:18||529999500||398777||0.00075241
05:19||529999500||398776||0.00075241
05:20||529999500||398776||0.00075241
05:21||529999500||398776||0.00075241
05:22||529999500||398776||0.00075241
05:23||529999500||398776||0.00075241
05:24||529999500||398776||0.00075241
05:25||529999500||398776||0.00075241
05:26||529999500||398776||0.00075241
05:27||529999500||398776||0.00075241
05:28||529993500||398777||0.00075241
05:29||529993500||398777||0.00075241
05:30||529949000||398777||0.00075241
05:31||529949000||398777||0.00075241
05:32||529500000||398777||0.00075241
05:33||529510000||398039||0.00075241
05:34||529510000||398039||0.00075241
05:35||529510000||398039||0.00075241
05:36||529164000||391283||0.00075241
05:37||530005500||398777||0.00075241
05:38||530005500||398777||0.00075241
05:39||530005500||398777||0.00075241
05:40||530005500||398777||0.00075241
05:41||530005500||398777||0.00075241
05:42||530005500||398777||0.00075241
05:43||525026500||398777||0.00075241
05:44||530008500||398777||0.00075241
05:45||530008500||398777||0.00075241
05:46||525506000||398785||0.00075241
05:47||525506000||398785||0.00075241
05:48||525416000||398785||0.00075241
05:49||525064000||398785||0.00075241
05:50||524982500||398785||0.00075241
05:51||525051000||398785||0.00075241
05:52||525051000||398785||0.00075241
05:53||526800000||398785||0.00075241
05:54||527250000||398785||0.00075241
05:55||527250000||398785||0.00075241
05:56||527195000||398785||0.00075241
05:57||527250000||398785||0.00075241
05:58||527250000||398785||0.00075241
05:59||527250000||398785||0.00075241
06:00||527250000||398785||0.00075241
06:01||527250000||398785||0.00075241
06:02||527250000||398777||0.00075241
06:03||527250000||398777||0.00075241
06:04||527250000||398777||0.00075241
06:05||527250000||398777||0.00075241
06:06||527250000||398777||0.00075241
06:07||527250000||398777||0.00075241
06:08||527250000||398777||0.00075241
06:09||527000000||398777||0.00075241
06:10||527000000||398777||0.00075241
06:11||527250000||398777||0.00075241
06:12||527250000||398777||0.00075241
06:13||527250000||398777||0.00075241
06:14||527250000||398777||0.00075241
06:15||527250000||398777||0.00075241
06:16||527250000||398777||0.00075241
06:17||527250000||398777||0.00075241
06:18||527250000||398777||0.00075241
06:19||527250000||398777||0.00075241
06:20||527250500||398777||0.00075241
06:21||527250000||398777||0.00075241
06:22||527250000||398777||0.00075241
06:23||527250000||398777||0.00075241
06:24||527250000||398777||0.00075241
06:25||527250000||398777||0.00075241
06:26||527250000||398777||0.00075241
06:27||526250000||398777||0.00075241
06:28||525750000||398777||0.00075241
06:29||525750000||398777||0.00075241
06:30||525750000||398777||0.00075241
06:31||525750000||398777||0.00075241
06:32||525750000||398777||0.00075241
06:33||525750000||398777||0.00075241
06:34||525750000||398777||0.00075241
06:35||525750000||398777||0.00075241
06:36||525750000||398777||0.00075241
06:37||525750000||398777||0.00075241
06:38||525750000||398777||0.00075241
06:39||525750000||398777||0.00075241
06:40||525750000||396520||0.00075241
06:41||525749500||396520||0.00075241
06:42||525749500||396520||0.00075241
06:43||525749500||396520||0.00075241
06:44||525999500||396520||0.00075241
06:45||525999500||396520||0.00075241
06:46||525999500||396520||0.00075241
06:47||525999500||396520||0.00075241
06:48||525999500||396520||0.00075241
06:49||525999500||396520||0.00075241
06:50||525999500||396520||0.00075241
06:51||525999500||396520||0.00075241
06:52||525999500||396520||0.00075241
06:53||525999500||396520||0.00075241
06:54||525999500||396520||0.00075241
06:55||525999500||396520||0.00075241
06:56||525999500||396520||0.00075241
06:57||525999500||396520||0.00075241
06:58||525999500||396519||0.00075241
06:59||525999500||396519||0.00075241
07:00||525999500||396519||0.00075241
07:01||525999500||396519||0.00075241
07:02||525999500||396519||0.00075241
07:03||525999500||396519||0.00075241
07:04||526000000||396519||0.00075241
07:05||526000000||396519||0.00075241
07:06||526000000||396519||0.00075241
07:07||526000000||396519||0.00075241
07:08||526000000||396519||0.00075241
07:09||526000000||396519||0.00075241
07:10||526000000||396520||0.00075241
07:11||526000000||396520||0.00075241
07:12||526000000||396520||0.00075241
07:13||526000000||396520||0.00075241
07:14||526000000||396520||0.00075241
07:15||526000000||396520||0.00075241
07:16||526000000||396520||0.00075241
07:17||526000000||396520||0.00075241
07:18||525625000||396520||0.00075241
07:19||525625000||396520||0.00075241
07:20||525625000||396520||0.00075241
07:21||525625000||396520||0.00075241
07:22||525375000||395014||0.00075241
07:23||525375000||395014||0.00075241
07:24||523671000||394639||0.00075241
07:25||523671000||394639||0.00075241
07:26||523671000||394639||0.00075241
07:27||523671000||394639||0.00075241
07:28||523671000||394639||0.00075241
07:29||523671000||394639||0.00075241
07:30||523546000||394639||0.00075241
07:31||523500000||394639||0.00075241
07:32||523050000||394639||0.00075241
07:33||523050000||394639||0.00075241
07:34||523050000||394639||0.00075241
07:35||523050000||394639||0.00075241
07:36||523050000||394639||0.00075241
07:37||523050000||394639||0.00075241
07:38||523050000||392080||0.00075241
07:39||523050000||392080||0.00075241
07:40||523050000||392080||0.00075241
07:41||523549500||392080||0.00075241
07:42||523549500||392080||0.00075241
07:43||523545500||392080||0.00075241
07:44||523753500||395766||0.00075241
07:45||523749500||395766||0.00075241
07:46||523995000||395766||0.00075241
07:47||523995500||395766||0.00075241
07:48||524499500||395766||0.00075241
07:49||524500000||395766||0.00075241
07:50||524499500||395766||0.00075241
07:51||524748000||395766||0.00075241
07:52||524745000||395766||0.00075241
07:53||524740000||395752||0.00075241
07:54||524740000||395752||0.00075241
07:55||524745000||395760||0.00075241
07:56||524745000||395760||0.00075241
07:57||524234000||395760||0.00075241
07:58||523480000||392758||0.00075241
07:59||523450000||392758||0.00075241
08:00||523000000||392758||0.00075241
08:01||523000000||392758||0.00075241
08:02||523000000||392758||0.00075241
08:03||523000000||392758||0.00075241
08:04||523443500||394930||0.00075241
08:05||523444000||394930||0.00075241
08:06||523450000||394930||0.00075241
08:07||523450000||394930||0.00075241
08:08||523440000||394930||0.00075241
08:09||523411500||394930||0.00075241
08:10||523410500||394880||0.00075241
08:11||523410500||394880||0.00075241
08:12||523410500||394880||0.00075241
08:13||523410500||394880||0.00075241
08:14||523410500||394880||0.00075241
08:15||523410500||394880||0.00075241
08:16||523411500||394880||0.00075241
08:17||523411500||394880||0.00075241
08:18||523410500||392758||0.00075241
08:19||523411000||394880||0.00075241
08:20||523411000||394880||0.00075241
08:21||523411500||392758||0.00075241
08:22||523411500||392758||0.00075241
08:23||523411500||392758||0.00075241
08:24||523410500||392758||0.00075241
08:25||523410500||392758||0.00075241
08:26||523410500||392758||0.00075241
08:27||523410500||392758||0.00075241
08:28||523416000||394882||0.00075241
08:29||523416000||394882||0.00075241
08:30||523416000||394882||0.00075241
08:31||523416000||394882||0.00075241
08:32||523416000||394882||0.00075241
08:33||523416000||394882||0.00075241
08:34||523416000||394882||0.00075241
08:35||523416000||394882||0.00075241
08:36||523416000||394882||0.00075241
08:37||523416000||394882||0.00075241
08:38||523416000||394882||0.00075241
08:39||523416000||394882||0.00075241
08:40||523416500||394882||0.00075241
08:41||523417000||394882||0.00075241
08:42||523417000||394882||0.00075241
08:43||523417000||394882||0.00075241
08:44||523417000||394882||0.00075241
08:45||523417000||394882||0.00075241
08:46||523417000||394882||0.00075241
08:47||523417000||394882||0.00075241
08:48||523417000||394882||0.00075241
08:49||523417000||394882||0.00075241
08:50||523417000||394882||0.00075241
08:51||523417000||394882||0.00075241
08:52||523417000||394882||0.00075241
08:53||523417000||394882||0.00075241
08:54||523417000||394882||0.00075241
08:55||523417000||394882||0.00075241
08:56||523417000||394882||0.00075241
08:57||523417000||394882||0.00075241
08:58||523417500||394882||0.00075241
08:59||523417500||394882||0.00075241
09:00||523421000||394882||0.00075241
09:01||523526000||394882||0.00075241
09:02||523526000||394882||0.00075241
09:03||523526000||394882||0.00075241
09:04||523526000||394882||0.00075241
09:05||523526000||394882||0.00075241
09:06||523526000||394882||0.00075241
09:07||523526000||394882||0.00075241
09:08||523456000||392767||0.00075241
09:09||523458500||392767||0.00075241
09:10||523488000||394984||0.00075241
09:11||524479500||394984||0.00075241
09:12||524479500||394984||0.00075241
09:13||524954500||394984||0.00075241
09:14||524951500||394984||0.00075241
09:15||524951500||394984||0.00075241
09:16||524951500||394984||0.00075241
09:17||524951500||394984||0.00075241
09:18||524951500||394984||0.00075241
09:19||524951500||394984||0.00075241
09:20||524951500||394979||0.00075241
09:21||524951500||394979||0.00075241
09:22||524951500||394979||0.00075241
09:23||525619500||394979||0.00075241
09:24||525619500||394979||0.00075241
09:25||525615000||395940||0.00075241
09:26||525611000||395940||0.00075241
09:27||526277000||396519||0.00075241
09:28||526279500||396519||0.00075241
09:29||526499500||396519||0.00075241
09:30||526499500||396519||0.00075241
09:31||526499500||396519||0.00075241
09:32||526499000||396519||0.00075241
09:33||526499000||396519||0.00075241
09:34||526499000||396519||0.00075241
09:35||526499000||396519||0.00075241
09:36||526499000||396519||0.00075241
09:37||526000500||396519||0.00075241
09:38||526000500||396519||0.00075241
09:39||526000500||396519||0.00075241
09:40||526000500||396519||0.00075241
09:41||526000500||396519||0.00075241
09:42||526000500||396519||0.00075241
09:43||526000500||395767||0.00075241
09:44||526000500||395767||0.00075241
09:45||526000500||395767||0.00075241
09:46||526000500||395767||0.00075241
09:47||526000500||395767||0.00075241
09:48||526000500||395767||0.00075241
09:49||526000500||395767||0.00075241
09:50||526000500||395767||0.00075241
09:51||526495000||396512||0.00075241
09:52||526499500||396512||0.00075241
09:53||526499500||396519||0.00075241
09:54||526499500||396519||0.00075241
09:55||526000500||396519||0.00075241
09:56||526000500||396519||0.00075241
09:57||526000500||396519||0.00075241
09:58||526000500||396519||0.00075241
09:59||526000500||396519||0.00075241
10:00||526000500||396519||0.00075241
10:01||526000500||396519||0.00075241
10:02||526000500||396519||0.00075241
10:03||526000500||396519||0.00075241
10:04||526000500||396519||0.00075241
10:05||526000500||395767||0.00075241
10:06||526000500||395767||0.00075241
10:07||526000500||395767||0.00075241
10:08||526000500||395767||0.00075241
10:09||526000500||395767||0.00075241
10:10||526500000||395768||0.00075241
10:11||526774500||396895||0.00075241
10:12||526774500||396895||0.00075241
10:13||526774500||396895||0.00075241
10:14||526775000||396896||0.00075241
10:15||526775000||395805||0.00075241
10:16||526775000||395805||0.00075241
10:17||526525000||395805||0.00075241
10:18||526525000||395805||0.00075241
10:19||526525000||395805||0.00075241
10:20||526525000||395805||0.00075241
10:21||526526000||395805||0.00075241
10:22||526526000||395805||0.00075241
10:23||526526000||395805||0.00075241
10:24||526526000||395805||0.00075241
10:25||526526000||395805||0.00075241
10:26||526526000||395805||0.00075241
10:27||526526000||395805||0.00075241
10:28||526525000||395805||0.00075241
10:29||526525000||395805||0.00075241
10:30||526525000||395805||0.00075241
10:31||526525000||395805||0.00075241
10:32||526523500||395805||0.00075241
10:33||526523500||395806||0.00075241
10:34||526523500||395806||0.00075241
10:35||526523500||395806||0.00075241
10:36||526523500||395806||0.00075241
10:37||526523500||395806||0.00075241
10:38||526523500||395806||0.00075241
10:39||526523500||395806||0.00075241
10:40||526523500||395806||0.00075241
10:41||526523500||395806||0.00075241
10:42||526523500||395806||0.00075241
10:43||526523500||395806||0.00075241
10:44||526523500||395806||0.00075241
10:45||526523500||395806||0.00075241
10:46||526523500||395806||0.00075241
10:47||526523500||395806||0.00075241
10:48||526523500||395806||0.00075241
10:49||526523500||395806||0.00075241
10:50||526523500||395806||0.00075241
10:51||526523500||395806||0.00075241
10:52||526523500||395806||0.00075241
10:53||526523500||395806||0.00075241
10:54||526522000||395806||0.00075241
10:55||526522000||395806||0.00075241
10:56||526524500||395806||0.00075241
10:57||526521000||395806||0.00075241
10:58||526521000||395806||0.00075241
10:59||526521000||395806||0.00075241
11:00||526521000||395806||0.00075241
11:01||526521000||395806||0.00075241
11:02||526520500||395806||0.00075241
11:03||526520500||395806||0.00075241
11:04||526494500||395767||0.00075241
11:05||526975000||395767||0.00075241
11:06||526975000||395767||0.00075241
11:07||526975000||395767||0.00075241
11:08||526975000||395767||0.00075241
11:09||526975000||396505||0.00075241
11:10||526975000||396505||0.00075241
11:11||526975000||396505||0.00075241
11:12||526975000||396505||0.00075241
11:13||526975000||396505||0.00075241
11:14||526974000||396505||0.00075241
11:15||526974000||396505||0.00075241
11:16||526974000||396505||0.00075241
11:17||526974000||396505||0.00075241
11:18||526974000||396505||0.00075241
11:19||526974000||396505||0.00075241
11:20||526974000||396505||0.00075241
11:21||526974000||396505||0.00075241
11:22||526974000||396505||0.00075241
11:23||526975000||396505||0.00075241
11:24||526975000||396505||0.00075241
11:25||526985000||396520||0.00075241
11:26||526985000||396520||0.00075241
11:27||526985000||396520||0.00075241
11:28||526985000||396520||0.00075241
11:29||526985000||396520||0.00075241
11:30||526999500||396520||0.00075241
11:31||526999500||396520||0.00075241
11:32||527249000||396520||0.00075241
11:33||527249000||396520||0.00075241
11:34||527249000||396895||0.00075241
11:35||527249000||396895||0.00075241
11:36||527249000||396895||0.00075241
11:37||527249000||396895||0.00075241
11:38||527249000||396895||0.00075241
11:39||527249000||396895||0.00075241
11:40||527498500||396895||0.00075241
11:41||527498500||396895||0.00075241
11:42||527747000||396895||0.00075241
11:43||527749000||397272||0.00075241
11:44||528248500||398024||0.00075241
11:45||528248500||398024||0.00075241
11:46||528248500||398024||0.00075241
11:47||528248500||398024||0.00075241
11:48||528248500||398024||0.00075241
11:49||528248500||398024||0.00075241
11:50||528248500||398024||0.00075241
11:51||528248500||398024||0.00075241
11:52||528248500||398024||0.00075241
11:53||528248500||398024||0.00075241
11:54||528248500||396894||0.00075241
11:55||528248500||398769||0.00075241
11:56||528744000||398769||0.00075241
11:57||528743500||398769||0.00075241
11:58||528743500||398769||0.00075241
11:59||528743500||398769||0.00075241
12:00||528743500||398769||0.00075241
12:01||528743500||398769||0.00075241
12:02||528744500||398769||0.00075241
12:03||528744500||398769||0.00075241
12:04||528744500||398769||0.00075241
12:05||528744500||398769||0.00075241
12:06||528745000||398769||0.00075241
12:07||529993500||398769||0.00075241
12:08||529999500||398776||0.00075241
12:09||528750500||398776||0.00075241
12:10||528750500||398777||0.00075241
12:11||528750500||398777||0.00075241
12:12||528750000||398776||0.00075241
12:13||528750000||396897||0.00075241
12:14||528749500||396897||0.00075241
12:15||528749500||396897||0.00075241
12:16||528749500||398775||0.00075241
12:17||528749500||398775||0.00075241
12:18||528749500||398775||0.00075241
12:19||528749500||398775||0.00075241
12:20||528749500||398775||0.00075241
12:21||528749000||398775||0.00075241
12:22||528749000||398775||0.00075241
12:23||528749000||398775||0.00075241
12:24||528749000||398775||0.00075241
12:25||528749000||398775||0.00075241
12:26||528749000||398775||0.00075241
12:27||528749000||398775||0.00075241
12:28||528748500||398775||0.00075241
12:29||528748500||396897||0.00075241
12:30||528748000||396897||0.00075241
12:31||528745500||396897||0.00075241
12:32||528745500||396897||0.00075241
12:33||528745500||396897||0.00075241
12:34||526479500||396497||0.00075241
12:35||526479500||396497||0.00075241
12:36||527993500||396497||0.00075241
12:37||528493500||396497||0.00075241
12:38||528993500||396497||0.00075241
12:39||528993500||396497||0.00075241
12:40||528993500||396497||0.00075241
12:41||528500000||396497||0.00075241
12:42||528500000||396497||0.00075241
12:43||528500000||398024||0.00075241
12:44||528500000||398024||0.00075241
12:45||528500000||398024||0.00075241
12:46||528500000||398024||0.00075241
12:47||528500000||398024||0.00075241
12:48||528500000||398024||0.00075241
12:49||528750000||398024||0.00075241
12:50||528750000||398024||0.00075241
12:51||528998500||398767||0.00075241
12:52||528998500||398775||0.00075241
12:53||528999000||398775||0.00075241
12:54||529050000||398777||0.00075241
12:55||529050000||398777||0.00075241
12:56||529050000||398777||0.00075241
12:57||529050000||398777||0.00075241
12:58||529050000||398777||0.00075241
12:59||529050000||398777||0.00075241
13:00||529050000||398777||0.00075241
13:01||530006000||398777||0.00075241
13:02||530022500||398786||0.00075241
13:03||529066500||398802||0.00075241
13:04||529067000||398802||0.00075241
13:05||529116500||398802||0.00075241
13:06||529117500||398802||0.00075241
13:07||529126000||398802||0.00075241
13:08||529126000||398802||0.00075241
13:09||529126000||398802||0.00075241
13:10||529125000||398802||0.00075241
13:11||529125000||398802||0.00075241
13:12||529125000||398802||0.00075241
13:13||529125000||398802||0.00075241
13:14||529125000||398802||0.00075241
13:15||529126000||398802||0.00075241
13:16||530608000||400282||0.00075241
13:17||530748500||400282||0.00075241
13:18||530749500||400282||0.00075241
13:19||531874000||400282||0.00075241
13:20||531873500||400282||0.00075241
13:21||531873500||400282||0.00075241
13:22||531873500||400282||0.00075241
13:23||532486000||400282||0.00075241
13:24||532486000||400282||0.00075241
13:25||532485000||400262||0.00075241
13:26||532487000||400262||0.00075241
13:27||532993500||400262||0.00075241
13:28||532993500||400262||0.00075241
13:29||532993500||400262||0.00075241
13:30||532993500||400262||0.00075241
13:31||532993500||400262||0.00075241
13:32||532994500||401031||0.00075241
13:33||532993500||401031||0.00075241
13:34||532993500||401031||0.00075241
13:35||532993500||401031||0.00075241
13:36||532993500||401031||0.00075241
13:37||532995500||401033||0.00075241
13:38||532993500||401032||0.00075241
13:39||532993500||401030||0.00075241
13:40||532993500||401030||0.00075241
13:41||532993500||401029||0.00075241
13:42||532993500||401029||0.00075241
13:43||532993500||401029||0.00075241
13:44||532995500||401033||0.00075241
13:45||532996500||401033||0.00075241
13:46||532996500||401033||0.00075241
13:47||532996500||401033||0.00075241
13:48||532996500||401033||0.00075241
13:49||532997500||401033||0.00075241
13:50||533997500||402538||0.00075241
13:51||533997500||402538||0.00075241
13:52||533999500||402538||0.00075241
13:53||533956500||402538||0.00075241
13:54||533956500||402538||0.00075241
13:55||533956500||402538||0.00075241
13:56||533956500||402538||0.00075241
13:57||533956500||402476||0.00075241
13:58||534910000||402476||0.00075241
13:59||534910500||402476||0.00075241
14:00||534927500||402476||0.00075241
14:01||534958500||402538||0.00075241
14:02||534958500||402538||0.00075241
14:03||534918500||402477||0.00075241
14:04||534918500||402477||0.00075241
14:05||534918500||402477||0.00075241
14:06||534918500||402477||0.00075241
14:07||534918500||402477||0.00075241
14:08||534918500||402477||0.00075241
14:09||534918500||402477||0.00075241
14:10||534918500||402477||0.00075241
14:11||534918500||402477||0.00075241
14:12||534918500||402477||0.00075241
14:13||534918500||402477||0.00075241
14:14||534918500||402477||0.00075241
14:15||534959000||402478||0.00075241
14:16||536144500||404262||0.00075241
14:17||537275500||404262||0.00075241
14:18||537273500||404251||0.00075241
14:19||537266500||404251||0.00075241
14:20||537274000||404251||0.00075241
14:21||537275500||404251||0.00075241
14:22||537275500||404251||0.00075241
14:23||537275500||404251||0.00075241
14:24||537275500||404251||0.00075241
14:25||537275500||404251||0.00075241
14:26||537275500||404251||0.00075241
14:27||535999500||404044||0.00075241
14:28||535999000||404044||0.00075241
14:29||535999500||404044||0.00075241
14:30||536000000||402540||0.00075241
14:31||536000000||402540||0.00075241
14:32||536000000||402540||0.00075241
14:33||536000500||402540||0.00075241
14:34||536049500||404043||0.00075241
14:35||537289500||404261||0.00075241
14:36||537289500||404261||0.00075241
14:37||537289500||404261||0.00075241
14:38||537289500||404262||0.00075241
14:39||537289500||404262||0.00075241
14:40||536648000||404262||0.00075241
14:41||537999500||404795||0.00075241
14:42||538175000||404796||0.00075241
14:43||538175000||404909||0.00075241
14:44||538320000||405165||0.00075241
14:45||538323500||405165||0.00075241
14:46||538574500||405548||0.00075241
14:47||538575000||405548||0.00075241
14:48||538574500||405548||0.00075241
14:49||538250000||405548||0.00075241
14:50||538249500||405548||0.00075241
14:51||537999500||404796||0.00075241
14:52||537999500||404796||0.00075241
14:53||537999500||404796||0.00075241
14:54||537999500||404796||0.00075241
14:55||537999500||404795||0.00075241
14:56||537999500||404796||0.00075241
14:57||537003000||404795||0.00075241
14:58||537003000||404795||0.00075241
14:59||537003500||404795||0.00075241
15:00||537003500||404795||0.00075241
15:01||537004000||404795||0.00075241
15:02||537004000||404795||0.00075241
15:03||536509500||404795||0.00075241
15:04||536509500||404050||0.00075241
15:05||536508500||403297||0.00075241
15:06||536508500||403297||0.00075241
15:07||536007500||403297||0.00075241
15:08||536007500||403297||0.00075241
15:09||535754000||402915||0.00075241
15:10||536250000||402915||0.00075241
15:11||536250000||402915||0.00075241
15:12||535350000||402915||0.00075241
15:13||535350000||402915||0.00075241
15:14||535350000||402915||0.00075241
15:15||535350000||402915||0.00075241
15:16||535150000||402689||0.00075241
15:17||535150000||402689||0.00075241
15:18||535150000||402689||0.00075241
15:19||535150000||402689||0.00075241
15:20||535150000||402689||0.00075241
15:21||535150000||402614||0.00075241
15:22||535150000||402614||0.00075241
15:23||535150000||402614||0.00075241
15:24||535150000||402614||0.00075241
15:25||535150000||402614||0.00075241
15:26||535150000||402614||0.00075241
15:27||535150000||402614||0.00075241
15:28||535150000||402614||0.00075241
15:29||535150000||402614||0.00075241
15:30||535150000||402614||0.00075241
15:31||535099500||402538||0.00075241
15:32||535059000||402477||0.00075241
15:33||535059000||402477||0.00075241
15:34||535059000||402477||0.00075241
15:35||535059000||402689||0.00075241
15:36||535059000||402689||0.00075241
15:37||535059000||402689||0.00075241
15:38||535059000||402689||0.00075241
15:39||535059000||402689||0.00075241
15:40||535059000||402689||0.00075241
15:41||535059000||402477||0.00075241
15:42||535059000||402477||0.00075241
15:43||534984000||402477||0.00075241
15:44||534984000||402477||0.00075241
15:45||534934000||402477||0.00075241
15:46||534935000||402479||0.00075241
15:47||534949500||402479||0.00075241
15:48||534949500||402500||0.00075241
15:49||534949500||402501||0.00075241
15:50||534949500||402501||0.00075241
15:51||534934000||402479||0.00075241
15:52||535955000||404036||0.00075241
15:53||535990000||404036||0.00075241
15:54||535990000||404036||0.00075241
15:55||535990000||404036||0.00075241
15:56||535995000||404036||0.00075241
15:57||535995500||404036||0.00075241
15:58||535999500||404041||0.00075241
15:59||536024000||404041||0.00075241
16:00||536024500||404041||0.00075241
16:01||536024500||404041||0.00075241
16:02||536024500||404041||0.00075241
16:03||536049000||404041||0.00075241
16:04||536049000||404041||0.00075241
16:05||536049000||404041||0.00075241
16:06||536049000||404041||0.00075241
16:07||536054000||404041||0.00075241
16:08||537999500||406676||0.00075241
16:09||538005000||406676||0.00075241
16:10||538009000||406676||0.00075241
16:11||538009500||406676||0.00075241
16:12||538009000||406676||0.00075241
16:13||538009000||402929||0.00075241
16:14||538249500||402929||0.00075241
16:15||538249500||402929||0.00075241
16:16||538200000||402929||0.00075241
16:17||538200000||402929||0.00075241
16:18||538200000||402929||0.00075241
16:19||538200000||402929||0.00075241
16:20||538007500||402929||0.00075241
16:21||538007500||402929||0.00075241
16:22||538007500||402929||0.00075241
16:23||538200000||402929||0.00075241
16:24||538200000||403291||0.00075241
16:25||538150000||403291||0.00075241
16:26||538100000||403291||0.00075241
16:27||538050000||403291||0.00075241
16:28||538000000||403291||0.00075241
16:29||538000000||406301||0.00075241
16:30||538025000||406301||0.00075241
16:31||538024500||406301||0.00075241
16:32||538024500||406301||0.00075241
16:33||538049500||406301||0.00075241
16:34||538045000||406293||0.00075241
16:35||538045000||406293||0.00075241
16:36||538045000||406293||0.00075241
16:37||539994000||406293||0.00075241
16:38||539994000||406293||0.00075241
16:39||539994000||406293||0.00075241
16:40||539994000||406293||0.00075241
16:41||539994000||406293||0.00075241
16:42||539994000||406293||0.00075241
16:43||539994000||406293||0.00075241
16:44||539994000||406293||0.00075241
16:45||539989500||406293||0.00075241
16:46||539989500||406293||0.00075241
16:47||538244500||406293||0.00075241
16:48||538244000||406293||0.00075241
16:49||538239000||406293||0.00075241
16:50||538239000||406293||0.00075241
16:51||537368500||406293||0.00075241
16:52||538000000||404044||0.00075241
16:53||537500000||404044||0.00075241
16:54||537500000||404044||0.00075241
16:55||537750000||404044||0.00075241
16:56||537950000||404721||0.00075241
16:57||537950000||404721||0.00075241
16:58||537950000||404721||0.00075241
16:59||537950000||404721||0.00075241
17:00||533999500||398777||0.00075241
17:01||534450000||398777||0.00075241
17:02||535249000||398777||0.00075241
17:03||536500000||404042||0.00075241
17:04||536400000||404042||0.00075241
17:05||536249000||404042||0.00075241
17:06||536249000||404042||0.00075241
17:07||535500000||403291||0.00075241
17:08||535500500||403291||0.00075241
17:09||535500500||403291||0.00075241
17:10||535500500||403291||0.00075241
17:11||535500500||403291||0.00075241
17:12||535500500||403291||0.00075241
17:13||535501000||403291||0.00075241
17:14||536248500||403291||0.00075241
17:15||536100000||403291||0.00075241
17:16||536248500||403291||0.00075241
17:17||536496500||403291||0.00075241
17:18||536496500||403291||0.00075241
17:19||536496500||403291||0.00075241
17:20||536496500||403291||0.00075241
17:21||536496500||403291||0.00075241
17:22||536496500||403291||0.00075241
17:23||536496500||403291||0.00075241
17:24||536496500||403664||0.00075241
17:25||536496500||403664||0.00075241
17:26||536496500||403664||0.00075241
17:27||536496500||403664||0.00075241
17:28||536496500||403664||0.00075241
17:29||536496500||403664||0.00075241
17:30||536496500||403664||0.00075241
17:31||536496500||403665||0.00075241
17:32||536496500||403665||0.00075241
17:33||536496500||403665||0.00075241
17:34||536496500||403665||0.00075241
17:35||536496500||403665||0.00075241
17:36||536496500||403665||0.00075241
17:37||536496500||403664||0.00075241
17:38||536496500||403664||0.00075241
17:39||536496500||403664||0.00075241
17:40||536496500||403664||0.00075241
17:41||536496500||403664||0.00075241
17:42||536496500||403665||0.00075241
17:43||536496500||403665||0.00075241
17:44||536496500||403665||0.00075241
17:45||536496500||403665||0.00075241
17:46||536496500||403665||0.00075241
17:47||526529500||396520||0.00075241
17:48||531295000||403665||0.00075241
17:49||531275000||403665||0.00075241
17:50||531320000||403665||0.00075241
17:51||531320500||403665||0.00075241
17:52||531725000||403630||0.00075241
17:53||532000000||403592||0.00075241
17:54||532700000||403592||0.00075241
17:55||532499500||403592||0.00075241
17:56||532499500||403592||0.00075241
17:57||531498500||397272||0.00075241
17:58||531349500||397272||0.00075241
17:59||531299500||397272||0.00075241
18:00||531804500||402237||0.00075241
18:01||532249500||402237||0.00075241
18:02||532200000||402087||0.00075241
18:03||532450000||402087||0.00075241
18:04||532449000||402087||0.00075241
18:05||532449000||402087||0.00075241
18:06||532416500||402087||0.00075241
18:07||532415500||402087||0.00075241
18:08||532502500||402163||0.00075241
18:09||532502500||402163||0.00075241
18:10||530507500||402163||0.00075241
18:11||530507500||402163||0.00075241
18:12||530507500||402163||0.00075241
18:13||530507500||402163||0.00075241
18:14||532254000||399159||0.00075241
18:15||532254000||399159||0.00075241
18:16||532499000||402155||0.00075241
18:17||532499000||399159||0.00075241
18:18||532499000||399159||0.00075241
18:19||532499000||402155||0.00075241
18:20||532499000||402155||0.00075241
18:21||532499000||402155||0.00075241
18:22||532000000||402155||0.00075241
18:23||532750000||402163||0.00075241
18:24||532750000||401034||0.00075241
18:25||532750000||401034||0.00075241
18:26||532750000||401034||0.00075241
18:27||532750000||401034||0.00075241
18:28||532750000||401786||0.00075241
18:29||533400000||401786||0.00075241
18:30||532750000||401786||0.00075241
18:31||532750000||401786||0.00075241
18:32||532750000||401786||0.00075241
18:33||533000000||401786||0.00075241
18:34||533000500||401786||0.00075241
18:35||533500000||401034||0.00075241
18:36||533500500||401034||0.00075241
18:37||533500500||401034||0.00075241
18:38||533501000||401034||0.00075241
18:39||533501000||401034||0.00075241
18:40||533999500||401034||0.00075241
18:41||533999500||401034||0.00075241
18:42||533999500||401786||0.00075241
18:43||533999500||401786||0.00075241
18:44||533999500||401786||0.00075241
18:45||533999500||401786||0.00075241
18:46||533999500||401786||0.00075241
18:47||533999500||401786||0.00075241
18:48||533999500||401786||0.00075241
18:49||533999500||401786||0.00075241
18:50||533999500||401786||0.00075241
18:51||533999500||401786||0.00075241
18:52||533999500||401786||0.00075241
18:53||533999500||401786||0.00075241
18:54||533999500||401786||0.00075241
18:55||533999500||401786||0.00075241
18:56||533999500||401786||0.00075241
18:57||533999500||401786||0.00075241
18:58||533999500||401786||0.00075241
18:59||533999500||401786||0.00075241
19:00||533999500||401786||0.00075241
19:01||533999500||401786||0.00075241
19:02||533999500||401786||0.00075241
19:03||533999500||401786||0.00075241
19:04||534248500||402161||0.00075241
19:05||534249500||402161||0.00075241
19:06||534249500||402161||0.00075241
19:07||534249500||402161||0.00075241
19:08||534249500||401787||0.00075241
19:09||534249500||401787||0.00075241
19:10||534499000||401787||0.00075241
19:11||534499500||401787||0.00075241
19:12||534499500||401787||0.00075241
19:13||534499500||401787||0.00075241
19:14||534002500||401787||0.00075241
19:15||535245500||403659||0.00075241
19:16||535345000||403659||0.00075241
19:17||535445000||403660||0.00075241
19:18||535445500||403660||0.00075241
19:19||535445000||403660||0.00075241
19:20||535445000||403660||0.00075241
19:21||535370000||403660||0.00075241
19:22||535370000||403660||0.00075241
19:23||535370000||403660||0.00075241
19:24||535370000||403660||0.00075241
19:25||535370000||403660||0.00075241
19:26||535125500||403291||0.00075241
19:27||535125500||403291||0.00075241
19:28||535125500||403291||0.00075241
19:29||535350500||403630||0.00075241
19:30||535350500||403630||0.00075241
19:31||535350500||403630||0.00075241
19:32||535325500||403630||0.00075241
19:33||535325500||403630||0.00075241
19:34||534751000||401975||0.00075241
19:35||534751000||401975||0.00075241
19:36||534625500||402539||0.00075241
19:37||534625500||402539||0.00075241
19:38||534625500||402539||0.00075241
19:39||534999500||402539||0.00075241
19:40||534999500||402539||0.00075241
19:41||534999500||402539||0.00075241
19:42||534999500||402539||0.00075241
19:43||534626000||402539||0.00075241
19:44||534626000||402539||0.00075241
19:45||534626000||402539||0.00075241
19:46||534626000||402539||0.00075241
19:47||534626000||402539||0.00075241
19:48||534625500||402539||0.00075241
19:49||534626000||402539||0.00075241
19:50||534625500||401975||0.00075241
19:51||534251500||401975||0.00075241
19:52||535125500||403291||0.00075241
19:53||535126000||403291||0.00075241
19:54||535126000||403291||0.00075241
19:55||535126000||403291||0.00075241
19:56||534876500||403591||0.00075241
19:57||534876500||403591||0.00075241
19:58||534253500||401977||0.00075241
19:59||534253500||401977||0.00075241
20:00||534253500||401977||0.00075241
20:01||534253500||401977||0.00075241
20:02||534252500||401977||0.00075241
20:03||534874500||401977||0.00075241
20:04||534873000||401977||0.00075241
20:05||534872500||401977||0.00075241
20:06||534872500||402911||0.00075241
20:07||534872500||402911||0.00075241
20:08||533497500||399906||0.00075241
20:09||533497500||399906||0.00075241
20:10||533496000||399906||0.00075241
20:11||533745000||402908||0.00075241
20:12||533650000||402908||0.00075241
20:13||533600000||402908||0.00075241
20:14||533650000||402908||0.00075241
20:15||533650000||402908||0.00075241
20:16||533649500||402908||0.00075241
20:17||533654500||402908||0.00075241
20:18||533650000||402908||0.00075241
20:19||533605500||402908||0.00075241
20:20||533605500||402908||0.00075241
20:21||533625000||402908||0.00075241
20:22||533625500||402908||0.00075241
20:23||534360000||402908||0.00075241
20:24||534359500||402908||0.00075241
20:25||534359500||402908||0.00075241
20:26||534359500||402908||0.00075241
20:27||534359500||402908||0.00075241
20:28||534532500||402674||0.00075241
20:29||535499500||402915||0.00075241
20:30||535755000||403291||0.00075241
20:31||535999500||403291||0.00075241
20:32||536510000||404044||0.00075241
20:33||537995000||404789||0.00075241
20:34||537995000||404789||0.00075241
20:35||537995000||404796||0.00075241
20:36||537995000||404796||0.00075241
20:37||537995000||404789||0.00075241
20:38||537995000||404789||0.00075241
20:39||537990500||404789||0.00075241
20:40||537990500||404789||0.00075241
20:41||537990500||404789||0.00075241
20:42||537990500||404789||0.00075241
20:43||537990500||404789||0.00075241
20:44||537990500||404789||0.00075241
20:45||537990500||404789||0.00075241
20:46||537990500||404789||0.00075241
20:47||537990500||404789||0.00075241
20:48||537990500||404789||0.00075241
20:49||537990500||404789||0.00075241
20:50||537990500||404789||0.00075241
20:51||537990500||404789||0.00075241
20:52||537990500||404789||0.00075241
20:53||537990500||404789||0.00075241
20:54||537990500||404789||0.00075241
20:55||537990500||404789||0.00075241
20:56||537990500||404789||0.00075241
20:57||537990500||404789||0.00075241
20:58||537990500||404789||0.00075241
20:59||537990500||404789||0.00075241
21:00||537990500||404789||0.00075241
21:01||537990500||404789||0.00075241
21:02||537990500||404789||0.00075241
21:03||537046500||404789||0.00075241
21:04||537041000||404789||0.00075241
21:05||537001000||404789||0.00075241
21:06||537000500||404789||0.00075241
21:07||536995000||404789||0.00075241
21:08||536995000||404789||0.00075241
21:09||536991000||404789||0.00075241
21:10||536602000||404789||0.00075241
21:11||536601500||404789||0.00075241
21:12||536601500||404789||0.00075241
21:13||536601500||404789||0.00075241
21:14||536601500||404789||0.00075241
21:15||536601500||404789||0.00075241
21:16||536611000||404120||0.00075241
21:17||536611000||404119||0.00075241
21:18||537101500||404119||0.00075241
21:19||537101500||404120||0.00075241
21:20||537505000||404721||0.00075241
21:21||537557000||404721||0.00075241
21:22||537550500||404721||0.00075241
21:23||537201000||404196||0.00075241
21:24||537550500||404720||0.00075241
21:25||537572000||404720||0.00075241
21:26||537628000||404720||0.00075241
21:27||537681000||404720||0.00075241
21:28||537999500||404796||0.00075241
21:29||538930000||404947||0.00075241
21:30||539356500||405925||0.00075241
21:31||539629000||406301||0.00075241
21:32||539684500||406301||0.00075241
21:33||541535500||407052||0.00075241
21:34||542090500||408182||0.00075241
21:35||541646500||408558||0.00075241
21:36||542241500||408558||0.00075241
21:37||542328000||408558||0.00075241
21:38||542690000||408558||0.00075241
21:39||542776500||408558||0.00075241
21:40||542697000||408110||0.00075241
21:41||542698000||408551||0.00075241
21:42||542718500||408551||0.00075241
21:43||542438500||408160||0.00075241
21:44||542692000||408110||0.00075241
21:45||542692000||408110||0.00075241
21:46||542692000||408110||0.00075241
21:47||542693500||408110||0.00075241
21:48||542406500||408113||0.00075241
21:49||542639000||408031||0.00075241
21:50||542639000||408031||0.00075241
21:51||542640000||408543||0.00075241
21:52||542640000||408543||0.00075241
21:53||542636000||408543||0.00075241
21:54||542631000||408543||0.00075241
21:55||542631000||408543||0.00075241
21:56||542631000||408543||0.00075241
21:57||542631000||408528||0.00075241
21:58||542302500||408528||0.00075241
21:59||542302500||408528||0.00075241
22:00||542302500||408528||0.00075241
22:01||542302500||408528||0.00075241
22:02||542302500||408034||0.00075241
22:03||542302500||408034||0.00075241
22:04||542302500||408033||0.00075241
22:05||542302500||408034||0.00075241
22:06||542302500||408034||0.00075241
22:07||542302500||408034||0.00075241
22:08||542302500||408034||0.00075241
22:09||542302500||408034||0.00075241
22:10||542302500||408034||0.00075241
22:11||542302500||408034||0.00075241
22:12||542302500||408034||0.00075241
22:13||542422000||408034||0.00075241
22:14||543999500||409310||0.00075241
22:15||544499500||410063||0.00075241
22:16||544999500||410814||0.00075241
22:17||544999500||410815||0.00075241
22:18||545019500||410815||0.00075241
22:19||545999500||410815||0.00075241
22:20||545019500||410815||0.00075241
22:21||545019500||410815||0.00075241
22:22||545019500||410815||0.00075241
22:23||546794000||413657||0.00075241
22:24||548892500||412998||0.00075241
22:25||546452000||412984||0.00075241
22:26||546457000||412970||0.00075241
22:27||545006000||410786||0.00075241
22:28||544275500||410786||0.00075241
22:29||544300000||411523||0.00075241
22:30||544550000||411480||0.00075241
22:31||544100500||411480||0.00075241
22:32||544100500||411480||0.00075241
22:33||544100500||409387||0.00075241
22:34||544076000||409349||0.00075241
22:35||544100500||409386||0.00075241
22:36||544100500||409386||0.00075241
22:37||544100500||409387||0.00075241
22:38||544100500||409386||0.00075241
22:39||544100500||409386||0.00075241
22:40||544100500||409386||0.00075241
22:41||544100500||409386||0.00075241
22:42||544076000||409386||0.00075241
22:43||544070500||409386||0.00075241
22:44||544755500||409386||0.00075241
22:45||544755500||409341||0.00075241
22:46||544735000||409310||0.00075241
22:47||544489500||410048||0.00075241
22:48||544489500||410048||0.00075241
22:49||544489500||410048||0.00075241
22:50||544489500||410048||0.00075241
22:51||544489500||410048||0.00075241
22:52||544489500||410048||0.00075241
22:53||544489500||410048||0.00075241
22:54||544244500||410048||0.00075241
22:55||543250000||409310||0.00075241
22:56||543250000||409310||0.00075241
22:57||543265000||409310||0.00075241
22:58||543265000||409310||0.00075241
22:59||543265000||409310||0.00075241
23:00||543265000||409310||0.00075241
23:01||543265000||409310||0.00075241
23:02||543265000||409310||0.00075241
23:03||543265000||409310||0.00075241
23:04||543265000||409310||0.00075241
23:05||543250500||409288||0.00075241
23:06||542531500||409288||0.00075241
23:07||542516500||408183||0.00075241
23:08||540073500||408183||0.00075241
23:09||540073500||408183||0.00075241
23:10||541046500||408183||0.00075241
23:11||541536500||408183||0.00075241
23:12||542271500||408183||0.00075241
23:13||543265000||409310||0.00075241
23:14||543265000||408205||0.00075241
23:15||543265000||408205||0.00075241
23:16||543299500||409310||0.00075241
23:17||543299500||409310||0.00075241
23:18||543299500||409310||0.00075241
23:19||543299500||409310||0.00075241
23:20||543299500||409310||0.00075241
23:21||543299500||409310||0.00075241
23:22||543299500||409310||0.00075241
23:23||543299500||409310||0.00075241
23:24||542600500||409310||0.00075241
23:25||542600500||408258||0.00075241
23:26||542600500||408258||0.00075241
23:27||542600500||408258||0.00075241
23:28||542600500||408258||0.00075241
23:29||542600500||408258||0.00075241
23:30||542600500||408258||0.00075241
23:31||542600500||408258||0.00075241
23:32||542600500||408258||0.00075241
23:33||542600500||408258||0.00075241
23:34||542600500||408258||0.00075241
23:35||542600500||408258||0.00075241
23:36||542600500||408258||0.00075241
23:37||542600500||408258||0.00075241
23:38||542600500||408258||0.00075241
23:39||542600500||408258||0.00075241
23:40||542600500||408258||0.00075241
23:41||542600500||408258||0.00075241
23:42||542600500||408258||0.00075241
23:43||542600500||408258||0.00075241
23:44||542600500||408258||0.00075241
23:45||542600500||408258||0.00075241
23:46||542600500||408258||0.00075241
23:47||542600500||408258||0.00075241
23:48||542600500||408258||0.00075241
23:49||542600500||408258||0.00075241
23:50||542600500||408258||0.00075241
23:51||542600500||408258||0.00075241
23:52||542600500||408258||0.00075241
23:53||542600500||408258||0.00075241
23:54||540836500||405548||0.00075241
23:55||540836500||405548||0.00075241
23:56||540836500||405548||0.00075241
23:57||540836500||405548||0.00075241
23:58||540836500||405548||0.00075241
23:59||540836500||408258||0.00075241
