00:00||827200000||625237||0.00075241
00:01||827150000||624349||0.00075241
00:02||827150000||620437||0.00075241
00:03||827400000||620437||0.00075241
00:04||827401000||620437||0.00075241
00:05||827600000||620437||0.00075241
00:06||827889000||624332||0.00075241
00:07||827902000||624332||0.00075241
00:08||827863500||624332||0.00075241
00:09||827863000||621510||0.00075241
00:10||827863000||621510||0.00075241
00:11||827863000||621510||0.00075241
00:12||827863000||621510||0.00075241
00:13||827863000||621510||0.00075241
00:14||827883000||621510||0.00075241
00:15||828500000||624424||0.00075241
00:16||828501000||624424||0.00075241
00:17||828911000||622243||0.00075241
00:18||828951500||622243||0.00075241
00:19||828951500||622243||0.00075241
00:20||829450000||622243||0.00075241
00:21||829451000||622243||0.00075241
00:22||829451000||622996||0.00075241
00:23||829950000||625177||0.00075241
00:24||829950000||625177||0.00075241
00:25||829950000||625177||0.00075241
00:26||829950000||625177||0.00075241
00:27||829950000||625177||0.00075241
00:28||829950000||625177||0.00075241
00:29||829950000||625177||0.00075241
00:30||830450000||625177||0.00075241
00:31||830450000||625177||0.00075241
00:32||830450000||625177||0.00075241
00:33||829950500||625177||0.00075241
00:34||829950500||625177||0.00075241
00:35||830200000||624124||0.00075241
00:36||830200000||624124||0.00075241
00:37||830200000||624124||0.00075241
00:38||830200000||625177||0.00075241
00:39||830200000||625177||0.00075241
00:40||830200000||625177||0.00075241
00:41||830200000||625177||0.00075241
00:42||830200000||625177||0.00075241
00:43||830200000||625177||0.00075241
00:44||830200000||625177||0.00075241
00:45||830200000||625177||0.00075241
00:46||830200000||625177||0.00075241
00:47||830500000||625245||0.00075241
00:48||830500000||625245||0.00075241
00:49||830500000||625245||0.00075241
00:50||830500000||625245||0.00075241
00:51||830500000||625245||0.00075241
00:52||830500000||625245||0.00075241
00:53||830500000||625245||0.00075241
00:54||831000000||626381||0.00075241
00:55||831000000||626381||0.00075241
00:56||831000000||626381||0.00075241
00:57||831000000||626381||0.00075241
00:58||831000000||626381||0.00075241
00:59||831000000||626381||0.00075241
01:00||831000000||626381||0.00075241
01:01||831000000||624124||0.00075241
01:02||831000000||624124||0.00075241
01:03||831000000||624124||0.00075241
01:04||831000000||626381||0.00075241
01:05||831000000||626381||0.00075241
01:06||831000000||626381||0.00075241
01:07||831000000||626381||0.00075241
01:08||831000000||626381||0.00075241
01:09||831000000||626381||0.00075241
01:10||831000000||626381||0.00075241
01:11||831000000||626381||0.00075241
01:12||831000000||626381||0.00075241
01:13||831000000||626381||0.00075241
01:14||831000000||626381||0.00075241
01:15||831249000||626756||0.00075241
01:16||831249000||626756||0.00075241
01:17||831249000||626756||0.00075241
01:18||831249000||626756||0.00075241
01:19||831249000||626756||0.00075241
01:20||831249000||626756||0.00075241
01:21||831249000||626756||0.00075241
01:22||831249000||626756||0.00075241
01:23||831249000||626756||0.00075241
01:24||831249000||626756||0.00075241
01:25||831249000||626756||0.00075241
01:26||831249000||626756||0.00075241
01:27||831204000||626756||0.00075241
01:28||831204000||626756||0.00075241
01:29||831249000||626756||0.00075241
01:30||831249000||626756||0.00075241
01:31||831249000||626756||0.00075241
01:32||831249500||626756||0.00075241
01:33||831249500||626756||0.00075241
01:34||831249500||626756||0.00075241
01:35||831249500||626756||0.00075241
01:36||831249500||626756||0.00075241
01:37||831249500||626756||0.00075241
01:38||831249500||626756||0.00075241
01:39||831249500||626756||0.00075241
01:40||831249500||626756||0.00075241
01:41||831249500||626756||0.00075241
01:42||831499500||626756||0.00075241
01:43||831499500||626756||0.00075241
01:44||831499500||626756||0.00075241
01:45||831499500||626756||0.00075241
01:46||831499500||626756||0.00075241
01:47||831499500||626756||0.00075241
01:48||831499500||624500||0.00075241
01:49||831500000||626757||0.00075241
01:50||831500000||626757||0.00075241
01:51||831470000||626757||0.00075241
01:52||831470000||626757||0.00075241
01:53||831470000||626757||0.00075241
01:54||831470000||626757||0.00075241
01:55||831470000||626712||0.00075241
01:56||831470000||626712||0.00075241
01:57||831470000||626712||0.00075241
01:58||831500000||626712||0.00075241
01:59||831500000||626712||0.00075241
02:00||831500000||626712||0.00075241
02:01||831500000||626712||0.00075241
02:02||831500000||626712||0.00075241
02:03||831500000||626712||0.00075241
02:04||831500000||626712||0.00075241
02:05||831500000||624500||0.00075241
02:06||831500000||624500||0.00075241
02:07||831999000||627508||0.00075241
02:08||831999000||627508||0.00075241
02:09||831999000||627508||0.00075241
02:10||831999000||627508||0.00075241
02:11||831999500||627509||0.00075241
02:12||831999500||627509||0.00075241
02:13||831999500||627509||0.00075241
02:14||832000000||627509||0.00075241
02:15||831960000||627509||0.00075241
02:16||831960000||627449||0.00075241
02:17||832000000||627449||0.00075241
02:18||832000000||627449||0.00075241
02:19||832000000||627449||0.00075241
02:20||832000000||627449||0.00075241
02:21||832000000||627449||0.00075241
02:22||832000000||627449||0.00075241
02:23||832000000||627449||0.00075241
02:24||832000000||627449||0.00075241
02:25||832000000||627509||0.00075241
02:26||832000000||627509||0.00075241
02:27||832000000||627509||0.00075241
02:28||832000000||627509||0.00075241
02:29||832000000||627509||0.00075241
02:30||832000000||627509||0.00075241
02:31||832000000||627509||0.00075241
02:32||832000000||627509||0.00075241
02:33||832000000||627509||0.00075241
02:34||832498500||628260||0.00075241
02:35||832498500||628260||0.00075241
02:36||832498500||628260||0.00075241
02:37||832498500||628260||0.00075241
02:38||832498500||628260||0.00075241
02:39||837786500||629494||0.00075241
02:40||837786500||629494||0.00075241
02:41||837786500||629494||0.00075241
02:42||837786500||629494||0.00075241
02:43||837786500||629494||0.00075241
02:44||837786500||630359||0.00075241
02:45||837786500||630359||0.00075241
02:46||837786500||630359||0.00075241
02:47||833893500||630359||0.00075241
02:48||833898500||630359||0.00075241
02:49||833898500||630359||0.00075241
02:50||833898500||630359||0.00075241
02:51||833898500||630359||0.00075241
02:52||833898500||630359||0.00075241
02:53||833899000||630359||0.00075241
02:54||833836000||630359||0.00075241
02:55||834061000||630359||0.00075241
02:56||834061000||630359||0.00075241
02:57||834061000||630235||0.00075241
02:58||834061000||630235||0.00075241
02:59||834060500||630235||0.00075241
03:00||833989500||630235||0.00075241
03:01||833989500||630235||0.00075241
03:02||833678500||630235||0.00075241
03:03||832977000||630235||0.00075241
03:04||832977000||630235||0.00075241
03:05||834060000||627927||0.00075241
03:06||834131000||627927||0.00075241
03:07||835036500||627509||0.00075241
03:08||835500000||627509||0.00075241
03:09||835500000||629014||0.00075241
03:10||835256500||628648||0.00075241
03:11||835256500||628648||0.00075241
03:12||835256500||628648||0.00075241
03:13||835255500||628648||0.00075241
03:14||835255500||628648||0.00075241
03:15||835255500||628648||0.00075241
03:16||835255500||628648||0.00075241
03:17||835255500||628648||0.00075241
03:18||835260500||628648||0.00075241
03:19||835255500||628648||0.00075241
03:20||835260500||628648||0.00075241
03:21||835260500||628648||0.00075241
03:22||835260500||628648||0.00075241
03:23||835272500||628648||0.00075241
03:24||835326500||628648||0.00075241
03:25||835345500||628648||0.00075241
03:26||835257500||628648||0.00075241
03:27||835302500||628648||0.00075241
03:28||835345500||628396||0.00075241
03:29||835381500||628396||0.00075241
03:30||835396500||628396||0.00075241
03:31||835396500||628396||0.00075241
03:32||835999500||629014||0.00075241
03:33||835999500||629014||0.00075241
03:34||835999500||629014||0.00075241
03:35||835999500||629014||0.00075241
03:36||835250000||628262||0.00075241
03:37||837728000||629767||0.00075241
03:38||837727000||629767||0.00075241
03:39||837726000||629767||0.00075241
03:40||837726000||629767||0.00075241
03:41||837796500||629767||0.00075241
03:42||837796500||629767||0.00075241
03:43||837796500||629767||0.00075241
03:44||837796500||630368||0.00075241
03:45||837796500||630368||0.00075241
03:46||837796500||630366||0.00075241
03:47||837796500||630366||0.00075241
03:48||837796500||630366||0.00075241
03:49||837796500||630366||0.00075241
03:50||837796500||630366||0.00075241
03:51||837796500||630366||0.00075241
03:52||837796500||630366||0.00075241
03:53||837796500||630366||0.00075241
03:54||837796500||630366||0.00075241
03:55||837796500||630366||0.00075241
03:56||837796500||630366||0.00075241
03:57||837796500||630366||0.00075241
03:58||837796500||630366||0.00075241
03:59||837796500||630366||0.00075241
04:00||837796500||630366||0.00075241
04:01||837796500||630366||0.00075241
04:02||837796500||630366||0.00075241
04:03||837796500||630366||0.00075241
04:04||837796500||630366||0.00075241
04:05||837796500||630366||0.00075241
04:06||837796500||630366||0.00075241
04:07||837796500||630366||0.00075241
04:08||837796500||630366||0.00075241
04:09||837796500||630366||0.00075241
04:10||837796500||630366||0.00075241
04:11||837796500||630366||0.00075241
04:12||837796500||630366||0.00075241
04:13||837796500||630366||0.00075241
04:14||837796500||630366||0.00075241
04:15||837796500||630366||0.00075241
04:16||837796500||630366||0.00075241
04:17||837796500||630366||0.00075241
04:18||837796500||630366||0.00075241
04:19||837796500||630366||0.00075241
04:20||837796500||630366||0.00075241
04:21||837796500||630366||0.00075241
04:22||837796500||630366||0.00075241
04:23||837796500||630366||0.00075241
04:24||837796500||630366||0.00075241
04:25||837796500||630366||0.00075241
04:26||837724000||630366||0.00075241
04:27||837721000||630259||0.00075241
04:28||836302000||630220||0.00075241
04:29||836302000||630220||0.00075241
04:30||836302000||630220||0.00075241
04:31||836302000||630220||0.00075241
04:32||835511000||628278||0.00075241
04:33||835022500||628278||0.00075241
04:34||835022500||628278||0.00075241
04:35||835022500||628278||0.00075241
04:36||835022500||628278||0.00075241
04:37||835022500||628278||0.00075241
04:38||835022500||628278||0.00075241
04:39||835548500||628279||0.00075241
04:40||835991500||628279||0.00075241
04:41||835991500||629008||0.00075241
04:42||835991500||629008||0.00075241
04:43||835991500||629008||0.00075241
04:44||835513000||629008||0.00075241
04:45||835514500||628281||0.00075241
04:46||835514500||628281||0.00075241
04:47||835564000||628281||0.00075241
04:48||835621500||628281||0.00075241
04:49||835514500||628281||0.00075241
04:50||835505000||628281||0.00075241
04:51||835505000||628281||0.00075241
04:52||835362000||628785||0.00075241
04:53||835211000||628785||0.00075241
04:54||835078000||628785||0.00075241
04:55||835078000||628785||0.00075241
04:56||835078000||628785||0.00075241
04:57||835078000||628785||0.00075241
04:58||835078000||628357||0.00075241
04:59||835078000||628357||0.00075241
05:00||835078000||628282||0.00075241
05:01||835078000||628357||0.00075241
05:02||835079000||628357||0.00075241
05:03||835079000||628357||0.00075241
05:04||835211000||628359||0.00075241
05:05||835211000||628359||0.00075241
05:06||835211000||628359||0.00075241
05:07||835211000||628359||0.00075241
05:08||835211000||628359||0.00075241
05:09||835211000||628359||0.00075241
05:10||835211000||628558||0.00075241
05:11||835211000||628558||0.00075241
05:12||835211000||628558||0.00075241
05:13||835211000||628558||0.00075241
05:14||835211000||628558||0.00075241
05:15||835029500||628558||0.00075241
05:16||835029500||628284||0.00075241
05:17||835029500||628284||0.00075241
05:18||835029500||628284||0.00075241
05:19||835029500||628284||0.00075241
05:20||835029500||628284||0.00075241
05:21||835026000||628277||0.00075241
05:22||835026000||628277||0.00075241
05:23||835026000||628277||0.00075241
05:24||832755000||624500||0.00075241
05:25||835020500||624500||0.00075241
05:26||835020500||628278||0.00075241
05:27||835020500||628278||0.00075241
05:28||835020500||628278||0.00075241
05:29||835020500||628278||0.00075241
05:30||835020500||628278||0.00075241
05:31||835020500||628278||0.00075241
05:32||835020500||628277||0.00075241
05:33||835020500||628277||0.00075241
05:34||835020500||628277||0.00075241
05:35||832561500||628277||0.00075241
05:36||832978000||628277||0.00075241
05:37||833290500||628277||0.00075241
05:38||833586500||628278||0.00075241
05:39||833780000||628278||0.00075241
05:40||833986500||628278||0.00075241
05:41||834158000||628278||0.00075241
05:42||834300500||628278||0.00075241
05:43||834330000||628278||0.00075241
05:44||834330000||628278||0.00075241
05:45||834330000||628278||0.00075241
05:46||834330000||628278||0.00075241
05:47||834330000||628278||0.00075241
05:48||834330000||628278||0.00075241
05:49||834330000||628278||0.00075241
05:50||834330000||628278||0.00075241
05:51||834330000||628278||0.00075241
05:52||834330000||628278||0.00075241
05:53||834330000||628278||0.00075241
05:54||834330000||628278||0.00075241
05:55||834330000||628278||0.00075241
05:56||834330000||628278||0.00075241
05:57||834330000||628278||0.00075241
05:58||834331000||624501||0.00075241
05:59||834331000||624501||0.00075241
06:00||834331000||624501||0.00075241
06:01||834331000||624501||0.00075241
06:02||834438000||627318||0.00075241
06:03||834549500||627318||0.00075241
06:04||834625000||627584||0.00075241
06:05||834666000||627584||0.00075241
06:06||834659500||627584||0.00075241
06:07||834659500||627584||0.00075241
06:08||834659500||627584||0.00075241
06:09||834659500||628252||0.00075241
06:10||834659500||628252||0.00075241
06:11||834332500||627759||0.00075241
06:12||834332500||627759||0.00075241
06:13||834332500||627759||0.00075241
06:14||834332500||627759||0.00075241
06:15||834332500||627759||0.00075241
06:16||834273500||627759||0.00075241
06:17||834018000||627671||0.00075241
06:18||834018000||627665||0.00075241
06:19||832173000||624502||0.00075241
06:20||831524500||624502||0.00075241
06:21||832149000||626757||0.00075241
06:22||832299000||626757||0.00075241
06:23||832411000||626757||0.00075241
06:24||831999500||626004||0.00075241
06:25||831999500||626005||0.00075241
06:26||831999500||626005||0.00075241
06:27||831999500||626005||0.00075241
06:28||831102000||626005||0.00075241
06:29||831275000||626005||0.00075241
06:30||831415500||626003||0.00075241
06:31||831000000||624502||0.00075241
06:32||830997500||625997||0.00075241
06:33||831018500||625997||0.00075241
06:34||831152000||625997||0.00075241
06:35||831269500||625997||0.00075241
06:36||831370000||625997||0.00075241
06:37||831484500||625997||0.00075241
06:38||831569000||626002||0.00075241
06:39||831647500||626002||0.00075241
06:40||831720500||626002||0.00075241
06:41||831764500||625625||0.00075241
06:42||831815000||625625||0.00075241
06:43||831850000||626002||0.00075241
06:44||831882000||626002||0.00075241
06:45||831904500||625840||0.00075241
06:46||831925500||625840||0.00075241
06:47||832462000||625840||0.00075241
06:48||832529000||625840||0.00075241
06:49||832606500||625840||0.00075241
06:50||834683000||627509||0.00075241
06:51||834750000||628261||0.00075241
06:52||834794500||628261||0.00075241
06:53||834837000||627968||0.00075241
06:54||835737500||628563||0.00075241
06:55||835781000||628563||0.00075241
06:56||835822500||628728||0.00075241
06:57||835856500||629000||0.00075241
06:58||835882000||629000||0.00075241
06:59||835906500||629000||0.00075241
07:00||835977500||629000||0.00075241
07:01||835977500||629000||0.00075241
07:02||835998500||629014||0.00075241
07:03||835998500||629013||0.00075241
07:04||835998500||629014||0.00075241
07:05||835930000||629014||0.00075241
07:06||835930000||629014||0.00075241
07:07||835930000||629014||0.00075241
07:08||835930000||629014||0.00075241
07:09||836500000||629014||0.00075241
07:10||836500000||629767||0.00075241
07:11||836499000||629767||0.00075241
07:12||836500000||629767||0.00075241
07:13||836997500||629767||0.00075241
07:14||836999500||629767||0.00075241
07:15||838499000||632024||0.00075241
07:16||838500500||629766||0.00075241
07:17||838500500||632023||0.00075241
07:18||838502000||632023||0.00075241
07:19||838502000||632023||0.00075241
07:20||838502000||632023||0.00075241
07:21||838252500||632023||0.00075241
07:22||838253000||632023||0.00075241
07:23||838252500||629770||0.00075241
07:24||838128500||629772||0.00075241
07:25||838129000||629772||0.00075241
07:26||838129000||629772||0.00075241
07:27||838129000||629773||0.00075241
07:28||838129000||629773||0.00075241
07:29||838129000||629773||0.00075241
07:30||838129000||631458||0.00075241
07:31||838129000||631458||0.00075241
07:32||838129000||631458||0.00075241
07:33||838379000||631458||0.00075241
07:34||838127500||631458||0.00075241
07:35||838128000||629773||0.00075241
07:36||838129500||631458||0.00075241
07:37||838130000||631460||0.00075241
07:38||838132000||631460||0.00075241
07:39||837514000||631460||0.00075241
07:40||837514000||631460||0.00075241
07:41||837514000||629777||0.00075241
07:42||837513500||629777||0.00075241
07:43||837513500||630529||0.00075241
07:44||837656500||629777||0.00075241
07:45||837656500||629992||0.00075241
07:46||837999500||629992||0.00075241
07:47||837999500||629992||0.00075241
07:48||837999500||629992||0.00075241
07:49||837999500||629992||0.00075241
07:50||837999500||630519||0.00075241
07:51||837999500||630518||0.00075241
07:52||837999500||630518||0.00075241
07:53||837999500||630519||0.00075241
07:54||838006500||630518||0.00075241
07:55||838006500||630518||0.00075241
07:56||838006500||630518||0.00075241
07:57||838006500||630530||0.00075241
07:58||838006500||630530||0.00075241
07:59||838006500||630530||0.00075241
08:00||838006500||630518||0.00075241
08:01||838624500||631460||0.00075241
08:02||838624500||630518||0.00075241
08:03||838624500||630518||0.00075241
08:04||838624500||631460||0.00075241
08:05||838624500||631460||0.00075241
08:06||838624500||631460||0.00075241
08:07||838624500||631460||0.00075241
08:08||838624500||631460||0.00075241
08:09||838624500||631460||0.00075241
08:10||838624500||631460||0.00075241
08:11||838624500||631460||0.00075241
08:12||838619500||631460||0.00075241
08:13||838619500||631460||0.00075241
08:14||838619500||631460||0.00075241
08:15||838619500||630518||0.00075241
08:16||838619500||630518||0.00075241
08:17||838619500||630518||0.00075241
08:18||838619500||630518||0.00075241
08:19||838619500||630518||0.00075241
08:20||838270000||629992||0.00075241
08:21||838620000||630519||0.00075241
08:22||838250000||630519||0.00075241
08:23||838200000||630519||0.00075241
08:24||838200000||630820||0.00075241
08:25||838200000||630820||0.00075241
08:26||838000500||630820||0.00075241
08:27||838000500||630820||0.00075241
08:28||837650500||630520||0.00075241
08:29||837650000||630520||0.00075241
08:30||837507000||629777||0.00075241
08:31||837504000||629773||0.00075241
08:32||837504000||629773||0.00075241
08:33||837509000||629773||0.00075241
08:34||837509000||629773||0.00075241
08:35||837509000||629773||0.00075241
08:36||837509000||629780||0.00075241
08:37||837509000||629780||0.00075241
08:38||837509000||629780||0.00075241
08:39||837509000||630519||0.00075241
08:40||837504000||629773||0.00075241
08:41||837704000||630820||0.00075241
08:42||837754000||630895||0.00075241
08:43||837754000||630895||0.00075241
08:44||837754000||630895||0.00075241
08:45||837699000||630895||0.00075241
08:46||837699000||629773||0.00075241
08:47||837699000||630813||0.00075241
08:48||837699000||630813||0.00075241
08:49||837698000||630813||0.00075241
08:50||837699000||630813||0.00075241
08:51||837699000||630293||0.00075241
08:52||837699000||630813||0.00075241
08:53||837699000||630813||0.00075241
08:54||837699000||630813||0.00075241
08:55||837670500||630813||0.00075241
08:56||837564500||630813||0.00075241
08:57||838265500||630627||0.00075241
08:58||838194000||630627||0.00075241
08:59||838388500||630670||0.00075241
09:00||837744000||630670||0.00075241
09:01||837745000||630670||0.00075241
09:02||837745000||630670||0.00075241
09:03||837944000||630811||0.00075241
09:04||837935000||630811||0.00075241
09:05||837749000||630143||0.00075241
09:06||837749000||630143||0.00075241
09:07||837733000||630767||0.00075241
09:08||837686000||630767||0.00075241
09:09||837570500||630767||0.00075241
09:10||837501500||630144||0.00075241
09:11||837302000||629843||0.00075241
09:12||837501500||629843||0.00075241
09:13||837501500||630144||0.00075241
09:14||837501500||630144||0.00075241
09:15||837501500||630144||0.00075241
09:16||837501500||630144||0.00075241
09:17||837501500||630144||0.00075241
09:18||837501500||630144||0.00075241
09:19||837501500||630144||0.00075241
09:20||837501500||630144||0.00075241
09:21||838199500||630670||0.00075241
09:22||838199500||630670||0.00075241
09:23||838199500||630669||0.00075241
09:24||838244500||630737||0.00075241
09:25||838244500||630737||0.00075241
09:26||838245000||630737||0.00075241
09:27||838250000||630737||0.00075241
09:28||838250000||630737||0.00075241
09:29||838250000||630737||0.00075241
09:30||838250000||630737||0.00075241
09:31||838289500||630737||0.00075241
09:32||838289500||631422||0.00075241
09:33||838743500||631422||0.00075241
09:34||838743500||630737||0.00075241
09:35||838743000||631421||0.00075241
09:36||838638000||631262||0.00075241
09:37||838289500||631262||0.00075241
09:38||838743000||630737||0.00075241
09:39||838742000||631420||0.00075241
09:40||838742500||631419||0.00075241
09:41||838704500||631389||0.00075241
09:42||838798500||631346||0.00075241
09:43||838473000||631025||0.00075241
09:44||838291500||630739||0.00075241
09:45||838481000||630739||0.00075241
09:46||838291500||630739||0.00075241
09:47||838291500||630739||0.00075241
09:48||838291500||630739||0.00075241
09:49||838291500||630739||0.00075241
09:50||838291500||630739||0.00075241
09:51||838291500||630739||0.00075241
09:52||838291500||630739||0.00075241
09:53||838291500||630739||0.00075241
09:54||838291500||630739||0.00075241
09:55||838291500||630738||0.00075241
09:56||838291500||630738||0.00075241
09:57||838291500||630738||0.00075241
09:58||838291500||630738||0.00075241
09:59||838291500||630738||0.00075241
10:00||838700500||631354||0.00075241
10:01||838291500||631354||0.00075241
10:02||838291500||631354||0.00075241
10:03||838291500||630738||0.00075241
10:04||838291500||630738||0.00075241
10:05||838855500||630739||0.00075241
10:06||838291500||630738||0.00075241
10:07||838291500||630739||0.00075241
10:08||838291500||630738||0.00075241
10:09||838645000||630738||0.00075241
10:10||838496000||630738||0.00075241
10:11||838496000||630738||0.00075241
10:12||838497500||630738||0.00075241
10:13||838497500||630741||0.00075241
10:14||838497500||630741||0.00075241
10:15||838497500||630741||0.00075241
10:16||838497500||630741||0.00075241
10:17||838500000||630741||0.00075241
10:18||838300500||630745||0.00075241
10:19||838300500||630745||0.00075241
10:20||838300500||630745||0.00075241
10:21||838300500||630746||0.00075241
10:22||838300500||630746||0.00075241
10:23||838600000||631046||0.00075241
10:24||838600000||631046||0.00075241
10:25||838600000||631046||0.00075241
10:26||839250000||632016||0.00075241
10:27||839250000||630903||0.00075241
10:28||839205000||630903||0.00075241
10:29||839205000||630903||0.00075241
10:30||839204000||630903||0.00075241
10:31||839208500||630910||0.00075241
10:32||839208500||631949||0.00075241
10:33||839209500||631949||0.00075241
10:34||839019000||631949||0.00075241
10:35||839208500||631948||0.00075241
10:36||839208500||631948||0.00075241
10:37||839208500||631948||0.00075241
10:38||839209000||631948||0.00075241
10:39||839209000||631948||0.00075241
10:40||839209000||631948||0.00075241
10:41||839209000||630911||0.00075241
10:42||839209000||631946||0.00075241
10:43||839297000||631946||0.00075241
10:44||839297000||631046||0.00075241
10:45||839899000||631949||0.00075241
10:46||839949000||632023||0.00075241
10:47||839949000||632024||0.00075241
10:48||839898500||632024||0.00075241
10:49||839898500||632024||0.00075241
10:50||840011000||632040||0.00075241
10:51||840011000||632024||0.00075241
10:52||840500000||632776||0.00075241
10:53||840500000||632776||0.00075241
10:54||840500000||632776||0.00075241
10:55||839948000||632024||0.00075241
10:56||840447000||632776||0.00075241
10:57||840447000||632776||0.00075241
10:58||840447000||632775||0.00075241
10:59||840447000||632774||0.00075241
11:00||840448000||632776||0.00075241
11:01||839898500||632776||0.00075241
11:02||839898500||632776||0.00075241
11:03||840449500||632776||0.00075241
11:04||840503500||632776||0.00075241
11:05||840503000||632776||0.00075241
11:06||840504000||632776||0.00075241
11:07||840504000||632776||0.00075241
11:08||841003000||633528||0.00075241
11:09||841999000||633529||0.00075241
11:10||841999000||633529||0.00075241
11:11||841999000||633529||0.00075241
11:12||841999500||633529||0.00075241
11:13||841999500||633529||0.00075241
11:14||841999500||633529||0.00075241
11:15||842499500||633905||0.00075241
11:16||843243500||635024||0.00075241
11:17||842504500||635786||0.00075241
11:18||843249000||635786||0.00075241
11:19||843673000||636422||0.00075241
11:20||843848500||636422||0.00075241
11:21||843848000||636422||0.00075241
11:22||843847500||636422||0.00075241
11:23||842356000||636422||0.00075241
11:24||843850500||636418||0.00075241
11:25||841863000||633424||0.00075241
11:26||843825500||633424||0.00075241
11:27||843814500||633424||0.00075241
11:28||843808000||633499||0.00075241
11:29||843457500||633424||0.00075241
11:30||844526500||635827||0.00075241
11:31||844526500||635827||0.00075241
11:32||844526500||635826||0.00075241
11:33||844526500||635826||0.00075241
11:34||844000500||635826||0.00075241
11:35||844000500||633450||0.00075241
11:36||842950000||635034||0.00075241
11:37||842750500||633153||0.00075241
11:38||842750500||633153||0.00075241
11:39||842700500||633153||0.00075241
11:40||842000500||633153||0.00075241
11:41||842000500||633153||0.00075241
11:42||842000500||633153||0.00075241
11:43||842675000||633154||0.00075241
11:44||842000500||633190||0.00075241
11:45||842582500||634807||0.00075241
11:46||842560500||634774||0.00075241
11:47||842560500||634774||0.00075241
11:48||842805500||633529||0.00075241
11:49||842789000||633529||0.00075241
11:50||842789000||633529||0.00075241
11:51||842075000||633529||0.00075241
11:52||842075000||633529||0.00075241
11:53||842075000||633529||0.00075241
11:54||842073500||633529||0.00075241
11:55||842073500||633529||0.00075241
11:56||841824000||633153||0.00075241
11:57||841745500||633153||0.00075241
11:58||840901000||632030||0.00075241
11:59||840887000||633378||0.00075241
12:00||840932000||633378||0.00075241
12:01||840955000||633378||0.00075241
12:02||840950000||632099||0.00075241
12:03||840950000||632099||0.00075241
12:04||840950000||632099||0.00075241
12:05||840950000||632099||0.00075241
12:06||840938000||632107||0.00075241
12:07||840938000||632107||0.00075241
12:08||840955000||633353||0.00075241
12:09||840955000||633353||0.00075241
12:10||840955000||633353||0.00075241
12:11||840805000||633353||0.00075241
12:12||840110500||632107||0.00075241
12:13||840110500||632107||0.00075241
12:14||840110500||632107||0.00075241
12:15||840110500||632107||0.00075241
12:16||840110500||632107||0.00075241
12:17||840110500||632107||0.00075241
12:18||840805000||633153||0.00075241
12:19||841055000||633529||0.00075241
12:20||841555000||634281||0.00075241
12:21||841526500||634281||0.00075241
12:22||840561000||632107||0.00075241
12:23||840564500||632776||0.00075241
12:24||840564500||632121||0.00075241
12:25||841051000||633529||0.00075241
12:26||841051000||633529||0.00075241
12:27||841051000||633529||0.00075241
12:28||840139500||632128||0.00075241
12:29||840139500||632128||0.00075241
12:30||841051000||632128||0.00075241
12:31||841056500||632130||0.00075241
12:32||841056500||632130||0.00075241
12:33||841051500||632129||0.00075241
12:34||841051500||633501||0.00075241
12:35||841051500||633501||0.00075241
12:36||841070000||633501||0.00075241
12:37||841962500||633500||0.00075241
12:38||841962500||633501||0.00075241
12:39||841962500||633501||0.00075241
12:40||841962500||633501||0.00075241
12:41||841962500||633501||0.00075241
12:42||841057000||633501||0.00075241
12:43||841481500||633501||0.00075241
12:44||841962500||633500||0.00075241
12:45||841962500||633501||0.00075241
12:46||841962500||633501||0.00075241
12:47||841962500||633501||0.00075241
12:48||841962500||633501||0.00075241
12:49||841962500||633501||0.00075241
12:50||841962500||633501||0.00075241
12:51||841962500||633501||0.00075241
12:52||841962500||633501||0.00075241
12:53||841962500||633501||0.00075241
12:54||841962500||633501||0.00075241
12:55||841445000||633500||0.00075241
12:56||841445000||633500||0.00075241
12:57||841445000||633500||0.00075241
12:58||841445000||633446||0.00075241
12:59||841889500||633446||0.00075241
13:00||841000500||632107||0.00075241
13:01||841000500||633446||0.00075241
13:02||841000500||632107||0.00075241
13:03||841001000||633446||0.00075241
13:04||840112500||633446||0.00075241
13:05||840112500||632109||0.00075241
13:06||840112500||632109||0.00075241
13:07||840112500||632109||0.00075241
13:08||840112500||632109||0.00075241
13:09||840112500||632109||0.00075241
13:10||840112500||632109||0.00075241
13:11||840112500||632109||0.00075241
13:12||840112500||632109||0.00075241
13:13||840061500||632031||0.00075241
13:14||840061500||632031||0.00075241
13:15||840060500||632031||0.00075241
13:16||840060500||632030||0.00075241
13:17||840060500||632030||0.00075241
13:18||840060500||632030||0.00075241
13:19||840112500||632030||0.00075241
13:20||840112500||632109||0.00075241
13:21||840112500||632109||0.00075241
13:22||840112500||632109||0.00075241
13:23||840112500||632109||0.00075241
13:24||840112000||632109||0.00075241
13:25||838867000||631946||0.00075241
13:26||838867000||631901||0.00075241
13:27||837986000||631901||0.00075241
13:28||837986000||630575||0.00075241
13:29||837986000||630575||0.00075241
13:30||837986000||630575||0.00075241
13:31||837986000||630575||0.00075241
13:32||837986000||630575||0.00075241
13:33||837986000||630575||0.00075241
13:34||837986000||630575||0.00075241
13:35||837986000||630442||0.00075241
13:36||838036500||630442||0.00075241
13:37||838073500||630442||0.00075241
13:38||838073500||630442||0.00075241
13:39||838073500||630575||0.00075241
13:40||838073500||630574||0.00075241
13:41||838073500||630574||0.00075241
13:42||838478000||630575||0.00075241
13:43||838477500||630574||0.00075241
13:44||838477500||630574||0.00075241
13:45||838477500||630574||0.00075241
13:46||838440500||630518||0.00075241
13:47||838440500||631183||0.00075241
13:48||838440500||631183||0.00075241
13:49||838440500||631183||0.00075241
13:50||838448500||631183||0.00075241
13:51||838448500||631183||0.00075241
13:52||838448500||631183||0.00075241
13:53||838448500||631183||0.00075241
13:54||838448500||631195||0.00075241
13:55||838439500||631195||0.00075241
13:56||838439500||630518||0.00075241
13:57||838439500||631181||0.00075241
13:58||838439500||631181||0.00075241
13:59||838439500||631181||0.00075241
14:00||838439500||630518||0.00075241
14:01||838439500||630518||0.00075241
14:02||838439500||631181||0.00075241
14:03||838439500||631181||0.00075241
14:04||838439500||631181||0.00075241
14:05||838439500||631181||0.00075241
14:06||838440500||631181||0.00075241
14:07||838440500||631181||0.00075241
14:08||838440500||631181||0.00075241
14:09||838440500||631181||0.00075241
14:10||838440500||631181||0.00075241
14:11||838440500||631181||0.00075241
14:12||838439500||631181||0.00075241
14:13||838440500||631181||0.00075241
14:14||838440500||631181||0.00075241
14:15||838440500||631181||0.00075241
14:16||838440500||631181||0.00075241
14:17||838440500||631181||0.00075241
14:18||838441500||631181||0.00075241
14:19||838441500||631181||0.00075241
14:20||838441000||631180||0.00075241
14:21||838441000||631180||0.00075241
14:22||838441000||631180||0.00075241
14:23||838441000||631180||0.00075241
14:24||838441000||630521||0.00075241
14:25||838440500||630521||0.00075241
14:26||839943500||633500||0.00075241
14:27||839943500||633500||0.00075241
14:28||839943500||633500||0.00075241
14:29||839943500||633500||0.00075241
14:30||839945000||633441||0.00075241
14:31||839945000||633441||0.00075241
14:32||839945000||633441||0.00075241
14:33||839751500||630518||0.00075241
14:34||838469000||630518||0.00075241
14:35||838392000||630518||0.00075241
14:36||838326000||631009||0.00075241
14:37||838311000||631009||0.00075241
14:38||838310000||630518||0.00075241
14:39||838310000||630518||0.00075241
14:40||838310000||630986||0.00075241
14:41||838310000||630986||0.00075241
14:42||838310000||630518||0.00075241
14:43||838620500||630986||0.00075241
14:44||838620500||630986||0.00075241
14:45||838620500||630986||0.00075241
14:46||838620500||630986||0.00075241
14:47||838620500||630986||0.00075241
14:48||838620500||630986||0.00075241
14:49||838620500||630986||0.00075241
14:50||838620500||630986||0.00075241
14:51||838620500||630986||0.00075241
14:52||838620500||630986||0.00075241
14:53||838620500||630986||0.00075241
14:54||838620500||630986||0.00075241
14:55||838620500||630986||0.00075241
14:56||838620500||630986||0.00075241
14:57||838620500||630986||0.00075241
14:58||838620500||630986||0.00075241
14:59||838620500||630986||0.00075241
15:00||838620500||630986||0.00075241
15:01||838620500||630986||0.00075241
15:02||838620500||630986||0.00075241
15:03||838620500||630986||0.00075241
15:04||838620500||630986||0.00075241
15:05||838620500||630986||0.00075241
15:06||838620500||630986||0.00075241
15:07||838620500||630986||0.00075241
15:08||838620500||630986||0.00075241
15:09||838620500||630986||0.00075241
15:10||838284500||630986||0.00075241
15:11||837674500||630442||0.00075241
15:12||837674500||630405||0.00075241
15:13||837501500||630405||0.00075241
15:14||837230000||630144||0.00075241
15:15||836470000||629719||0.00075241
15:16||836470000||629719||0.00075241
15:17||836470000||629719||0.00075241
15:18||836935500||629719||0.00075241
15:19||836935500||629718||0.00075241
15:20||836935500||629718||0.00075241
15:21||836935500||629718||0.00075241
15:22||836935500||629718||0.00075241
15:23||836935500||629718||0.00075241
15:24||836935500||629718||0.00075241
15:25||836411500||629017||0.00075241
15:26||836403000||629017||0.00075241
15:27||835506500||629012||0.00075241
15:28||835996500||629012||0.00075241
15:29||835996500||629012||0.00075241
15:30||835996500||629011||0.00075241
15:31||835996500||629011||0.00075241
15:32||835996500||629011||0.00075241
15:33||835996500||629011||0.00075241
15:34||835996500||629011||0.00075241
15:35||835996500||629012||0.00075241
15:36||835996500||629011||0.00075241
15:37||835996500||629011||0.00075241
15:38||835506500||629011||0.00075241
15:39||835506500||629011||0.00075241
15:40||835506500||629011||0.00075241
15:41||835506500||629011||0.00075241
15:42||835506500||629012||0.00075241
15:43||835506500||629012||0.00075241
15:44||835506500||629012||0.00075241
15:45||835506500||629012||0.00075241
15:46||835506500||629012||0.00075241
15:47||835506500||629012||0.00075241
15:48||835506500||629012||0.00075241
15:49||835016500||629012||0.00075241
15:50||835033000||629012||0.00075241
15:51||835033000||629012||0.00075241
15:52||835916500||629630||0.00075241
15:53||835926500||629630||0.00075241
15:54||835926500||629630||0.00075241
15:55||835926500||629630||0.00075241
15:56||836075500||629630||0.00075241
15:57||836175500||629630||0.00075241
15:58||835777500||629630||0.00075241
15:59||835777500||628679||0.00075241
16:00||835777500||628679||0.00075241
16:01||835777500||628679||0.00075241
16:02||835777500||628679||0.00075241
16:03||835777500||629014||0.00075241
16:04||835777500||629014||0.00075241
16:05||835555500||629014||0.00075241
16:06||835555500||629014||0.00075241
16:07||835555500||628680||0.00075241
16:08||835555500||628680||0.00075241
16:09||835555500||628679||0.00075241
16:10||835555500||628679||0.00075241
16:11||835555500||628680||0.00075241
16:12||835555500||628680||0.00075241
16:13||835555500||628680||0.00075241
16:14||835555500||628680||0.00075241
16:15||835555500||628680||0.00075241
16:16||835555500||628680||0.00075241
16:17||835555500||628680||0.00075241
16:18||835555500||628680||0.00075241
16:19||835555500||628680||0.00075241
16:20||835555500||628680||0.00075241
16:21||835555500||628680||0.00075241
16:22||835555500||628680||0.00075241
16:23||835555500||628680||0.00075241
16:24||835555500||628680||0.00075241
16:25||835555500||628680||0.00075241
16:26||835555500||628680||0.00075241
16:27||835555500||628680||0.00075241
16:28||835555500||628680||0.00075241
16:29||835555500||628680||0.00075241
16:30||835555500||628680||0.00075241
16:31||835555500||628680||0.00075241
16:32||835555500||628680||0.00075241
16:33||835555500||628680||0.00075241
16:34||835555500||628679||0.00075241
16:35||835555500||628679||0.00075241
16:36||835555500||628679||0.00075241
16:37||835555500||628679||0.00075241
16:38||835555500||628679||0.00075241
16:39||835555500||628679||0.00075241
16:40||835555500||628679||0.00075241
16:41||835555500||628679||0.00075241
16:42||835555500||628679||0.00075241
16:43||835555500||628680||0.00075241
16:44||835778500||628681||0.00075241
16:45||835778500||628681||0.00075241
16:46||835778500||628681||0.00075241
16:47||835778500||628681||0.00075241
16:48||835778500||628681||0.00075241
16:49||835778500||628681||0.00075241
16:50||835999500||628681||0.00075241
16:51||836499500||629767||0.00075241
16:52||836499500||629767||0.00075241
16:53||836499500||629767||0.00075241
16:54||836750000||629767||0.00075241
16:55||836750000||629767||0.00075241
16:56||836749500||629767||0.00075241
16:57||836749500||629766||0.00075241
16:58||836749500||629766||0.00075241
16:59||836749500||629390||0.00075241
17:00||836749500||629766||0.00075241
17:01||836744500||629766||0.00075241
17:02||836500500||629766||0.00075241
17:03||835646000||629014||0.00075241
17:04||833422000||628262||0.00075241
17:05||833400000||628262||0.00075241
17:06||833400500||628262||0.00075241
17:07||833400000||628262||0.00075241
17:08||832118500||627984||0.00075241
17:09||832118500||626093||0.00075241
17:10||832118500||626094||0.00075241
17:11||832112500||626094||0.00075241
17:12||832118500||626094||0.00075241
17:13||832118500||626094||0.00075241
17:14||832118500||626094||0.00075241
17:15||832118500||626094||0.00075241
17:16||832118500||626093||0.00075241
17:17||832118500||626094||0.00075241
17:18||832118500||626094||0.00075241
17:19||832118500||626094||0.00075241
17:20||832118500||626094||0.00075241
17:21||832118500||626094||0.00075241
17:22||832118500||626093||0.00075241
17:23||832118500||626093||0.00075241
17:24||832118500||626093||0.00075241
17:25||832118500||626094||0.00075241
17:26||832118500||626094||0.00075241
17:27||832118500||626094||0.00075241
17:28||832118500||626094||0.00075241
17:29||832118500||626094||0.00075241
17:30||832118500||626094||0.00075241
17:31||832118500||626094||0.00075241
17:32||832118500||626093||0.00075241
17:33||832118500||626093||0.00075241
17:34||832118500||626094||0.00075241
17:35||832118500||626094||0.00075241
17:36||832118500||626093||0.00075241
17:37||832118500||626094||0.00075241
17:38||832118500||626094||0.00075241
17:39||832118500||626094||0.00075241
17:40||832125000||626094||0.00075241
17:41||832124000||626093||0.00075241
17:42||832123500||626093||0.00075241
17:43||833405500||628023||0.00075241
17:44||833405500||626102||0.00075241
17:45||833737500||628530||0.00075241
17:46||835357500||628530||0.00075241
17:47||833727500||628530||0.00075241
17:48||833553000||626084||0.00075241
17:49||833552000||626084||0.00075241
17:50||833053000||626084||0.00075241
17:51||833052000||626084||0.00075241
17:52||833052000||626084||0.00075241
17:53||833551500||626084||0.00075241
17:54||833151000||626084||0.00075241
17:55||833551000||626084||0.00075241
17:56||833551000||626084||0.00075241
17:57||833551000||626084||0.00075241
17:58||833551000||626084||0.00075241
17:59||833551000||626084||0.00075241
18:00||833551000||626084||0.00075241
18:01||833551000||626084||0.00075241
18:02||833551000||626084||0.00075241
18:03||833551000||626084||0.00075241
18:04||833551500||626084||0.00075241
18:05||833551000||626084||0.00075241
18:06||833551000||626084||0.00075241
18:07||833551000||626084||0.00075241
18:08||833551000||626084||0.00075241
18:09||833551000||626084||0.00075241
18:10||833554000||626084||0.00075241
18:11||833554000||626084||0.00075241
18:12||833554000||626084||0.00075241
18:13||833554500||628260||0.00075241
18:14||833554500||628260||0.00075241
18:15||833554500||628260||0.00075241
18:16||833554500||628260||0.00075241
18:17||833554500||628260||0.00075241
18:18||832111500||628260||0.00075241
18:19||832111500||628260||0.00075241
18:20||832111500||626088||0.00075241
18:21||832108500||626084||0.00075241
18:22||832111500||626084||0.00075241
18:23||832111500||626084||0.00075241
18:24||832111500||626084||0.00075241
18:25||832111500||626089||0.00075241
18:26||832111500||626089||0.00075241
18:27||832111500||626088||0.00075241
18:28||832111500||626088||0.00075241
18:29||832111500||626089||0.00075241
18:30||832111500||626089||0.00075241
18:31||832111500||626089||0.00075241
18:32||832111500||626089||0.00075241
18:33||832111500||626089||0.00075241
18:34||832111500||626089||0.00075241
18:35||832111500||626089||0.00075241
18:36||832111500||626089||0.00075241
18:37||832111500||626089||0.00075241
18:38||832111500||626089||0.00075241
18:39||832111500||626089||0.00075241
18:40||832111500||626089||0.00075241
18:41||832111500||626089||0.00075241
18:42||832111500||626089||0.00075241
18:43||831056000||624500||0.00075241
18:44||825000500||621490||0.00075241
18:45||825501000||621490||0.00075241
18:46||823500000||619985||0.00075241
18:47||824500500||619234||0.00075241
18:48||824500500||621490||0.00075241
18:49||824500500||621490||0.00075241
18:50||824750500||621490||0.00075241
18:51||824895500||621490||0.00075241
18:52||825045500||621490||0.00075241
18:53||825045500||621490||0.00075241
18:54||825525000||621490||0.00075241
18:55||825525000||621490||0.00075241
18:56||825525000||621490||0.00075241
18:57||825525000||620775||0.00075241
18:58||825525000||621490||0.00075241
18:59||825525000||621490||0.00075241
19:00||825525000||621490||0.00075241
19:01||825525000||621490||0.00075241
19:02||826025000||622243||0.00075241
19:03||826025000||622243||0.00075241
19:04||825546000||620055||0.00075241
19:05||825496000||620055||0.00075241
19:06||825496000||620055||0.00075241
19:07||825496000||620055||0.00075241
19:08||825496000||622167||0.00075241
19:09||825496000||622167||0.00075241
19:10||825496000||622167||0.00075241
19:11||825500000||622167||0.00075241
19:12||824550000||622167||0.00075241
19:13||824550000||622167||0.00075241
19:14||824550000||622167||0.00075241
19:15||824551000||620738||0.00075241
19:16||824551000||620738||0.00075241
19:17||824551000||620738||0.00075241
19:18||824551000||620738||0.00075241
19:19||825046000||620062||0.00075241
19:20||825051000||620062||0.00075241
19:21||825051000||620062||0.00075241
19:22||825051000||620062||0.00075241
19:23||825051500||620062||0.00075241
19:24||825052500||620062||0.00075241
19:25||825052500||621490||0.00075241
19:26||825464500||621490||0.00075241
19:27||825501500||621490||0.00075241
19:28||827837000||624499||0.00075241
19:29||827837000||624499||0.00075241
19:30||827340000||624499||0.00075241
19:31||827838500||621251||0.00075241
19:32||827997500||621251||0.00075241
19:33||827917500||621251||0.00075241
19:34||827930500||621251||0.00075241
19:35||827932000||621251||0.00075241
19:36||828417500||621251||0.00075241
19:37||829368500||623750||0.00075241
19:38||827781000||624053||0.00075241
19:39||827500000||624053||0.00075241
19:40||829250000||623746||0.00075241
19:41||829749500||624498||0.00075241
19:42||829749500||624498||0.00075241
19:43||829749500||624498||0.00075241
19:44||829502500||624498||0.00075241
19:45||829501500||624498||0.00075241
19:46||829501500||624498||0.00075241
19:47||829500500||624498||0.00075241
19:48||829500500||624498||0.00075241
19:49||829500500||624124||0.00075241
19:50||829500500||624124||0.00075241
19:51||829500500||624124||0.00075241
19:52||829500500||624124||0.00075241
19:53||829500500||624124||0.00075241
19:54||829500500||624124||0.00075241
19:55||829500500||624124||0.00075241
19:56||829500500||624124||0.00075241
19:57||829500500||624124||0.00075241
19:58||829500500||624124||0.00075241
19:59||829500500||624124||0.00075241
20:00||829500500||624124||0.00075241
20:01||829500500||624124||0.00075241
20:02||829500500||624124||0.00075241
20:03||829500500||624124||0.00075241
20:04||829500500||624124||0.00075241
20:05||829500500||624124||0.00075241
20:06||829500500||624124||0.00075241
20:07||829500500||624124||0.00075241
20:08||829244000||624124||0.00075241
20:09||829244000||623746||0.00075241
20:10||829244000||623746||0.00075241
20:11||828745000||622995||0.00075241
20:12||828729500||622995||0.00075241
20:13||828479500||622619||0.00075241
20:14||828172500||622619||0.00075241
20:15||827502500||622619||0.00075241
20:16||827502500||622621||0.00075241
20:17||827502500||622620||0.00075241
20:18||827502500||622620||0.00075241
20:19||827205500||622243||0.00075241
20:20||827168500||622243||0.00075241
20:21||827121500||622243||0.00075241
20:22||827000500||622243||0.00075241
20:23||827000500||622243||0.00075241
20:24||827000500||622243||0.00075241
20:25||827000500||622243||0.00075241
20:26||827000500||622243||0.00075241
20:27||827000500||622243||0.00075241
20:28||827000500||622243||0.00075241
20:29||827000500||622243||0.00075241
20:30||827000500||622243||0.00075241
20:31||826471500||621492||0.00075241
20:32||826472500||621492||0.00075241
20:33||826471500||621492||0.00075241
20:34||826472500||622198||0.00075241
20:35||826502500||622198||0.00075241
20:36||826504000||622198||0.00075241
20:37||826790500||622198||0.00075241
20:38||827101000||622243||0.00075241
20:39||827502500||622619||0.00075241
20:40||827502500||622619||0.00075241
20:41||827142500||622619||0.00075241
20:42||827142500||622619||0.00075241
20:43||827502500||622619||0.00075241
20:44||827502500||622621||0.00075241
20:45||828777500||624500||0.00075241
20:46||829501000||624500||0.00075241
20:47||829997500||624500||0.00075241
20:48||829997500||624496||0.00075241
20:49||829997500||624496||0.00075241
20:50||829999500||624500||0.00075241
20:51||830500500||625252||0.00075241
20:52||830999500||625252||0.00075241
20:53||830999500||625252||0.00075241
20:54||831499500||626003||0.00075241
20:55||831998500||626003||0.00075241
20:56||831998500||626003||0.00075241
20:57||832007500||626016||0.00075241
20:58||832498500||626755||0.00075241
20:59||832498500||626755||0.00075241
21:00||832498500||626755||0.00075241
21:01||832498500||626755||0.00075241
21:02||832498500||626755||0.00075241
21:03||832498500||626755||0.00075241
21:04||832498500||626755||0.00075241
21:05||832498500||626755||0.00075241
21:06||832498500||626755||0.00075241
21:07||832498500||626005||0.00075241
21:08||832497500||626005||0.00075241
21:09||832497500||626005||0.00075241
21:10||832497500||626005||0.00075241
21:11||832497500||626753||0.00075241
21:12||832499000||626753||0.00075241
21:13||832499000||626753||0.00075241
21:14||832499000||626753||0.00075241
21:15||832499000||626753||0.00075241
21:16||832499000||626753||0.00075241
21:17||832499000||626753||0.00075241
21:18||832500000||626755||0.00075241
21:19||832497500||626003||0.00075241
21:20||832746000||626005||0.00075241
21:21||832746500||626382||0.00075241
21:22||832745000||626382||0.00075241
21:23||832745000||626750||0.00075241
21:24||832745000||626751||0.00075241
21:25||832745000||626751||0.00075241
21:26||832745000||626751||0.00075241
21:27||832997500||626755||0.00075241
21:28||832997500||626755||0.00075241
21:29||832997500||626755||0.00075241
21:30||832997500||626756||0.00075241
21:31||832997500||626755||0.00075241
21:32||832749000||626755||0.00075241
21:33||832749000||626382||0.00075241
21:34||832747500||626382||0.00075241
21:35||832747500||626382||0.00075241
21:36||832502500||626753||0.00075241
21:37||832502500||626753||0.00075241
21:38||832502500||626383||0.00075241
21:39||832502500||626383||0.00075241
21:40||832502500||626383||0.00075241
21:41||832502500||626383||0.00075241
21:42||832502500||626382||0.00075241
21:43||832502500||626382||0.00075241
21:44||832252500||626006||0.00075241
21:45||832251500||626382||0.00075241
21:46||832246500||626374||0.00075241
21:47||832241000||626374||0.00075241
21:48||832240000||626005||0.00075241
21:49||832240000||626005||0.00075241
21:50||832240000||626005||0.00075241
21:51||832240000||626005||0.00075241
21:52||832000500||626005||0.00075241
21:53||830615000||625561||0.00075241
21:54||830521000||625561||0.00075241
21:55||830521000||625246||0.00075241
21:56||830357000||625246||0.00075241
21:57||830357000||625246||0.00075241
21:58||830050500||624537||0.00075241
21:59||830050500||624537||0.00075241
22:00||830017500||624495||0.00075241
22:01||828914000||624398||0.00075241
22:02||828501500||623749||0.00075241
22:03||828501500||623749||0.00075241
22:04||828501500||623749||0.00075241
22:05||828501500||623749||0.00075241
22:06||828501500||623749||0.00075241
22:07||828502000||623749||0.00075241
22:08||827019000||622984||0.00075241
22:09||825264500||621117||0.00075241
22:10||825253500||621117||0.00075241
22:11||825265000||621117||0.00075241
22:12||823620500||619985||0.00075241
22:13||823620500||619985||0.00075241
22:14||823734500||619985||0.00075241
22:15||823734500||619985||0.00075241
22:16||825610500||619786||0.00075241
22:17||825664500||622489||0.00075241
22:18||825675000||622489||0.00075241
22:19||825676000||622489||0.00075241
22:20||825676000||622489||0.00075241
22:21||825676000||622489||0.00075241
22:22||825676500||622489||0.00075241
22:23||825676500||622489||0.00075241
22:24||823217500||619559||0.00075241
22:25||823218000||619559||0.00075241
22:26||823218000||619559||0.00075241
22:27||823218000||619559||0.00075241
22:28||823218000||619559||0.00075241
22:29||822239000||618857||0.00075241
22:30||822239000||618801||0.00075241
22:31||822051000||618518||0.00075241
22:32||822051500||618520||0.00075241
22:33||822051000||618520||0.00075241
22:34||822027000||618520||0.00075241
22:35||820701500||617697||0.00075241
22:36||820701500||617697||0.00075241
22:37||820701500||617697||0.00075241
22:38||820729000||617697||0.00075241
22:39||820613000||617522||0.00075241
22:40||822479000||617697||0.00075241
22:41||822293000||619940||0.00075241
22:42||822970000||619940||0.00075241
22:43||822970000||619940||0.00075241
22:44||822989500||618481||0.00075241
22:45||822989500||618481||0.00075241
22:46||823470500||620693||0.00075241
22:47||824430000||618481||0.00075241
22:48||823940500||618481||0.00075241
22:49||823940500||619941||0.00075241
22:50||823940500||619941||0.00075241
22:51||823940500||619941||0.00075241
22:52||823940500||619941||0.00075241
22:53||823940500||619941||0.00075241
22:54||823940500||619941||0.00075241
22:55||823940500||619941||0.00075241
22:56||823940500||619941||0.00075241
22:57||823940500||619941||0.00075241
22:58||823940500||619941||0.00075241
22:59||823940500||619941||0.00075241
23:00||822870000||619790||0.00075241
23:01||822870000||619790||0.00075241
23:02||821280000||618481||0.00075241
23:03||822541000||620361||0.00075241
23:04||820408000||617353||0.00075241
23:05||822194000||617298||0.00075241
23:06||822194000||617298||0.00075241
23:07||822194000||619985||0.00075241
23:08||822199500||619985||0.00075241
23:09||822284500||619985||0.00075241
23:10||822249500||619985||0.00075241
23:11||822250500||617352||0.00075241
23:12||823201000||617352||0.00075241
23:13||823150500||619910||0.00075241
23:14||823450000||618858||0.00075241
23:15||822852500||618858||0.00075241
23:16||823101500||618858||0.00075241
23:17||823000500||618858||0.00075241
23:18||823000500||619234||0.00075241
23:19||823000500||619234||0.00075241
23:20||823000500||619234||0.00075241
23:21||823000500||619234||0.00075241
23:22||823000500||619233||0.00075241
23:23||821450500||618857||0.00075241
23:24||821444500||619233||0.00075241
23:25||822120000||618857||0.00075241
23:26||821756000||618857||0.00075241
23:27||821756000||618857||0.00075241
23:28||821783000||618857||0.00075241
23:29||821783000||618857||0.00075241
23:30||821785500||618857||0.00075241
23:31||822088000||618781||0.00075241
23:32||822088000||618312||0.00075241
23:33||822088000||618312||0.00075241
23:34||822087500||618781||0.00075241
23:35||822038000||618781||0.00075241
23:36||821151000||616976||0.00075241
23:37||821001000||618481||0.00075241
23:38||820851000||618481||0.00075241
23:39||820851000||618255||0.00075241
23:40||820751000||618255||0.00075241
23:41||820750500||618255||0.00075241
23:42||820750500||618104||0.00075241
23:43||820750500||618104||0.00075241
23:44||820501000||616977||0.00075241
23:45||820255500||616976||0.00075241
23:46||820255500||616976||0.00075241
23:47||817760000||616622||0.00075241
23:48||817540000||616622||0.00075241
23:49||818395500||616976||0.00075241
23:50||818886000||616976||0.00075241
23:51||819000000||616976||0.00075241
23:52||819000500||616976||0.00075241
23:53||820050000||617728||0.00075241
23:54||820050000||617728||0.00075241
23:55||819500500||617728||0.00075241
23:56||820500000||617728||0.00075241
23:57||820500000||617728||0.00075241
23:58||820500000||617727||0.00075241
23:59||820499500||617727||0.00075241
