00:00||856572000||644787||0.00075241
00:01||856962500||644787||0.00075241
00:02||856572500||644787||0.00075241
00:03||856554500||644787||0.00075241
00:04||856346000||644199||0.00075241
00:05||856346000||644197||0.00075241
00:06||856345000||644197||0.00075241
00:07||856345000||644197||0.00075241
00:08||856345000||644197||0.00075241
00:09||856243500||644197||0.00075241
00:10||856179500||644197||0.00075241
00:11||855502000||643235||0.00075241
00:12||855502500||643235||0.00075241
00:13||855502000||644141||0.00075241
00:14||855502000||644141||0.00075241
00:15||855504500||644141||0.00075241
00:16||855502000||644141||0.00075241
00:17||855502000||644141||0.00075241
00:18||855708500||644476||0.00075241
00:19||855708500||644476||0.00075241
00:20||855708500||644476||0.00075241
00:21||855708500||644476||0.00075241
00:22||855691500||644426||0.00075241
00:23||854900500||643308||0.00075241
00:24||854900500||643308||0.00075241
00:25||854900500||643308||0.00075241
00:26||854900500||643308||0.00075241
00:27||854900500||643236||0.00075241
00:28||854900500||643235||0.00075241
00:29||854900500||643236||0.00075241
00:30||854900500||643236||0.00075241
00:31||854900500||643236||0.00075241
00:32||854900500||643236||0.00075241
00:33||854900500||643236||0.00075241
00:34||854900500||643236||0.00075241
00:35||854900500||643236||0.00075241
00:36||854900500||643235||0.00075241
00:37||854566000||643160||0.00075241
00:38||853662000||642934||0.00075241
00:39||853662000||642934||0.00075241
00:40||853647000||642934||0.00075241
00:41||853647000||642934||0.00075241
00:42||853588500||642934||0.00075241
00:43||853000500||642934||0.00075241
00:44||853000500||642934||0.00075241
00:45||852171500||641316||0.00075241
00:46||851450500||641053||0.00075241
00:47||851001500||640302||0.00075241
00:48||851001500||640301||0.00075241
00:49||851001000||640301||0.00075241
00:50||851001000||640301||0.00075241
00:51||851001000||640301||0.00075241
00:52||851000500||640301||0.00075241
00:53||851000500||640301||0.00075241
00:54||850030000||639681||0.00075241
00:55||850030000||639681||0.00075241
00:56||849468500||639544||0.00075241
00:57||849468500||639544||0.00075241
00:58||848521500||638796||0.00075241
00:59||848521500||638796||0.00075241
01:00||848050500||638790||0.00075241
01:01||847739500||638043||0.00075241
01:02||847600500||637952||0.00075241
01:03||849301000||637952||0.00075241
01:04||849267500||640251||0.00075241
01:05||849747000||640251||0.00075241
01:06||849747000||640251||0.00075241
01:07||849799000||640251||0.00075241
01:08||848709500||640251||0.00075241
01:09||849756000||638577||0.00075241
01:10||848560500||638577||0.00075241
01:11||848560500||638465||0.00075241
01:12||848560500||638465||0.00075241
01:13||848560500||638465||0.00075241
01:14||848560500||638465||0.00075241
01:15||848560500||638465||0.00075241
01:16||848560500||638465||0.00075241
01:17||848560500||638465||0.00075241
01:18||848560500||638465||0.00075241
01:19||847868500||638186||0.00075241
01:20||847868500||638186||0.00075241
01:21||847901000||638186||0.00075241
01:22||847601500||637744||0.00075241
01:23||847601500||637744||0.00075241
01:24||847601500||637744||0.00075241
01:25||847601500||637744||0.00075241
01:26||846482000||637291||0.00075241
01:27||845390000||636350||0.00075241
01:28||845390000||636350||0.00075241
01:29||845390000||636350||0.00075241
01:30||845390000||636350||0.00075241
01:31||845390000||635809||0.00075241
01:32||846011500||635796||0.00075241
01:33||845653500||635796||0.00075241
01:34||845611000||635796||0.00075241
01:35||845611000||635796||0.00075241
01:36||845611000||635796||0.00075241
01:37||845611000||635796||0.00075241
01:38||845611000||635796||0.00075241
01:39||845611000||635796||0.00075241
01:40||845611500||635796||0.00075241
01:41||845611500||635796||0.00075241
01:42||845611000||635796||0.00075241
01:43||845611000||635796||0.00075241
01:44||845611500||635796||0.00075241
01:45||845611500||635796||0.00075241
01:46||845611500||635796||0.00075241
01:47||845623500||635796||0.00075241
01:48||845623500||635796||0.00075241
01:49||846018500||635796||0.00075241
01:50||846087000||635796||0.00075241
01:51||846115000||635796||0.00075241
01:52||846018500||635796||0.00075241
01:53||846018500||635796||0.00075241
01:54||846018500||635796||0.00075241
01:55||846018500||635796||0.00075241
01:56||846018500||635796||0.00075241
01:57||846018500||635814||0.00075241
01:58||846018500||635814||0.00075241
01:59||846019000||635814||0.00075241
02:00||846018500||637291||0.00075241
02:01||846019000||637291||0.00075241
02:02||846019500||637291||0.00075241
02:03||845524000||637291||0.00075241
02:04||845525000||636547||0.00075241
02:05||845526000||636549||0.00075241
02:06||845526000||636549||0.00075241
02:07||845526000||636549||0.00075241
02:08||845525500||636549||0.00075241
02:09||845525500||636549||0.00075241
02:10||845525500||636549||0.00075241
02:11||845706500||636549||0.00075241
02:12||845706500||636549||0.00075241
02:13||845757500||636550||0.00075241
02:14||845999500||636550||0.00075241
02:15||845999500||636550||0.00075241
02:16||845999500||636550||0.00075241
02:17||845999500||636550||0.00075241
02:18||845999500||636550||0.00075241
02:19||845999500||636550||0.00075241
02:20||846001500||636553||0.00075241
02:21||846494000||636553||0.00075241
02:22||846494000||636553||0.00075241
02:23||846494000||636528||0.00075241
02:24||846002500||636528||0.00075241
02:25||846008500||636528||0.00075241
02:26||846008500||636528||0.00075241
02:27||846008500||636528||0.00075241
02:28||846008500||636528||0.00075241
02:29||846008500||636528||0.00075241
02:30||846008500||636528||0.00075241
02:31||846008500||636528||0.00075241
02:32||846008500||636528||0.00075241
02:33||846500000||637291||0.00075241
02:34||846500000||637291||0.00075241
02:35||846500000||636508||0.00075241
02:36||846479500||636508||0.00075241
02:37||846479500||636508||0.00075241
02:38||846479500||636508||0.00075241
02:39||846479500||636508||0.00075241
02:40||846479500||636508||0.00075241
02:41||846475500||636501||0.00075241
02:42||845965000||636501||0.00075241
02:43||845508000||636501||0.00075241
02:44||845042500||636501||0.00075241
02:45||845042500||636501||0.00075241
02:46||845042500||636501||0.00075241
02:47||845042500||636501||0.00075241
02:48||845049000||635822||0.00075241
02:49||845053500||635822||0.00075241
02:50||846024000||637291||0.00075241
02:51||846006500||635796||0.00075241
02:52||846006500||635796||0.00075241
02:53||846006500||635796||0.00075241
02:54||848005500||640299||0.00075241
02:55||848005500||640299||0.00075241
02:56||848005500||635796||0.00075241
02:57||848007500||640301||0.00075241
02:58||848007500||640301||0.00075241
02:59||848007500||640301||0.00075241
03:00||848007500||640301||0.00075241
03:01||848007500||640301||0.00075241
03:02||849256500||642181||0.00075241
03:03||849257500||642181||0.00075241
03:04||850766000||644451||0.00075241
03:05||851592500||645695||0.00075241
03:06||851591500||635796||0.00075241
03:07||852763500||647459||0.00075241
03:08||854157000||637893||0.00075241
03:09||854157000||637893||0.00075241
03:10||854257000||638043||0.00075241
03:11||854499000||638043||0.00075241
03:12||852756500||635786||0.00075241
03:13||854123500||635786||0.00075241
03:14||851800000||635786||0.00075241
03:15||854224500||635786||0.00075241
03:16||851300000||635034||0.00075241
03:17||844055000||646019||0.00075241
03:18||851300500||646019||0.00075241
03:19||851200500||646019||0.00075241
03:20||850784500||646019||0.00075241
03:21||852199000||646019||0.00075241
03:22||852199000||646019||0.00075241
03:23||852199000||646019||0.00075241
03:24||854199000||646019||0.00075241
03:25||854199000||646019||0.00075241
03:26||852195500||646019||0.00075241
03:27||852196000||646019||0.00075241
03:28||852480000||646019||0.00075241
03:29||852475000||645861||0.00075241
03:30||852874500||645861||0.00075241
03:31||852874500||637567||0.00075241
03:32||852874500||637567||0.00075241
03:33||852874500||637568||0.00075241
03:34||852874500||637568||0.00075241
03:35||852874000||637568||0.00075241
03:36||852874000||637568||0.00075241
03:37||852874000||637568||0.00075241
03:38||852874000||645852||0.00075241
03:39||853098500||645852||0.00075241
03:40||853748000||645852||0.00075241
03:41||853748000||645852||0.00075241
03:42||853745000||645852||0.00075241
03:43||855689000||645852||0.00075241
03:44||855689500||645852||0.00075241
03:45||855500500||645852||0.00075241
03:46||855500500||645567||0.00075241
03:47||855505500||645567||0.00075241
03:48||853559500||638887||0.00075241
03:49||853559500||638575||0.00075241
03:50||853559500||645566||0.00075241
03:51||853562500||645566||0.00075241
03:52||849505500||633529||0.00075241
03:53||844344000||632807||0.00075241
03:54||844348500||632807||0.00075241
03:55||844348500||637776||0.00075241
03:56||843022500||632816||0.00075241
03:57||843031500||635783||0.00075241
03:58||846316500||635783||0.00075241
03:59||846317500||635783||0.00075241
04:00||846318500||635783||0.00075241
04:01||846317500||635778||0.00075241
04:02||846324500||637775||0.00075241
04:03||846332500||637775||0.00075241
04:04||846341500||637775||0.00075241
04:05||846349500||637775||0.00075241
04:06||846894000||637775||0.00075241
04:07||846893000||636644||0.00075241
04:08||846893000||637776||0.00075241
04:09||846391000||637775||0.00075241
04:10||847148000||637772||0.00075241
04:11||847148000||637772||0.00075241
04:12||847152000||637772||0.00075241
04:13||847159000||637772||0.00075241
04:14||847620000||637772||0.00075241
04:15||847620000||637772||0.00075241
04:16||847620000||637742||0.00075241
04:17||847620000||637772||0.00075241
04:18||847620000||637772||0.00075241
04:19||846708000||637772||0.00075241
04:20||846709000||637772||0.00075241
04:21||846709000||637772||0.00075241
04:22||845775000||636370||0.00075241
04:23||845775000||636370||0.00075241
04:24||845768500||636370||0.00075241
04:25||845769500||636370||0.00075241
04:26||845770500||636370||0.00075241
04:27||845768500||636370||0.00075241
04:28||845768500||636370||0.00075241
04:29||845769500||636370||0.00075241
04:30||845388000||635786||0.00075241
04:31||845388000||635786||0.00075241
04:32||845395500||635799||0.00075241
04:33||845396500||636370||0.00075241
04:34||845396500||635799||0.00075241
04:35||845414000||635799||0.00075241
04:36||845775500||635799||0.00075241
04:37||845775500||635799||0.00075241
04:38||845922500||636589||0.00075241
04:39||845922500||636589||0.00075241
04:40||845922500||636594||0.00075241
04:41||845928500||636369||0.00075241
04:42||846083500||636602||0.00075241
04:43||846090500||636602||0.00075241
04:44||851127500||641804||0.00075241
04:45||851127500||641804||0.00075241
04:46||851315500||639278||0.00075241
04:47||851245000||639278||0.00075241
04:48||847642500||638871||0.00075241
04:49||849097500||638871||0.00075241
04:50||849097500||638871||0.00075241
04:51||849097500||638869||0.00075241
04:52||849097500||638869||0.00075241
04:53||849097500||638869||0.00075241
04:54||849097500||638869||0.00075241
04:55||849046000||638869||0.00075241
04:56||849002500||638869||0.00075241
04:57||849002500||638869||0.00075241
04:58||849089000||638798||0.00075241
04:59||849088500||638863||0.00075241
05:00||849088500||638863||0.00075241
05:01||849088500||638863||0.00075241
05:02||849088500||638863||0.00075241
05:03||849088500||638863||0.00075241
05:04||849086000||638798||0.00075241
05:05||849086000||638798||0.00075241
05:06||849086000||638798||0.00075241
05:07||849086000||638798||0.00075241
05:08||849087000||638863||0.00075241
05:09||849087000||638863||0.00075241
05:10||849087000||638863||0.00075241
05:11||849087000||638863||0.00075241
05:12||849087500||638863||0.00075241
05:13||849087500||638863||0.00075241
05:14||849087500||638863||0.00075241
05:15||849087500||638863||0.00075241
05:16||849087500||638860||0.00075241
05:17||849087500||638860||0.00075241
05:18||849087500||638860||0.00075241
05:19||850579000||638871||0.00075241
05:20||850579000||638871||0.00075241
05:21||850579000||638923||0.00075241
05:22||850579000||638923||0.00075241
05:23||843656500||635034||0.00075241
05:24||843656500||635034||0.00075241
05:25||843659500||634521||0.00075241
05:26||843661000||634521||0.00075241
05:27||843661000||635034||0.00075241
05:28||843683000||635034||0.00075241
05:29||843999500||635034||0.00075241
05:30||843999500||635034||0.00075241
05:31||843999500||635034||0.00075241
05:32||843999500||635034||0.00075241
05:33||843999500||635034||0.00075241
05:34||843999500||635034||0.00075241
05:35||843999500||635034||0.00075241
05:36||843999500||635034||0.00075241
05:37||843999500||635033||0.00075241
05:38||843999500||635033||0.00075241
05:39||843999500||635033||0.00075241
05:40||843999500||635033||0.00075241
05:41||843999500||635034||0.00075241
05:42||843999500||635034||0.00075241
05:43||843999500||635034||0.00075241
05:44||843999500||635034||0.00075241
05:45||843999500||635034||0.00075241
05:46||843999500||635034||0.00075241
05:47||843999500||635034||0.00075241
05:48||843999500||635033||0.00075241
05:49||847518000||635717||0.00075241
05:50||847626500||635717||0.00075241
05:51||847738500||635717||0.00075241
05:52||847738500||635717||0.00075241
05:53||847738500||635717||0.00075241
05:54||848815500||638042||0.00075241
05:55||848033500||639246||0.00075241
05:56||848033500||638069||0.00075241
05:57||848033500||638069||0.00075241
05:58||848844000||638069||0.00075241
05:59||849595500||638069||0.00075241
06:00||849595500||638069||0.00075241
06:01||849596000||638069||0.00075241
06:02||851186000||639548||0.00075241
06:03||851887500||640968||0.00075241
06:04||851887500||640968||0.00075241
06:05||851887500||640969||0.00075241
06:06||851156000||640968||0.00075241
06:07||849082500||639675||0.00075241
06:08||848088500||639675||0.00075241
06:09||848088500||639675||0.00075241
06:10||848088500||638109||0.00075241
06:11||848098000||638109||0.00075241
06:12||848098000||638109||0.00075241
06:13||848049500||638109||0.00075241
06:14||848086500||638109||0.00075241
06:15||848043500||638109||0.00075241
06:16||848045500||638110||0.00075241
06:17||848540000||638043||0.00075241
06:18||848541000||638043||0.00075241
06:19||848541000||638043||0.00075241
06:20||848541000||638043||0.00075241
06:21||848541000||638043||0.00075241
06:22||848256000||638043||0.00075241
06:23||848256000||638043||0.00075241
06:24||848258000||638043||0.00075241
06:25||848258000||638043||0.00075241
06:26||848235000||638856||0.00075241
06:27||848227000||638043||0.00075241
06:28||848541000||638043||0.00075241
06:29||848209000||638043||0.00075241
06:30||848002500||638043||0.00075241
06:31||846920500||638012||0.00075241
06:32||846092000||638012||0.00075241
06:33||848339000||636448||0.00075241
06:34||848501000||640011||0.00075241
06:35||848386000||639838||0.00075241
06:36||848386000||639838||0.00075241
06:37||849131500||639942||0.00075241
06:38||849131500||639942||0.00075241
06:39||849713500||639942||0.00075241
06:40||849679000||638725||0.00075241
06:41||849751500||640010||0.00075241
06:42||849759500||640010||0.00075241
06:43||850400000||640902||0.00075241
06:44||851201500||640902||0.00075241
06:45||851232500||640969||0.00075241
06:46||848536500||635786||0.00075241
06:47||848486500||635786||0.00075241
06:48||848331500||635786||0.00075241
06:49||848136500||635786||0.00075241
06:50||848136500||635786||0.00075241
06:51||848136500||635786||0.00075241
06:52||848136500||635786||0.00075241
06:53||848136500||635786||0.00075241
06:54||848022000||635786||0.00075241
06:55||847908500||640300||0.00075241
06:56||847856000||639878||0.00075241
06:57||847027500||639878||0.00075241
06:58||847027500||635991||0.00075241
06:59||846636500||638043||0.00075241
07:00||846636500||638043||0.00075241
07:01||846636500||638043||0.00075241
07:02||846636500||638043||0.00075241
07:03||846636500||638043||0.00075241
07:04||846692500||638043||0.00075241
07:05||847040500||638043||0.00075241
07:06||847336500||636538||0.00075241
07:07||847384500||636538||0.00075241
07:08||846362500||636538||0.00075241
07:09||846361500||636538||0.00075241
07:10||846388500||638429||0.00075241
07:11||847060500||638050||0.00075241
07:12||847060500||638050||0.00075241
07:13||847447000||638632||0.00075241
07:14||847419500||638632||0.00075241
07:15||847389000||638632||0.00075241
07:16||847433500||638632||0.00075241
07:17||847441500||638632||0.00075241
07:18||847448500||638632||0.00075241
07:19||847748000||638632||0.00075241
07:20||847936500||638632||0.00075241
07:21||847915500||637392||0.00075241
07:22||847936500||638565||0.00075241
07:23||849036500||639878||0.00075241
07:24||849036500||639878||0.00075241
07:25||849838500||641043||0.00075241
07:26||851684500||643310||0.00075241
07:27||851748000||638519||0.00075241
07:28||852553500||643310||0.00075241
07:29||852553500||643310||0.00075241
07:30||853210000||643310||0.00075241
07:31||853210000||643310||0.00075241
07:32||853573500||643310||0.00075241
07:33||853679000||643310||0.00075241
07:34||853652500||643310||0.00075241
07:35||853626000||643270||0.00075241
07:36||853591000||643230||0.00075241
07:37||853591000||643230||0.00075241
07:38||853076500||641322||0.00075241
07:39||852427500||641322||0.00075241
07:40||852429000||641322||0.00075241
07:41||852499500||641322||0.00075241
07:42||852491500||641421||0.00075241
07:43||852491500||641423||0.00075241
07:44||852490500||641423||0.00075241
07:45||852493500||641423||0.00075241
07:46||852489500||641423||0.00075241
07:47||852489500||641422||0.00075241
07:48||852266500||641422||0.00075241
07:49||852043500||641087||0.00075241
07:50||851726000||641087||0.00075241
07:51||851705000||641087||0.00075241
07:52||850900000||640610||0.00075241
07:53||849142500||639857||0.00075241
07:54||848727000||639698||0.00075241
07:55||848084500||638107||0.00075241
07:56||848084500||638107||0.00075241
07:57||848084500||638107||0.00075241
07:58||847636500||638106||0.00075241
07:59||847634500||637769||0.00075241
08:00||846891500||636651||0.00075241
08:01||846324500||635821||0.00075241
08:02||846325500||635821||0.00075241
08:03||845519500||635821||0.00075241
08:04||845509000||635821||0.00075241
08:05||845889000||636549||0.00075241
08:06||846982500||635820||0.00075241
08:07||846983500||635820||0.00075241
08:08||846985000||638039||0.00075241
08:09||846986000||638039||0.00075241
08:10||847994500||638039||0.00075241
08:11||846937000||638039||0.00075241
08:12||846937000||637964||0.00075241
08:13||844250000||635425||0.00075241
08:14||844010500||635425||0.00075241
08:15||842673000||634119||0.00075241
08:16||842561500||633951||0.00075241
08:17||842561500||633952||0.00075241
08:18||842566500||633952||0.00075241
08:19||842945500||633952||0.00075241
08:20||842571500||633952||0.00075241
08:21||843298000||635042||0.00075241
08:22||843298000||635042||0.00075241
08:23||843300000||633970||0.00075241
08:24||844712500||637299||0.00075241
08:25||844755000||637299||0.00075241
08:26||844843000||637166||0.00075241
08:27||844843000||637166||0.00075241
08:28||844847000||634171||0.00075241
08:29||843166000||634176||0.00075241
08:30||843162000||634170||0.00075241
08:31||843163000||634170||0.00075241
08:32||843163000||634636||0.00075241
08:33||843169000||634636||0.00075241
08:34||843183000||634646||0.00075241
08:35||843162500||634646||0.00075241
08:36||843154500||634180||0.00075241
08:37||843147500||634180||0.00075241
08:38||843139500||634180||0.00075241
08:39||843132500||634180||0.00075241
08:40||843124500||634180||0.00075241
08:41||844850000||634180||0.00075241
08:42||843109500||634180||0.00075241
08:43||844390500||634611||0.00075241
08:44||843671500||633529||0.00075241
08:45||843671500||633529||0.00075241
08:46||843668500||633529||0.00075241
08:47||843251000||633529||0.00075241
08:48||843251000||633529||0.00075241
08:49||843251000||633529||0.00075241
08:50||842750000||633529||0.00075241
08:51||842750000||633529||0.00075241
08:52||842748500||633529||0.00075241
08:53||842554000||632860||0.00075241
08:54||842554000||632860||0.00075241
08:55||842547500||632860||0.00075241
08:56||842542500||632860||0.00075241
08:57||841113500||632862||0.00075241
08:58||841113500||632862||0.00075241
08:59||841555500||633529||0.00075241
09:00||841555500||633529||0.00075241
09:01||841555500||633529||0.00075241
09:02||841555500||632860||0.00075241
09:03||841108000||632852||0.00075241
09:04||841108000||632852||0.00075241
09:05||841556000||632862||0.00075241
09:06||841556000||632862||0.00075241
09:07||841556000||633527||0.00075241
09:08||841556000||633527||0.00075241
09:09||841556000||633527||0.00075241
09:10||841556000||633527||0.00075241
09:11||840550500||631347||0.00075241
09:12||839800000||631347||0.00075241
09:13||839800000||631347||0.00075241
09:14||839800500||631347||0.00075241
09:15||839800500||631347||0.00075241
09:16||839800500||631347||0.00075241
09:17||839800500||631347||0.00075241
09:18||839800000||632400||0.00075241
09:19||839800000||632400||0.00075241
09:20||839800000||632400||0.00075241
09:21||839800000||631347||0.00075241
09:22||839100500||631347||0.00075241
09:23||839100500||631347||0.00075241
09:24||839100500||631347||0.00075241
09:25||839100500||631347||0.00075241
09:26||839100500||631347||0.00075241
09:27||840050000||632776||0.00075241
09:28||840343000||632776||0.00075241
09:29||840375000||632776||0.00075241
09:30||840375000||632776||0.00075241
09:31||840999500||632776||0.00075241
09:32||840999500||632776||0.00075241
09:33||840999500||632776||0.00075241
09:34||840999500||632776||0.00075241
09:35||840999500||632776||0.00075241
09:36||840050000||632776||0.00075241
09:37||839100500||631347||0.00075241
09:38||839075500||631347||0.00075241
09:39||839075500||631310||0.00075241
09:40||839075500||631310||0.00075241
09:41||839075000||631309||0.00075241
09:42||839050500||631310||0.00075241
09:43||839050500||631310||0.00075241
09:44||836799500||629767||0.00075241
09:45||836799500||629465||0.00075241
09:46||836999500||629465||0.00075241
09:47||838028500||631347||0.00075241
09:48||838005000||631347||0.00075241
09:49||837000500||631347||0.00075241
09:50||836597500||629463||0.00075241
09:51||836597500||629463||0.00075241
09:52||835872000||629014||0.00075241
09:53||835058000||628375||0.00075241
09:54||834823000||628262||0.00075241
09:55||833685500||628011||0.00075241
09:56||833001000||626757||0.00075241
09:57||833001000||626757||0.00075241
09:58||833001000||626757||0.00075241
09:59||832343500||626117||0.00075241
10:00||825715500||618179||0.00075241
10:01||822009500||616976||0.00075241
10:02||822500500||616976||0.00075241
10:03||821011500||618481||0.00075241
10:04||821500500||618481||0.00075241
10:05||821000500||618481||0.00075241
10:06||821001500||617729||0.00075241
10:07||821001500||617730||0.00075241
10:08||821001500||617730||0.00075241
10:09||821209000||617743||0.00075241
10:10||822999500||617743||0.00075241
10:11||824500000||620738||0.00075241
10:12||825001500||620738||0.00075241
10:13||825501000||621490||0.00075241
10:14||825800000||621490||0.00075241
10:15||825800000||621189||0.00075241
10:16||823699500||621114||0.00075241
10:17||823010000||617743||0.00075241
10:18||823473000||621434||0.00075241
10:19||823475500||617747||0.00075241
10:20||823476000||621434||0.00075241
10:21||823265000||621434||0.00075241
10:22||823265500||621434||0.00075241
10:23||824000000||621113||0.00075241
10:24||824711500||621113||0.00075241
10:25||824500000||621113||0.00075241
10:26||824500000||621113||0.00075241
10:27||824750000||621113||0.00075241
10:28||825130000||621113||0.00075241
10:29||824751000||619987||0.00075241
10:30||824701000||621114||0.00075241
10:31||823500000||619985||0.00075241
10:32||822018500||617751||0.00075241
10:33||822500000||617751||0.00075241
10:34||823000000||619985||0.00075241
10:35||823000000||619985||0.00075241
10:36||823001000||619985||0.00075241
10:37||823004500||618487||0.00075241
10:38||823003500||618486||0.00075241
10:39||823003500||618486||0.00075241
10:40||823999000||621433||0.00075241
10:41||824962000||621433||0.00075241
10:42||824969000||621433||0.00075241
10:43||824974500||621433||0.00075241
10:44||824021500||621433||0.00075241
10:45||824074500||621434||0.00075241
10:46||827135000||624492||0.00075241
10:47||827428000||624492||0.00075241
10:48||827428500||624492||0.00075241
10:49||827439500||624492||0.00075241
10:50||826447500||624492||0.00075241
10:51||826455500||622995||0.00075241
10:52||826463500||622995||0.00075241
10:53||826471500||622995||0.00075241
10:54||826478500||622995||0.00075241
10:55||826485500||622995||0.00075241
10:56||825993500||620722||0.00075241
10:57||826499000||622993||0.00075241
10:58||826838000||622993||0.00075241
10:59||826838000||622993||0.00075241
11:00||827421500||622993||0.00075241
11:01||827429500||622995||0.00075241
11:02||827431500||622995||0.00075241
11:03||827431500||622995||0.00075241
11:04||827933000||623747||0.00075241
11:05||826988000||623747||0.00075241
11:06||826988000||623747||0.00075241
11:07||827999500||623747||0.00075241
11:08||827994500||623747||0.00075241
11:09||827483500||624493||0.00075241
11:10||827484000||624500||0.00075241
11:11||827484000||624492||0.00075241
11:12||827489000||624500||0.00075241
11:13||827489000||624500||0.00075241
11:14||827500000||624500||0.00075241
11:15||827500000||620738||0.00075241
11:16||827500000||620738||0.00075241
11:17||827500000||620738||0.00075241
11:18||827504000||624500||0.00075241
11:19||827013500||624500||0.00075241
11:20||827342000||623762||0.00075241
11:21||827342000||621238||0.00075241
11:22||827505500||621238||0.00075241
11:23||828000000||624500||0.00075241
11:24||829045500||626003||0.00075241
11:25||829044500||621559||0.00075241
11:26||829422500||621559||0.00075241
11:27||829421500||622126||0.00075241
11:28||828499000||620738||0.00075241
11:29||826192000||626003||0.00075241
11:30||826192000||626003||0.00075241
11:31||828749000||626003||0.00075241
11:32||829433500||626003||0.00075241
11:33||829432500||626003||0.00075241
11:34||829432500||626003||0.00075241
11:35||827730000||626003||0.00075241
11:36||827730000||626003||0.00075241
11:37||828589000||623439||0.00075241
11:38||828589000||623439||0.00075241
11:39||828589000||623439||0.00075241
11:40||828589500||623439||0.00075241
11:41||828589500||623439||0.00075241
11:42||828589500||623438||0.00075241
11:43||828589500||623438||0.00075241
11:44||828589500||623439||0.00075241
11:45||829296000||624500||0.00075241
11:46||829296000||624500||0.00075241
11:47||829296000||624500||0.00075241
11:48||829296000||624500||0.00075241
11:49||829236500||623440||0.00075241
11:50||829294500||623440||0.00075241
11:51||828592500||624498||0.00075241
11:52||828592500||623440||0.00075241
11:53||828592500||623440||0.00075241
11:54||828592500||623440||0.00075241
11:55||829296000||623441||0.00075241
11:56||829296000||623441||0.00075241
11:57||829295500||623441||0.00075241
11:58||827975000||621453||0.00075241
11:59||827976000||621453||0.00075241
12:00||828168500||624499||0.00075241
12:01||828168500||624499||0.00075241
12:02||828651500||624499||0.00075241
12:03||828652500||624500||0.00075241
12:04||829651000||626005||0.00075241
12:05||829995000||626005||0.00075241
12:06||829995000||626005||0.00075241
12:07||829998500||626005||0.00075241
12:08||829961000||625944||0.00075241
12:09||829875000||625944||0.00075241
12:10||830804500||625766||0.00075241
12:11||830804500||625766||0.00075241
12:12||829915500||622987||0.00075241
12:13||829876000||622987||0.00075241
12:14||829843500||622987||0.00075241
12:15||829990000||625766||0.00075241
12:16||829990000||625766||0.00075241
12:17||829990500||625766||0.00075241
12:18||829990500||625766||0.00075241
12:19||829989500||625766||0.00075241
12:20||829991000||625766||0.00075241
12:21||829923500||625766||0.00075241
12:22||829974500||625766||0.00075241
12:23||829974500||625766||0.00075241
12:24||829974500||625665||0.00075241
12:25||828401500||625665||0.00075241
12:26||828401500||623297||0.00075241
12:27||828401500||623297||0.00075241
12:28||828401500||623297||0.00075241
12:29||828401500||623297||0.00075241
12:30||828401500||623297||0.00075241
12:31||828401500||623297||0.00075241
12:32||828401500||623297||0.00075241
12:33||827197000||622978||0.00075241
12:34||827161500||622506||0.00075241
12:35||826333000||622243||0.00075241
12:36||826371500||622243||0.00075241
12:37||826315500||622243||0.00075241
12:38||826257500||622243||0.00075241
12:39||826222000||621830||0.00075241
12:40||825859500||621480||0.00075241
12:41||825203000||621059||0.00075241
12:42||825170500||621043||0.00075241
12:43||824490500||620738||0.00075241
12:44||822882500||617769||0.00075241
12:45||822882500||617769||0.00075241
12:46||822883000||617769||0.00075241
12:47||822499000||617769||0.00075241
12:48||822028500||617771||0.00075241
12:49||822625000||619985||0.00075241
12:50||822800000||619985||0.00075241
12:51||823500000||619985||0.00075241
12:52||823500000||619985||0.00075241
12:53||823500000||619985||0.00075241
12:54||823500500||619985||0.00075241
12:55||823500500||619985||0.00075241
12:56||823500500||619985||0.00075241
12:57||823500500||619234||0.00075241
12:58||823745000||619985||0.00075241
12:59||823750000||619985||0.00075241
13:00||823999500||619985||0.00075241
13:01||823999500||619985||0.00075241
13:02||823999500||619985||0.00075241
13:03||823999500||619985||0.00075241
13:04||823999500||619985||0.00075241
13:05||824499500||620738||0.00075241
13:06||824499500||620738||0.00075241
13:07||824499500||620738||0.00075241
13:08||824499500||620738||0.00075241
13:09||824499500||620738||0.00075241
13:10||824500000||620738||0.00075241
13:11||824500500||620738||0.00075241
13:12||824750000||620738||0.00075241
13:13||825249500||621489||0.00075241
13:14||825999500||621490||0.00075241
13:15||825999500||621490||0.00075241
13:16||825999500||621490||0.00075241
13:17||825999500||621490||0.00075241
13:18||825999500||621490||0.00075241
13:19||825999500||621490||0.00075241
13:20||825999500||621489||0.00075241
13:21||825999500||621490||0.00075241
13:22||825999500||621490||0.00075241
13:23||825999500||621490||0.00075241
13:24||825999500||621490||0.00075241
13:25||825999500||621490||0.00075241
13:26||825999500||621490||0.00075241
13:27||825999500||621490||0.00075241
13:28||825999500||621490||0.00075241
13:29||825999500||621490||0.00075241
13:30||825999500||621490||0.00075241
13:31||825999500||621490||0.00075241
13:32||825999500||621490||0.00075241
13:33||825999500||621490||0.00075241
13:34||825999500||621490||0.00075241
13:35||825999500||621490||0.00075241
13:36||825999500||621490||0.00075241
13:37||825999500||621490||0.00075241
13:38||825999500||621490||0.00075241
13:39||826500000||621490||0.00075241
13:40||826500000||621490||0.00075241
13:41||826999500||621490||0.00075241
13:42||826999500||621490||0.00075241
13:43||826999500||622243||0.00075241
13:44||826999500||622243||0.00075241
13:45||827499500||622995||0.00075241
13:46||827499500||622995||0.00075241
13:47||827999500||622994||0.00075241
13:48||828998500||624498||0.00075241
13:49||828999000||624498||0.00075241
13:50||828999500||622995||0.00075241
13:51||829074000||622995||0.00075241
13:52||829999500||624500||0.00075241
13:53||829999500||624500||0.00075241
13:54||829999500||624500||0.00075241
13:55||829999500||624500||0.00075241
13:56||830499500||625252||0.00075241
13:57||831250000||626381||0.00075241
13:58||831500500||626381||0.00075241
13:59||832000000||626381||0.00075241
14:00||832250000||627133||0.00075241
14:01||832375000||627133||0.00075241
14:02||832377500||627133||0.00075241
14:03||832628500||627509||0.00075241
14:04||833500000||627509||0.00075241
14:05||832627500||627509||0.00075241
14:06||833498500||627509||0.00075241
14:07||833498000||627509||0.00075241
14:08||833484000||627509||0.00075241
14:09||833483500||627121||0.00075241
14:10||833483500||627121||0.00075241
14:11||833483500||627121||0.00075241
14:12||833483500||627121||0.00075241
14:13||833483500||627121||0.00075241
14:14||833483500||627121||0.00075241
14:15||833483500||627121||0.00075241
14:16||833483500||627121||0.00075241
14:17||833483500||627121||0.00075241
14:18||833692500||627434||0.00075241
14:19||833692500||627434||0.00075241
14:20||833642000||627434||0.00075241
14:21||833640000||627359||0.00075241
14:22||833642500||627357||0.00075241
14:23||833485500||627357||0.00075241
14:24||833642000||627359||0.00075241
14:25||833485500||627120||0.00075241
14:26||833643000||627123||0.00075241
14:27||833797500||627357||0.00075241
14:28||833797500||627357||0.00075241
14:29||833797500||627357||0.00075241
14:30||833797500||627357||0.00075241
14:31||833797500||627357||0.00075241
14:32||833797500||627357||0.00075241
14:33||833797500||627357||0.00075241
14:34||833797500||627357||0.00075241
14:35||833797500||627357||0.00075241
14:36||833797500||627357||0.00075241
14:37||833797500||627357||0.00075241
14:38||833797500||627357||0.00075241
14:39||833797500||627357||0.00075241
14:40||833797500||627357||0.00075241
14:41||833797500||627357||0.00075241
14:42||833797500||627357||0.00075241
14:43||833797500||627357||0.00075241
14:44||833797500||627357||0.00075241
14:45||833797500||627357||0.00075241
14:46||833797500||627357||0.00075241
14:47||833797500||627357||0.00075241
14:48||833797500||627357||0.00075241
14:49||833797500||627357||0.00075241
14:50||833797500||627357||0.00075241
14:51||833797500||627357||0.00075241
14:52||833797500||627357||0.00075241
14:53||833797500||627357||0.00075241
14:54||833797500||627357||0.00075241
14:55||833797500||627357||0.00075241
14:56||833797500||627357||0.00075241
14:57||833797500||627357||0.00075241
14:58||833797500||627357||0.00075241
14:59||833797500||627357||0.00075241
15:00||833797500||627357||0.00075241
15:01||834360500||627509||0.00075241
15:02||834458500||627509||0.00075241
15:03||834989000||628939||0.00075241
15:04||835451000||628939||0.00075241
15:05||835446500||628269||0.00075241
15:06||835011500||628269||0.00075241
15:07||835011500||628269||0.00075241
15:08||835011500||628339||0.00075241
15:09||835401500||628339||0.00075241
15:10||835401500||628788||0.00075241
15:11||835699500||628788||0.00075241
15:12||835347500||628789||0.00075241
15:13||835347500||628705||0.00075241
15:14||835588500||628705||0.00075241
15:15||835588500||628705||0.00075241
15:16||835588500||628705||0.00075241
15:17||835588500||628705||0.00075241
15:18||835588500||628705||0.00075241
15:19||835500500||628705||0.00075241
15:20||835298000||628638||0.00075241
15:21||835298000||628340||0.00075241
15:22||835482000||628340||0.00075241
15:23||835472500||628340||0.00075241
15:24||835472500||628617||0.00075241
15:25||835472500||628617||0.00075241
15:26||835288500||628617||0.00075241
15:27||835056500||628340||0.00075241
15:28||835009500||628270||0.00075241
15:29||834243500||628262||0.00075241
15:30||834243500||627357||0.00075241
15:31||834243500||627357||0.00075241
15:32||834064500||627357||0.00075241
15:33||834064500||627357||0.00075241
15:34||833797500||627357||0.00075241
15:35||833797500||627357||0.00075241
15:36||833797500||627357||0.00075241
15:37||833797500||627357||0.00075241
15:38||833797500||627357||0.00075241
15:39||833797500||627357||0.00075241
15:40||833797500||627357||0.00075241
15:41||833797500||627357||0.00075241
15:42||833797500||627357||0.00075241
15:43||833797500||627357||0.00075241
15:44||833797500||627357||0.00075241
15:45||833797500||627357||0.00075241
15:46||833797500||627357||0.00075241
15:47||834445000||627357||0.00075241
15:48||834431500||627357||0.00075241
15:49||833797500||627357||0.00075241
15:50||833797500||627357||0.00075241
15:51||833797500||627357||0.00075241
15:52||833630500||627340||0.00075241
15:53||831873000||624537||0.00075241
15:54||831873000||624537||0.00075241
15:55||831873500||624537||0.00075241
15:56||831873500||627281||0.00075241
15:57||831873500||627281||0.00075241
15:58||831873500||627281||0.00075241
15:59||831836500||624538||0.00075241
16:00||830100000||624538||0.00075241
16:01||830099500||624537||0.00075241
16:02||831886500||624537||0.00075241
16:03||831886500||624537||0.00075241
16:04||831886500||627301||0.00075241
16:05||831850000||627301||0.00075241
16:06||831850000||627301||0.00075241
16:07||831850000||627301||0.00075241
16:08||831850000||627301||0.00075241
16:09||831850000||627301||0.00075241
16:10||831853500||627301||0.00075241
16:11||831853500||627301||0.00075241
16:12||831827500||627301||0.00075241
16:13||831827500||627155||0.00075241
16:14||832124000||627155||0.00075241
16:15||831945500||627155||0.00075241
16:16||832331000||627155||0.00075241
16:17||831984500||627155||0.00075241
16:18||832084500||627155||0.00075241
16:19||832203500||627208||0.00075241
16:20||832203500||627208||0.00075241
16:21||833123500||627208||0.00075241
16:22||833833000||628330||0.00075241
16:23||834795000||628330||0.00075241
16:24||834795000||628330||0.00075241
16:25||834795000||628330||0.00075241
16:26||834795000||628330||0.00075241
16:27||834750000||628330||0.00075241
16:28||834750000||628330||0.00075241
16:29||833515500||625982||0.00075241
16:30||834722000||625982||0.00075241
16:31||834722000||625982||0.00075241
16:32||834722000||625982||0.00075241
16:33||833482500||625982||0.00075241
16:34||833555500||628330||0.00075241
16:35||833555500||628330||0.00075241
16:36||834066000||628330||0.00075241
16:37||834021000||628330||0.00075241
16:38||834021000||628330||0.00075241
16:39||834021000||628330||0.00075241
16:40||834999500||628262||0.00075241
16:41||834999500||628262||0.00075241
16:42||834019500||628261||0.00075241
16:43||834998500||628261||0.00075241
16:44||834998500||628260||0.00075241
16:45||834998500||628260||0.00075241
16:46||834998500||628260||0.00075241
16:47||834998500||628260||0.00075241
16:48||834998500||628260||0.00075241
16:49||834998500||628260||0.00075241
16:50||834998500||628260||0.00075241
16:51||834998500||628260||0.00075241
16:52||834998500||628260||0.00075241
16:53||834998500||628260||0.00075241
16:54||834998500||628260||0.00075241
16:55||834998500||628260||0.00075241
16:56||834998500||628260||0.00075241
16:57||834998500||628260||0.00075241
16:58||835284000||628332||0.00075241
16:59||835288500||628332||0.00075241
17:00||835547000||629007||0.00075241
17:01||835547000||629007||0.00075241
17:02||835547000||629007||0.00075241
17:03||835104500||628340||0.00075241
17:04||835547000||628340||0.00075241
17:05||835547000||628340||0.00075241
17:06||835104500||628340||0.00075241
17:07||835104500||628340||0.00075241
17:08||835564500||628341||0.00075241
17:09||837022000||629015||0.00075241
17:10||837030000||629048||0.00075241
17:11||837030000||630519||0.00075241
17:12||837030000||630519||0.00075241
17:13||838509500||631225||0.00075241
17:14||838509500||631225||0.00075241
17:15||838509500||631271||0.00075241
17:16||839607500||631271||0.00075241
17:17||839755000||632023||0.00075241
17:18||839750000||632023||0.00075241
17:19||839750000||631648||0.00075241
17:20||839750000||631648||0.00075241
17:21||839750000||631648||0.00075241
17:22||839750000||631648||0.00075241
17:23||839750000||631648||0.00075241
17:24||839750000||631648||0.00075241
17:25||840245000||632769||0.00075241
17:26||840245000||632769||0.00075241
17:27||840260000||632769||0.00075241
17:28||840255000||632761||0.00075241
17:29||840255000||632761||0.00075241
17:30||840255000||631670||0.00075241
17:31||840274000||631670||0.00075241
17:32||839569500||631670||0.00075241
17:33||839569500||631700||0.00075241
17:34||839569500||631700||0.00075241
17:35||839550000||631700||0.00075241
17:36||839530500||631671||0.00075241
17:37||839530500||631671||0.00075241
17:38||839530500||631671||0.00075241
17:39||839515500||631648||0.00075241
17:40||839515500||631671||0.00075241
17:41||839500500||631648||0.00075241
17:42||839000500||631648||0.00075241
17:43||839000500||631648||0.00075241
17:44||839000500||631648||0.00075241
17:45||837835000||631236||0.00075241
17:46||838476500||631236||0.00075241
17:47||829999000||624500||0.00075241
17:48||829999000||624500||0.00075241
17:49||829999000||624500||0.00075241
17:50||829999500||624500||0.00075241
17:51||829999500||624500||0.00075241
17:52||829999500||624500||0.00075241
17:53||829999500||624500||0.00075241
17:54||829999500||624500||0.00075241
17:55||829999500||624499||0.00075241
17:56||829999500||624499||0.00075241
17:57||829999500||624499||0.00075241
17:58||829999500||624499||0.00075241
17:59||829999500||624499||0.00075241
18:00||829999500||624499||0.00075241
18:01||829999500||624500||0.00075241
18:02||829999500||624500||0.00075241
18:03||829999500||624500||0.00075241
18:04||829999500||624500||0.00075241
18:05||829999500||624500||0.00075241
18:06||829999500||624500||0.00075241
18:07||829999500||624500||0.00075241
18:08||829999500||624500||0.00075241
18:09||827826500||623109||0.00075241
18:10||827763000||623109||0.00075241
18:11||828030000||623019||0.00075241
18:12||827768500||623019||0.00075241
18:13||827768500||623019||0.00075241
18:14||828023500||623018||0.00075241
18:15||828028000||623018||0.00075241
18:16||828028000||623018||0.00075241
18:17||828029500||623018||0.00075241
18:18||828028000||623018||0.00075241
18:19||828088000||623018||0.00075241
18:20||829014500||624500||0.00075241
18:21||829489000||624500||0.00075241
18:22||829982500||624500||0.00075241
18:23||829982500||624492||0.00075241
18:24||829983500||624492||0.00075241
18:25||829989500||624492||0.00075241
18:26||829989500||624492||0.00075241
18:27||829989500||624492||0.00075241
18:28||829989500||624492||0.00075241
18:29||829983500||624492||0.00075241
18:30||829234500||624476||0.00075241
18:31||829983500||624476||0.00075241
18:32||828263500||623371||0.00075241
18:33||828264500||623371||0.00075241
18:34||828264500||623371||0.00075241
18:35||829967500||624476||0.00075241
18:36||829967500||624476||0.00075241
18:37||829967500||624475||0.00075241
18:38||829967500||624475||0.00075241
18:39||829967500||624476||0.00075241
18:40||829967500||624476||0.00075241
18:41||829967500||624476||0.00075241
18:42||829967500||624476||0.00075241
18:43||829967500||624476||0.00075241
18:44||829967500||624476||0.00075241
18:45||829967500||624476||0.00075241
18:46||829967500||624476||0.00075241
18:47||829967500||624476||0.00075241
18:48||829967500||624475||0.00075241
18:49||829484000||624476||0.00075241
18:50||829005000||623747||0.00075241
18:51||829006000||623755||0.00075241
18:52||829000500||623749||0.00075241
18:53||829000500||623749||0.00075241
18:54||829000500||623749||0.00075241
18:55||829000500||623749||0.00075241
18:56||829000500||623749||0.00075241
18:57||829000500||623749||0.00075241
18:58||829000500||623749||0.00075241
18:59||826502500||621866||0.00075241
19:00||826265500||621510||0.00075241
19:01||826265500||621510||0.00075241
19:02||826028500||621510||0.00075241
19:03||826028500||621510||0.00075241
19:04||825746500||621490||0.00075241
19:05||825503500||621490||0.00075241
19:06||825323000||621114||0.00075241
19:07||825017500||620749||0.00075241
19:08||825022500||620751||0.00075241
19:09||825024500||620762||0.00075241
19:10||825025500||620761||0.00075241
19:11||825034500||620765||0.00075241
19:12||826972500||620765||0.00075241
19:13||826973500||620765||0.00075241
19:14||826820000||623680||0.00075241
19:15||826108500||623394||0.00075241
19:16||825037500||623394||0.00075241
19:17||824919000||620587||0.00075241
19:18||823247000||618104||0.00075241
19:19||822121000||616976||0.00075241
19:20||820682500||616976||0.00075241
19:21||820682500||618481||0.00075241
19:22||820685500||618481||0.00075241
19:23||820688500||618481||0.00075241
19:24||820751000||618481||0.00075241
19:25||820726000||618481||0.00075241
19:26||820736000||618481||0.00075241
19:27||821722500||618481||0.00075241
19:28||818499500||615847||0.00075241
19:29||818499500||615847||0.00075241
19:30||818499500||615847||0.00075241
19:31||818499500||615847||0.00075241
19:32||818499500||615847||0.00075241
19:33||818499500||615846||0.00075241
19:34||819728500||617690||0.00075241
19:35||819759500||617690||0.00075241
19:36||820501000||617728||0.00075241
19:37||820617000||617728||0.00075241
19:38||820819000||617728||0.00075241
19:39||825407000||624499||0.00075241
19:40||824432500||624499||0.00075241
19:41||823713000||624499||0.00075241
19:42||822266000||619948||0.00075241
19:43||821566500||619948||0.00075241
19:44||821783000||618155||0.00075241
19:45||821783000||618481||0.00075241
19:46||821999500||618481||0.00075241
19:47||822500000||618481||0.00075241
19:48||822999500||619233||0.00075241
19:49||823499500||619985||0.00075241
19:50||823499500||619985||0.00075241
19:51||823499500||619985||0.00075241
19:52||823499500||619985||0.00075241
19:53||823499000||623626||0.00075241
19:54||825450000||623626||0.00075241
19:55||825460000||623626||0.00075241
19:56||825460500||622182||0.00075241
19:57||825471500||622182||0.00075241
19:58||825472500||622182||0.00075241
19:59||825473000||622182||0.00075241
20:00||825461000||620004||0.00075241
20:01||825011500||620004||0.00075241
20:02||825462500||622167||0.00075241
20:03||825500000||622167||0.00075241
20:04||825500500||620061||0.00075241
20:05||826400000||622167||0.00075241
20:06||827368500||623626||0.00075241
20:07||827955000||624500||0.00075241
20:08||827957500||624500||0.00075241
20:09||829450000||621489||0.00075241
20:10||829450000||624500||0.00075241
20:11||829450000||624500||0.00075241
20:12||829450000||624500||0.00075241
20:13||829450000||624500||0.00075241
20:14||829450000||624500||0.00075241
20:15||829440000||624500||0.00075241
20:16||829440000||624483||0.00075241
20:17||829439000||624483||0.00075241
20:18||829439000||624483||0.00075241
20:19||829439000||624483||0.00075241
20:20||828900500||624483||0.00075241
20:21||828900500||623673||0.00075241
20:22||828900500||623673||0.00075241
20:23||827386500||623672||0.00075241
20:24||827223500||623672||0.00075241
20:25||827143000||621491||0.00075241
20:26||826500500||621491||0.00075241
20:27||824541500||620738||0.00075241
20:28||824541500||620738||0.00075241
20:29||823501500||619985||0.00075241
20:30||823501500||619970||0.00075241
20:31||823296500||619661||0.00075241
20:32||823296500||619661||0.00075241
20:33||823296500||619661||0.00075241
20:34||823296500||619661||0.00075241
20:35||823296500||619661||0.00075241
20:36||823296500||619661||0.00075241
20:37||823296500||619661||0.00075241
20:38||823287500||619647||0.00075241
20:39||823287500||619647||0.00075241
20:40||823248000||619647||0.00075241
20:41||823248000||619647||0.00075241
20:42||823248000||619647||0.00075241
20:43||823248000||619647||0.00075241
20:44||823248500||619252||0.00075241
20:45||823238000||619572||0.00075241
20:46||823238000||619572||0.00075241
20:47||823238000||619252||0.00075241
20:48||823437000||619252||0.00075241
20:49||823437000||619252||0.00075241
20:50||823449500||619252||0.00075241
20:51||823438500||619572||0.00075241
20:52||823449500||619572||0.00075241
20:53||823449500||619572||0.00075241
20:54||823449500||619572||0.00075241
20:55||823449500||619572||0.00075241
20:56||823449500||619572||0.00075241
20:57||825984500||621482||0.00075241
20:58||825989500||621482||0.00075241
20:59||824507000||619252||0.00075241
21:00||824506500||619252||0.00075241
21:01||823243500||621480||0.00075241
21:02||822999000||621480||0.00075241
21:03||824027500||620362||0.00075241
21:04||824250000||620362||0.00075241
21:05||824249000||620360||0.00075241
21:06||824495500||620360||0.00075241
21:07||824495500||620360||0.00075241
21:08||824497000||620359||0.00075241
21:09||824915500||620362||0.00075241
21:10||824915500||620362||0.00075241
21:11||824915500||620362||0.00075241
21:12||824915500||620362||0.00075241
21:13||824899500||620362||0.00075241
21:14||825299000||620963||0.00075241
21:15||825298500||620962||0.00075241
21:16||825299500||620963||0.00075241
21:17||825299500||620963||0.00075241
21:18||825299500||620963||0.00075241
21:19||825299500||620963||0.00075241
21:20||825299500||620963||0.00075241
21:21||825315500||620963||0.00075241
21:22||825315500||620963||0.00075241
21:23||825643500||621480||0.00075241
21:24||825643500||621480||0.00075241
21:25||825315500||620985||0.00075241
21:26||825644000||620985||0.00075241
21:27||825644500||621480||0.00075241
21:28||825644500||621480||0.00075241
21:29||825644500||621480||0.00075241
21:30||825644500||621480||0.00075241
21:31||825644500||621480||0.00075241
21:32||825644500||621480||0.00075241
21:33||825644000||621480||0.00075241
21:34||825643500||621480||0.00075241
21:35||825720500||621480||0.00075241
21:36||825720500||621479||0.00075241
21:37||825723000||621481||0.00075241
21:38||825723000||621481||0.00075241
21:39||825722500||621481||0.00075241
21:40||825723000||621481||0.00075241
21:41||825723500||621481||0.00075241
21:42||825724500||621481||0.00075241
21:43||825723500||621083||0.00075241
21:44||825724500||621083||0.00075241
21:45||825726000||621481||0.00075241
21:46||825726000||621481||0.00075241
21:47||825726000||621087||0.00075241
21:48||825725000||621087||0.00075241
21:49||825987500||621480||0.00075241
21:50||825987500||621480||0.00075241
21:51||825987500||621481||0.00075241
21:52||825987500||621481||0.00075241
21:53||825987500||621481||0.00075241
21:54||825987500||621481||0.00075241
21:55||825987500||621480||0.00075241
21:56||826650000||621489||0.00075241
21:57||826650000||621489||0.00075241
21:58||827004500||622690||0.00075241
21:59||826648000||622690||0.00075241
22:00||827648500||622466||0.00075241
22:01||827648500||622995||0.00075241
22:02||827648500||622995||0.00075241
22:03||827648500||622995||0.00075241
22:04||827648500||622995||0.00075241
22:05||827648500||622995||0.00075241
22:06||827647500||622466||0.00075241
22:07||827647000||622993||0.00075241
22:08||827647000||622466||0.00075241
22:09||827647000||622466||0.00075241
22:10||827647000||622466||0.00075241
22:11||827648000||622993||0.00075241
22:12||827648000||622993||0.00075241
22:13||827649500||622993||0.00075241
22:14||827996500||622993||0.00075241
22:15||827999000||622995||0.00075241
22:16||827999000||622995||0.00075241
22:17||827999500||622995||0.00075241
22:18||828499000||623746||0.00075241
22:19||828497500||623744||0.00075241
22:20||828497500||623744||0.00075241
22:21||829278500||624167||0.00075241
22:22||829278500||624167||0.00075241
22:23||829772000||624500||0.00075241
22:24||830281500||624876||0.00075241
22:25||830282000||624548||0.00075241
22:26||830493500||624876||0.00075241
22:27||830487500||624876||0.00075241
22:28||830481000||624866||0.00075241
22:29||830481500||624867||0.00075241
22:30||830737500||624867||0.00075241
22:31||830736500||624857||0.00075241
22:32||830991500||625241||0.00075241
22:33||830507000||625238||0.00075241
22:34||830507000||625238||0.00075241
22:35||830532000||625238||0.00075241
22:36||830532000||625238||0.00075241
22:37||830532000||625238||0.00075241
22:38||830532000||625238||0.00075241
22:39||830064500||625238||0.00075241
22:40||830064500||625238||0.00075241
22:41||831027000||625252||0.00075241
22:42||830522500||625252||0.00075241
22:43||830065500||625252||0.00075241
22:44||830065500||625252||0.00075241
22:45||830065500||625252||0.00075241
22:46||830065500||625252||0.00075241
22:47||830065500||624549||0.00075241
22:48||830065500||624548||0.00075241
22:49||830065000||624548||0.00075241
22:50||830065500||624549||0.00075241
22:51||830065500||624549||0.00075241
22:52||830065500||624549||0.00075241
22:53||830065500||624549||0.00075241
22:54||830065500||624549||0.00075241
22:55||830065500||624549||0.00075241
22:56||830065500||624549||0.00075241
22:57||830065500||624549||0.00075241
22:58||830065500||624549||0.00075241
22:59||830065500||624549||0.00075241
23:00||830065500||624549||0.00075241
23:01||830065500||624549||0.00075241
23:02||830065500||624549||0.00075241
23:03||830065500||624549||0.00075241
23:04||830065500||624549||0.00075241
23:05||830065500||624549||0.00075241
23:06||830065500||624549||0.00075241
23:07||830065500||624549||0.00075241
23:08||830533500||625252||0.00075241
23:09||830533500||625252||0.00075241
23:10||831251000||626005||0.00075241
23:11||831251500||624878||0.00075241
23:12||831252500||624878||0.00075241
23:13||831254000||624878||0.00075241
23:14||831254000||624878||0.00075241
23:15||831229500||624878||0.00075241
23:16||831229500||624878||0.00075241
23:17||831229500||624878||0.00075241
23:18||831974500||625967||0.00075241
23:19||831950500||625968||0.00075241
23:20||831950500||625968||0.00075241
23:21||831950500||625967||0.00075241
23:22||831950500||625968||0.00075241
23:23||831950500||625968||0.00075241
23:24||831950500||625968||0.00075241
23:25||831950500||625967||0.00075241
23:26||831950500||625968||0.00075241
23:27||831950500||625968||0.00075241
23:28||831950500||625967||0.00075241
23:29||831974500||625968||0.00075241
23:30||831974500||626004||0.00075241
23:31||831974500||626004||0.00075241
23:32||831974500||626004||0.00075241
23:33||831974500||626004||0.00075241
23:34||831950500||625967||0.00075241
23:35||831950500||625968||0.00075241
23:36||831950500||625968||0.00075241
23:37||831950500||625968||0.00075241
23:38||831950500||625968||0.00075241
23:39||831950500||625968||0.00075241
23:40||831950500||625968||0.00075241
23:41||831950500||625968||0.00075241
23:42||831950500||625967||0.00075241
23:43||831950500||625967||0.00075241
23:44||831950500||625967||0.00075241
23:45||831950500||625968||0.00075241
23:46||831950500||625968||0.00075241
23:47||831225500||625967||0.00075241
23:48||830818000||625967||0.00075241
23:49||828213000||620963||0.00075241
23:50||825899500||620963||0.00075241
23:51||827766000||624674||0.00075241
23:52||829072000||626756||0.00075241
23:53||830813500||625254||0.00075241
23:54||830821500||625254||0.00075241
23:55||826991500||619233||0.00075241
23:56||826990500||625237||0.00075241
23:57||826751000||625237||0.00075241
23:58||827249500||625237||0.00075241
23:59||827245000||625237||0.00075241
