00:00||597554500||448519||0.00075241
00:01||597554500||448520||0.00075241
00:02||597598500||448520||0.00075241
00:03||597598500||448520||0.00075241
00:04||597598500||448520||0.00075241
00:05||597598500||448520||0.00075241
00:06||597598500||448520||0.00075241
00:07||597598000||448520||0.00075241
00:08||597598000||448520||0.00075241
00:09||597598000||450690||0.00075241
00:10||597598000||450690||0.00075241
00:11||597647500||450690||0.00075241
00:12||597647500||450690||0.00075241
00:13||597897500||450690||0.00075241
00:14||597945000||450690||0.00075241
00:15||597944000||450690||0.00075241
00:16||597943500||450690||0.00075241
00:17||597943500||450690||0.00075241
00:18||596000500||448436||0.00075241
00:19||597043500||447759||0.00075241
00:20||597043500||447759||0.00075241
00:21||597043500||447759||0.00075241
00:22||595100500||447759||0.00075241
00:23||597044000||450683||0.00075241
00:24||595101500||447760||0.00075241
00:25||597047500||447760||0.00075241
00:26||597086500||447760||0.00075241
00:27||598335500||447760||0.00075241
00:28||598333000||447760||0.00075241
00:29||598333000||450678||0.00075241
00:30||597809500||450678||0.00075241
00:31||597495000||450678||0.00075241
00:32||597525500||448488||0.00075241
00:33||597525500||448488||0.00075241
00:34||597525500||448488||0.00075241
00:35||597525500||448488||0.00075241
00:36||597525500||448488||0.00075241
00:37||597525500||448488||0.00075241
00:38||597526000||448488||0.00075241
00:39||597526000||448488||0.00075241
00:40||597526000||448488||0.00075241
00:41||597527500||448488||0.00075241
00:42||597716000||448488||0.00075241
00:43||597990000||448488||0.00075241
00:44||598740000||448488||0.00075241
00:45||598740000||448488||0.00075241
00:46||598740000||448488||0.00075241
00:47||598740000||448488||0.00075241
00:48||598740000||448488||0.00075241
00:49||598740000||448488||0.00075241
00:50||598740000||448488||0.00075241
00:51||598700000||448488||0.00075241
00:52||598700000||448488||0.00075241
00:53||598700000||448488||0.00075241
00:54||598700000||448488||0.00075241
00:55||598700000||448488||0.00075241
00:56||598700000||448488||0.00075241
00:57||598700000||448488||0.00075241
00:58||598500500||448488||0.00075241
00:59||598500500||448488||0.00075241
01:00||598500500||448488||0.00075241
01:01||598500500||448488||0.00075241
01:02||598500500||448488||0.00075241
01:03||598550000||450392||0.00075241
01:04||598550000||450392||0.00075241
01:05||598550000||450392||0.00075241
01:06||598550000||450392||0.00075241
01:07||598550000||450392||0.00075241
01:08||598550000||450392||0.00075241
01:09||598550000||450392||0.00075241
01:10||598550000||450392||0.00075241
01:11||598550000||450392||0.00075241
01:12||598550000||450392||0.00075241
01:13||598500500||450392||0.00075241
01:14||598500500||450318||0.00075241
01:15||598500500||450318||0.00075241
01:16||598500500||450318||0.00075241
01:17||598500500||450318||0.00075241
01:18||598500500||450318||0.00075241
01:19||598500500||450318||0.00075241
01:20||598500500||450392||0.00075241
01:21||598550000||450392||0.00075241
01:22||598550000||450392||0.00075241
01:23||599293000||450693||0.00075241
01:24||599293000||450987||0.00075241
01:25||599298000||450995||0.00075241
01:26||599298000||450995||0.00075241
01:27||599650000||450995||0.00075241
01:28||599650000||450995||0.00075241
01:29||599650000||450995||0.00075241
01:30||599650000||450995||0.00075241
01:31||599650000||450995||0.00075241
01:32||599650000||450995||0.00075241
01:33||600371500||451438||0.00075241
01:34||600422000||451822||0.00075241
01:35||600784500||452197||0.00075241
01:36||600784500||452197||0.00075241
01:37||600784500||452197||0.00075241
01:38||601279000||452198||0.00075241
01:39||600539000||452950||0.00075241
01:40||601274000||452950||0.00075241
01:41||601274000||452950||0.00075241
01:42||601274000||452950||0.00075241
01:43||601274000||452950||0.00075241
01:44||601273500||452950||0.00075241
01:45||601273500||452950||0.00075241
01:46||600538500||452950||0.00075241
01:47||601273500||452950||0.00075241
01:48||602253500||452950||0.00075241
01:49||600538000||453324||0.00075241
01:50||602248000||453323||0.00075241
01:51||601025000||452950||0.00075241
01:52||601274000||451483||0.00075241
01:53||601764000||451483||0.00075241
01:54||601764000||451483||0.00075241
01:55||602249000||451483||0.00075241
01:56||601764000||451483||0.00075241
01:57||601764000||451483||0.00075241
01:58||601764000||451483||0.00075241
01:59||601764500||453326||0.00075241
02:00||602249500||453326||0.00075241
02:01||601764500||453326||0.00075241
02:02||602249000||453326||0.00075241
02:03||602249000||453326||0.00075241
02:04||602249000||453326||0.00075241
02:05||602249000||453326||0.00075241
02:06||602249000||453326||0.00075241
02:07||602249500||453326||0.00075241
02:08||602249500||453326||0.00075241
02:09||602249500||453326||0.00075241
02:10||602249500||453326||0.00075241
02:11||602249500||453326||0.00075241
02:12||602254500||453326||0.00075241
02:13||602254500||453326||0.00075241
02:14||602498500||453326||0.00075241
02:15||602498500||453326||0.00075241
02:16||602498500||453326||0.00075241
02:17||602753500||453326||0.00075241
02:18||602753500||453326||0.00075241
02:19||602753500||453326||0.00075241
02:20||602753500||453326||0.00075241
02:21||601529500||453326||0.00075241
02:22||602509500||453326||0.00075241
02:23||602508500||453326||0.00075241
02:24||602498500||453326||0.00075241
02:25||602498500||453326||0.00075241
02:26||602498500||453326||0.00075241
02:27||602000500||452950||0.00075241
02:28||602000500||452950||0.00075241
02:29||602000500||452950||0.00075241
02:30||602000500||452950||0.00075241
02:31||602000500||452950||0.00075241
02:32||602000500||452950||0.00075241
02:33||602000500||452950||0.00075241
02:34||602000500||452950||0.00075241
02:35||602000500||452950||0.00075241
02:36||602000500||452950||0.00075241
02:37||602000500||452950||0.00075241
02:38||602499000||453701||0.00075241
02:39||602499000||453701||0.00075241
02:40||602499000||453701||0.00075241
02:41||602499000||453701||0.00075241
02:42||602499000||453701||0.00075241
02:43||602499000||453701||0.00075241
02:44||602499000||453701||0.00075241
02:45||602499000||453701||0.00075241
02:46||602499000||453701||0.00075241
02:47||602499000||453701||0.00075241
02:48||602499000||453701||0.00075241
02:49||602499000||453701||0.00075241
02:50||602499000||453701||0.00075241
02:51||602499000||453701||0.00075241
02:52||602499000||453701||0.00075241
02:53||602499000||453701||0.00075241
02:54||602499000||453701||0.00075241
02:55||602499000||453701||0.00075241
02:56||600751500||452950||0.00075241
02:57||601499000||452950||0.00075241
02:58||601529000||453327||0.00075241
02:59||601765000||453327||0.00075241
03:00||602255000||453327||0.00075241
03:01||602504000||453327||0.00075241
03:02||602504000||453327||0.00075241
03:03||602504000||453703||0.00075241
03:04||603607500||453853||0.00075241
03:05||604252000||454838||0.00075241
03:06||605510000||455223||0.00075241
03:07||602560000||455223||0.00075241
03:08||603530000||452995||0.00075241
03:09||603775000||453364||0.00075241
03:10||603275000||453364||0.00075241
03:11||602040000||453364||0.00075241
03:12||602750000||453364||0.00075241
03:13||602750000||453364||0.00075241
03:14||602500500||453364||0.00075241
03:15||602500500||453364||0.00075241
03:16||602750000||454455||0.00075241
03:17||605611500||455223||0.00075241
03:18||604285000||455223||0.00075241
03:19||604285000||453379||0.00075241
03:20||604530000||453379||0.00075241
03:21||604530000||453379||0.00075241
03:22||604010500||453379||0.00075241
03:23||603755000||453748||0.00075241
03:24||603755000||453748||0.00075241
03:25||603510500||453748||0.00075241
03:26||603510500||453748||0.00075241
03:27||603510500||453748||0.00075241
03:28||603755000||453748||0.00075241
03:29||604255000||453748||0.00075241
03:30||604510000||453748||0.00075241
03:31||604755000||453748||0.00075241
03:32||601250500||449565||0.00075241
03:33||601665500||449565||0.00075241
03:34||601416000||449189||0.00075241
03:35||601416000||449189||0.00075241
03:36||601416500||449189||0.00075241
03:37||601416500||449189||0.00075241
03:38||601416500||449189||0.00075241
03:39||601416500||449189||0.00075241
03:40||601665000||449189||0.00075241
03:41||601665000||449189||0.00075241
03:42||601665000||449189||0.00075241
03:43||601665000||449189||0.00075241
03:44||601665000||449189||0.00075241
03:45||601665000||449189||0.00075241
03:46||601665000||449189||0.00075241
03:47||601416500||449189||0.00075241
03:48||601416500||449189||0.00075241
03:49||601665000||449189||0.00075241
03:50||601577000||449189||0.00075241
03:51||601660000||449189||0.00075241
03:52||601660000||449189||0.00075241
03:53||601660000||449189||0.00075241
03:54||601660000||449189||0.00075241
03:55||602910000||449189||0.00075241
03:56||601661000||449189||0.00075241
03:57||601656000||449189||0.00075241
03:58||601657000||449189||0.00075241
03:59||601577000||449189||0.00075241
04:00||601577000||449189||0.00075241
04:01||601577000||449189||0.00075241
04:02||601577000||449189||0.00075241
04:03||601502500||449189||0.00075241
04:04||601503500||449189||0.00075241
04:05||601230000||449189||0.00075241
04:06||600765500||449189||0.00075241
04:07||600765500||449189||0.00075241
04:08||600815500||449189||0.00075241
04:09||600865500||449189||0.00075241
04:10||600865500||449189||0.00075241
04:11||600917000||454402||0.00075241
04:12||600965500||454402||0.00075241
04:13||600965500||454402||0.00075241
04:14||600965500||454402||0.00075241
04:15||600965500||454402||0.00075241
04:16||600965500||454402||0.00075241
04:17||600502500||454402||0.00075241
04:18||600502500||454402||0.00075241
04:19||600502500||454402||0.00075241
04:20||600502500||454402||0.00075241
04:21||600502500||454402||0.00075241
04:22||600502500||454402||0.00075241
04:23||600502500||454402||0.00075241
04:24||601501000||454402||0.00075241
04:25||601501000||454402||0.00075241
04:26||601501000||454402||0.00075241
04:27||601501000||454402||0.00075241
04:28||601501000||454402||0.00075241
04:29||601700000||454402||0.00075241
04:30||601701000||454402||0.00075241
04:31||601701000||454402||0.00075241
04:32||601701000||454402||0.00075241
04:33||601701000||454402||0.00075241
04:34||601751000||454402||0.00075241
04:35||601751000||454402||0.00075241
04:36||601751000||454402||0.00075241
04:37||601751000||454402||0.00075241
04:38||601751000||454402||0.00075241
04:39||601751000||454402||0.00075241
04:40||601751000||454402||0.00075241
04:41||601751000||454402||0.00075241
04:42||601751000||454402||0.00075241
04:43||601751000||454402||0.00075241
04:44||601751000||454402||0.00075241
04:45||601751000||454402||0.00075241
04:46||601751000||454402||0.00075241
04:47||601751000||454402||0.00075241
04:48||601751000||454402||0.00075241
04:49||601751000||454402||0.00075241
04:50||601751000||454402||0.00075241
04:51||601751000||454402||0.00075241
04:52||601751000||454402||0.00075241
04:53||601751000||454402||0.00075241
04:54||601751000||454402||0.00075241
04:55||601751000||454402||0.00075241
04:56||601751000||454402||0.00075241
04:57||601751000||454402||0.00075241
04:58||601751000||454402||0.00075241
04:59||601751000||454402||0.00075241
05:00||601751000||454402||0.00075241
05:01||601751000||454402||0.00075241
05:02||601726000||454402||0.00075241
05:03||601726000||454402||0.00075241
05:04||601776000||454402||0.00075241
05:05||601238000||454402||0.00075241
05:06||600800000||454402||0.00075241
05:07||600600500||454402||0.00075241
05:08||600600500||454402||0.00075241
05:09||600600500||454402||0.00075241
05:10||600600500||454402||0.00075241
05:11||600600500||454402||0.00075241
05:12||600600500||454402||0.00075241
05:13||600600500||454402||0.00075241
05:14||600600500||451898||0.00075241
05:15||601750000||452950||0.00075241
05:16||601301000||452950||0.00075241
05:17||601752500||453665||0.00075241
05:18||601752500||453665||0.00075241
05:19||601752500||453665||0.00075241
05:20||601752500||453665||0.00075241
05:21||601752500||453665||0.00075241
05:22||601752500||453665||0.00075241
05:23||601752500||453665||0.00075241
05:24||600601500||453665||0.00075241
05:25||601079000||453665||0.00075241
05:26||600600500||453665||0.00075241
05:27||600600500||453665||0.00075241
05:28||600600500||453665||0.00075241
05:29||600600500||453665||0.00075241
05:30||600970500||452466||0.00075241
05:31||600545500||451897||0.00075241
05:32||600545500||451897||0.00075241
05:33||600545500||451897||0.00075241
05:34||600545500||451897||0.00075241
05:35||600546000||451897||0.00075241
05:36||600546000||451897||0.00075241
05:37||600546000||451897||0.00075241
05:38||600548000||451897||0.00075241
05:39||600590500||451897||0.00075241
05:40||600590500||451897||0.00075241
05:41||600590500||451897||0.00075241
05:42||600590500||451890||0.00075241
05:43||600590500||451890||0.00075241
05:44||600590500||451890||0.00075241
05:45||600590500||451890||0.00075241
05:46||600590500||451890||0.00075241
05:47||600590500||451890||0.00075241
05:48||600590500||451890||0.00075241
05:49||600590500||451890||0.00075241
05:50||600590500||451890||0.00075241
05:51||600590500||451890||0.00075241
05:52||600590500||451890||0.00075241
05:53||600590500||451890||0.00075241
05:54||600590500||451890||0.00075241
05:55||600590500||451890||0.00075241
05:56||600590500||451890||0.00075241
05:57||599142000||451446||0.00075241
05:58||599142000||451446||0.00075241
05:59||599142500||451446||0.00075241
06:00||599130000||451446||0.00075241
06:01||599131000||451446||0.00075241
06:02||599143500||451446||0.00075241
06:03||599143500||451446||0.00075241
06:04||599143500||451446||0.00075241
06:05||599530000||451890||0.00075241
06:06||599530000||451890||0.00075241
06:07||599530000||450325||0.00075241
06:08||599491500||450325||0.00075241
06:09||599452000||450325||0.00075241
06:10||599413500||450325||0.00075241
06:11||599376000||450325||0.00075241
06:12||599340500||450325||0.00075241
06:13||599306000||450325||0.00075241
06:14||599257500||450325||0.00075241
06:15||599225500||450325||0.00075241
06:16||597917500||450317||0.00075241
06:17||597917500||450317||0.00075241
06:18||597922500||450317||0.00075241
06:19||597922500||450317||0.00075241
06:20||597923000||450187||0.00075241
06:21||597923000||450187||0.00075241
06:22||597923000||450187||0.00075241
06:23||597923000||450187||0.00075241
06:24||597923000||450187||0.00075241
06:25||597924000||450187||0.00075241
06:26||597924000||450187||0.00075241
06:27||597924000||450187||0.00075241
06:28||597924000||450187||0.00075241
06:29||597924000||450187||0.00075241
06:30||597924000||450187||0.00075241
06:31||597917500||450187||0.00075241
06:32||597917500||450187||0.00075241
06:33||597917500||450187||0.00075241
06:34||597270000||449566||0.00075241
06:35||596648000||449226||0.00075241
06:36||597405500||450175||0.00075241
06:37||597388500||450175||0.00075241
06:38||597370500||450175||0.00075241
06:39||597370500||450147||0.00075241
06:40||596750000||450147||0.00075241
06:41||595296500||448060||0.00075241
06:42||595297000||448060||0.00075241
06:43||596047500||447758||0.00075241
06:44||593325500||443937||0.00075241
06:45||593235000||443937||0.00075241
06:46||593236000||448714||0.00075241
06:47||592525500||443997||0.00075241
06:48||592565500||443997||0.00075241
06:49||590475500||444570||0.00075241
06:50||592161000||444570||0.00075241
06:51||591888000||444570||0.00075241
06:52||591557500||444001||0.00075241
06:53||590544000||444001||0.00075241
06:54||591816500||445050||0.00075241
06:55||591999500||445050||0.00075241
06:56||592244500||445426||0.00075241
06:57||592244500||445425||0.00075241
06:58||591033500||445425||0.00075241
06:59||590979000||445425||0.00075241
07:00||590908000||445425||0.00075241
07:01||590842500||445425||0.00075241
07:02||590855500||445425||0.00075241
07:03||592498000||445802||0.00075241
07:04||592499500||445802||0.00075241
07:05||593482000||447188||0.00075241
07:06||593484500||447163||0.00075241
07:07||593484500||447163||0.00075241
07:08||593484500||447163||0.00075241
07:09||593484500||447163||0.00075241
07:10||593484500||447163||0.00075241
07:11||591370500||445922||0.00075241
07:12||591415000||445922||0.00075241
07:13||591481000||445922||0.00075241
07:14||591484500||445922||0.00075241
07:15||589745500||443915||0.00075241
07:16||588976000||441363||0.00075241
07:17||588248000||441363||0.00075241
07:18||588218000||441506||0.00075241
07:19||588243000||441506||0.00075241
07:20||589126000||441506||0.00075241
07:21||589348000||444546||0.00075241
07:22||589380000||444546||0.00075241
07:23||589457500||444546||0.00075241
07:24||589554500||444546||0.00075241
07:25||590540500||445789||0.00075241
07:26||591720500||445789||0.00075241
07:27||591720500||445565||0.00075241
07:28||591729000||445565||0.00075241
07:29||593504000||446931||0.00075241
07:30||595410500||447307||0.00075241
07:31||595491000||447307||0.00075241
07:32||595543000||447307||0.00075241
07:33||596451000||448714||0.00075241
07:34||596451000||448812||0.00075241
07:35||596744500||448812||0.00075241
07:36||597633500||449351||0.00075241
07:37||597554500||449351||0.00075241
07:38||597562000||449422||0.00075241
07:39||598803000||450317||0.00075241
07:40||599416000||450693||0.00075241
07:41||599434000||450693||0.00075241
07:42||599433500||450693||0.00075241
07:43||599433500||450693||0.00075241
07:44||599433000||450693||0.00075241
07:45||599433000||450693||0.00075241
07:46||599433000||450744||0.00075241
07:47||599433000||450744||0.00075241
07:48||599425500||450744||0.00075241
07:49||598135500||450744||0.00075241
07:50||597692000||450744||0.00075241
07:51||597633000||450744||0.00075241
07:52||597445500||450744||0.00075241
07:53||598051000||450744||0.00075241
07:54||598181500||450744||0.00075241
07:55||598280500||450692||0.00075241
07:56||598561500||450692||0.00075241
07:57||598617000||450692||0.00075241
07:58||598674000||450692||0.00075241
07:59||598675000||450692||0.00075241
08:00||598675000||450692||0.00075241
08:01||598998500||450692||0.00075241
08:02||598998500||450692||0.00075241
08:03||598998500||450692||0.00075241
08:04||599399000||450692||0.00075241
08:05||599399000||450692||0.00075241
08:06||599391000||450692||0.00075241
08:07||598308500||450692||0.00075241
08:08||598967000||449943||0.00075241
08:09||599395000||451287||0.00075241
08:10||599789500||451287||0.00075241
08:11||599870500||451294||0.00075241
08:12||599870500||451348||0.00075241
08:13||599870500||451348||0.00075241
08:14||600178000||451529||0.00075241
08:15||600519000||451822||0.00075241
08:16||600554500||451822||0.00075241
08:17||600554500||451822||0.00075241
08:18||600344500||451822||0.00075241
08:19||600316000||451822||0.00075241
08:20||600319500||451822||0.00075241
08:21||600319500||451822||0.00075241
08:22||600721500||451947||0.00075241
08:23||600885500||452030||0.00075241
08:24||600885500||452111||0.00075241
08:25||600885500||452111||0.00075241
08:26||600885500||452111||0.00075241
08:27||600885500||452111||0.00075241
08:28||600885500||452111||0.00075241
08:29||600885500||452111||0.00075241
08:30||600885500||452111||0.00075241
08:31||600300000||452111||0.00075241
08:32||599350000||451348||0.00075241
08:33||599319000||451182||0.00075241
08:34||599239000||451182||0.00075241
08:35||598734500||450693||0.00075241
08:36||598231500||450317||0.00075241
08:37||598209500||449941||0.00075241
08:38||597237000||449564||0.00075241
08:39||597223000||449564||0.00075241
08:40||597211000||449564||0.00075241
08:41||597202000||449564||0.00075241
08:42||597189000||449564||0.00075241
08:43||597190500||449564||0.00075241
08:44||597190500||449564||0.00075241
08:45||597190500||449564||0.00075241
08:46||597190500||449564||0.00075241
08:47||598728500||451896||0.00075241
08:48||598591000||451896||0.00075241
08:49||598465000||451896||0.00075241
08:50||598407000||451896||0.00075241
08:51||598332500||451896||0.00075241
08:52||598068000||451896||0.00075241
08:53||597837500||451896||0.00075241
08:54||597753500||451896||0.00075241
08:55||597692000||451896||0.00075241
08:56||597635000||451896||0.00075241
08:57||597516000||451896||0.00075241
08:58||597556000||451896||0.00075241
08:59||597603000||451896||0.00075241
09:00||598665500||451446||0.00075241
09:01||598772500||451446||0.00075241
09:02||599518000||451446||0.00075241
09:03||599529500||451446||0.00075241
09:04||598703500||451446||0.00075241
09:05||598832000||451446||0.00075241
09:06||598949000||449799||0.00075241
09:07||599034000||449799||0.00075241
09:08||600538000||451629||0.00075241
09:09||600538000||452037||0.00075241
09:10||600852000||452112||0.00075241
09:11||599122000||452112||0.00075241
09:12||599366000||452112||0.00075241
09:13||599561500||452112||0.00075241
09:14||599662500||452112||0.00075241
09:15||599689000||452112||0.00075241
09:16||599705000||452112||0.00075241
09:17||599791500||452112||0.00075241
09:18||599870000||452112||0.00075241
09:19||599914500||452112||0.00075241
09:21||600028000||452112||0.00075241
09:22||600073000||452112||0.00075241
09:23||600124500||452112||0.00075241
09:24||600558500||452112||0.00075241
09:25||600558500||452112||0.00075241
09:26||599320500||449965||0.00075241
09:27||600685500||451868||0.00075241
09:28||600685500||451868||0.00075241
09:29||600685500||451868||0.00075241
09:31||601497500||452198||0.00075241
09:33||601497500||452572||0.00075241
09:34||601497500||452573||0.00075241
09:32||601497500||452573||0.00075241
09:35||601497500||452573||0.00075241
09:37||601497500||452573||0.00075241
09:38||601497500||452573||0.00075241
09:38||601497500||452573||0.00075241
09:39||601497500||452573||0.00075241
09:40||601497500||452573||0.00075241
09:42||601497500||452572||0.00075241
09:43||601497500||452572||0.00075241
09:44||601497500||452572||0.00075241
09:45||601497500||452572||0.00075241
09:45||601497500||452572||0.00075241
09:47||601497500||452572||0.00075241
09:47||601497500||452572||0.00075241
09:48||601497500||452573||0.00075241
09:49||601497500||452572||0.00075241
09:50||601497500||452573||0.00075241
09:51||601497500||452573||0.00075241
09:52||601497500||452573||0.00075241
09:53||601497500||452573||0.00075241
09:54||601498000||452573||0.00075241
09:55||601498000||452573||0.00075241
09:56||601497500||452573||0.00075241
09:57||601497500||452573||0.00075241
09:58||601497500||452573||0.00075241
09:59||601497500||452573||0.00075241
10:00||601497500||452573||0.00075241
10:01||601497500||452573||0.00075241
10:02||600249000||452572||0.00075241
10:03||600249000||452572||0.00075241
10:04||600323000||452572||0.00075241
10:05||600349000||452572||0.00075241
10:06||600350000||452570||0.00075241
10:07||600245000||450695||0.00075241
10:08||600270000||450695||0.00075241
10:09||600386500||450695||0.00075241
10:10||600363000||450695||0.00075241
10:11||600325500||450882||0.00075241
10:12||600198000||450882||0.00075241
10:13||600264000||450882||0.00075241
10:14||600324500||450882||0.00075241
10:15||600381500||450882||0.00075241
10:16||600445000||452196||0.00075241
10:17||600490500||452196||0.00075241
10:18||600502500||452194||0.00075241
10:19||600508500||452194||0.00075241
10:20||600507000||452194||0.00075241
10:21||600505500||452194||0.00075241
10:22||600545500||451523||0.00075241
10:23||600584000||451523||0.00075241
10:24||600603000||451523||0.00075241
10:25||600604500||451523||0.00075241
10:26||600604500||451523||0.00075241
10:27||600602000||452187||0.00075241
10:28||600603000||452185||0.00075241
10:29||600605000||452184||0.00075241
10:30||600605000||452184||0.00075241
10:31||600637000||452184||0.00075241
10:32||600667500||452184||0.00075241
10:33||600958500||452184||0.00075241
10:34||601049000||452198||0.00075241
10:35||601098500||452273||0.00075241
10:36||601098500||452273||0.00075241
10:37||601098500||452273||0.00075241
10:38||601099500||452273||0.00075241
10:39||601099500||452273||0.00075241
10:40||601182500||452273||0.00075241
10:41||601365500||452424||0.00075241
10:42||601399500||452424||0.00075241
10:43||601448500||452499||0.00075241
10:44||601497500||452499||0.00075241
10:45||601497500||452499||0.00075241
10:46||601553000||452650||0.00075241
10:47||602941500||452953||0.00075241
10:48||604567500||454078||0.00075241
10:49||605486500||455207||0.00075241
10:50||604257500||455583||0.00075241
10:51||604358500||455583||0.00075241
10:52||606147000||455823||0.00075241
10:53||607062000||456336||0.00075241
10:54||607041000||456336||0.00075241
10:55||607069500||456336||0.00075241
10:56||607393000||456938||0.00075241
10:57||606623000||457007||0.00075241
10:58||606501000||457007||0.00075241
10:59||607097500||457007||0.00075241
11:00||607097500||457007||0.00075241
11:01||607097500||456785||0.00075241
11:02||607097500||456785||0.00075241
11:03||607097500||456785||0.00075241
11:04||607097500||456785||0.00075241
11:05||607097500||456785||0.00075241
11:06||607367000||456938||0.00075241
11:07||608265500||457465||0.00075241
11:08||608265500||457465||0.00075241
11:09||609157000||458216||0.00075241
11:10||609157000||458781||0.00075241
11:11||609526000||458965||0.00075241
11:12||609999500||458970||0.00075241
11:13||610248500||459345||0.00075241
11:14||608317000||455854||0.00075241
11:15||608237000||459278||0.00075241
11:16||608999500||459278||0.00075241
11:17||608999500||458217||0.00075241
11:18||609504500||458247||0.00075241
11:19||609554000||458263||0.00075241
11:20||609739000||458263||0.00075241
11:21||609100500||458593||0.00075241
11:22||609100500||458593||0.00075241
11:23||608123500||456823||0.00075241
11:24||609050000||456823||0.00075241
11:25||609000500||456823||0.00075241
11:26||608296500||456823||0.00075241
11:27||608341000||456823||0.00075241
11:28||608510500||458218||0.00075241
11:29||607837500||458218||0.00075241
11:30||607837500||458218||0.00075241
11:31||608665500||458218||0.00075241
11:32||608044000||457965||0.00075241
11:33||608104500||457965||0.00075241
11:34||608140500||457965||0.00075241
11:35||608191500||457965||0.00075241
11:36||608255500||457965||0.00075241
11:37||608299000||458189||0.00075241
11:38||608342500||458189||0.00075241
11:39||608383500||458210||0.00075241
11:40||608423000||458210||0.00075241
11:41||608470000||458210||0.00075241
11:42||608989500||457444||0.00075241
11:44||608989500||457444||0.00075241
11:45||608989500||458210||0.00075241
11:46||608989500||458210||0.00075241
11:47||608496000||457465||0.00075241
11:48||608496000||458210||0.00075241
11:49||608496000||458210||0.00075241
11:55||608000500||457465||0.00075241
11:56||608000500||457466||0.00075241
11:58||608000500||457465||0.00075241
12:01||607860500||457374||0.00075241
12:02||607923500||457466||0.00075241
12:00||607925000||457408||0.00075241
12:09||607849500||457351||0.00075241
12:10||607849500||457352||0.00075241
12:11||607849500||457352||0.00075241
12:12||607539000||457148||0.00075241
12:15||606715000||456712||0.00075241
12:15||606725500||456712||0.00075241
12:16||606715000||456712||0.00075241
12:17||606715000||456712||0.00075241
12:18||606715000||456317||0.00075241
12:19||606188000||455929||0.00075241
12:20||605367500||455852||0.00075241
12:21||605367500||455852||0.00075241
12:22||606323000||455761||0.00075241
12:23||606270000||455761||0.00075241
12:24||606168500||455761||0.00075241
12:25||605786500||455761||0.00075241
12:27||605251500||455761||0.00075241
12:30||605009500||454832||0.00075241
12:32||605033000||454832||0.00075241
12:31||605021000||454832||0.00075241
12:33||605033000||454832||0.00075241
12:34||605033000||454832||0.00075241
12:35||605001000||454832||0.00075241
12:36||604859500||454832||0.00075241
12:37||604681500||454880||0.00075241
12:38||604599500||454880||0.00075241
12:39||604599500||454880||0.00075241
12:40||604599500||454880||0.00075241
12:41||604599500||454880||0.00075241
12:42||605034000||454907||0.00075241
12:43||605759500||455584||0.00075241
12:44||605765000||455584||0.00075241
12:45||605770500||455959||0.00075241
12:46||605770500||455959||0.00075241
12:47||606349500||456487||0.00075241
12:48||606455000||456487||0.00075241
12:49||606469000||456118||0.00075241
12:50||606620500||456118||0.00075241
12:51||606541500||456367||0.00075241
12:52||606541500||456367||0.00075241
12:53||606541500||456367||0.00075241
12:54||606620000||456367||0.00075241
12:55||606698500||456367||0.00075241
12:56||606698500||456367||0.00075241
12:57||606698500||456367||0.00075241
12:58||606699500||456486||0.00075241
12:59||606699500||456486||0.00075241
13:00||606742000||456487||0.00075241
13:01||606749500||456562||0.00075241
13:02||606750000||456486||0.00075241
13:03||606750000||456486||0.00075241
13:04||606800000||456637||0.00075241
13:05||606800000||456637||0.00075241
13:06||606800000||456637||0.00075241
13:07||606799500||456637||0.00075241
13:08||606798500||456637||0.00075241
13:09||606798500||456637||0.00075241
13:10||606798500||456637||0.00075241
13:11||606799500||456487||0.00075241
13:12||606898500||456636||0.00075241
13:13||606898500||456636||0.00075241
13:14||606948500||456636||0.00075241
13:15||606799000||456636||0.00075241
13:16||606798500||456635||0.00075241
13:17||606897500||456635||0.00075241
13:18||606948000||456635||0.00075241
13:19||606947500||456634||0.00075241
13:20||606947500||456712||0.00075241
13:21||606796000||456634||0.00075241
13:22||606848500||456487||0.00075241
13:23||606701500||456488||0.00075241
13:24||607483500||457077||0.00075241
13:25||607483500||457077||0.00075241
13:26||607071500||457076||0.00075241
13:27||606700500||456487||0.00075241
13:28||607101000||456488||0.00075241
13:29||607092000||456487||0.00075241
13:30||607450000||456776||0.00075241
13:31||607242500||456777||0.00075241
13:32||607243000||456777||0.00075241
13:33||607242500||456777||0.00075241
13:34||607242500||456777||0.00075241
13:35||607243000||457013||0.00075241
13:36||607240000||457013||0.00075241
13:37||607240000||457013||0.00075241
13:38||607240000||457013||0.00075241
13:39||607240000||457013||0.00075241
13:40||607240000||457013||0.00075241
13:41||607044500||456486||0.00075241
13:42||607100000||456637||0.00075241
13:43||607150000||456637||0.00075241
13:44||607100500||456637||0.00075241
13:45||607000500||456788||0.00075241
13:46||607000500||456788||0.00075241
13:47||605860500||0||0.00075241
13:48||605859500||456788||0.00075241
13:49||605860500||456788||0.00075241
13:50||605859000||456788||0.00075241
13:51||606096500||456788||0.00075241
13:52||606147500||456788||0.00075241
13:53||606146000||456788||0.00075241
13:54||606146000||456788||0.00075241
13:55||606145000||456779||0.00075241
13:56||606145000||456779||0.00075241
13:57||606145000||456779||0.00075241
13:58||606145000||456779||0.00075241
13:59||606146500||456779||0.00075241
14:00||606146500||456779||0.00075241
14:01||606146000||456779||0.00075241
14:02||606146500||456779||0.00075241
14:03||606143500||456779||0.00075241
14:04||606144500||456779||0.00075241
14:05||606144500||456779||0.00075241
14:06||606144500||456779||0.00075241
14:07||606144500||456779||0.00075241
14:08||606144500||456779||0.00075241
14:09||607076500||456779||0.00075241
14:10||607076500||456779||0.00075241
14:11||606147000||456779||0.00075241
14:12||606153000||456779||0.00075241
14:13||606151000||455381||0.00075241
14:14||606151000||455381||0.00075241
14:15||606153500||455381||0.00075241
14:16||606154500||455381||0.00075241
14:17||606157500||455381||0.00075241
14:18||606159000||455381||0.00075241
14:19||606259000||455381||0.00075241
14:20||606260500||455545||0.00075241
14:21||606261500||455545||0.00075241
14:22||606263500||455545||0.00075241
14:23||606264500||455552||0.00075241
14:24||606266000||455552||0.00075241
14:25||606264500||456763||0.00075241
14:26||606261000||456763||0.00075241
14:27||606260500||456763||0.00075241
14:28||606259500||456763||0.00075241
14:29||606258000||456763||0.00075241
14:30||606258000||456763||0.00075241
14:31||606259500||456763||0.00075241
14:32||606259500||456763||0.00075241
14:33||606259500||456763||0.00075241
14:34||606259500||456763||0.00075241
14:35||606259500||456763||0.00075241
14:36||606527000||456763||0.00075241
14:37||606527000||456763||0.00075241
14:38||606527000||455961||0.00075241
14:39||606525000||456753||0.00075241
14:40||606526500||456753||0.00075241
14:41||606526500||456748||0.00075241
14:42||606524500||456745||0.00075241
14:43||606772000||456745||0.00075241
14:44||606772000||456745||0.00075241
14:45||606772000||456745||0.00075241
14:46||606772000||456745||0.00075241
14:47||606774500||456745||0.00075241
14:48||606774000||456745||0.00075241
14:49||606774000||456745||0.00075241
14:50||606774000||456745||0.00075241
14:51||606774000||456745||0.00075241
14:52||606774000||456745||0.00075241
14:53||606774000||456745||0.00075241
14:54||606773500||456745||0.00075241
14:55||606515500||456745||0.00075241
14:56||606515500||456745||0.00075241
14:57||606515500||456745||0.00075241
14:58||606515500||456745||0.00075241
14:59||606515500||456745||0.00075241
15:00||606515500||456745||0.00075241
15:01||606779500||456744||0.00075241
15:02||606779500||456744||0.00075241
15:03||606782000||456744||0.00075241
15:04||606781500||456744||0.00075241
15:05||606784000||456744||0.00075241
15:06||606784000||456744||0.00075241
15:07||606762500||456744||0.00075241
15:08||606762000||456744||0.00075241
15:09||606762500||456712||0.00075241
15:10||606762500||456712||0.00075241
15:11||606762500||456712||0.00075241
15:12||606762500||456712||0.00075241
15:13||606762500||456712||0.00075241
15:14||606762500||456712||0.00075241
15:15||606762500||456712||0.00075241
15:16||606762500||456712||0.00075241
15:17||606762500||456712||0.00075241
15:18||606762500||456712||0.00075241
15:19||606999500||456712||0.00075241
15:20||606999500||456712||0.00075241
15:21||606999500||456712||0.00075241
15:22||606999500||456712||0.00075241
15:23||606999500||456712||0.00075241
15:24||606999500||456712||0.00075241
15:25||606999500||456712||0.00075241
15:26||606999500||456712||0.00075241
15:27||606999500||456712||0.00075241
15:28||606999500||456712||0.00075241
15:29||606999500||456712||0.00075241
15:30||606999500||456712||0.00075241
15:31||606999500||456712||0.00075241
15:32||606999500||456712||0.00075241
15:33||606999500||456712||0.00075241
15:34||606999500||456712||0.00075241
15:35||606999500||456712||0.00075241
15:36||606999500||456712||0.00075241
15:37||606999500||456712||0.00075241
15:38||606999500||456712||0.00075241
15:39||606999500||456712||0.00075241
15:40||606999500||456712||0.00075241
15:41||606999500||456712||0.00075241
15:42||606999500||456712||0.00075241
15:43||606999500||456712||0.00075241
15:44||606999500||456712||0.00075241
15:45||606999500||456712||0.00075241
15:46||606999500||456712||0.00075241
15:47||606999500||456712||0.00075241
15:48||606802500||456712||0.00075241
15:49||606802500||456712||0.00075241
15:50||606807500||456423||0.00075241
15:51||606807500||456423||0.00075241
15:52||606807500||456423||0.00075241
15:53||606807500||456423||0.00075241
15:54||606807500||456423||0.00075241
15:55||606807000||456711||0.00075241
15:56||606807000||456711||0.00075241
15:57||606807000||456711||0.00075241
15:58||606807000||456711||0.00075241
15:59||606807000||456711||0.00075241
16:00||606807000||456711||0.00075241
16:01||606026000||455358||0.00075241
16:02||605786000||455358||0.00075241
16:03||605148000||455208||0.00075241
16:04||605148000||455208||0.00075241
16:05||604736500||455057||0.00075241
16:06||604983000||455433||0.00075241
16:07||604977000||455433||0.00075241
16:08||604984500||455433||0.00075241
16:09||604978000||455423||0.00075241
16:10||604978000||455423||0.00075241
16:11||604977000||455423||0.00075241
16:12||604977000||455423||0.00075241
16:13||604977000||455423||0.00075241
16:14||604984500||454906||0.00075241
16:15||604284500||454906||0.00075241
16:16||604284500||454872||0.00075241
16:17||603908500||454872||0.00075241
16:18||603909500||454872||0.00075241
16:19||603909500||454872||0.00075241
16:20||603909500||454872||0.00075241
16:21||603909500||454872||0.00075241
16:22||603909500||454872||0.00075241
16:23||603909500||454872||0.00075241
16:24||603908000||454872||0.00075241
16:25||603265500||454872||0.00075241
16:26||604262000||453903||0.00075241
16:27||604262500||455402||0.00075241
16:28||604145000||453903||0.00075241
16:29||603460500||453904||0.00075241
16:30||603460500||453904||0.00075241
16:31||603457000||453904||0.00075241
16:32||604096000||453901||0.00075241
16:33||603464500||453901||0.00075241
16:34||603427000||453901||0.00075241
16:35||603410500||453901||0.00075241
16:36||603409500||453901||0.00075241
16:37||603263500||453901||0.00075241
16:38||603263500||453901||0.00075241
16:39||603263500||453901||0.00075241
16:40||603263500||453901||0.00075241
16:41||603263500||453901||0.00075241
16:42||603282000||453901||0.00075241
16:43||603299500||453901||0.00075241
16:44||603299500||453901||0.00075241
16:45||603299500||453901||0.00075241
16:46||603299500||453901||0.00075241
16:47||603420000||453901||0.00075241
16:48||603402000||453901||0.00075241
16:49||603402000||453901||0.00075241
16:50||603402000||453901||0.00075241
16:51||604232000||454110||0.00075241
16:52||604232000||454110||0.00075241
16:53||604188500||454110||0.00075241
16:54||604134500||454110||0.00075241
16:55||604084500||454110||0.00075241
16:56||604038500||454110||0.00075241
16:57||604005500||454110||0.00075241
16:58||603966500||454110||0.00075241
16:59||603965500||454110||0.00075241
17:00||603964000||454110||0.00075241
17:01||603964000||454110||0.00075241
17:02||603825000||454745||0.00075241
17:03||604093000||455148||0.00075241
17:04||604093000||455148||0.00075241
17:05||604862500||456306||0.00075241
17:06||604981000||456306||0.00075241
17:07||605729500||456306||0.00075241
17:08||605716000||456306||0.00075241
17:09||605716000||456306||0.00075241
17:10||604229500||455209||0.00075241
17:11||604059500||453901||0.00075241
17:12||603615000||453901||0.00075241
17:13||603739000||453901||0.00075241
17:14||603739500||453901||0.00075241
17:15||603740000||453901||0.00075241
17:16||603740000||453901||0.00075241
17:17||603740000||453901||0.00075241
17:18||603740000||454430||0.00075241
17:19||603740500||454090||0.00075241
17:20||603740500||454090||0.00075241
17:21||603740500||454090||0.00075241
17:22||603740500||454090||0.00075241
17:23||603740500||454090||0.00075241
17:24||603740500||454090||0.00075241
17:25||603515500||454090||0.00075241
17:26||603515500||454090||0.00075241
17:27||603515500||454090||0.00075241
17:28||603515500||454090||0.00075241
17:29||603515500||454090||0.00075241
17:30||603515500||454091||0.00075241
17:31||603515500||454091||0.00075241
17:32||603738500||454091||0.00075241
17:33||603739000||454091||0.00075241
17:34||603740500||454091||0.00075241
17:35||603740500||454091||0.00075241
17:36||603963000||454430||0.00075241
17:37||604980000||454430||0.00075241
17:38||605249000||454427||0.00075241
17:39||605248500||454427||0.00075241
17:40||605245500||454832||0.00075241
17:41||605493500||454832||0.00075241
17:42||605294500||454910||0.00075241
17:43||605390500||455057||0.00075241
17:44||605391500||455059||0.00075241
17:45||605391000||455060||0.00075241
17:46||605149000||455064||0.00075241
17:47||605153500||455132||0.00075241
17:48||604804500||455064||0.00075241
17:49||604700500||454982||0.00075241
17:50||604759500||454910||0.00075241
17:51||604659500||454914||0.00075241
17:52||604709000||454988||0.00075241
17:53||604710500||454989||0.00075241
17:54||604710500||454989||0.00075241
17:55||604858500||454990||0.00075241
17:56||604999500||455207||0.00075241
17:57||604998000||455205||0.00075241
17:58||604999000||455207||0.00075241
17:59||604999500||455207||0.00075241
18:00||605248000||455208||0.00075241
18:01||605248500||455208||0.00075241
18:02||605253500||455208||0.00075241
18:03||605248500||455208||0.00075241
18:04||605247500||455209||0.00075241
18:05||605248000||455214||0.00075241
18:06||605252000||455215||0.00075241
18:07||605020500||455215||0.00075241
18:08||605256500||455223||0.00075241
18:09||605254000||455223||0.00075241
18:10||605021500||455223||0.00075241
18:11||605021500||455223||0.00075241
18:12||605020500||455222||0.00075241
18:13||605009500||455222||0.00075241
18:14||605010000||455222||0.00075241
18:15||605010000||455222||0.00075241
18:16||605010000||455224||0.00075241
18:17||605010000||455224||0.00075241
18:18||605011000||455224||0.00075241
18:19||605000500||455224||0.00075241
18:20||604999500||455206||0.00075241
18:21||604999000||455205||0.00075241
18:22||604999000||455205||0.00075241
18:23||604997500||455205||0.00075241
18:24||604854000||454989||0.00075241
18:25||604261000||454989||0.00075241
18:26||604261000||454098||0.00075241
18:27||604996500||455205||0.00075241
18:28||604282500||454127||0.00075241
18:29||604288000||455205||0.00075241
18:30||604748000||455205||0.00075241
18:31||604995500||455205||0.00075241
18:32||604751500||455205||0.00075241
18:33||604756000||454835||0.00075241
18:34||604994000||455201||0.00075241
18:35||604765500||455202||0.00075241
18:36||604537000||454861||0.00075241
18:37||604764000||454861||0.00075241
18:38||604762500||455199||0.00075241
18:39||604987500||455199||0.00075241
18:40||604987500||455198||0.00075241
18:41||604763500||455198||0.00075241
18:42||604763000||455198||0.00075241
18:43||604985500||455197||0.00075241
18:44||604754000||455196||0.00075241
18:45||604750000||454868||0.00075241
18:46||604968000||455171||0.00075241
18:47||604985500||455196||0.00075241
18:48||604985500||455196||0.00075241
18:49||604985500||455196||0.00075241
18:50||604767000||455196||0.00075241
18:51||604767500||454868||0.00075241
18:52||604532000||454868||0.00075241
18:53||604747500||454868||0.00075241
18:54||604747500||455193||0.00075241
18:55||604744000||455199||0.00075241
18:56||604744500||454846||0.00075241
18:57||604753500||455185||0.00075241
18:58||604969500||455184||0.00075241
18:59||604996000||455185||0.00075241
19:00||605210000||455224||0.00075241
19:01||605205000||455224||0.00075241
19:02||605387500||455224||0.00075241
19:03||605243000||455574||0.00075241
19:04||605251500||455208||0.00075241
19:05||605497500||455214||0.00075241
19:06||605259000||455219||0.00075241
19:07||605011500||455223||0.00075241
19:08||605011500||455223||0.00075241
19:09||605263000||455223||0.00075241
19:10||605497500||455581||0.00075241
19:11||605497500||455952||0.00075241
19:12||605745500||455584||0.00075241
19:13||605751000||455584||0.00075241
19:14||605650000||455734||0.00075241
19:15||605698500||455734||0.00075241
19:16||605842500||455733||0.00075241
19:17||605748000||455733||0.00075241
19:18||605848000||455883||0.00075241
19:19||605896500||455883||0.00075241
19:20||605899500||455884||0.00075241
19:21||606419500||456590||0.00075241
19:22||606423500||455967||0.00075241
19:23||606423500||455967||0.00075241
19:24||605951500||455884||0.00075241
19:25||605797500||455807||0.00075241
19:26||605284000||455659||0.00075241
19:27||604548500||454885||0.00075241
19:28||603944000||454761||0.00075241
19:29||603274000||454115||0.00075241
19:30||603274000||454115||0.00075241
19:31||603274000||453703||0.00075241
19:32||604470000||453703||0.00075241
19:33||604470000||453703||0.00075241
19:34||604435500||453703||0.00075241
19:35||604351500||453705||0.00075241
19:36||603152500||453705||0.00075241
19:37||602425000||453703||0.00075241
19:38||602373500||453703||0.00075241
19:39||602384500||452951||0.00075241
19:40||600106500||451615||0.00075241
19:41||600112500||451446||0.00075241
19:42||600102000||451446||0.00075241
19:43||600098500||451446||0.00075241
19:44||600098500||451446||0.00075241
19:45||600146500||451446||0.00075241
19:46||600148000||451556||0.00075241
19:47||601544500||451556||0.00075241
19:48||601544500||451556||0.00075241
19:49||601544500||451556||0.00075241
19:50||601572500||451597||0.00075241
19:51||601600500||451597||0.00075241
19:52||601600500||451597||0.00075241
19:53||601600500||451597||0.00075241
19:54||601600500||451640||0.00075241
19:55||601746000||453660||0.00075241
19:56||602460500||453643||0.00075241
19:57||602460500||453643||0.00075241
19:58||602460500||453643||0.00075241
19:59||602460500||453643||0.00075241
20:00||602460500||453643||0.00075241
20:01||602460500||453643||0.00075241
20:02||602000500||453643||0.00075241
20:03||602470000||453643||0.00075241
20:04||602460500||453643||0.00075241
20:05||602000500||452951||0.00075241
20:06||602000500||452951||0.00075241
20:07||602000500||452951||0.00075241
20:08||602000500||452951||0.00075241
20:09||602000500||452950||0.00075241
20:10||602499500||452950||0.00075241
20:11||602489500||452950||0.00075241
20:12||602479000||453687||0.00075241
20:13||601420500||451618||0.00075241
20:14||601031500||451618||0.00075241
20:15||601031500||451618||0.00075241
20:16||601031500||451618||0.00075241
20:17||601031500||451618||0.00075241
20:18||601031500||452221||0.00075241
20:19||601031500||452221||0.00075241
20:20||601031500||452221||0.00075241
20:21||601031500||452221||0.00075241
20:22||600500500||451822||0.00075241
20:23||600500500||451822||0.00075241
20:24||600500500||451822||0.00075241
20:25||600500500||451822||0.00075241
20:26||600500500||451822||0.00075241
20:27||601724500||451822||0.00075241
20:28||601749000||451859||0.00075241
20:29||601749000||451859||0.00075241
20:30||601757500||453663||0.00075241
20:31||601757500||453663||0.00075241
20:32||601757500||453663||0.00075241
20:33||601801500||453663||0.00075241
20:34||601849000||453658||0.00075241
20:35||602019000||453658||0.00075241
20:36||601952500||453658||0.00075241
20:37||601952500||453658||0.00075241
20:38||601866000||453658||0.00075241
20:39||601515000||453658||0.00075241
20:40||601349000||453658||0.00075241
20:41||601349000||453658||0.00075241
20:42||601265500||453658||0.00075241
20:43||601270000||453658||0.00075241
20:44||601270000||453658||0.00075241
20:45||600569500||453658||0.00075241
20:46||600569500||453658||0.00075241
20:47||600569500||451874||0.00075241
20:48||600569500||451874||0.00075241
20:49||600569500||451874||0.00075241
20:50||601270000||451874||0.00075241
20:51||601271000||451874||0.00075241
20:52||601271000||451874||0.00075241
20:53||601999500||451874||0.00075241
20:54||601999500||452950||0.00075241
20:55||601300000||452950||0.00075241
20:56||601300000||452950||0.00075241
20:57||602217000||452950||0.00075241
20:58||602217000||452950||0.00075241
20:59||602034500||452950||0.00075241
21:00||602034500||452950||0.00075241
21:01||602467000||453251||0.00075241
21:02||602467000||453251||0.00075241
21:03||602467000||453251||0.00075241
21:04||602499500||453327||0.00075241
21:05||602499500||453327||0.00075241
21:06||602651500||453327||0.00075241
21:07||602651500||453552||0.00075241
21:08||602651500||453552||0.00075241
21:09||602651500||453552||0.00075241
21:10||602651500||453552||0.00075241
21:11||602651500||453552||0.00075241
21:12||602651500||453552||0.00075241
21:13||602651500||453552||0.00075241
21:14||602651500||453552||0.00075241
21:15||602651500||453552||0.00075241
21:16||602654500||453552||0.00075241
21:17||602654500||453552||0.00075241
21:18||602654500||453552||0.00075241
21:19||602654500||453552||0.00075241
21:20||602654500||453552||0.00075241
21:21||602976000||453658||0.00075241
21:22||602976000||453658||0.00075241
21:23||602976000||453658||0.00075241
21:24||603799500||453703||0.00075241
21:25||603799500||453703||0.00075241
21:26||603799500||453703||0.00075241
21:27||603799000||453703||0.00075241
21:28||603799000||453703||0.00075241
21:29||603799000||453703||0.00075241
21:30||603799000||453703||0.00075241
21:31||603533000||454874||0.00075241
21:32||603533000||454874||0.00075241
21:33||603533000||453333||0.00075241
21:34||602994500||453333||0.00075241
21:35||602994500||453333||0.00075241
21:36||602994500||453333||0.00075241
21:37||602994500||453333||0.00075241
21:38||602994500||453333||0.00075241
21:39||602994500||453333||0.00075241
21:40||602994500||453333||0.00075241
21:41||602984000||453333||0.00075241
21:42||602984000||453333||0.00075241
21:43||602984000||453333||0.00075241
21:44||602984000||453333||0.00075241
21:45||602984500||453333||0.00075241
21:46||602984500||454048||0.00075241
21:47||602984500||454048||0.00075241
21:48||602984000||454048||0.00075241
21:49||602991000||454048||0.00075241
21:50||602991000||454048||0.00075241
21:51||603000500||454048||0.00075241
21:52||603000500||454048||0.00075241
21:53||603000500||454048||0.00075241
21:54||603000500||454048||0.00075241
21:55||603000500||454048||0.00075241
21:56||603000500||453358||0.00075241
21:57||603000500||453358||0.00075241
21:58||603000500||453358||0.00075241
21:59||602998000||453358||0.00075241
22:00||603007500||453358||0.00075241
22:01||603453500||453358||0.00075241
22:02||603453500||454044||0.00075241
22:03||603453500||454044||0.00075241
22:04||603453500||454044||0.00075241
22:05||603453500||454044||0.00075241
22:06||603453500||454044||0.00075241
22:07||602991500||454044||0.00075241
22:08||602991000||454044||0.00075241
22:09||603451500||454044||0.00075241
22:10||603000000||454044||0.00075241
22:11||604358000||454079||0.00075241
22:12||604358000||454079||0.00075241
22:13||604358000||454079||0.00075241
22:14||604358000||454603||0.00075241
22:15||604361000||454873||0.00075241
22:16||604597500||454873||0.00075241
22:17||604597500||454873||0.00075241
22:18||604597500||454905||0.00075241
22:19||604597500||454905||0.00075241
22:20||604597500||454905||0.00075241
22:21||604597500||454905||0.00075241
22:22||604378500||454904||0.00075241
22:23||603337000||454603||0.00075241
22:24||603337000||454603||0.00075241
22:25||603337000||454603||0.00075241
22:26||603337000||454603||0.00075241
22:27||603337000||454603||0.00075241
22:28||602962500||454455||0.00075241
22:29||602962500||454013||0.00075241
22:30||602962500||454013||0.00075241
22:31||602962500||454013||0.00075241
22:32||602962500||454013||0.00075241
22:33||601478000||453329||0.00075241
22:34||601478000||453329||0.00075241
22:35||601478000||453329||0.00075241
22:36||600302500||451822||0.00075241
22:39||598215500||450693||0.00075241
22:39||598215500||450693||0.00075241
22:39||598215500||449652||0.00075241
22:40||598215500||449652||0.00075241
22:41||598215500||449652||0.00075241
22:43||601104500||449670||0.00075241
22:44||601228000||449670||0.00075241
22:44||601228000||449670||0.00075241
22:45||601292500||449670||0.00075241
22:46||601356500||449670||0.00075241
22:47||598050500||450038||0.00075241
22:48||598050500||450038||0.00075241
22:49||598050500||450017||0.00075241
22:50||598050500||450017||0.00075241
22:51||598050500||450017||0.00075241
22:52||598050500||450017||0.00075241
22:53||598050500||450017||0.00075241
22:54||598050500||450017||0.00075241
22:55||598050500||450017||0.00075241
22:56||597858500||450017||0.00075241
22:57||600474500||453953||0.00075241
22:58||600350000||449715||0.00075241
22:59||600350000||449715||0.00075241
23:00||600350000||449715||0.00075241
23:01||600350000||453703||0.00075241
23:02||600353500||453703||0.00075241
23:03||600353000||453703||0.00075241
23:04||600353000||453703||0.00075241
23:05||600353000||453703||0.00075241
23:06||600354000||453703||0.00075241
23:07||600350500||453703||0.00075241
23:08||600350500||453703||0.00075241
23:09||600358500||453703||0.00075241
23:10||600358500||453703||0.00075241
23:11||600358500||453703||0.00075241
23:12||600358500||453703||0.00075241
23:13||600358500||453703||0.00075241
23:14||600358500||453703||0.00075241
23:15||600358500||453703||0.00075241
23:16||600395000||453703||0.00075241
23:17||599863500||449735||0.00075241
23:18||599863500||449735||0.00075241
23:19||599864500||449735||0.00075241
23:20||599864000||449735||0.00075241
23:21||599864000||449735||0.00075241
23:22||599864000||449735||0.00075241
23:23||599864000||449735||0.00075241
23:24||599864000||449735||0.00075241
23:25||599864000||449735||0.00075241
23:26||599864000||449735||0.00075241
23:27||599864000||449735||0.00075241
23:28||599863000||449735||0.00075241
23:29||596751500||449188||0.00075241
23:30||596751500||449188||0.00075241
23:31||596754000||449188||0.00075241
23:32||596754000||449188||0.00075241
23:33||596754500||449188||0.00075241
23:34||596754500||449188||0.00075241
23:35||596754500||449188||0.00075241
23:36||596998000||449188||0.00075241
23:37||596998000||449188||0.00075241
23:38||596998000||449188||0.00075241
23:39||596998000||449188||0.00075241
23:40||596998000||449188||0.00075241
23:41||596998000||449188||0.00075241
23:42||596998000||449188||0.00075241
23:43||596998000||449186||0.00075241
23:44||596998000||449186||0.00075241
23:45||596998000||449186||0.00075241
23:46||596998000||449186||0.00075241
23:47||596998000||449186||0.00075241
23:48||596998000||449186||0.00075241
23:49||596998000||449186||0.00075241
23:50||596998500||449188||0.00075241
23:51||596998500||449186||0.00075241
23:52||596998500||449186||0.00075241
23:53||596999000||449186||0.00075241
23:54||596999000||449186||0.00075241
23:55||596998500||449186||0.00075241
23:56||596998500||449188||0.00075241
23:57||596998500||449188||0.00075241
23:58||596998500||449188||0.00075241
23:59||596998500||449188||0.00075241
