00:00||484419000||364733||0.00075241
00:01||484404000||364712||0.00075241
00:02||486442500||364229||0.00075241
00:03||485629000||363414||0.00075241
00:04||485275500||363414||0.00075241
00:05||485010500||363416||0.00075241
00:06||484775000||366084||0.00075241
00:07||484775000||363414||0.00075241
00:08||484775000||366082||0.00075241
00:09||484775000||363416||0.00075241
00:10||484501500||363414||0.00075241
00:11||484500500||365669||0.00075241
00:12||484500500||365669||0.00075241
00:13||484775000||366082||0.00075241
00:14||485229500||366835||0.00075241
00:15||485229500||363416||0.00075241
00:16||485053000||366631||0.00075241
00:17||484889000||363414||0.00075241
00:18||485249000||365669||0.00075241
00:19||485993000||366835||0.00075241
00:20||484975500||366386||0.00075241
00:21||485000500||366386||0.00075241
00:22||485000500||366423||0.00075241
00:23||485000500||366423||0.00075241
00:24||484964500||366363||0.00075241
00:25||484964500||366423||0.00075241
00:26||484474500||365626||0.00075241
00:27||484470500||363414||0.00075241
00:28||484470500||365626||0.00075241
00:29||483980500||364888||0.00075241
00:30||484000000||364888||0.00075241
00:31||483500000||364166||0.00075241
00:32||484000500||363414||0.00075241
00:33||483750000||363037||0.00075241
00:34||485273500||366835||0.00075241
00:35||486430000||363415||0.00075241
00:36||486446000||364167||0.00075241
00:37||486501000||364167||0.00075241
00:38||486450000||364166||0.00075241
00:39||485961000||364167||0.00075241
00:40||486000000||367176||0.00075241
00:41||485751000||363790||0.00075241
00:42||485750000||367176||0.00075241
00:43||486000000||363790||0.00075241
00:44||486001000||364166||0.00075241
00:45||486001000||367176||0.00075241
00:46||486000000||367176||0.00075241
00:47||486000000||367176||0.00075241
00:48||486449000||368325||0.00075241
00:49||486944000||367928||0.00075241
00:50||486944000||367845||0.00075241
00:51||486944000||367845||0.00075241
00:52||486942500||367845||0.00075241
00:53||487442500||367843||0.00075241
00:54||487942500||367843||0.00075241
00:55||486000000||366423||0.00075241
00:56||486000000||364918||0.00075241
00:57||486050000||367176||0.00075241
00:58||486993500||367843||0.00075241
00:59||486993500||364994||0.00075241
01:00||487050000||367928||0.00075241
01:01||486950000||364918||0.00075241
01:02||486500000||367176||0.00075241
01:03||486500000||367176||0.00075241
01:04||486500000||367176||0.00075241
01:05||486500000||367176||0.00075241
01:06||486500000||364918||0.00075241
01:07||486500000||364918||0.00075241
01:08||486550000||367176||0.00075241
01:09||487549000||368679||0.00075241
01:10||487549000||368679||0.00075241
01:11||487998500||368679||0.00075241
01:12||489997500||368679||0.00075241
01:13||487549000||364994||0.00075241
01:14||487745000||365295||0.00075241
01:15||487250000||365295||0.00075241
01:16||487250000||367928||0.00075241
01:17||487250000||367928||0.00075241
01:18||487250000||367928||0.00075241
01:19||487250000||365295||0.00075241
01:20||487250000||367928||0.00075241
01:21||487250000||367928||0.00075241
01:22||487250000||367928||0.00075241
01:23||487250000||367928||0.00075241
01:24||487250000||367928||0.00075241
01:25||487250000||367928||0.00075241
01:26||487250000||367928||0.00075241
01:27||487250000||365295||0.00075241
01:28||487250000||367928||0.00075241
01:29||487250000||365295||0.00075241
01:30||487250000||365295||0.00075241
01:31||487250000||367928||0.00075241
01:32||487250000||367928||0.00075241
01:33||486750000||367176||0.00075241
01:34||487200000||367853||0.00075241
01:35||487150000||367853||0.00075241
01:36||487150000||367778||0.00075241
01:37||487150000||367778||0.00075241
01:38||487150000||367778||0.00075241
01:39||487000000||365295||0.00075241
01:40||487000000||367552||0.00075241
01:41||487000000||365295||0.00075241
01:42||487250000||365295||0.00075241
01:43||487250000||365295||0.00075241
01:44||487250000||367928||0.00075241
01:45||487250000||367928||0.00075241
01:46||487199500||367928||0.00075241
01:47||487164500||367799||0.00075241
01:48||487150000||365295||0.00075241
01:49||487150000||365295||0.00075241
01:50||487700000||365295||0.00075241
01:51||487900000||368605||0.00075241
01:52||487500000||368530||0.00075241
01:53||486970000||367875||0.00075241
01:54||486750000||365295||0.00075241
01:55||486700000||367176||0.00075241
01:56||486700000||367100||0.00075241
01:57||486700000||367100||0.00075241
01:58||486549000||367176||0.00075241
01:59||486520000||367132||0.00075241
02:00||486520000||367132||0.00075241
02:01||485540000||367074||0.00075241
02:02||485299000||364992||0.00075241
02:03||485299000||365295||0.00075241
02:04||483750000||364992||0.00075241
02:05||483550000||365295||0.00075241
02:06||483750000||365295||0.00075241
02:07||483715000||365242||0.00075241
02:08||483470000||362661||0.00075241
02:09||483500000||364873||0.00075241
02:10||483550000||364918||0.00075241
02:11||483550500||364918||0.00075241
02:12||483550500||364918||0.00075241
02:13||483521500||365295||0.00075241
02:14||483050500||365295||0.00075241
02:15||483031500||364137||0.00075241
02:16||482287000||364137||0.00075241
02:17||483014000||362134||0.00075241
02:18||482522000||364863||0.00075241
02:19||482522000||361985||0.00075241
02:20||482032000||363385||0.00075241
02:21||481886000||363327||0.00075241
02:22||481856000||361991||0.00075241
02:23||482473500||364036||0.00075241
02:24||481947500||363299||0.00075241
02:25||481102500||362000||0.00075241
02:26||481102500||361986||0.00075241
02:27||481102500||361986||0.00075241
02:28||481102500||361985||0.00075241
02:29||481102500||361985||0.00075241
02:30||481102500||361986||0.00075241
02:31||481102500||361986||0.00075241
02:32||481102500||361986||0.00075241
02:33||481102500||361985||0.00075241
02:34||481102500||361985||0.00075241
02:35||481102500||361986||0.00075241
02:36||481042000||361985||0.00075241
02:37||481000500||361909||0.00075241
02:38||483499500||361909||0.00075241
02:39||483499500||361909||0.00075241
02:40||482999500||361909||0.00075241
02:41||482999500||361909||0.00075241
02:42||481001500||361909||0.00075241
02:43||481001500||361909||0.00075241
02:44||481001500||361909||0.00075241
02:45||481001500||361909||0.00075241
02:46||481001500||361910||0.00075241
02:47||482500000||361910||0.00075241
02:48||482500000||361910||0.00075241
02:49||481002500||361910||0.00075241
02:50||481002500||361910||0.00075241
02:51||481002000||361909||0.00075241
02:52||481002000||361911||0.00075241
02:53||481002000||361911||0.00075241
02:54||481000500||361909||0.00075241
02:55||482500500||361911||0.00075241
02:56||482530500||361911||0.00075241
02:57||482774000||364164||0.00075241
02:58||483250000||364166||0.00075241
02:59||483250000||363037||0.00075241
03:00||483250000||364166||0.00075241
03:01||483500000||363037||0.00075241
03:02||484520000||364918||0.00075241
03:03||484750000||363790||0.00075241
03:04||484750000||365671||0.00075241
03:05||484750000||363790||0.00075241
03:06||485020000||363790||0.00075241
03:07||485765000||366423||0.00075241
03:08||485765000||366423||0.00075241
03:09||485750000||366423||0.00075241
03:10||485500000||366423||0.00075241
03:11||485500000||366423||0.00075241
03:12||485500000||364166||0.00075241
03:13||485500000||364166||0.00075241
03:14||485500000||364166||0.00075241
03:15||485500000||364166||0.00075241
03:16||485500000||364166||0.00075241
03:17||485500000||366423||0.00075241
03:18||485000000||366423||0.00075241
03:19||485000000||366423||0.00075241
03:20||485000000||365671||0.00075241
03:21||485000000||364166||0.00075241
03:22||485000000||364166||0.00075241
03:23||485020000||365671||0.00075241
03:24||485750000||364542||0.00075241
03:25||485750000||364542||0.00075241
03:26||485750000||364542||0.00075241
03:27||485750000||364542||0.00075241
03:28||485775000||364542||0.00075241
03:29||486530000||367176||0.00075241
03:30||486750000||367176||0.00075241
03:31||487040000||364918||0.00075241
03:32||487285000||364918||0.00075241
03:33||487530000||365716||0.00075241
03:34||487530000||365716||0.00075241
03:35||487530000||365716||0.00075241
03:36||487775000||365716||0.00075241
03:37||487285000||365716||0.00075241
03:38||487530000||365716||0.00075241
03:39||487500000||365716||0.00075241
03:40||487530000||365716||0.00075241
03:41||487775000||365716||0.00075241
03:42||487530000||365716||0.00075241
03:43||487530000||365716||0.00075241
03:44||487530000||365716||0.00075241
03:45||487530000||365716||0.00075241
03:46||487530000||365716||0.00075241
03:47||487530000||365716||0.00075241
03:48||487000000||365716||0.00075241
03:49||487040000||365716||0.00075241
03:50||487040000||364979||0.00075241
03:51||487040000||364979||0.00075241
03:52||487040000||364979||0.00075241
03:53||487040000||364979||0.00075241
03:54||487040000||364979||0.00075241
03:55||487040000||364979||0.00075241
03:56||487040000||364979||0.00075241
03:57||487040000||364979||0.00075241
03:58||487040000||364979||0.00075241
03:59||487040000||364979||0.00075241
04:00||487040000||364979||0.00075241
04:01||487040000||364979||0.00075241
04:02||487784000||365723||0.00075241
04:03||488274000||365723||0.00075241
04:04||488420500||368304||0.00075241
04:05||488580500||368304||0.00075241
04:06||488673500||368304||0.00075241
04:07||488757500||368304||0.00075241
04:08||488833500||368304||0.00075241
04:09||488849000||368304||0.00075241
04:10||488020000||367928||0.00075241
04:11||488001000||367928||0.00075241
04:12||487500500||366425||0.00075241
04:13||487000500||366425||0.00075241
04:14||486070500||366425||0.00075241
04:15||486199500||365054||0.00075241
04:16||486325000||365294||0.00075241
04:17||486326000||365294||0.00075241
04:18||486118000||365294||0.00075241
04:19||486288000||366422||0.00075241
04:20||486415000||366423||0.00075241
04:21||486581000||365764||0.00075241
04:22||486643000||365764||0.00075241
04:23||486703500||365764||0.00075241
04:24||486749000||365764||0.00075241
04:25||486783500||366423||0.00075241
04:26||486818500||366423||0.00075241
04:27||486854000||366423||0.00075241
04:28||487333000||366423||0.00075241
04:29||487365500||366799||0.00075241
04:30||487391000||366799||0.00075241
04:31||487668000||366799||0.00075241
04:32||488573000||367176||0.00075241
04:33||488627500||367928||0.00075241
04:34||488668500||367928||0.00075241
04:35||488719500||367928||0.00075241
04:36||488767500||367928||0.00075241
04:37||487530500||367928||0.00075241
04:38||487438000||367928||0.00075241
04:39||487627000||366131||0.00075241
04:40||488048000||366465||0.00075241
04:41||488215000||366555||0.00075241
04:42||488366500||366555||0.00075241
04:43||488492500||366555||0.00075241
04:44||488593500||367928||0.00075241
04:45||488662500||367928||0.00075241
04:46||488726000||367928||0.00075241
04:47||488769500||367928||0.00075241
04:48||488805500||367928||0.00075241
04:49||488843000||365672||0.00075241
04:50||487782000||366018||0.00075241
04:51||488035000||366018||0.00075241
04:52||488220000||367926||0.00075241
04:53||488371500||367926||0.00075241
04:54||488494500||367099||0.00075241
04:55||488569500||367928||0.00075241
04:56||488614500||367928||0.00075241
04:57||488679000||367445||0.00075241
04:58||488734500||367445||0.00075241
04:59||488766000||367928||0.00075241
05:00||488769500||367576||0.00075241
05:01||488829000||367926||0.00075241
05:02||487675000||367928||0.00075241
05:03||487972000||367928||0.00075241
05:04||487863000||367928||0.00075241
05:05||487999000||367928||0.00075241
05:06||488010000||367550||0.00075241
05:07||488499500||367550||0.00075241
05:08||488499500||367550||0.00075241
05:09||488499500||367550||0.00075241
05:10||488499500||367550||0.00075241
05:11||488499500||367552||0.00075241
05:12||488499500||367552||0.00075241
05:13||488499500||367552||0.00075241
05:14||488499500||367552||0.00075241
05:15||488499500||367552||0.00075241
05:16||488749500||367928||0.00075241
05:17||488749500||367928||0.00075241
05:18||488749500||367928||0.00075241
05:19||488749500||367928||0.00075241
05:20||488749500||367551||0.00075241
05:21||488794500||367551||0.00075241
05:22||488832500||367928||0.00075241
05:23||488865000||367928||0.00075241
05:24||488892500||367762||0.00075241
05:25||488913500||367762||0.00075241
05:26||489155000||368229||0.00075241
05:27||489154000||367860||0.00075241
05:28||488254500||368152||0.00075241
05:29||488279500||367926||0.00075241
05:30||488499500||367550||0.00075241
05:31||488499500||367550||0.00075241
05:32||488499500||367552||0.00075241
05:33||488499500||367552||0.00075241
05:34||488749500||367928||0.00075241
05:35||488749500||367551||0.00075241
05:36||487770500||366424||0.00075241
05:37||487999500||367175||0.00075241
05:38||487999500||367176||0.00075241
05:39||488249500||367552||0.00075241
05:40||488499500||367928||0.00075241
05:41||488499500||367928||0.00075241
05:42||488499500||367928||0.00075241
05:43||488499500||367551||0.00075241
05:44||488499500||367551||0.00075241
05:45||488499500||367551||0.00075241
05:46||488499500||367551||0.00075241
05:47||488499500||367552||0.00075241
05:48||488499500||367552||0.00075241
05:49||488499500||367552||0.00075241
05:50||488499500||367552||0.00075241
05:51||488499500||367551||0.00075241
05:52||488755000||367552||0.00075241
05:53||488511500||367552||0.00075241
05:54||488511500||367561||0.00075241
05:55||488511500||367561||0.00075241
05:56||488511500||367561||0.00075241
05:57||488511500||367561||0.00075241
05:58||488511500||367560||0.00075241
05:59||488511500||367560||0.00075241
06:00||488511500||367560||0.00075241
06:01||488511500||367561||0.00075241
06:02||488511500||367560||0.00075241
06:03||488511500||367560||0.00075241
06:04||488511500||367561||0.00075241
06:05||487255500||367560||0.00075241
06:06||487255500||367560||0.00075241
06:07||486275000||367560||0.00075241
06:08||486499500||367560||0.00075241
06:09||486499500||367560||0.00075241
06:10||486499500||367560||0.00075241
06:11||486020000||366423||0.00075241
06:12||486020000||366423||0.00075241
06:13||486265000||366423||0.00075241
06:14||486521000||365702||0.00075241
06:15||486745000||366416||0.00075241
06:16||486495000||366416||0.00075241
06:17||486745000||366416||0.00075241
06:18||486495000||366416||0.00075241
06:19||485525000||366416||0.00075241
06:20||485510000||364215||0.00075241
06:21||486731000||367561||0.00075241
06:22||486520000||365716||0.00075241
06:23||485515500||366047||0.00075241
06:24||485594000||366047||0.00075241
06:25||485935000||366047||0.00075241
06:26||486027000||366047||0.00075241
06:27||486359500||365396||0.00075241
06:28||486474500||365396||0.00075241
06:29||486578500||365396||0.00075241
06:30||486657500||366423||0.00075241
06:31||486757000||366423||0.00075241
06:32||487375500||367176||0.00075241
06:33||487464000||366236||0.00075241
06:34||487561000||367176||0.00075241
06:35||487634000||367176||0.00075241
06:36||487689000||367176||0.00075241
06:37||488293000||367926||0.00075241
06:38||488388500||367905||0.00075241
06:39||488482500||367905||0.00075241
06:40||488265500||367544||0.00075241
06:41||488041500||367206||0.00075241
06:42||488041500||367206||0.00075241
06:43||488041500||367207||0.00075241
06:44||488041500||367207||0.00075241
06:45||488041500||367207||0.00075241
06:46||488041500||367206||0.00075241
06:47||488041500||367207||0.00075241
06:48||488041500||367206||0.00075241
06:49||488275500||367207||0.00075241
06:50||488275500||367552||0.00075241
06:51||488524500||367926||0.00075241
06:52||488524500||367926||0.00075241
06:53||488524500||367214||0.00075241
06:54||488525500||367928||0.00075241
06:55||488525500||367214||0.00075241
06:56||489454000||367928||0.00075241
06:57||489436500||367928||0.00075241
06:58||489436500||367928||0.00075241
06:59||489436500||367206||0.00075241
07:00||488975500||368585||0.00075241
07:01||488975500||368585||0.00075241
07:02||488984000||368585||0.00075241
07:03||488986500||368598||0.00075241
07:04||488424500||366574||0.00075241
07:05||487999500||367176||0.00075241
07:06||487999500||367176||0.00075241
07:07||487999500||367176||0.00075241
07:08||489053000||368680||0.00075241
07:09||489044000||368680||0.00075241
07:10||488549000||368680||0.00075241
07:11||489043000||367241||0.00075241
07:12||489500500||368680||0.00075241
07:13||489500500||368680||0.00075241
07:14||489502000||368680||0.00075241
07:15||489502000||367932||0.00075241
07:16||489998500||368680||0.00075241
07:17||489998500||368679||0.00075241
07:18||489998500||368680||0.00075241
07:19||489998500||368679||0.00075241
07:20||489998500||368679||0.00075241
07:21||489998500||368680||0.00075241
07:22||490248500||368680||0.00075241
07:23||490249500||368680||0.00075241
07:24||490249500||369056||0.00075241
07:25||490249500||369056||0.00075241
07:26||490249500||369056||0.00075241
07:27||489746500||367928||0.00075241
07:28||489247000||369051||0.00075241
07:29||489000500||367176||0.00075241
07:30||488999000||368679||0.00075241
07:31||488999000||367176||0.00075241
07:32||488999500||368679||0.00075241
07:33||488999500||367176||0.00075241
07:34||488997500||367176||0.00075241
07:35||488997500||368677||0.00075241
07:36||488999000||368680||0.00075241
07:37||488999000||368680||0.00075241
07:38||488469000||368634||0.00075241
07:39||488165500||366423||0.00075241
07:40||488069500||366423||0.00075241
07:41||488070000||368033||0.00075241
07:42||488380500||368543||0.00075241
07:43||488269500||368373||0.00075241
07:44||488243500||366424||0.00075241
07:45||488243500||368294||0.00075241
07:46||488243500||368294||0.00075241
07:47||488119500||368216||0.00075241
07:48||488439500||368679||0.00075241
07:49||487850000||367610||0.00075241
07:50||487349000||367701||0.00075241
07:51||487249000||367550||0.00075241
07:52||487249500||367550||0.00075241
07:53||487249000||366047||0.00075241
07:54||487000000||366047||0.00075241
07:55||487000000||366799||0.00075241
07:56||486750500||366799||0.00075241
07:57||486749500||365672||0.00075241
07:58||486746500||365671||0.00075241
07:59||486748000||365673||0.00075241
08:00||486748000||366794||0.00075241
08:01||487495000||366794||0.00075241
08:02||487494000||367167||0.00075241
08:03||486996000||365674||0.00075241
08:04||486994000||367167||0.00075241
08:05||486991000||367161||0.00075241
08:06||486991500||367165||0.00075241
08:07||486991500||367165||0.00075241
08:08||486995500||367165||0.00075241
08:12||487450500||367552||0.00075241
08:13||487431500||366048||0.00075241
08:09||486993000||366418||0.00075241
08:14||487236000||367153||0.00075241
08:15||486963000||367116||0.00075241
08:16||486252500||366047||0.00075241
08:17||486736500||366776||0.00075241
08:18||486720500||366776||0.00075241
08:19||486705500||365678||0.00075241
08:20||486569000||366577||0.00075241
08:21||486478500||366400||0.00075241
08:22||486249500||365678||0.00075241
08:23||486216500||365678||0.00075241
08:24||486174000||365953||0.00075241
08:25||486145500||365889||0.00075241
08:26||485605000||364925||0.00075241
08:27||485520000||364924||0.00075241
08:28||485426500||365583||0.00075241
08:29||485348500||365461||0.00075241
08:30||485248000||364924||0.00075241
08:31||485281000||364924||0.00075241
08:32||485299000||365287||0.00075241
08:33||485050000||364924||0.00075241
08:34||484574000||364967||0.00075241
08:35||484564000||364950||0.00075241
08:36||484475500||364888||0.00075241
08:37||484409500||364730||0.00075241
08:38||484587500||364229||0.00075241
08:39||485219500||365671||0.00075241
08:40||484968500||364542||0.00075241
08:41||484936000||365230||0.00075241
08:42||485186500||365198||0.00075241
08:43||485186500||364919||0.00075241
08:44||485186000||365198||0.00075241
08:45||484470500||364166||0.00075241
08:46||484411000||363790||0.00075241
08:47||484402000||364784||0.00075241
08:48||484134500||364757||0.00075241
08:49||484107500||363790||0.00075241
08:50||483979000||363790||0.00075241
08:51||483891500||364406||0.00075241
08:52||483825500||364291||0.00075241
08:53||483711000||364158||0.00075241
08:54||483686000||363790||0.00075241
08:55||483643000||363790||0.00075241
08:56||483614000||363790||0.00075241
08:57||483586500||363790||0.00075241
08:58||483500500||363476||0.00075241
08:59||483267000||363760||0.00075241
09:00||483244500||363739||0.00075241
09:01||483228500||363476||0.00075241
09:02||483213500||363683||0.00075241
09:03||483208500||363489||0.00075241
09:04||483134500||363476||0.00075241
09:05||483107000||363584||0.00075241
09:06||483000500||363414||0.00075241
09:07||483000500||363414||0.00075241
09:08||483000500||363414||0.00075241
09:09||482550500||362736||0.00075241
09:10||482530500||363414||0.00075241
09:11||482494000||363342||0.00075241
09:12||482467500||363315||0.00075241
09:13||482451000||363265||0.00075241
09:14||482412500||362736||0.00075241
09:15||482100500||362736||0.00075241
09:16||482100500||362736||0.00075241
09:17||483395500||364686||0.00075241
09:18||482150000||363400||0.00075241
09:19||482541500||363769||0.00075241
09:20||482718500||363374||0.00075241
09:21||482500500||363038||0.00075241
09:22||482500500||363038||0.00075241
09:23||482500500||363037||0.00075241
09:24||482500500||363037||0.00075241
09:25||482500500||363038||0.00075241
09:26||482500500||363038||0.00075241
09:27||482342500||362812||0.00075241
09:28||482334500||362812||0.00075241
09:29||482331000||362812||0.00075241
09:30||482317000||362988||0.00075241
09:31||482750000||363414||0.00075241
09:32||482745000||363406||0.00075241
09:33||482745500||363406||0.00075241
09:34||482733000||363037||0.00075241
09:35||482750000||363414||0.00075241
09:36||482750500||363037||0.00075241
09:37||482739000||363397||0.00075241
09:38||482706000||363355||0.00075241
09:39||482500500||363037||0.00075241
09:40||482500500||363038||0.00075241
09:41||482500500||363038||0.00075241
09:42||482500500||363037||0.00075241
09:43||482500500||363037||0.00075241
09:44||482500500||363037||0.00075241
09:45||482500500||363037||0.00075241
09:46||482500500||363037||0.00075241
09:47||482500500||363038||0.00075241
09:48||482500500||363038||0.00075241
09:49||482500500||363038||0.00075241
09:50||482500500||363038||0.00075241
09:51||482500500||363037||0.00075241
09:52||482500500||363037||0.00075241
09:53||482500500||363037||0.00075241
09:54||482500500||363038||0.00075241
09:55||482500500||363037||0.00075241
09:56||482500500||363038||0.00075241
09:57||482500500||363038||0.00075241
09:58||482500500||363038||0.00075241
09:59||482500500||363038||0.00075241
10:00||482750500||363038||0.00075241
10:01||483000000||363789||0.00075241
10:02||483250000||364165||0.00075241
10:03||482750500||363038||0.00075241
10:04||482749500||363412||0.00075241
10:05||482751000||363414||0.00075241
10:06||482750500||363038||0.00075241
10:07||482750000||363038||0.00075241
10:08||482750500||363414||0.00075241
10:09||482800000||363414||0.00075241
10:10||482799500||363113||0.00075241
10:11||483050500||363113||0.00075241
10:12||483000000||363113||0.00075241
10:13||482750500||363038||0.00075241
10:14||482502500||363039||0.00075241
10:15||482501500||363039||0.00075241
10:16||482253500||362665||0.00075241
10:17||482252000||362665||0.00075241
10:18||482005500||362666||0.00075241
10:19||482005500||362666||0.00075241
10:20||482005500||362666||0.00075241
10:21||482005500||362665||0.00075241
10:22||482005500||362666||0.00075241
10:23||482252000||362665||0.00075241
10:24||482252000||362665||0.00075241
10:25||482252000||362665||0.00075241
10:26||482252000||363037||0.00075241
10:27||481543500||362666||0.00075241
10:28||480553000||361909||0.00075241
10:29||480553000||361909||0.00075241
10:30||481053000||361236||0.00075241
10:31||481053000||362661||0.00075241
10:32||481053000||362661||0.00075241
10:33||481053000||362661||0.00075241
10:34||481052500||361236||0.00075241
10:35||481052500||361236||0.00075241
10:36||480999500||361156||0.00075241
10:37||480750000||361156||0.00075241
10:38||480750000||361156||0.00075241
10:39||479750500||360781||0.00075241
10:40||480799500||362660||0.00075241
10:41||480000500||361156||0.00075241
10:42||480875000||362472||0.00075241
10:43||481000000||362660||0.00075241
10:44||480875500||361157||0.00075241
10:45||480750500||361157||0.00075241
10:46||480750500||361157||0.00075241
10:47||480750500||361157||0.00075241
10:48||480750500||361157||0.00075241
10:49||480750500||361158||0.00075241
10:50||480750000||362284||0.00075241
10:51||481498500||361157||0.00075241
10:52||481498500||362284||0.00075241
10:53||480750000||361157||0.00075241
10:54||480750000||362284||0.00075241
10:55||480750000||361157||0.00075241
10:56||480750000||361157||0.00075241
10:57||480750000||361157||0.00075241
10:58||480745500||361157||0.00075241
10:59||480745500||361158||0.00075241
11:00||480750500||362284||0.00075241
11:01||480751000||362284||0.00075241
11:02||480751000||362284||0.00075241
11:03||480751000||361159||0.00075241
11:04||481498000||362284||0.00075241
11:05||481624500||362284||0.00075241
11:06||481004000||361165||0.00075241
11:07||480505500||361165||0.00075241
11:08||480506000||361165||0.00075241
11:09||481004500||361909||0.00075241
11:10||481006500||362661||0.00075241
11:11||481006500||362661||0.00075241
11:12||481250000||362661||0.00075241
11:13||481250000||361533||0.00075241
11:14||481989500||362661||0.00075241
11:15||481989500||362654||0.00075241
11:16||481989500||362653||0.00075241
11:17||481989500||362654||0.00075241
11:18||481273000||362652||0.00075241
11:19||480999500||361909||0.00075241
11:20||481505500||362654||0.00075241
11:21||481499500||362285||0.00075241
11:22||481989500||362653||0.00075241
11:23||482255500||363036||0.00075241
11:24||482255500||363036||0.00075241
11:25||482498000||363037||0.00075241
11:26||482251500||363037||0.00075241
11:27||482250500||362662||0.00075241
11:28||482000000||363037||0.00075241
11:29||481999000||362285||0.00075241
11:30||481501500||362661||0.00075241
11:31||481501500||362661||0.00075241
11:32||481501000||362661||0.00075241
11:33||481496500||362654||0.00075241
11:34||481496500||362654||0.00075241
11:35||481496500||362652||0.00075241
11:36||481496500||361912||0.00075241
11:37||481494000||362652||0.00075241
11:38||481499000||361909||0.00075241
11:39||481500000||362661||0.00075241
11:40||481510000||361924||0.00075241
11:41||481511000||362661||0.00075241
11:42||482017000||363036||0.00075241
11:43||481950000||362285||0.00075241
11:44||481951000||362962||0.00075241
11:45||481502500||362286||0.00075241
11:46||481751000||362661||0.00075241
11:47||481502500||362287||0.00075241
11:48||481502500||362286||0.00075241
11:49||481502500||362287||0.00075241
11:50||482200000||362286||0.00075241
11:51||482000500||362662||0.00075241
11:52||482000500||362661||0.00075241
11:53||482249000||363034||0.00075241
11:54||482249000||362663||0.00075241
11:55||482249000||363036||0.00075241
11:56||482246500||362661||0.00075241
11:57||482247500||362661||0.00075241
11:58||482249000||363032||0.00075241
11:59||482249000||363032||0.00075241
12:00||482249000||363032||0.00075241
12:01||482255000||362663||0.00075241
12:02||482299500||363036||0.00075241
12:03||482497500||363036||0.00075241
12:04||482497500||363035||0.00075241
12:05||482497500||363035||0.00075241
12:06||482498500||363035||0.00075241
12:07||482499500||363037||0.00075241
12:08||482499500||363037||0.00075241
12:09||482499500||363037||0.00075241
12:10||482499500||363037||0.00075241
12:11||482499500||363037||0.00075241
12:12||482499500||363037||0.00075241
12:13||482499500||363037||0.00075241
12:14||482499500||363037||0.00075241
12:15||482499500||363037||0.00075241
12:16||482499500||363037||0.00075241
12:17||482499500||363037||0.00075241
12:18||482499500||363037||0.00075241
12:19||482499500||363037||0.00075241
12:20||482499500||363037||0.00075241
12:21||482499500||363037||0.00075241
12:22||482499500||363037||0.00075241
12:23||482499500||363037||0.00075241
12:24||482499500||363037||0.00075241
12:25||482499500||363037||0.00075241
12:26||482499500||363037||0.00075241
12:27||482499500||363037||0.00075241
12:28||482499500||363037||0.00075241
12:29||482499500||363037||0.00075241
12:30||482499500||363037||0.00075241
12:31||482499500||363037||0.00075241
12:32||482499500||363037||0.00075241
12:33||482499500||363037||0.00075241
12:34||482499500||363037||0.00075241
12:35||482499500||363037||0.00075241
12:36||482499500||363037||0.00075241
12:37||482499500||363037||0.00075241
12:38||482499500||363037||0.00075241
12:39||482499500||363037||0.00075241
12:40||482250000||363037||0.00075241
12:41||482249000||363036||0.00075241
12:42||482026000||362326||0.00075241
12:43||481777500||362326||0.00075241
12:44||481777000||362326||0.00075241
12:45||481031000||361538||0.00075241
12:46||481031000||361538||0.00075241
12:47||480808000||361538||0.00075241
12:48||480808000||361202||0.00075241
12:49||480808000||361202||0.00075241
12:50||480808000||361202||0.00075241
12:51||480858000||361202||0.00075241
12:52||480908500||361202||0.00075241
12:53||480910500||361356||0.00075241
12:54||481777000||362326||0.00075241
12:55||481777500||362326||0.00075241
12:56||480266500||361357||0.00075241
12:57||481133000||361357||0.00075241
12:58||481132500||361357||0.00075241
12:59||481137500||361432||0.00075241
13:00||481087500||361356||0.00075241
13:01||480887500||361356||0.00075241
13:02||481087500||362292||0.00075241
13:03||481133000||362660||0.00075241
13:04||481499500||363036||0.00075241
13:05||481749500||363036||0.00075241
13:06||482498500||363037||0.00075241
13:07||481750000||361909||0.00075241
13:08||481001500||361910||0.00075241
13:09||481750500||361910||0.00075241
13:10||481499000||361911||0.00075241
13:11||481746500||362284||0.00075241
13:12||481746500||362284||0.00075241
13:13||481746500||362284||0.00075241
13:14||481746500||362284||0.00075241
13:15||481206000||362216||0.00075241
13:16||481201500||362210||0.00075241
13:17||481201500||361911||0.00075241
13:18||479524000||361158||0.00075241
13:19||481100000||361158||0.00075241
13:20||478773000||360439||0.00075241
13:21||478525000||360028||0.00075241
13:22||479799500||360065||0.00075241
13:23||480265000||361909||0.00075241
13:24||479750000||360780||0.00075241
13:25||480000000||360780||0.00075241
13:26||480000000||361533||0.00075241
13:27||480249500||360780||0.00075241
13:28||479950000||360780||0.00075241
13:29||480250000||361156||0.00075241
13:30||480000500||361156||0.00075241
13:31||480755000||361533||0.00075241
13:32||480750000||361909||0.00075241
13:33||480960500||362210||0.00075241
13:34||481200000||361909||0.00075241
13:35||481200000||361909||0.00075241
13:36||481200000||361909||0.00075241
13:37||481496500||362656||0.00075241
13:38||481501500||362656||0.00075241
13:39||481496500||361916||0.00075241
13:40||481451500||361916||0.00075241
13:41||481451500||361909||0.00075241
13:42||481451500||361909||0.00075241
13:43||481451500||361909||0.00075241
13:44||481451500||361909||0.00075241
13:45||481253000||362656||0.00075241
13:46||481306500||361546||0.00075241
13:47||481330000||362655||0.00075241
13:48||481347000||362655||0.00075241
13:49||481496500||362654||0.00075241
13:50||481346000||362654||0.00075241
13:51||481389500||362646||0.00075241
13:52||481389500||362645||0.00075241
13:53||481385000||361758||0.00075241
13:54||481965000||362636||0.00075241
13:55||481540500||361997||0.00075241
13:56||481531000||361984||0.00075241
13:57||481734500||362631||0.00075241
13:58||481730000||362285||0.00075241
13:59||481728000||362630||0.00075241
14:00||481727500||362285||0.00075241
14:01||481721500||362623||0.00075241
14:02||481735000||362299||0.00075241
14:03||481939500||362615||0.00075241
14:04||481989500||362654||0.00075241
14:05||481991500||362655||0.00075241
14:06||481991500||362654||0.00075241
14:07||481992500||362654||0.00075241
14:08||481993500||362657||0.00075241
14:09||481997000||362657||0.00075241
14:10||482249500||363037||0.00075241
14:11||482249500||362660||0.00075241
14:12||482249500||363037||0.00075241
14:13||482249500||363037||0.00075241
14:14||482254000||363036||0.00075241
14:15||482702000||363042||0.00075241
14:16||482747000||363405||0.00075241
14:17||483254500||363789||0.00075241
14:18||483254500||363789||0.00075241
14:19||483308500||363495||0.00075241
14:20||483352000||363789||0.00075241
14:21||483668000||364163||0.00075241
14:22||483682000||364161||0.00075241
14:23||483674500||364158||0.00075241
14:24||483480000||363404||0.00075241
14:25||482769500||364146||0.00075241
14:26||482871500||362824||0.00075241
14:27||483089500||363159||0.00075241
14:28||483166000||363289||0.00075241
14:29||483491500||364140||0.00075241
14:30||483578500||363547||0.00075241
14:31||483027000||362691||0.00075241
14:32||483175500||362919||0.00075241
14:33||484364500||365671||0.00075241
14:34||484500000||363415||0.00075241
14:35||483999000||363415||0.00075241
14:36||483994000||363415||0.00075241
14:37||484044000||364909||0.00075241
14:38||483994000||363414||0.00075241
14:39||484013000||364909||0.00075241
14:40||484111500||364909||0.00075241
14:41||484306500||363839||0.00075241
14:42||485485000||364911||0.00075241
14:43||485484000||364911||0.00075241
14:44||485490000||364911||0.00075241
14:45||485535000||365647||0.00075241
14:46||485718000||365656||0.00075241
14:47||485809500||365840||0.00075241
14:48||486103500||365838||0.00075241
14:49||487727000||367927||0.00075241
14:50||488498000||367176||0.00075241
14:51||487034000||363260||0.00075241
14:52||488485000||367836||0.00075241
14:53||488654000||367553||0.00075241
14:54||488500500||367552||0.00075241
14:55||488502500||367554||0.00075241
14:56||488502500||367554||0.00075241
14:57||488200000||367477||0.00075241
14:58||487699000||366423||0.00075241
14:59||487749000||367550||0.00075241
15:00||487745000||367550||0.00075241
15:01||487760000||367544||0.00075241
15:02||487494000||366054||0.00075241
15:03||487000500||367175||0.00075241
15:04||486995000||366792||0.00075241
15:05||486954000||366784||0.00075241
15:06||486750000||366423||0.00075241
15:07||486750500||366422||0.00075241
15:08||486777000||366088||0.00075241
15:09||486777000||366088||0.00075241
15:10||486977500||366088||0.00075241
15:11||487070500||366784||0.00075241
15:12||487607500||367175||0.00075241
15:13||488238000||367175||0.00075241
15:14||488260000||367533||0.00075241
15:15||487705500||367533||0.00075241
15:16||488271000||367209||0.00075241
15:17||488368500||367554||0.00075241
15:18||488939500||367926||0.00075241
15:19||488939500||367926||0.00075241
15:20||488939500||367838||0.00075241
15:21||488939500||367926||0.00075241
15:22||488939500||367926||0.00075241
15:23||488570500||367926||0.00075241
15:24||488569500||367283||0.00075241
15:25||488570500||367283||0.00075241
15:26||488498500||367283||0.00075241
15:27||488494500||367176||0.00075241
15:28||488494500||367176||0.00075241
15:29||488484500||367905||0.00075241
15:30||488478000||367895||0.00075241
15:31||488462500||367176||0.00075241
15:32||487752500||367176||0.00075241
15:33||487999500||366574||0.00075241
15:34||487995000||366574||0.00075241
15:35||487945000||366574||0.00075241
15:36||487945000||366574||0.00075241
15:37||487935000||366574||0.00075241
15:38||487933000||366574||0.00075241
15:39||487898000||366574||0.00075241
15:40||487895000||366574||0.00075241
15:41||487895000||366574||0.00075241
15:42||486294500||363845||0.00075241
15:43||486623000||364610||0.00075241
15:44||486943000||365160||0.00075241
15:45||486120500||365352||0.00075241
15:46||486648500||367176||0.00075241
15:47||486998500||365296||0.00075241
15:48||488525500||367589||0.00075241
15:49||487063000||367553||0.00075241
15:50||487284500||365642||0.00075241
15:51||487496500||367553||0.00075241
15:52||487751000||366423||0.00075241
15:53||487751000||366423||0.00075241
15:54||487751000||367553||0.00075241
15:55||487751000||367552||0.00075241
15:56||487751000||366425||0.00075241
15:57||487752000||367551||0.00075241
15:58||487751500||367551||0.00075241
15:59||487751500||366426||0.00075241
16:00||487753000||367551||0.00075241
16:01||487751500||366426||0.00075241
16:02||487746500||366426||0.00075241
16:03||487796500||366501||0.00075241
16:04||487054000||366501||0.00075241
16:05||487751500||366426||0.00075241
16:06||487746500||366426||0.00075241
16:07||487746000||366426||0.00075241
16:08||487745000||365295||0.00075241
16:09||486949000||365295||0.00075241
16:10||486899000||365295||0.00075241
16:11||486849000||365295||0.00075241
16:12||486849000||365295||0.00075241
16:13||486799000||365295||0.00075241
16:14||486251500||364546||0.00075241
16:15||486286500||364546||0.00075241
16:16||486301500||364599||0.00075241
16:17||486257000||364547||0.00075241
16:18||486247000||364547||0.00075241
16:21||485500000||363790||0.00075241
16:22||484041500||363476||0.00075241
16:23||484040500||363476||0.00075241
16:24||484036500||363476||0.00075241
16:25||484036500||363476||0.00075241
16:26||483085500||363476||0.00075241
16:27||483085500||363477||0.00075241
16:28||483084500||363476||0.00075241
16:29||482877000||363476||0.00075241
16:30||482877500||363476||0.00075241
16:31||482340000||362668||0.00075241
16:32||484036500||363476||0.00075241
16:33||484037500||363477||0.00075241
16:34||482504500||362668||0.00075241
16:35||483304500||362675||0.00075241
16:36||483304500||362675||0.00075241
16:37||483299500||362668||0.00075241
16:38||483299500||362668||0.00075241
16:39||482800500||362668||0.00075241
16:40||482799500||362668||0.00075241
16:41||482799500||362668||0.00075241
16:42||482795000||362668||0.00075241
16:43||482645000||363632||0.00075241
16:44||482795000||362661||0.00075241
16:45||482750000||363790||0.00075241
16:46||482250000||361909||0.00075241
16:47||482294500||363857||0.00075241
16:48||482295000||361909||0.00075241
16:49||482350000||363857||0.00075241
16:50||482350500||361992||0.00075241
16:51||482077000||364610||0.00075241
16:52||483052500||364609||0.00075241
16:53||483004500||362286||0.00075241
16:54||482750500||364548||0.00075241
16:55||481757500||362294||0.00075241
16:56||482874500||364165||0.00075241
16:57||483170000||362474||0.00075241
16:58||482865500||362473||0.00075241
16:59||482864000||362473||0.00075241
17:00||482825500||364091||0.00075241
17:01||482775500||364091||0.00075241
17:02||482775500||364143||0.00075241
17:03||483805000||364023||0.00075241
17:04||483885000||364143||0.00075241
17:05||482862000||362477||0.00075241
17:06||482860500||362477||0.00075241
17:07||482856500||364132||0.00075241
17:08||482852500||364128||0.00075241
17:09||482853000||364128||0.00075241
17:10||482853500||364128||0.00075241
17:11||482851000||364128||0.00075241
17:12||482850000||364128||0.00075241
17:13||482849000||362473||0.00075241
17:14||482847500||362473||0.00075241
17:15||482847000||362473||0.00075241
17:16||482845000||362473||0.00075241
17:17||482850000||362473||0.00075241
17:18||481800500||362511||0.00075241
17:19||481800500||362511||0.00075241
17:20||481800500||362511||0.00075241
17:21||481800500||362511||0.00075241
17:22||482400000||362511||0.00075241
17:23||482400000||362511||0.00075241
17:24||482775000||364015||0.00075241
17:25||482800000||362511||0.00075241
17:26||482800000||364015||0.00075241
17:27||482800000||364015||0.00075241
17:28||482800500||364015||0.00075241
17:29||482806500||364015||0.00075241
17:30||482811500||362528||0.00075241
17:31||482829500||364015||0.00075241
17:32||483408000||364015||0.00075241
17:33||483860000||363511||0.00075241
17:34||484560000||365663||0.00075241
17:35||483949000||365663||0.00075241
17:36||483949000||365663||0.00075241
17:37||483907500||365663||0.00075241
17:38||483910000||365663||0.00075241
17:39||483905500||362534||0.00075241
17:40||483905500||365656||0.00075241
17:41||483415500||362534||0.00075241
17:42||484995000||364918||0.00075241
17:43||483175000||362548||0.00075241
17:44||482930000||362556||0.00075241
17:45||482932500||364166||0.00075241
17:46||482882500||364091||0.00075241
17:47||482882500||362560||0.00075241
17:48||482950500||364166||0.00075241
17:49||483950000||364166||0.00075241
17:50||483050000||362736||0.00075241
17:51||483649500||364918||0.00075241
17:52||483649500||364918||0.00075241
17:53||483549500||362887||0.00075241
17:54||483549500||362736||0.00075241
17:55||483055500||362736||0.00075241
17:56||483007500||362745||0.00075241
17:57||483079500||362804||0.00075241
17:58||483234000||363052||0.00075241
17:59||483290000||363138||0.00075241
18:00||483004500||362751||0.00075241
18:01||483190500||364083||0.00075241
18:02||483088000||364082||0.00075241
18:03||483047000||363796||0.00075241
18:04||483254000||363790||0.00075241
18:05||483287500||363456||0.00075241
18:06||484297000||363861||0.00075241
18:07||484396000||364010||0.00075241
18:08||484700500||364213||0.00075241
18:09||484014000||363884||0.00075241
18:10||484809500||363885||0.00075241
18:11||485006000||364160||0.00075241
18:12||485154000||364420||0.00075241
18:13||485326500||364569||0.00075241
18:14||485445500||365653||0.00075241
18:15||485532000||365653||0.00075241
18:16||485622000||365132||0.00075241
18:17||485689500||365200||0.00075241
18:18||485739500||365653||0.00075241
18:19||485976000||365653||0.00075241
18:20||485489500||365653||0.00075241
18:21||485488500||364920||0.00075241
18:22||485485000||364920||0.00075241
18:23||485485000||364918||0.00075241
18:24||485617500||365118||0.00075241
18:26||485585000||365066||0.00075241
18:27||485666500||365653||0.00075241
18:28||485720500||365653||0.00075241
18:29||485755500||365653||0.00075241
18:30||485487500||365321||0.00075241
18:31||485485000||364918||0.00075241
18:32||485485000||364920||0.00075241
18:33||485483000||364920||0.00075241
18:34||485482000||364889||0.00075241
18:35||485021500||364230||0.00075241
18:36||484565000||364229||0.00075241
18:37||484521500||364166||0.00075241
18:38||484041000||363477||0.00075241
18:39||484042000||363477||0.00075241
18:40||484040500||363477||0.00075241
18:41||483830500||363162||0.00075241
18:42||483831000||363162||0.00075241
18:43||483854500||363163||0.00075241
18:44||484899000||364842||0.00075241
18:45||484016500||364915||0.00075241
18:46||484114000||363563||0.00075241
18:47||484506500||363835||0.00075241
18:48||484586500||364273||0.00075241
18:49||484654500||364915||0.00075241
18:50||484704500||364911||0.00075241
18:51||484994000||364915||0.00075241
18:52||484311500||363888||0.00075241
18:53||484399500||364913||0.00075241
18:54||484325000||364913||0.00075241
18:55||484958500||364858||0.00075241
18:56||483997500||364915||0.00075241
18:57||483980000||364884||0.00075241
18:58||483977000||363414||0.00075241
18:59||483589000||364271||0.00075241
19:00||483657500||364271||0.00075241
19:01||483593000||364271||0.00075241
19:02||483673000||363568||0.00075241
19:03||483999000||364915||0.00075241
19:04||483999000||363416||0.00075241
19:05||484020000||364916||0.00075241
19:06||484263500||363812||0.00075241
19:07||484045000||363857||0.00075241
19:08||484293500||363857||0.00075241
19:09||484293500||363857||0.00075241
19:10||484293500||363857||0.00075241
19:11||484522000||364166||0.00075241
19:12||484523000||363865||0.00075241
19:13||484999000||364918||0.00075241
19:14||484300500||364918||0.00075241
19:15||484300500||364916||0.00075241
19:16||483598000||363862||0.00075241
19:17||484505000||364181||0.00075241
19:18||484495000||364166||0.00075241
19:19||484495000||364909||0.00075241
19:20||484495000||364166||0.00075241
19:21||484498000||364168||0.00075241
19:22||484245000||363857||0.00075241
19:23||484150000||363790||0.00075241
19:24||483751000||363790||0.00075241
19:25||483750000||363416||0.00075241
19:26||483500500||363416||0.00075241
19:27||483501000||363416||0.00075241
19:28||483499000||363416||0.00075241
19:29||483331000||363163||0.00075241
19:30||483331000||363163||0.00075241
19:31||483344000||363163||0.00075241
19:32||483344000||363183||0.00075241
19:33||483344000||363672||0.00075241
19:35||484300500||364223||0.00075241
19:36||484300500||364246||0.00075241
19:37||484300500||364246||0.00075241
19:38||484300500||364246||0.00075241
19:39||483600500||364246||0.00075241
19:40||483762500||363192||0.00075241
19:41||483762500||363436||0.00075241
19:42||483762500||363436||0.00075241
19:43||483762500||363436||0.00075241
19:44||484252500||363436||0.00075241
19:45||484010500||364173||0.00075241
19:46||484010500||364174||0.00075241
19:47||484010500||364174||0.00075241
19:48||484252500||364538||0.00075241
19:49||484252500||364173||0.00075241
19:50||484252500||364538||0.00075241
19:51||484252500||364538||0.00075241
19:52||484253500||364540||0.00075241
19:53||484253500||364540||0.00075241
19:54||484253500||364173||0.00075241
19:55||484654500||364544||0.00075241
19:56||484900000||364771||0.00075241
19:57||484902500||364775||0.00075241
19:58||484902500||364775||0.00075241
19:59||484902500||364915||0.00075241
20:00||485898500||365594||0.00075241
20:01||485898500||365595||0.00075241
20:02||485362500||364787||0.00075241
20:03||485351500||364790||0.00075241
20:04||485292500||364771||0.00075241
20:05||484917000||364229||0.00075241
20:06||484933500||365483||0.00075241
20:07||484933500||364254||0.00075241
20:08||485024500||364353||0.00075241
20:09||485024500||365520||0.00075241
20:10||485024000||364353||0.00075241
20:11||485024000||364353||0.00075241
20:12||485212500||364562||0.00075241
20:13||485757500||366415||0.00075241
20:14||486014500||364948||0.00075241
20:15||486504500||366416||0.00075241
20:16||486509500||365686||0.00075241
20:17||486510000||366423||0.00075241
20:18||487117000||367175||0.00075241
20:19||487097500||367145||0.00075241
20:20||487475000||366437||0.00075241
20:21||486948500||365671||0.00075241
20:22||486464000||365002||0.00075241
20:23||486767500||365697||0.00075241
20:24||486767500||365697||0.00075241
20:25||486851000||365697||0.00075241
20:26||486532500||365720||0.00075241
20:27||486754500||366422||0.00075241
20:28||487249500||366799||0.00075241
20:29||487249500||366422||0.00075241
20:30||487299500||366422||0.00075241
20:31||487547000||366950||0.00075241
20:32||487248000||366798||0.00075241
20:33||486998500||366422||0.00075241
20:34||486998500||366422||0.00075241
20:35||487248500||366422||0.00075241
20:36||487248500||366799||0.00075241
20:37||487253500||366799||0.00075241
20:38||487253500||366799||0.00075241
20:39||487253500||366429||0.00075241
20:40||487253500||366429||0.00075241
20:41||487253500||366799||0.00075241
20:42||487008500||366430||0.00075241
20:43||487008500||366429||0.00075241
20:44||487008500||366430||0.00075241
20:45||487008500||366429||0.00075241
20:46||487008500||366430||0.00075241
20:47||487008500||366430||0.00075241
20:48||487008500||366429||0.00075241
20:49||487008500||366430||0.00075241
20:50||487008500||366430||0.00075241
20:51||487008500||366429||0.00075241
20:52||487008500||366430||0.00075241
20:53||487008500||366429||0.00075241
20:54||487008500||366430||0.00075241
20:55||487008500||366430||0.00075241
20:56||487008500||366430||0.00075241
20:57||487008500||366430||0.00075241
20:58||487008500||366430||0.00075241
20:59||487008500||366430||0.00075241
21:00||487008500||366430||0.00075241
21:01||487008500||366430||0.00075241
21:02||487008500||366429||0.00075241
21:03||487008500||366430||0.00075241
21:04||487008500||366429||0.00075241
21:05||487008500||366429||0.00075241
21:06||487008500||366430||0.00075241
21:07||487008500||366429||0.00075241
21:08||487008500||366429||0.00075241
21:09||487008500||366429||0.00075241
21:10||487008500||366429||0.00075241
21:11||487008500||366430||0.00075241
21:12||487008500||366430||0.00075241
21:13||487252500||366797||0.00075241
21:14||487249000||366792||0.00075241
21:15||487249000||366792||0.00075241
21:16||487249000||366429||0.00075241
21:17||487003000||366429||0.00075241
21:18||486504500||366429||0.00075241
21:19||486710500||365687||0.00075241
21:20||486773500||365781||0.00075241
21:21||486773500||366724||0.00075241
21:22||486773500||366724||0.00075241
21:23||486822500||366798||0.00075241
21:24||487254500||366799||0.00075241
21:25||487252500||366796||0.00075241
21:26||487252500||366796||0.00075241
21:27||487250000||366796||0.00075241
21:28||487155000||366431||0.00075241
21:29||487254500||366799||0.00075241
21:30||487254500||366799||0.00075241
21:31||487790500||366799||0.00075241
21:32||488525500||367777||0.00075241
21:33||488525500||367365||0.00075241
21:34||488525500||367365||0.00075241
21:35||488525500||367777||0.00075241
21:36||489394000||368303||0.00075241
21:37||489294500||368302||0.00075241
21:38||489289500||368146||0.00075241
21:39||489289500||368145||0.00075241
21:40||489289500||368146||0.00075241
21:41||489498000||368302||0.00075241
21:42||489497500||368303||0.00075241
21:43||488323000||368302||0.00075241
21:44||488252500||366577||0.00075241
21:45||488202000||368078||0.00075241
21:46||488150500||367928||0.00075241
21:47||488055000||366590||0.00075241
21:48||487861000||365163||0.00075241
21:49||487150000||365108||0.00075241
21:50||487145000||367401||0.00075241
21:51||487175500||367364||0.00075241
21:52||487150000||367250||0.00075241
21:53||487105000||367250||0.00075241
21:54||487105500||367175||0.00075241
21:55||487106000||367167||0.00075241
21:56||487061000||367100||0.00075241
21:57||487061500||365839||0.00075241
21:58||487061500||367100||0.00075241
21:59||487197500||365840||0.00075241
22:00||487697000||367097||0.00075241
22:01||488149500||367777||0.00075241
22:02||488900000||367928||0.00075241
22:03||488900000||367928||0.00075241
22:04||488900000||367928||0.00075241
22:05||487900500||367778||0.00075241
22:06||487502500||367176||0.00075241
22:07||487497500||367104||0.00075241
22:08||487652000||367167||0.00075241
22:09||487657500||367176||0.00075241
22:10||487657500||367176||0.00075241
22:11||487658500||367176||0.00075241
22:12||487652500||367176||0.00075241
22:13||487647500||367168||0.00075241
22:14||487647500||367168||0.00075241
22:15||487598500||366653||0.00075241
22:16||487553500||367089||0.00075241
22:17||487539000||366654||0.00075241
22:18||486773000||366416||0.00075241
22:19||486777500||366423||0.00075241
22:20||486777500||366423||0.00075241
22:21||486772500||366416||0.00075241
22:22||486772500||366416||0.00075241
22:23||486772500||366416||0.00075241
22:24||486772500||366416||0.00075241
22:25||486777500||366088||0.00075241
22:26||487027500||366239||0.00075241
22:27||487022000||366649||0.00075241
22:28||486922000||366641||0.00075241
22:29||486905500||366616||0.00075241
22:30||486773000||366616||0.00075241
22:31||486777500||366088||0.00075241
22:32||486777500||366423||0.00075241
22:33||486928000||366649||0.00075241
22:34||486932000||366089||0.00075241
22:35||486778000||366423||0.00075241
22:36||486932500||366089||0.00075241
22:37||486932500||366655||0.00075241
22:38||487221000||367089||0.00075241
22:39||487279000||367176||0.00075241
22:40||487166000||367176||0.00075241
22:41||487150500||366984||0.00075241
22:42||487373000||366423||0.00075241
22:43||487119000||366937||0.00075241
22:44||487277500||366088||0.00075241
22:45||487527500||366088||0.00075241
22:46||487508000||367522||0.00075241
22:47||487262500||367153||0.00075241
22:48||486777500||366088||0.00075241
22:49||486777500||366423||0.00075241
22:50||487027500||366088||0.00075241
22:51||487522500||367544||0.00075241
22:52||487523000||366088||0.00075241
22:53||487523000||366088||0.00075241
22:54||487523000||367545||0.00075241
22:55||487177500||367025||0.00075241
22:56||487177500||367025||0.00075241
22:57||487227500||367100||0.00075241
22:58||487277500||367100||0.00075241
22:59||487277500||367100||0.00075241
23:00||487388500||366239||0.00075241
23:01||487639500||367176||0.00075241
23:02||487649500||366273||0.00075241
23:03||487649500||366273||0.00075241
23:04||487649500||367551||0.00075241
23:05||487648500||366273||0.00075241
23:06||487649500||367551||0.00075241
23:07||487649500||366273||0.00075241
23:08||487649500||367551||0.00075241
23:09||487645000||367544||0.00075241
23:10||487575000||367401||0.00075241
23:12||487477500||367251||0.00075241
23:13||487427500||366314||0.00075241
23:14||487428000||366314||0.00075241
23:15||487628000||366315||0.00075241
23:16||487750000||366423||0.00075241
23:17||487678000||366315||0.00075241
23:18||487895000||367920||0.00075241
23:19||487899500||367927||0.00075241
23:20||487904500||366280||0.00075241
23:21||487909500||366280||0.00075241
23:22||487909500||367927||0.00075241
23:23||487904500||366288||0.00075241
23:24||487699500||367626||0.00075241
23:25||487633000||367599||0.00075241
23:26||487400000||367176||0.00075241
23:27||487395000||366273||0.00075241
23:28||487395000||367168||0.00075241
23:29||487552500||367401||0.00075241
23:30||487402500||367401||0.00075241
23:31||487349500||367100||0.00075241
23:32||487338500||366273||0.00075241
23:33||487231500||367083||0.00075241
23:34||487231500||366273||0.00075241
23:35||487192000||366922||0.00075241
23:36||487143500||366789||0.00075241
23:37||487094500||366789||0.00075241
23:38||487094500||366715||0.00075241
23:39||487045500||366273||0.00075241
23:40||486920500||366457||0.00075241
23:41||486898000||366420||0.00075241
23:42||486800500||366420||0.00075241
23:43||486582500||366273||0.00075241
23:44||486582500||366088||0.00075241
23:45||486582500||366088||0.00075241
23:46||486678000||366088||0.00075241
23:47||486777500||366088||0.00075241
23:48||486778000||366089||0.00075241
23:49||487028000||366799||0.00075241
23:50||487278000||366950||0.00075241
23:51||487278000||366089||0.00075241
23:52||487278000||366089||0.00075241
23:53||487278000||367176||0.00075241
23:54||487277500||367176||0.00075241
23:55||487278000||367175||0.00075241
23:56||487278500||367175||0.00075241
23:57||487278500||367175||0.00075241
23:58||487278000||366090||0.00075241
23:59||486879000||366090||0.00075241
