00:00||523754500||392817||0.00075241
00:01||523754500||392817||0.00075241
00:02||523754500||392817||0.00075241
00:03||523754500||392817||0.00075241
00:04||523510500||392817||0.00075241
00:05||523510500||393894||0.00075241
00:06||523510500||393894||0.00075241
00:07||523754500||393894||0.00075241
00:08||523754500||393894||0.00075241
00:09||523754500||393894||0.00075241
00:10||523754000||393894||0.00075241
00:11||523510500||393894||0.00075241
00:12||523754000||393894||0.00075241
00:13||523754000||393894||0.00075241
00:14||523754000||393894||0.00075241
00:15||523754000||393894||0.00075241
00:16||523997500||393894||0.00075241
00:17||523997500||393894||0.00075241
00:18||523997500||393894||0.00075241
00:19||523997500||393894||0.00075241
00:20||523997500||393894||0.00075241
00:21||523997500||393894||0.00075241
00:22||523997500||393894||0.00075241
00:23||523997500||393894||0.00075241
00:24||523997500||393894||0.00075241
00:25||524248000||394261||0.00075241
00:26||524498500||394261||0.00075241
00:27||524498500||394261||0.00075241
00:28||524498500||394261||0.00075241
00:29||524498500||394638||0.00075241
00:30||524498500||394638||0.00075241
00:31||524498500||394637||0.00075241
00:32||524498500||394637||0.00075241
00:33||523994000||394637||0.00075241
00:34||523510500||394637||0.00075241
00:35||523510500||394637||0.00075241
00:36||523510500||393894||0.00075241
00:37||523510500||393894||0.00075241
00:38||523510500||393894||0.00075241
00:39||523510500||393894||0.00075241
00:40||523510500||393894||0.00075241
00:41||523510500||393894||0.00075241
00:42||523255500||393510||0.00075241
00:43||523255500||393510||0.00075241
00:44||523500000||393510||0.00075241
00:45||523500000||393510||0.00075241
00:46||523500000||393510||0.00075241
00:47||523500000||393510||0.00075241
00:48||523500000||393510||0.00075241
00:49||523250000||393510||0.00075241
00:50||523250000||393510||0.00075241
00:51||523250000||393510||0.00075241
00:52||523250000||393510||0.00075241
00:53||523250000||393510||0.00075241
00:54||523250000||393510||0.00075241
00:55||523500000||393510||0.00075241
00:56||523500000||393510||0.00075241
00:57||523500000||393510||0.00075241
00:58||523500000||393510||0.00075241
00:59||523749000||393510||0.00075241
01:00||523749000||393510||0.00075241
01:01||523749000||393510||0.00075241
01:02||523749000||393510||0.00075241
01:03||523749000||393510||0.00075241
01:04||523749000||393510||0.00075241
01:05||523749000||393510||0.00075241
01:06||523749000||393510||0.00075241
01:07||523490000||393510||0.00075241
01:08||523250000||393510||0.00075241
01:09||523245000||393510||0.00075241
01:10||523250000||393510||0.00075241
01:11||523475000||393849||0.00075241
01:12||523475000||393849||0.00075241
01:13||523475000||393849||0.00075241
01:14||523725000||393849||0.00075241
01:15||523725000||393849||0.00075241
01:16||523719500||393849||0.00075241
01:17||523719500||393849||0.00075241
01:18||523621500||393849||0.00075241
01:19||523621500||393849||0.00075241
01:20||523450500||393849||0.00075241
01:21||523450500||393849||0.00075241
01:22||523450500||393849||0.00075241
01:23||523450500||393849||0.00075241
01:24||523450500||393849||0.00075241
01:25||523450500||393849||0.00075241
01:26||523450500||393849||0.00075241
01:27||523450500||393849||0.00075241
01:28||523450500||393849||0.00075241
01:29||523450500||393849||0.00075241
01:30||522689000||393849||0.00075241
01:31||522490000||393849||0.00075241
01:32||522400000||393849||0.00075241
01:33||521492500||392758||0.00075241
01:34||521492500||392758||0.00075241
01:35||520429000||392006||0.00075241
01:36||520429000||392006||0.00075241
01:37||520429000||392006||0.00075241
01:38||519333500||390350||0.00075241
01:39||516375500||389664||0.00075241
01:40||516375000||389664||0.00075241
01:41||516375500||389664||0.00075241
01:42||516375500||389664||0.00075241
01:43||516375500||389664||0.00075241
01:44||516375500||389664||0.00075241
01:45||516375500||389664||0.00075241
01:46||516870000||389664||0.00075241
01:47||517370000||389664||0.00075241
01:48||518748500||389664||0.00075241
01:49||519233500||389664||0.00075241
01:50||519233500||389664||0.00075241
01:51||519233500||390500||0.00075241
01:52||519233500||390852||0.00075241
01:57||519000500||390852||0.00075241
01:58||518384500||390500||0.00075241
01:59||518384500||390500||0.00075241
02:00||517479000||389748||0.00075241
02:01||517479000||389748||0.00075241
02:02||517479000||389748||0.00075241
02:03||517479000||389748||0.00075241
02:04||517479000||389008||0.00075241
02:05||517479000||389008||0.00075241
02:06||517479000||389008||0.00075241
02:07||517479000||389008||0.00075241
02:08||517479000||389008||0.00075241
02:09||517458500||389008||0.00075241
02:10||517449500||389008||0.00075241
02:11||517449500||389008||0.00075241
02:12||517449500||389008||0.00075241
02:13||515371500||388243||0.00075241
02:14||514864000||386738||0.00075241
02:15||514864000||386738||0.00075241
02:16||514370500||386738||0.00075241
02:17||514371500||386738||0.00075241
02:18||514371500||386738||0.00075241
02:19||514371500||386738||0.00075241
02:20||515470000||386738||0.00075241
02:21||515970000||386738||0.00075241
02:22||516500000||386738||0.00075241
02:23||516470000||386738||0.00075241
02:24||515365000||387491||0.00075241
02:25||516470000||387491||0.00075241
02:26||515022500||387491||0.00075241
02:27||515735000||387491||0.00075241
02:28||516493500||387491||0.00075241
02:29||515046500||387491||0.00075241
02:30||515046500||387526||0.00075241
02:31||515046500||387525||0.00075241
02:32||515046500||387525||0.00075241
02:33||516523000||387526||0.00075241
02:34||517000000||387526||0.00075241
02:35||517000000||387526||0.00075241
02:36||517000000||387526||0.00075241
02:37||517000000||387526||0.00075241
02:38||517000000||387526||0.00075241
02:39||516500000||387526||0.00075241
02:40||517000000||387526||0.00075241
02:41||516470000||387526||0.00075241
02:42||516500000||387526||0.00075241
02:43||516500000||387526||0.00075241
02:44||516500000||387526||0.00075241
02:45||517500000||387526||0.00075241
02:46||517500000||387526||0.00075241
02:47||516980000||387526||0.00075241
02:48||515500000||388243||0.00075241
02:49||515000000||388243||0.00075241
02:50||515000000||388243||0.00075241
02:51||515000000||388243||0.00075241
02:52||513507500||386738||0.00075241
02:53||513999500||386738||0.00075241
02:54||515000000||386738||0.00075241
02:55||515500000||386738||0.00075241
02:56||518500000||388995||0.00075241
02:57||519000000||388995||0.00075241
02:58||518500000||389748||0.00075241
02:59||518500000||389748||0.00075241
03:00||518250000||389748||0.00075241
03:01||518250000||389748||0.00075241
03:02||518250000||389748||0.00075241
03:03||518250000||389748||0.00075241
03:04||516750000||389748||0.00075241
03:05||517500000||387491||0.00075241
03:06||517500000||387491||0.00075241
03:07||517000000||387491||0.00075241
03:08||517000000||387491||0.00075241
03:09||517000000||387491||0.00075241
03:10||517000500||387491||0.00075241
03:11||517000500||387491||0.00075241
03:12||517500000||387491||0.00075241
03:13||517500000||387491||0.00075241
03:14||517500000||387491||0.00075241
03:15||517500000||387491||0.00075241
03:16||517500000||387491||0.00075241
03:17||517500000||387491||0.00075241
03:18||517500000||387491||0.00075241
03:20||517500000||387491||0.00075241
03:21||517500000||387491||0.00075241
03:22||517500000||387491||0.00075241
03:23||517050000||387491||0.00075241
03:24||517050000||387491||0.00075241
03:25||516550000||387491||0.00075241
03:26||516550000||389748||0.00075241
03:27||516750000||389748||0.00075241
03:28||517000000||389748||0.00075241
03:29||517500000||389748||0.00075241
03:30||517500000||389748||0.00075241
03:31||517500000||389748||0.00075241
03:32||517500000||389748||0.00075241
03:33||517500000||389748||0.00075241
03:34||517500000||389748||0.00075241
03:35||517500000||389748||0.00075241
03:36||517500000||389748||0.00075241
03:37||518000000||389748||0.00075241
03:38||517500000||389748||0.00075241
03:39||517500000||389748||0.00075241
03:40||517500000||389748||0.00075241
03:41||517500000||389748||0.00075241
03:42||517999500||389748||0.00075241
03:44||518499500||389748||0.00075241
03:45||518999500||389748||0.00075241
03:46||518999500||389748||0.00075241
03:47||518999500||389748||0.00075241
03:48||518999500||389748||0.00075241
03:49||518500000||389748||0.00075241
03:50||518500000||389748||0.00075241
03:51||518500000||389748||0.00075241
03:52||518500000||389748||0.00075241
03:53||518500000||389748||0.00075241
03:54||518500000||389748||0.00075241
03:55||518500000||389748||0.00075241
03:56||518550000||389748||0.00075241
03:57||518999500||389748||0.00075241
03:58||518999500||390500||0.00075241
03:59||518999500||390500||0.00075241
04:00||518999500||390500||0.00075241
04:01||518999500||390500||0.00075241
04:02||518999500||390500||0.00075241
04:03||518999500||390500||0.00075241
04:04||518999500||390500||0.00075241
04:05||518999500||390500||0.00075241
04:06||518999500||390500||0.00075241
04:07||518999500||390500||0.00075241
04:08||518999500||390500||0.00075241
04:09||520500000||390500||0.00075241
04:10||520500000||390500||0.00075241
04:11||521001000||390500||0.00075241
04:12||521001000||390500||0.00075241
04:13||521471000||390500||0.00075241
04:14||521026000||390500||0.00075241
04:15||521501000||392758||0.00075241
04:16||522465000||392758||0.00075241
04:17||522466000||392758||0.00075241
04:19||521491000||393428||0.00075241
04:20||520529000||393428||0.00075241
04:21||519503000||393428||0.00075241
04:22||519003000||393428||0.00075241
04:23||518451500||393428||0.00075241
04:24||518451500||393428||0.00075241
04:25||517955000||393428||0.00075241
04:26||518451000||393428||0.00075241
04:27||518951000||393428||0.00075241
04:28||518951000||393428||0.00075241
04:29||518951000||393428||0.00075241
04:30||518951000||393428||0.00075241
04:31||518951000||393428||0.00075241
04:32||518951000||393428||0.00075241
04:33||518951000||393428||0.00075241
04:34||518951000||393428||0.00075241
04:35||518951000||393428||0.00075241
04:36||518951000||393428||0.00075241
04:37||518950000||393428||0.00075241
04:38||518951000||393428||0.00075241
04:39||518951000||393428||0.00075241
04:40||518951000||393428||0.00075241
04:41||519451000||393428||0.00075241
04:42||519951000||393428||0.00075241
04:43||520451000||393428||0.00075241
04:44||520451000||393428||0.00075241
04:45||520501000||392005||0.00075241
04:46||520501000||392005||0.00075241
04:47||520552500||392083||0.00075241
04:48||520552500||392083||0.00075241
04:49||521552500||392083||0.00075241
04:50||522052500||392083||0.00075241
04:51||523000500||392083||0.00075241
04:52||523000500||394788||0.00075241
04:53||523000500||394788||0.00075241
04:54||523351500||394788||0.00075241
04:55||523351500||394788||0.00075241
04:56||523151500||394788||0.00075241
04:57||523151500||394788||0.00075241
04:59||523151500||394788||0.00075241
05:00||523151500||394788||0.00075241
05:01||523128500||394788||0.00075241
05:02||522978500||394788||0.00075241
05:03||522978500||394788||0.00075241
05:04||522978500||394788||0.00075241
05:05||523477500||394788||0.00075241
05:06||523751000||394788||0.00075241
05:07||523736000||394788||0.00075241
05:08||523501000||394788||0.00075241
05:09||523491000||394788||0.00075241
05:10||523251000||394788||0.00075241
05:11||523002500||394788||0.00075241
05:13||523002500||393511||0.00075241
05:14||523002500||393511||0.00075241
05:15||523002500||393511||0.00075241
05:16||523002500||393511||0.00075241
05:17||523002500||393511||0.00075241
05:18||524000500||395014||0.00075241
05:19||524001000||395014||0.00075241
05:20||524002000||395014||0.00075241
05:21||524002000||395014||0.00075241
05:22||524002000||395014||0.00075241
05:23||524002000||395014||0.00075241
05:24||524002000||395014||0.00075241
05:25||524002500||395014||0.00075241
05:26||524667500||395015||0.00075241
05:27||524667500||395015||0.00075241
05:28||524667500||395015||0.00075241
05:29||525999500||395766||0.00075241
05:30||527494500||398017||0.00075241
05:31||526995000||398017||0.00075241
05:32||526995000||398017||0.00075241
05:33||526490000||398017||0.00075241
05:34||527490000||398017||0.00075241
05:35||527460000||398017||0.00075241
05:36||527460000||398017||0.00075241
05:37||527491000||395767||0.00075241
05:38||529300000||398100||0.00075241
05:39||529300000||398401||0.00075241
05:40||529300000||398401||0.00075241
05:41||529300000||398401||0.00075241
05:42||529300000||398401||0.00075241
05:43||529300000||398401||0.00075241
05:44||529300000||398401||0.00075241
05:45||529300000||398401||0.00075241
05:46||529300000||398401||0.00075241
05:47||529200000||398401||0.00075241
05:48||529300000||398401||0.00075241
05:49||529499500||398401||0.00075241
05:50||529499500||398401||0.00075241
05:51||529300000||398100||0.00075241
05:52||529409500||398100||0.00075241
05:53||529409500||398100||0.00075241
05:54||529409500||398100||0.00075241
05:55||529409500||398100||0.00075241
05:56||529409500||398100||0.00075241
05:57||529409500||398100||0.00075241
05:58||529409500||398100||0.00075241
05:59||529409500||398100||0.00075241
06:00||529409500||398100||0.00075241
06:01||529297500||398100||0.00075241
06:02||529100500||398100||0.00075241
06:03||529100500||398100||0.00075241
06:04||529100500||398100||0.00075241
06:05||529100500||398100||0.00075241
06:06||529100500||398100||0.00075241
06:07||529100500||398100||0.00075241
06:08||529200000||398100||0.00075241
06:09||529200000||398100||0.00075241
06:10||529102500||398100||0.00075241
06:11||529102500||398100||0.00075241
06:12||529102500||398100||0.00075241
06:13||529102500||398100||0.00075241
06:14||529102500||398100||0.00075241
06:15||529102500||398100||0.00075241
06:16||529102500||398100||0.00075241
06:17||529102500||398100||0.00075241
06:18||529300500||398102||0.00075241
06:19||529501000||398702||0.00075241
06:20||529502500||398702||0.00075241
06:22||529205000||398702||0.00075241
06:23||529205000||398702||0.00075241
06:24||529205000||398702||0.00075241
06:25||529552000||398776||0.00075241
06:26||529552000||398776||0.00075241
06:27||529552000||398776||0.00075241
06:28||529802000||398777||0.00075241
06:29||529802000||398777||0.00075241
06:30||529803500||398777||0.00075241
06:31||529308500||398777||0.00075241
06:32||529803500||398777||0.00075241
06:33||529318500||398777||0.00075241
06:34||529528500||398777||0.00075241
06:35||529528500||398777||0.00075241
06:36||531249500||399152||0.00075241
06:37||531750500||401034||0.00075241
06:38||531750500||401034||0.00075241
06:39||533250000||401034||0.00075241
06:40||533999500||401786||0.00075241
06:41||532250500||401786||0.00075241
06:42||532250500||401786||0.00075241
06:43||532000500||401786||0.00075241
06:44||532000500||401410||0.00075241
06:45||531750500||401409||0.00075241
06:46||531750500||401409||0.00075241
06:47||531750500||401409||0.00075241
06:48||531750000||401409||0.00075241
06:49||531750000||401409||0.00075241
06:50||531750000||401033||0.00075241
06:51||531750000||401033||0.00075241
06:52||531801000||401033||0.00075241
06:53||531575000||400658||0.00075241
06:54||531576000||400658||0.00075241
06:55||531576000||400658||0.00075241
06:56||531326000||400658||0.00075241
06:57||531326000||400658||0.00075241
06:58||531825000||401033||0.00075241
06:59||531825000||401033||0.00075241
07:00||531825000||401033||0.00075241
07:01||532000000||401033||0.00075241
07:02||531826000||401033||0.00075241
07:03||531826500||401033||0.00075241
07:04||532001000||401033||0.00075241
07:05||532001000||401033||0.00075241
07:06||532001000||401033||0.00075241
07:07||531501000||401033||0.00075241
07:08||531491000||401033||0.00075241
07:09||531491000||401033||0.00075241
07:10||531491000||401033||0.00075241
07:11||531491000||400267||0.00075241
07:12||531491000||400267||0.00075241
07:13||531790000||400267||0.00075241
07:14||530277000||399267||0.00075241
07:15||530000500||399194||0.00075241
07:16||530000500||399194||0.00075241
07:17||529526500||398777||0.00075241
07:18||529526500||398777||0.00075241
07:19||529526500||398777||0.00075241
07:20||529516500||398104||0.00075241
07:21||529248000||398104||0.00075241
07:22||529237000||398104||0.00075241
07:23||529106500||398105||0.00075241
07:24||529106500||398104||0.00075241
07:25||529106500||398104||0.00075241
07:26||529106500||398105||0.00075241
07:27||529106500||398105||0.00075241
07:28||529106500||398105||0.00075241
07:29||529244500||398105||0.00075241
07:30||529245000||398105||0.00075241
07:31||530053000||399529||0.00075241
07:32||530053000||399529||0.00075241
07:33||530013500||399529||0.00075241
07:34||529976000||399529||0.00075241
07:35||529939500||399384||0.00075241
07:36||529939500||399384||0.00075241
07:37||529544000||399384||0.00075241
07:38||529544000||399384||0.00075241
07:39||529544000||399384||0.00075241
07:40||529544000||399384||0.00075241
07:41||529544000||399384||0.00075241
07:42||529545000||399384||0.00075241
07:43||529545000||399384||0.00075241
07:44||529545000||399384||0.00075241
07:45||529545000||399384||0.00075241
07:46||529545000||399384||0.00075241
07:47||529545000||399384||0.00075241
07:48||529544500||399384||0.00075241
07:49||529544500||399384||0.00075241
07:50||529543500||398104||0.00075241
07:51||529524000||398104||0.00075241
07:52||529505500||398104||0.00075241
07:53||528933000||398707||0.00075241
07:54||528925000||398707||0.00075241
07:55||528890500||398707||0.00075241
07:56||528799500||397348||0.00075241
07:57||528950000||397648||0.00075241
07:58||528249500||397648||0.00075241
07:59||528248500||397648||0.00075241
08:00||528242500||397648||0.00075241
08:01||528230500||397648||0.00075241
08:02||528220000||397648||0.00075241
08:03||528209000||397648||0.00075241
08:04||528199000||397648||0.00075241
08:05||528199000||397648||0.00075241
08:06||528098000||397648||0.00075241
08:07||528100000||397648||0.00075241
08:08||528103500||397648||0.00075241
08:09||528103500||397648||0.00075241
08:10||528197500||397648||0.00075241
08:11||528848500||398401||0.00075241
08:12||528847500||398401||0.00075241
08:13||529254000||398401||0.00075241
08:14||529254000||398401||0.00075241
08:15||529497500||398401||0.00075241
08:16||529497500||398401||0.00075241
08:17||529497500||398401||0.00075241
08:18||529497500||398401||0.00075241
08:19||530247000||399528||0.00075241
08:20||530247000||399528||0.00075241
08:21||530231000||399528||0.00075241
08:22||529741500||399528||0.00075241
08:23||529741500||399528||0.00075241
08:24||529741500||399528||0.00075241
08:25||529741500||399528||0.00075241
08:26||529741500||399528||0.00075241
08:27||529493500||399528||0.00075241
08:28||529493500||399528||0.00075241
08:29||529493500||399528||0.00075241
08:30||529493500||399528||0.00075241
08:31||529977500||398766||0.00075241
08:32||529926500||398766||0.00075241
08:33||529500500||398766||0.00075241
08:34||529478500||398744||0.00075241
08:35||529479000||398744||0.00075241
08:36||529479000||398744||0.00075241
08:37||529479000||398744||0.00075241
08:38||529479000||398744||0.00075241
08:39||529479000||398744||0.00075241
08:40||529479000||398744||0.00075241
08:41||529479000||398744||0.00075241
08:42||529479000||398744||0.00075241
08:43||529479000||398744||0.00075241
08:44||529479000||398744||0.00075241
08:45||529479000||398744||0.00075241
08:46||529479000||398744||0.00075241
08:47||529479000||398744||0.00075241
08:48||529479000||398744||0.00075241
08:49||529479000||398744||0.00075241
08:50||529479000||398744||0.00075241
08:51||529476000||398744||0.00075241
08:52||529466500||398744||0.00075241
08:53||529466500||398026||0.00075241
08:54||529002500||398026||0.00075241
08:55||529002500||398026||0.00075241
08:56||528672000||398024||0.00075241
08:57||528672000||398024||0.00075241
08:58||528501500||398024||0.00075241
08:59||528501500||397649||0.00075241
09:00||528501500||397649||0.00075241
09:01||528501500||397650||0.00075241
09:02||528040500||397385||0.00075241
09:03||527999500||397272||0.00075241
09:04||527999500||397272||0.00075241
09:05||526350500||396519||0.00075241
09:06||526350500||396257||0.00075241
09:07||526350500||396257||0.00075241
09:08||526350500||396257||0.00075241
09:09||526350500||396257||0.00075241
09:10||526350500||396257||0.00075241
09:11||526028000||395805||0.00075241
09:12||526006500||395772||0.00075241
09:13||526025000||395767||0.00075241
09:14||526025000||395767||0.00075241
09:15||526025000||395767||0.00075241
09:16||525999500||395767||0.00075241
09:17||525999500||395767||0.00075241
09:18||525999500||395767||0.00075241
09:19||525999500||395767||0.00075241
09:20||526025000||395767||0.00075241
09:21||526753500||396257||0.00075241
09:22||526003500||395772||0.00075241
09:23||526746000||395772||0.00075241
09:24||526746000||395772||0.00075241
09:25||526762500||395772||0.00075241
09:26||526747500||395772||0.00075241
09:27||526703500||395772||0.00075241
09:28||526703500||395772||0.00075241
09:29||526703500||396821||0.00075241
09:30||526703500||396821||0.00075241
09:31||526703500||396821||0.00075241
09:32||526703500||396821||0.00075241
09:33||526703500||396821||0.00075241
09:34||526603500||396821||0.00075241
09:35||526603500||396821||0.00075241
09:36||526603000||396821||0.00075241
09:37||526603500||396670||0.00075241
09:38||526604000||396670||0.00075241
09:39||526603500||396670||0.00075241
09:40||526603500||396670||0.00075241
09:41||526604000||396670||0.00075241
09:42||526604000||396670||0.00075241
09:43||526604000||396670||0.00075241
09:44||526604000||396670||0.00075241
09:45||526604000||396670||0.00075241
09:46||526604500||396670||0.00075241
09:47||526604500||396670||0.00075241
09:48||526616500||396670||0.00075241
09:49||526757500||396821||0.00075241
09:50||527501000||397648||0.00075241
09:51||527782500||397648||0.00075241
09:52||527887500||397648||0.00075241
09:53||527939500||397648||0.00075241
09:54||527713500||397648||0.00075241
09:55||527713500||397648||0.00075241
09:56||527582500||396644||0.00075241
09:57||527582500||396644||0.00075241
09:58||527582500||396644||0.00075241
09:59||527582500||396644||0.00075241
10:00||527900000||397498||0.00075241
10:01||528350000||397799||0.00075241
10:02||528357000||397799||0.00075241
10:03||528365000||397799||0.00075241
10:04||529337500||397797||0.00075241
10:05||529659500||398776||0.00075241
10:06||530184500||399529||0.00075241
10:07||531451000||399529||0.00075241
10:08||531451000||400206||0.00075241
10:09||530610000||400206||0.00075241
10:10||530610000||400206||0.00075241
10:11||531494500||400206||0.00075241
10:12||531594500||399680||0.00075241
10:13||531645500||399680||0.00075241
10:14||531654000||399680||0.00075241
10:15||531662500||400273||0.00075241
10:16||531691500||400271||0.00075241
10:17||531712000||400271||0.00075241
10:18||531731000||400271||0.00075241
10:19||531743000||400271||0.00075241
10:20||531744000||400271||0.00075241
10:21||531751000||400657||0.00075241
10:22||531901000||400507||0.00075241
10:23||531903500||400507||0.00075241
10:24||531904000||400507||0.00075241
10:25||531905000||400507||0.00075241
10:26||531955000||400507||0.00075241
10:27||531905000||400507||0.00075241
10:28||532299500||400507||0.00075241
10:29||532299500||400507||0.00075241
10:30||532299500||400507||0.00075241
10:31||532299500||400507||0.00075241
10:32||532299500||400507||0.00075241
10:33||532299500||400507||0.00075241
10:34||532299500||400507||0.00075241
10:35||532299500||400507||0.00075241
10:36||532350500||400507||0.00075241
10:37||532301500||400583||0.00075241
10:38||532301500||400583||0.00075241
10:39||531905000||399913||0.00075241
10:40||531755000||399913||0.00075241
10:41||531512500||399913||0.00075241
10:42||531510500||399913||0.00075241
10:43||531509500||399911||0.00075241
10:44||531405500||399911||0.00075241
10:45||531406000||399911||0.00075241
10:46||531407000||399911||0.00075241
10:47||531407000||399911||0.00075241
10:48||530652500||399911||0.00075241
10:49||530652500||399911||0.00075241
10:50||530652500||399911||0.00075241
10:51||530652500||398778||0.00075241
10:52||530652500||398778||0.00075241
10:53||529250500||396897||0.00075241
10:54||529100000||396897||0.00075241
10:55||529100000||396897||0.00075241
10:56||528100000||396897||0.00075241
10:57||528100000||396897||0.00075241
10:58||528100500||396897||0.00075241
10:59||528100500||396897||0.00075241
11:00||528100500||396897||0.00075241
11:01||528100500||396897||0.00075241
11:02||528100500||396897||0.00075241
11:03||528250000||396897||0.00075241
11:04||528250000||396897||0.00075241
11:05||528250000||396897||0.00075241
11:06||528250000||396897||0.00075241
11:07||528250000||398024||0.00075241
11:08||528250500||398024||0.00075241
11:09||528500000||398024||0.00075241
11:10||529010000||398024||0.00075241
11:11||529010000||398024||0.00075241
11:12||529510000||398777||0.00075241
11:13||530999500||398777||0.00075241
11:14||530999500||398777||0.00075241
11:15||530999500||399528||0.00075241
11:16||530999500||399528||0.00075241
11:17||530999500||399528||0.00075241
11:18||530999500||399528||0.00075241
11:19||530999500||399528||0.00075241
11:20||530999500||399528||0.00075241
11:21||530999500||399529||0.00075241
11:22||530999500||399529||0.00075241
11:23||530999500||399528||0.00075241
11:24||530999500||399528||0.00075241
11:25||530999500||399528||0.00075241
11:26||530999500||399528||0.00075241
11:27||530999500||399528||0.00075241
11:28||530999500||399528||0.00075241
11:29||530999500||399528||0.00075241
11:30||529000500||399528||0.00075241
11:31||529000500||399528||0.00075241
11:32||528751000||399528||0.00075241
11:33||528751000||399528||0.00075241
11:34||528751000||398777||0.00075241
11:35||528751000||398777||0.00075241
11:36||528751000||398777||0.00075241
11:37||528751000||398777||0.00075241
11:38||528751000||398777||0.00075241
11:39||529000000||398777||0.00075241
11:40||528500000||398777||0.00075241
11:41||528500000||398777||0.00075241
11:42||528999500||398777||0.00075241
11:43||528999500||398777||0.00075241
11:44||528999500||398777||0.00075241
11:45||528999500||398777||0.00075241
11:46||528999500||396900||0.00075241
11:47||528253500||396900||0.00075241
11:48||528253500||396900||0.00075241
11:49||528253500||398024||0.00075241
11:50||528253500||396901||0.00075241
11:51||528500000||396901||0.00075241
11:52||528999500||396901||0.00075241
11:53||528999500||398024||0.00075241
11:54||528999500||398024||0.00075241
11:55||528500000||398024||0.00075241
11:56||528499500||398024||0.00075241
11:57||528998500||398024||0.00075241
11:58||528253000||396901||0.00075241
11:59||528253000||396901||0.00075241
12:00||528253000||396901||0.00075241
12:01||528252500||396901||0.00075241
12:02||528252500||396901||0.00075241
12:03||528252500||396901||0.00075241
12:04||528252500||396901||0.00075241
12:05||528252500||396901||0.00075241
12:06||528999500||398776||0.00075241
12:07||528999500||398776||0.00075241
12:08||528251500||398776||0.00075241
12:09||528251500||398776||0.00075241
12:10||527856000||396678||0.00075241
12:11||528001000||396678||0.00075241
12:12||528000000||396678||0.00075241
12:13||528026500||396936||0.00075241
12:14||528005000||396936||0.00075241
12:15||528005000||396936||0.00075241
12:16||528005000||396936||0.00075241
12:17||528005000||396936||0.00075241
12:18||528005000||396936||0.00075241
12:19||528704500||396936||0.00075241
12:20||528255000||396903||0.00075241
12:21||528255000||396903||0.00075241
12:22||528255000||396903||0.00075241
12:23||528255000||396903||0.00075241
12:24||527356500||396904||0.00075241
12:25||527202500||396904||0.00075241
12:26||527201500||396904||0.00075241
12:27||527201500||396904||0.00075241
12:28||527201500||396904||0.00075241
12:29||527201500||396904||0.00075241
12:30||527201500||396670||0.00075241
12:31||527202500||396670||0.00075241
12:32||527202500||396670||0.00075241
12:33||527202500||396670||0.00075241
12:34||527202500||396670||0.00075241
12:35||527202500||396670||0.00075241
12:36||527202500||396670||0.00075241
12:37||527202500||396670||0.00075241
12:38||527202500||396670||0.00075241
12:39||527202500||396670||0.00075241
12:40||527202500||396670||0.00075241
12:41||527202500||396670||0.00075241
12:42||527202500||396670||0.00075241
12:43||527202500||396670||0.00075241
12:44||527202500||396672||0.00075241
12:45||527202500||396672||0.00075241
12:46||527202500||396672||0.00075241
12:47||527202500||396672||0.00075241
12:48||527202500||396672||0.00075241
12:49||527202500||396672||0.00075241
12:50||527202500||396672||0.00075241
12:51||527202500||396672||0.00075241
12:52||527202500||396672||0.00075241
12:53||527202500||396672||0.00075241
12:54||527202500||396672||0.00075241
12:55||527202500||396672||0.00075241
12:56||527202500||396672||0.00075241
12:57||527202500||396672||0.00075241
12:58||527202500||396672||0.00075241
12:59||527202500||396672||0.00075241
13:00||525645500||396672||0.00075241
13:01||525645500||396672||0.00075241
13:02||525645500||396672||0.00075241
13:03||525645500||396672||0.00075241
13:04||525644000||396672||0.00075241
13:05||525644000||396670||0.00075241
13:06||525644000||396670||0.00075241
13:07||525644000||396670||0.00075241
13:08||525850000||396670||0.00075241
13:09||525801000||396670||0.00075241
13:10||525801000||396670||0.00075241
13:11||525801000||396670||0.00075241
13:12||525854500||396670||0.00075241
13:13||525930000||396670||0.00075241
13:14||525955500||396595||0.00075241
13:15||527099500||396595||0.00075241
13:16||527099500||396595||0.00075241
13:17||527099500||396594||0.00075241
13:18||527099500||396594||0.00075241
13:19||525881500||396594||0.00075241
13:20||526003500||396594||0.00075241
13:21||526048000||396594||0.00075241
13:22||526570000||395798||0.00075241
13:23||526569000||395798||0.00075241
13:24||526568000||395798||0.00075241
13:25||527092500||395798||0.00075241
13:26||527092500||395798||0.00075241
13:27||527092500||396590||0.00075241
13:28||527092500||396590||0.00075241
13:29||527092500||396590||0.00075241
13:30||527092500||396589||0.00075241
13:31||527092500||396589||0.00075241
13:32||528060000||398017||0.00075241
13:33||528084500||398017||0.00075241
13:34||532203500||400656||0.00075241
13:35||532955500||401786||0.00075241
13:36||532991500||401786||0.00075241
13:37||531962000||400215||0.00075241
13:38||531962000||400215||0.00075241
13:39||531961500||400290||0.00075241
13:40||531961000||400289||0.00075241
13:41||531960500||400215||0.00075241
13:42||531960000||400215||0.00075241
13:43||531918500||400215||0.00075241
13:44||531918500||400227||0.00075241
13:45||531920500||400227||0.00075241
13:46||531920500||400227||0.00075241
13:47||531960000||400288||0.00075241
13:48||531960000||400288||0.00075241
13:49||531960000||400288||0.00075241
13:50||531960000||400288||0.00075241
13:51||531960000||400288||0.00075241
13:52||531960000||400288||0.00075241
13:53||531956000||400288||0.00075241
13:54||531956000||400288||0.00075241
13:55||531956000||400288||0.00075241
13:56||531956000||400288||0.00075241
13:57||531956000||400288||0.00075241
13:58||531956000||400288||0.00075241
13:59||531956000||400288||0.00075241
14:00||531913500||400282||0.00075241
14:01||531913000||400215||0.00075241
14:02||531913000||400215||0.00075241
14:03||531913000||400215||0.00075241
14:04||531913000||400215||0.00075241
14:05||531913000||400215||0.00075241
14:06||531913000||400215||0.00075241
14:07||531913000||400215||0.00075241
14:08||531913000||400215||0.00075241
14:09||531913000||400217||0.00075241
14:10||531913500||400217||0.00075241
14:11||531913500||400216||0.00075241
14:12||531913500||400216||0.00075241
14:13||531913500||400216||0.00075241
14:14||531913500||400216||0.00075241
14:15||531913500||400216||0.00075241
14:16||531913500||400216||0.00075241
14:17||531913500||400216||0.00075241
14:18||531913500||400216||0.00075241
14:19||531913500||400216||0.00075241
14:20||531913500||400216||0.00075241
14:21||531913500||400216||0.00075241
14:22||531913500||400216||0.00075241
14:23||531913500||400216||0.00075241
14:24||531913500||400216||0.00075241
14:25||531913500||400216||0.00075241
14:26||531913500||400216||0.00075241
14:27||531913500||400217||0.00075241
14:28||531913500||400217||0.00075241
14:29||531913500||400217||0.00075241
14:30||531913500||400217||0.00075241
14:31||531913500||400217||0.00075241
14:32||531913500||400217||0.00075241
14:33||531913500||400217||0.00075241
14:34||531913500||400217||0.00075241
14:35||531913500||400217||0.00075241
14:36||531913500||400217||0.00075241
14:37||528557000||395062||0.00075241
14:38||527633500||395062||0.00075241
14:39||527774000||398826||0.00075241
14:40||529095000||398826||0.00075241
14:41||529230500||398826||0.00075241
14:42||529376500||398826||0.00075241
14:43||529499500||398826||0.00075241
14:44||529801000||398059||0.00075241
14:45||529848000||398059||0.00075241
14:46||529883000||398826||0.00075241
14:47||529902000||398826||0.00075241
14:48||529909500||398826||0.00075241
14:49||529912500||398826||0.00075241
14:50||530064500||398826||0.00075241
14:51||530064500||398826||0.00075241
14:52||530064500||398826||0.00075241
14:53||530064500||398826||0.00075241
14:54||530064500||398826||0.00075241
14:55||530064500||398826||0.00075241
14:56||530064500||398826||0.00075241
14:57||530064500||398826||0.00075241
14:58||530064500||398826||0.00075241
14:59||530064500||398826||0.00075241
15:00||530064500||398826||0.00075241
15:01||530064500||398826||0.00075241
15:02||530064500||398826||0.00075241
15:03||530064500||398826||0.00075241
15:04||530781500||399905||0.00075241
15:05||530781500||399905||0.00075241
15:06||530638000||399905||0.00075241
15:07||530587000||399905||0.00075241
15:08||530588000||399689||0.00075241
15:09||530588000||399689||0.00075241
15:10||530588000||399612||0.00075241
15:11||531195000||399905||0.00075241
15:12||531195000||399905||0.00075241
15:13||531195000||399905||0.00075241
15:14||531195000||399905||0.00075241
15:15||531195000||399905||0.00075241
15:16||530893500||399905||0.00075241
15:17||530893500||399905||0.00075241
15:18||530892500||398991||0.00075241
15:19||531242000||398991||0.00075241
15:20||531242000||398991||0.00075241
15:21||531491500||398991||0.00075241
15:22||531491500||398991||0.00075241
15:23||531491500||398991||0.00075241
15:24||531491500||398991||0.00075241
15:25||531499500||398991||0.00075241
15:26||531499500||398991||0.00075241
15:27||531499500||399905||0.00075241
15:28||531499500||399905||0.00075241
15:29||531491500||399905||0.00075241
15:30||531491500||399905||0.00075241
15:31||531257000||399905||0.00075241
15:32||531030500||399905||0.00075241
15:33||531030500||399905||0.00075241
15:34||531017500||399905||0.00075241
15:35||531017500||399905||0.00075241
15:36||530819500||399905||0.00075241
15:37||530124500||399905||0.00075241
15:38||530124500||399905||0.00075241
15:39||529619500||399905||0.00075241
15:40||529557500||398484||0.00075241
15:41||528994000||398484||0.00075241
15:42||528994000||398484||0.00075241
15:43||528500500||398484||0.00075241
15:44||528508500||398484||0.00075241
15:45||528508500||398484||0.00075241
15:46||528508500||398484||0.00075241
15:47||527508500||396143||0.00075241
15:48||526563000||396143||0.00075241
15:49||526506500||396143||0.00075241
15:50||526506500||396143||0.00075241
15:51||526840000||396143||0.00075241
15:52||526658500||396663||0.00075241
15:53||528564000||396663||0.00075241
15:54||528981000||396663||0.00075241
15:55||528981000||396663||0.00075241
15:56||527062500||396567||0.00075241
15:57||527062000||396567||0.00075241
15:58||526595500||396567||0.00075241
15:59||526531000||396567||0.00075241
16:00||526531000||396567||0.00075241
16:01||526361500||396567||0.00075241
16:02||526361500||395863||0.00075241
16:03||526535500||395863||0.00075241
16:04||526320000||395863||0.00075241
16:05||526315000||395863||0.00075241
16:06||526128500||395863||0.00075241
16:07||526136000||395864||0.00075241
16:08||526136000||395864||0.00075241
16:09||526136500||395864||0.00075241
16:10||526136500||395864||0.00075241
16:11||526140500||395864||0.00075241
16:12||526136500||395864||0.00075241
16:13||526136500||395864||0.00075241
16:14||526136500||395864||0.00075241
16:15||526136500||395864||0.00075241
16:16||525827000||395398||0.00075241
16:17||525054500||395034||0.00075241
16:18||525054500||395050||0.00075241
16:19||525230000||395050||0.00075241
16:20||525230000||395050||0.00075241
16:21||525230000||395050||0.00075241
16:22||525230000||395050||0.00075241
16:23||526241500||396567||0.00075241
16:24||526224500||396567||0.00075241
16:25||526226000||396567||0.00075241
16:26||526226000||396567||0.00075241
16:27||526229000||396567||0.00075241
16:28||526229000||396567||0.00075241
16:29||526245500||396567||0.00075241
16:30||526245500||396567||0.00075241
16:31||529279500||396567||0.00075241
16:32||530664500||399563||0.00075241
16:33||530664500||399563||0.00075241
16:34||531044500||399563||0.00075241
16:35||531044500||399563||0.00075241
16:36||533693500||401034||0.00075241
16:37||533929500||401786||0.00075241
16:38||533998500||401786||0.00075241
16:39||533998500||401786||0.00075241
16:40||533999500||401786||0.00075241
16:41||533999000||401786||0.00075241
16:42||533999000||401785||0.00075241
16:43||530570000||401772||0.00075241
16:44||530570000||401772||0.00075241
16:45||530741000||401772||0.00075241
16:46||531291000||401772||0.00075241
16:47||531810500||401785||0.00075241
16:48||533802000||401475||0.00075241
16:49||534930000||402163||0.00075241
16:50||537550000||404646||0.00075241
16:51||537550000||404270||0.00075241
16:52||537555000||404277||0.00075241
16:53||537555000||404277||0.00075241
16:54||537799500||404645||0.00075241
16:55||537799500||404645||0.00075241
16:56||537799500||404645||0.00075241
16:57||538928000||404646||0.00075241
16:58||539458000||404646||0.00075241
16:59||539544500||406293||0.00075241
17:00||539627000||406293||0.00075241
17:01||539135500||406293||0.00075241
17:02||540845000||406414||0.00075241
17:03||542241500||408558||0.00075241
17:04||549187000||412320||0.00075241
17:05||549999500||413824||0.00075241
17:06||550027500||413825||0.00075241
17:07||548987000||413064||0.00075241
17:08||548987500||413064||0.00075241
17:09||552949000||414577||0.00075241
17:10||552438000||415267||0.00075241
17:11||551006500||413938||0.00075241
17:12||550000500||414201||0.00075241
17:13||549618500||414201||0.00075241
17:14||551080000||413250||0.00075241
17:15||548203500||411559||0.00075241
17:16||548338000||411559||0.00075241
17:17||548407000||411559||0.00075241
17:18||548493500||412210||0.00075241
17:19||548467000||412210||0.00075241
17:20||548801500||412922||0.00075241
17:21||550400500||415330||0.00075241
17:22||551995000||415322||0.00075241
17:23||551992500||415325||0.00075241
17:24||551991000||415322||0.00075241
17:25||551542500||414647||0.00075241
17:26||549438000||413403||0.00075241
17:27||549220000||413403||0.00075241
17:28||550255500||413403||0.00075241
17:29||549441500||413403||0.00075241
17:30||549440500||413403||0.00075241
17:31||549441500||413405||0.00075241
17:32||549441500||413405||0.00075241
17:33||549441500||413405||0.00075241
17:34||549441500||413405||0.00075241
17:35||549722000||413405||0.00075241
17:36||549722000||413405||0.00075241
17:37||549443000||413407||0.00075241
17:38||549443000||413407||0.00075241
17:39||549443000||413407||0.00075241
17:40||549443000||413407||0.00075241
17:41||549441500||413405||0.00075241
17:42||549721000||413405||0.00075241
17:43||549721000||413405||0.00075241
17:44||549721000||413405||0.00075241
17:45||549771000||413405||0.00075241
17:46||549441500||413404||0.00075241
17:47||549214500||413396||0.00075241
17:48||548539500||412393||0.00075241
17:49||546988500||411559||0.00075241
17:50||546988500||411559||0.00075241
17:51||546049000||410146||0.00075241
17:52||545116500||410146||0.00075241
17:53||545116500||410146||0.00075241
17:54||545117000||410146||0.00075241
17:55||545117000||410146||0.00075241
17:56||545117500||410146||0.00075241
17:57||545117500||410146||0.00075241
17:58||545125000||410156||0.00075241
17:59||545125000||410156||0.00075241
18:00||545125000||410156||0.00075241
18:01||546061500||410171||0.00075241
18:02||546061000||410171||0.00075241
18:03||546061000||410171||0.00075241
18:04||546042500||410171||0.00075241
18:05||546061000||410171||0.00075241
18:06||546161000||410171||0.00075241
18:07||546161000||410171||0.00075241
18:08||546045000||410146||0.00075241
18:09||545805500||410146||0.00075241
18:10||545805500||410146||0.00075241
18:11||545805500||410146||0.00075241
18:12||546493500||411192||0.00075241
18:13||546499500||411192||0.00075241
18:14||546499500||411192||0.00075241
18:15||546328500||411192||0.00075241
18:16||546328500||411192||0.00075241
18:17||546328500||411192||0.00075241
18:18||546157500||411192||0.00075241
18:19||546157500||411192||0.00075241
18:20||546157500||411192||0.00075241
18:21||546157500||410934||0.00075241
18:22||546157500||410934||0.00075241
18:23||546157500||410934||0.00075241
18:24||546157500||410934||0.00075241
18:25||546157500||410933||0.00075241
18:26||546157500||410933||0.00075241
18:27||546157500||410933||0.00075241
18:28||546157500||410933||0.00075241
18:29||546157500||410933||0.00075241
18:30||546157500||410933||0.00075241
18:31||546157500||410933||0.00075241
18:32||546157500||410933||0.00075241
18:33||546157500||410933||0.00075241
18:34||546157500||410933||0.00075241
18:35||546157500||410933||0.00075241
18:36||546157500||410933||0.00075241
18:37||546157500||410933||0.00075241
18:38||546157500||410933||0.00075241
18:39||546157500||410933||0.00075241
18:40||546157500||410933||0.00075241
18:41||545675000||410933||0.00075241
18:42||545211500||410222||0.00075241
18:43||545674500||410222||0.00075241
18:44||545674500||410222||0.00075241
18:45||545674500||410222||0.00075241
18:46||545675500||410222||0.00075241
18:47||545675500||410222||0.00075241
18:48||545675500||410223||0.00075241
18:49||545675500||410223||0.00075241
18:50||545674500||410919||0.00075241
18:51||545664000||410919||0.00075241
18:52||545625000||410222||0.00075241
18:53||545588000||410222||0.00075241
18:54||545556000||410222||0.00075241
18:55||545525500||410222||0.00075241
18:56||545674500||410222||0.00075241
18:57||545674500||410222||0.00075241
18:58||545684500||410222||0.00075241
18:59||545686500||410222||0.00075241
19:00||545677000||410222||0.00075241
19:01||545677000||410222||0.00075241
19:02||545677000||410222||0.00075241
19:03||545677000||410222||0.00075241
19:04||545667000||410222||0.00075241
19:05||545626000||410222||0.00075241
19:06||545590000||410222||0.00075241
19:07||545557000||410222||0.00075241
19:08||543931000||410063||0.00075241
19:09||543822000||410063||0.00075241
19:10||543727500||410063||0.00075241
19:11||543645500||410063||0.00075241
19:12||543555500||410063||0.00075241
19:13||543488000||410063||0.00075241
19:14||543574000||410063||0.00075241
19:15||543613500||410063||0.00075241
19:16||543584000||408673||0.00075241
19:17||543511000||408673||0.00075241
19:18||543451500||408673||0.00075241
19:19||543399500||408673||0.00075241
19:20||543333000||408633||0.00075241
19:21||543295000||408633||0.00075241
19:22||543259000||408633||0.00075241
19:23||543228000||408633||0.00075241
19:24||543207500||408633||0.00075241
19:25||543184000||408633||0.00075241
19:26||542570500||408633||0.00075241
19:27||541080500||407898||0.00075241
19:28||540965000||407898||0.00075241
19:29||540848500||407898||0.00075241
19:30||540747000||407898||0.00075241
19:31||540705000||407898||0.00075241
19:32||540705500||407898||0.00075241
19:33||540624000||407898||0.00075241
19:34||540966500||407687||0.00075241
19:35||540863500||406395||0.00075241
19:36||542935500||407687||0.00075241
19:37||542890000||407687||0.00075241
19:38||535013500||398786||0.00075241
19:39||535505500||398786||0.00075241
19:40||535683000||406312||0.00075241
19:41||535905500||406312||0.00075241
19:42||541567000||408879||0.00075241
19:43||541325500||408879||0.00075241
19:44||541143500||408879||0.00075241
19:45||541143500||408879||0.00075241
19:46||541364500||408879||0.00075241
19:47||541365500||408879||0.00075241
19:48||541365500||408879||0.00075241
19:49||542735500||408879||0.00075241
19:50||542735500||408363||0.00075241
19:51||542735500||408363||0.00075241
19:52||542735500||408356||0.00075241
19:53||542735500||408356||0.00075241
19:54||542735500||408356||0.00075241
19:55||542734500||408356||0.00075241
19:56||542739500||408356||0.00075241
19:57||542739500||408356||0.00075241
19:58||542739500||408356||0.00075241
19:59||542739500||408356||0.00075241
20:00||539243500||408363||0.00075241
20:01||539244000||408363||0.00075241
20:02||539202000||408363||0.00075241
20:03||539001500||408363||0.00075241
20:04||538361000||408363||0.00075241
20:05||538361000||408363||0.00075241
20:06||538361000||408363||0.00075241
20:07||538897500||404101||0.00075241
20:08||538360500||403293||0.00075241
20:09||538360500||403293||0.00075241
20:10||539000000||403293||0.00075241
20:11||539000000||403293||0.00075241
20:12||537551000||403293||0.00075241
20:13||537551000||403293||0.00075241
20:14||537551000||403293||0.00075241
20:15||537551000||403293||0.00075241
20:16||537551000||403293||0.00075241
20:17||537551000||403293||0.00075241
20:18||537551000||403293||0.00075241
20:19||537551000||403293||0.00075241
20:20||537551000||403293||0.00075241
20:21||537551000||405624||0.00075241
20:22||537551000||405624||0.00075241
20:23||536051000||405624||0.00075241
20:24||536051000||403367||0.00075241
20:25||536051000||403367||0.00075241
20:26||536051000||403367||0.00075241
20:27||536051000||403367||0.00075241
20:28||536051000||403293||0.00075241
20:29||534401500||403293||0.00075241
20:30||534401500||403293||0.00075241
20:31||534401500||403293||0.00075241
20:32||534401500||403293||0.00075241
20:33||534402000||403293||0.00075241
20:34||534402000||403293||0.00075241
20:35||534413500||403293||0.00075241
20:36||534413500||403293||0.00075241
20:37||534413500||403293||0.00075241
20:38||534550000||403367||0.00075241
20:39||534550000||403367||0.00075241
20:40||534551000||403367||0.00075241
20:41||536523500||406299||0.00075241
20:42||536524000||406299||0.00075241
20:43||536525000||406299||0.00075241
20:44||536528000||406299||0.00075241
20:45||536999500||406299||0.00075241
20:46||537249500||406299||0.00075241
20:47||537499500||406299||0.00075241
20:48||537499500||406299||0.00075241
20:49||537749500||406299||0.00075241
20:50||539441000||406299||0.00075241
20:51||541341000||406299||0.00075241
20:52||541341000||406299||0.00075241
20:53||541439500||406299||0.00075241
20:54||541439500||407487||0.00075241
20:55||541439500||407487||0.00075241
20:56||541439500||407487||0.00075241
20:57||541439500||407487||0.00075241
20:58||541439500||407487||0.00075241
20:59||538567500||407487||0.00075241
21:00||538788500||407487||0.00075241
21:01||538789500||407487||0.00075241
21:02||539789500||407487||0.00075241
21:03||543854000||408363||0.00075241
21:04||544998000||409311||0.00075241
21:05||544850000||409311||0.00075241
21:06||544850000||409311||0.00075241
21:07||544847500||409311||0.00075241
21:08||544847500||409311||0.00075241
21:09||544291500||410772||0.00075241
21:10||538734500||407490||0.00075241
21:11||538755000||403292||0.00075241
21:12||535746000||402917||0.00075241
21:13||535002000||402917||0.00075241
21:14||535251000||402917||0.00075241
21:15||534751500||402539||0.00075241
21:16||534751000||402539||0.00075241
21:17||534751000||402539||0.00075241
21:18||534751000||402164||0.00075241
21:19||534760500||402164||0.00075241
21:20||534760500||402164||0.00075241
21:21||534760500||402164||0.00075241
21:22||534755500||402164||0.00075241
21:23||534755500||402164||0.00075241
21:24||534760500||402164||0.00075241
21:25||534760500||402164||0.00075241
21:26||534755500||402164||0.00075241
21:27||534755500||402164||0.00075241
21:28||534521500||402164||0.00075241
21:29||534521500||402164||0.00075241
21:30||534262000||402179||0.00075241
21:31||534257000||402179||0.00075241
21:32||534002500||402179||0.00075241
21:33||534002500||402179||0.00075241
21:34||533401500||400884||0.00075241
21:35||531970000||398787||0.00075241
21:36||532025000||398787||0.00075241
21:37||531970000||401726||0.00075241
21:38||531888000||398796||0.00075241
21:39||531853000||398796||0.00075241
21:40||531025000||398796||0.00075241
21:41||531775500||398796||0.00075241
21:42||531775500||398796||0.00075241
21:43||531777500||398796||0.00075241
21:44||531779000||398796||0.00075241
21:45||531800000||398796||0.00075241
21:46||531766000||398796||0.00075241
21:47||531766000||401359||0.00075241
21:48||531300000||401359||0.00075241
21:49||528952500||398777||0.00075241
21:50||528913000||398777||0.00075241
21:51||528913000||398646||0.00075241
21:52||528993000||398646||0.00075241
21:53||528993000||398646||0.00075241
21:54||528943500||397197||0.00075241
21:55||528943500||397197||0.00075241
21:56||529489500||399588||0.00075241
21:57||530547000||399588||0.00075241
21:58||529919500||399588||0.00075241
21:59||529919500||399588||0.00075241
22:00||529469000||399588||0.00075241
22:01||529469000||399588||0.00075241
22:02||529450000||399588||0.00075241
22:03||529421000||399588||0.00075241
22:04||530871000||397197||0.00075241
22:05||530870500||397197||0.00075241
22:06||529371500||399410||0.00075241
22:07||529371500||399410||0.00075241
22:08||529372000||399410||0.00075241
22:09||529201000||399410||0.00075241
22:10||529201000||399410||0.00075241
22:11||529201000||399410||0.00075241
22:12||529250000||399410||0.00075241
22:13||529201000||399410||0.00075241
22:14||529201500||399410||0.00075241
22:15||529400000||399409||0.00075241
22:16||529400000||399337||0.00075241
22:17||529400000||399337||0.00075241
22:18||529351500||399337||0.00075241
22:19||529351500||399337||0.00075241
22:20||529351500||399337||0.00075241
22:21||529400000||399337||0.00075241
22:22||529420000||399337||0.00075241
22:23||531025000||401358||0.00075241
22:24||529500000||399529||0.00075241
22:25||529470000||399529||0.00075241
22:26||529500000||399529||0.00075241
22:27||527951500||397199||0.00075241
22:28||527951000||397199||0.00075241
22:29||527902500||397199||0.00075241
22:30||527902500||397199||0.00075241
22:31||527902500||397199||0.00075241
22:32||527902500||397199||0.00075241
22:33||527902500||397199||0.00075241
22:34||527902500||397199||0.00075241
22:35||525513000||393602||0.00075241
22:36||525061500||396520||0.00075241
22:37||525500000||396520||0.00075241
22:38||525500000||396520||0.00075241
22:39||525500000||396520||0.00075241
22:40||525500000||396520||0.00075241
22:41||525500000||396520||0.00075241
22:42||525062000||396520||0.00075241
22:43||525062500||396520||0.00075241
22:44||525262500||396520||0.00075241
22:45||525462500||396520||0.00075241
22:46||525431500||396520||0.00075241
22:47||525731500||396520||0.00075241
22:48||525731500||396520||0.00075241
22:49||525731500||396520||0.00075241
22:50||525731500||396520||0.00075241
22:51||524010500||392021||0.00075241
22:52||524499500||392021||0.00075241
22:53||524419500||392021||0.00075241
22:54||524230500||392021||0.00075241
22:55||524020000||392021||0.00075241
22:56||524020000||392021||0.00075241
22:57||523545500||392021||0.00075241
22:58||523845000||392021||0.00075241
22:59||523200500||392021||0.00075241
23:00||523895000||393660||0.00075241
23:01||523200500||393661||0.00075241
23:02||524850500||396143||0.00075241
23:03||525069500||396473||0.00075241
23:04||525061000||396473||0.00075241
23:05||524861000||396473||0.00075241
23:06||524861000||396143||0.00075241
23:07||524611000||393677||0.00075241
23:08||524611000||393677||0.00075241
23:09||524750000||393677||0.00075241
23:10||524611000||393677||0.00075241
23:11||524611000||393677||0.00075241
23:12||524583000||393677||0.00075241
23:13||524582500||393677||0.00075241
23:14||524611000||393677||0.00075241
23:15||524611000||393677||0.00075241
23:16||524583000||393677||0.00075241
23:17||524111000||395015||0.00075241
23:18||524111000||395015||0.00075241
23:19||524111000||395015||0.00075241
23:20||524111000||393677||0.00075241
23:21||524111000||393677||0.00075241
23:22||524111000||395015||0.00075241
23:23||524111000||395015||0.00075241
23:24||524111000||395015||0.00075241
23:25||524093000||395015||0.00075241
23:26||524111000||394988||0.00075241
23:27||524111000||394988||0.00075241
23:28||524111000||394988||0.00075241
23:29||524111000||393677||0.00075241
23:30||524092500||393677||0.00075241
23:31||524092500||393677||0.00075241
23:32||524110500||393677||0.00075241
23:33||524111000||393677||0.00075241
23:34||524111500||395015||0.00075241
23:35||524111500||395015||0.00075241
23:36||524111500||395015||0.00075241
23:37||524111500||395015||0.00075241
23:38||524500000||395015||0.00075241
23:39||524500000||395015||0.00075241
23:40||524111500||395015||0.00075241
23:41||524111500||393678||0.00075241
23:42||524111500||393678||0.00075241
23:43||524111500||393678||0.00075241
23:44||524250000||393678||0.00075241
23:45||525249500||396143||0.00075241
23:46||525249500||396143||0.00075241
23:47||525249500||396143||0.00075241
23:48||525249500||396143||0.00075241
23:49||525249500||396143||0.00075241
23:50||525200000||396068||0.00075241
23:51||524756000||396068||0.00075241
23:52||524584500||396068||0.00075241
23:53||524612500||396068||0.00075241
23:54||524612500||396068||0.00075241
23:55||524584500||395725||0.00075241
23:56||524584500||395725||0.00075241
23:57||524584500||395725||0.00075241
23:58||524612500||395725||0.00075241
23:59||524623000||395725||0.00075241
