00:00||835789000||629510||0.00075241
00:01||835789000||629510||0.00075241
00:02||835789000||629510||0.00075241
00:03||836093000||629510||0.00075241
00:04||836105000||629510||0.00075241
00:05||836658500||629509||0.00075241
00:06||836658500||629509||0.00075241
00:07||836658500||629509||0.00075241
00:08||836658500||629509||0.00075241
00:09||836658500||629509||0.00075241
00:10||836658500||629509||0.00075241
00:11||836658500||629509||0.00075241
00:12||836658500||629509||0.00075241
00:13||836658500||629509||0.00075241
00:14||836658500||629509||0.00075241
00:15||836658500||629509||0.00075241
00:16||836658500||629509||0.00075241
00:17||836658500||629509||0.00075241
00:18||836658500||629509||0.00075241
00:19||836658500||629509||0.00075241
00:20||836658500||629509||0.00075241
00:21||836658500||629509||0.00075241
00:22||836658500||629509||0.00075241
00:23||836658500||629509||0.00075241
00:24||836658500||629509||0.00075241
00:25||836658500||629509||0.00075241
00:26||836658500||629509||0.00075241
00:27||836658500||629509||0.00075241
00:28||836658500||629510||0.00075241
00:29||837328500||630518||0.00075241
00:30||837637500||630518||0.00075241
00:31||837637500||630518||0.00075241
00:32||837285500||630518||0.00075241
00:33||837285500||630518||0.00075241
00:34||837637500||630518||0.00075241
00:35||837637500||630518||0.00075241
00:36||837637500||630518||0.00075241
00:37||837637500||630518||0.00075241
00:38||837637500||630518||0.00075241
00:39||837637500||630518||0.00075241
00:40||837637500||630518||0.00075241
00:41||837637500||630518||0.00075241
00:42||837637500||630518||0.00075241
00:43||837637500||630518||0.00075241
00:44||837630500||630518||0.00075241
00:45||837630500||630518||0.00075241
00:46||837630500||630518||0.00075241
00:47||837638000||630518||0.00075241
00:48||837685500||630047||0.00075241
00:49||837824500||630557||0.00075241
00:50||837824500||630557||0.00075241
00:51||837656000||630557||0.00075241
00:52||837656000||630557||0.00075241
00:53||837262500||630557||0.00075241
00:54||837262500||629964||0.00075241
00:55||837262500||629964||0.00075241
00:56||837262500||629964||0.00075241
00:57||837262500||629964||0.00075241
00:58||837262500||629964||0.00075241
00:59||837262500||629965||0.00075241
01:00||837262500||629965||0.00075241
01:01||837262500||629965||0.00075241
01:02||837262500||629965||0.00075241
01:03||837262500||629965||0.00075241
01:04||837262500||629965||0.00075241
01:05||837262500||629965||0.00075241
01:06||837262500||629965||0.00075241
01:07||837656000||629965||0.00075241
01:08||837648000||629965||0.00075241
01:09||837648000||629965||0.00075241
01:10||837648000||629965||0.00075241
01:11||837648000||629965||0.00075241
01:12||837648000||629965||0.00075241
01:13||837648000||630544||0.00075241
01:14||837648000||630544||0.00075241
01:15||837648000||629965||0.00075241
01:16||837648000||629965||0.00075241
01:17||837648000||629965||0.00075241
01:18||837648000||629965||0.00075241
01:19||837648000||629965||0.00075241
01:20||837648000||629965||0.00075241
01:21||837648000||629965||0.00075241
01:22||837648000||629965||0.00075241
01:23||837648000||629965||0.00075241
01:24||837648000||629965||0.00075241
01:25||837648000||629965||0.00075241
01:26||837648000||629965||0.00075241
01:27||837311500||629965||0.00075241
01:28||837311500||629458||0.00075241
01:29||837311500||629458||0.00075241
01:30||837281500||629458||0.00075241
01:31||837281500||629458||0.00075241
01:32||837281500||629458||0.00075241
01:33||837281500||629458||0.00075241
01:34||837281500||629458||0.00075241
01:35||837281500||629458||0.00075241
01:36||837281500||629458||0.00075241
01:37||837203500||629458||0.00075241
01:38||837203500||629458||0.00075241
01:39||837203500||629458||0.00075241
01:40||837203500||629458||0.00075241
01:41||837203500||629458||0.00075241
01:42||837203500||629458||0.00075241
01:43||836913500||629458||0.00075241
01:44||836920000||629458||0.00075241
01:45||836920000||629458||0.00075241
01:46||836920000||629458||0.00075241
01:47||836920000||629458||0.00075241
01:48||836920000||629458||0.00075241
01:49||836920000||629458||0.00075241
01:50||836920000||629458||0.00075241
01:51||836920000||629458||0.00075241
01:52||836920000||629458||0.00075241
01:53||836920000||629458||0.00075241
01:54||836920000||629458||0.00075241
01:55||836926500||629458||0.00075241
01:56||836926500||629458||0.00075241
01:57||836926500||629458||0.00075241
01:58||836926500||629468||0.00075241
01:59||836926500||629468||0.00075241
02:00||836926500||629468||0.00075241
02:01||837249500||629468||0.00075241
02:02||837249500||629468||0.00075241
02:03||837249500||629468||0.00075241
02:04||837249500||629468||0.00075241
02:05||837249500||629468||0.00075241
02:06||837249500||629468||0.00075241
02:07||837249500||629468||0.00075241
02:08||837249500||629468||0.00075241
02:09||837249500||629954||0.00075241
02:10||837249500||629954||0.00075241
02:11||837249500||629955||0.00075241
02:12||837249500||629955||0.00075241
02:13||837249500||629955||0.00075241
02:14||837249500||629955||0.00075241
02:15||837249500||629955||0.00075241
02:16||837249500||629955||0.00075241
02:17||837249500||629955||0.00075241
02:18||837249500||629955||0.00075241
02:19||837249500||629955||0.00075241
02:20||837249500||629955||0.00075241
02:21||837249500||629955||0.00075241
02:22||837249500||629955||0.00075241
02:23||837249500||629955||0.00075241
02:24||837249500||629955||0.00075241
02:25||838032500||630520||0.00075241
02:26||838032500||630520||0.00075241
02:27||838032500||630520||0.00075241
02:28||838032500||630520||0.00075241
02:29||838041000||630557||0.00075241
02:30||838297000||630588||0.00075241
02:31||838499500||630588||0.00075241
02:32||838499500||630588||0.00075241
02:33||838499500||630588||0.00075241
02:34||838499500||630588||0.00075241
02:35||838499500||630588||0.00075241
02:36||838499500||630895||0.00075241
02:37||838499500||630895||0.00075241
02:38||838499500||630895||0.00075241
02:39||838499500||630895||0.00075241
02:40||838749000||630895||0.00075241
02:41||838748500||630895||0.00075241
02:42||838997500||630895||0.00075241
02:43||838997500||630895||0.00075241
02:44||838997500||631270||0.00075241
02:45||838997500||631270||0.00075241
02:46||838997500||631270||0.00075241
02:47||838997500||631270||0.00075241
02:48||838997500||631270||0.00075241
02:49||838997500||631270||0.00075241
02:50||838997500||631270||0.00075241
02:51||838997500||631270||0.00075241
02:52||838997500||631270||0.00075241
02:53||838997500||631270||0.00075241
02:54||838997500||631270||0.00075241
02:55||838997500||631270||0.00075241
02:56||838997500||631270||0.00075241
02:57||838997500||631270||0.00075241
02:58||838997500||631270||0.00075241
02:59||838997500||631270||0.00075241
03:00||838997500||631270||0.00075241
03:01||838997500||631269||0.00075241
03:02||838997500||631269||0.00075241
03:03||838997500||631269||0.00075241
03:04||838997500||631269||0.00075241
03:05||838997500||631269||0.00075241
03:06||838997500||631269||0.00075241
03:07||838997500||631269||0.00075241
03:08||838997500||631269||0.00075241
03:09||838997500||631269||0.00075241
03:10||838997500||631269||0.00075241
03:11||838997500||631269||0.00075241
03:12||838997500||631269||0.00075241
03:13||838997500||631269||0.00075241
03:14||838997500||631269||0.00075241
03:15||838245500||631269||0.00075241
03:16||838278000||631270||0.00075241
03:17||838992500||631270||0.00075241
03:18||838992500||631270||0.00075241
03:19||838992500||631270||0.00075241
03:20||838131500||629966||0.00075241
03:21||838084500||629966||0.00075241
03:22||838084500||629966||0.00075241
03:23||838084000||629966||0.00075241
03:24||837277500||629966||0.00075241
03:25||837270500||629954||0.00075241
03:26||837283500||629954||0.00075241
03:27||837283500||629954||0.00075241
03:28||837287500||629954||0.00075241
03:29||837287500||629954||0.00075241
03:30||837296500||629988||0.00075241
03:31||837297500||629995||0.00075241
03:32||837878500||629995||0.00075241
03:33||838193500||629995||0.00075241
03:34||838459000||629995||0.00075241
03:35||838996500||629995||0.00075241
03:36||838996500||629995||0.00075241
03:37||838996500||629995||0.00075241
03:38||838807500||629995||0.00075241
03:39||838648500||631007||0.00075241
03:40||838648500||631007||0.00075241
03:41||838654500||631007||0.00075241
03:42||838654500||631007||0.00075241
03:43||838654500||631007||0.00075241
03:44||838654500||631007||0.00075241
03:45||838654500||631007||0.00075241
03:46||838669500||631016||0.00075241
03:47||838669500||631016||0.00075241
03:48||838662500||631016||0.00075241
03:49||838662500||631016||0.00075241
03:50||838662500||631016||0.00075241
03:51||838669500||631016||0.00075241
03:52||838669500||631016||0.00075241
03:53||838669500||631016||0.00075241
03:54||838669500||631016||0.00075241
03:55||838676500||631016||0.00075241
03:56||838676500||631022||0.00075241
03:57||838676500||631022||0.00075241
03:58||838676500||631022||0.00075241
03:59||838676500||631022||0.00075241
04:00||838676500||631022||0.00075241
04:01||838676500||631022||0.00075241
04:02||838676500||631022||0.00075241
04:03||838676500||631022||0.00075241
04:04||838676500||631022||0.00075241
04:05||838677500||631035||0.00075241
04:06||838669500||631023||0.00075241
04:07||838678500||631023||0.00075241
04:08||838337500||630509||0.00075241
04:09||838679500||631037||0.00075241
04:10||838689000||631037||0.00075241
04:11||838688500||631037||0.00075241
04:12||838688500||631037||0.00075241
04:13||838680000||631037||0.00075241
04:14||838329500||631024||0.00075241
04:15||838335500||631024||0.00075241
04:16||838340000||631024||0.00075241
04:17||838509500||631024||0.00075241
04:18||838169500||630774||0.00075241
04:19||838166000||630774||0.00075241
04:20||838000500||630774||0.00075241
04:21||838000500||630774||0.00075241
04:22||837988500||630510||0.00075241
04:23||837589500||630510||0.00075241
04:24||837291500||629986||0.00075241
04:25||837291500||629986||0.00075241
04:26||837291500||629986||0.00075241
04:27||837291500||629986||0.00075241
04:28||837811500||629986||0.00075241
04:29||837811500||629986||0.00075241
04:30||837989000||630769||0.00075241
04:31||837989000||630769||0.00075241
04:32||837989000||629986||0.00075241
04:33||837989000||631036||0.00075241
04:34||837989000||629986||0.00075241
04:35||837645500||630519||0.00075241
04:36||837270000||629986||0.00075241
04:37||837624500||630519||0.00075241
04:38||836791500||629954||0.00075241
04:39||837167000||630519||0.00075241
04:40||837265000||630519||0.00075241
04:41||837265000||630519||0.00075241
04:42||837265000||630519||0.00075241
04:43||837265000||630519||0.00075241
04:44||837265000||630519||0.00075241
04:45||837235000||630519||0.00075241
04:46||837142500||629251||0.00075241
04:47||836315500||629252||0.00075241
04:48||836315500||629252||0.00075241
04:49||836315500||629252||0.00075241
04:50||836315500||629252||0.00075241
04:51||836315500||629252||0.00075241
04:52||836315500||629252||0.00075241
04:53||836315500||629252||0.00075241
04:54||836315500||629252||0.00075241
04:55||836315500||629252||0.00075241
04:56||836315500||629252||0.00075241
04:57||836315500||629252||0.00075241
04:58||836315500||629252||0.00075241
04:59||836315500||629252||0.00075241
05:00||836315500||629252||0.00075241
05:01||836315500||629252||0.00075241
05:02||836315500||629252||0.00075241
05:03||836315500||629252||0.00075241
05:04||836315500||629252||0.00075241
05:05||836315500||629252||0.00075241
05:06||836315500||629252||0.00075241
05:07||836315500||629252||0.00075241
05:08||836315500||629252||0.00075241
05:09||836315500||629252||0.00075241
05:10||836315500||629252||0.00075241
05:11||836315500||629252||0.00075241
05:12||836315500||629251||0.00075241
05:13||836315500||629251||0.00075241
05:14||836315500||629252||0.00075241
05:15||836315500||629252||0.00075241
05:16||836315500||629252||0.00075241
05:17||836315500||629252||0.00075241
05:18||836315500||629252||0.00075241
05:19||836315500||629252||0.00075241
05:20||836315500||629252||0.00075241
05:21||836315500||629252||0.00075241
05:22||836315500||629252||0.00075241
05:23||836315500||629252||0.00075241
05:24||836315500||629252||0.00075241
05:25||836315500||629252||0.00075241
05:26||836315500||629252||0.00075241
05:27||836315500||629252||0.00075241
05:28||836315500||629252||0.00075241
05:29||836315500||629252||0.00075241
05:30||836315500||629252||0.00075241
05:31||836315500||629252||0.00075241
05:32||836315500||629252||0.00075241
05:33||836315500||629252||0.00075241
05:34||836315500||629252||0.00075241
05:35||836315500||629252||0.00075241
05:36||836315500||629252||0.00075241
05:37||836315500||629252||0.00075241
05:38||836315500||629252||0.00075241
05:39||836315500||629252||0.00075241
05:40||836315500||629252||0.00075241
05:41||836315500||629252||0.00075241
05:42||836315500||629252||0.00075241
05:43||836315500||629252||0.00075241
05:44||836315500||629252||0.00075241
05:45||836315500||629251||0.00075241
05:46||836315500||629251||0.00075241
05:47||836315500||629251||0.00075241
05:48||836315500||629252||0.00075241
05:49||836315500||629252||0.00075241
05:50||837152500||630512||0.00075241
05:51||837152500||630512||0.00075241
05:52||837152500||630512||0.00075241
05:53||837175500||630512||0.00075241
05:54||837175500||630512||0.00075241
05:55||837252500||630512||0.00075241
05:56||837252500||630512||0.00075241
05:57||837252500||630512||0.00075241
05:58||837252500||630512||0.00075241
05:59||837252500||630512||0.00075241
06:00||837252500||630512||0.00075241
06:01||837252500||630512||0.00075241
06:02||837152500||630512||0.00075241
06:03||837092500||630512||0.00075241
06:04||836500000||629378||0.00075241
06:05||836484000||629379||0.00075241
06:06||836471000||629369||0.00075241
06:07||836400000||629251||0.00075241
06:08||836400000||629251||0.00075241
06:09||836401500||629254||0.00075241
06:10||836401500||629254||0.00075241
06:11||836401500||629254||0.00075241
06:12||836401500||629254||0.00075241
06:13||836401500||629254||0.00075241
06:14||836401500||629254||0.00075241
06:15||836401500||629254||0.00075241
06:16||836403500||629254||0.00075241
06:17||836403500||629254||0.00075241
06:18||836403500||629379||0.00075241
06:19||836403500||629379||0.00075241
06:20||836403500||629379||0.00075241
06:21||836405500||629257||0.00075241
06:22||836405500||629257||0.00075241
06:23||836405500||629257||0.00075241
06:24||836421000||629379||0.00075241
06:25||836421000||629403||0.00075241
06:26||837252500||630512||0.00075241
06:27||838324500||630519||0.00075241
06:28||838324500||630519||0.00075241
06:29||838324500||630519||0.00075241
06:30||838324500||631008||0.00075241
06:31||838343000||631036||0.00075241
06:32||838350500||631036||0.00075241
06:33||838519500||631036||0.00075241
06:34||838519000||631036||0.00075241
06:35||838519000||631036||0.00075241
06:36||838519000||631036||0.00075241
06:37||838519000||631036||0.00075241
06:38||838519000||631036||0.00075241
06:39||838519000||631036||0.00075241
06:40||838519000||631036||0.00075241
06:41||838519000||631036||0.00075241
06:42||838529000||631036||0.00075241
06:43||838529000||631036||0.00075241
06:44||838529000||631036||0.00075241
06:45||838526500||631036||0.00075241
06:46||838989500||631036||0.00075241
06:47||838989500||631264||0.00075241
06:48||838989500||631264||0.00075241
06:49||838989500||631264||0.00075241
06:50||838989500||631264||0.00075241
06:51||838989500||631264||0.00075241
06:52||838993000||631268||0.00075241
06:53||838992000||631268||0.00075241
06:54||838994500||631268||0.00075241
06:55||838994500||631268||0.00075241
06:56||838994500||631268||0.00075241
06:57||838997000||632015||0.00075241
06:58||841934000||635018||0.00075241
06:59||841934000||634943||0.00075241
07:00||841934000||634943||0.00075241
07:01||841934000||634943||0.00075241
07:02||841934000||634943||0.00075241
07:03||841934000||634943||0.00075241
07:04||841934000||634943||0.00075241
07:05||841432000||631267||0.00075241
07:06||841432000||631267||0.00075241
07:07||841431500||631267||0.00075241
07:08||841431500||631267||0.00075241
07:09||841431500||631267||0.00075241
07:10||839497000||631267||0.00075241
07:11||841431500||631267||0.00075241
07:12||840931500||631267||0.00075241
07:13||840931500||631267||0.00075241
07:14||840931500||631267||0.00075241
07:15||840931500||631267||0.00075241
07:16||840931500||631267||0.00075241
07:17||840431500||631267||0.00075241
07:18||840431500||631267||0.00075241
07:19||840431500||631267||0.00075241
07:20||840431500||631267||0.00075241
07:21||840402500||633387||0.00075241
07:22||840402500||633387||0.00075241
07:23||840402500||633387||0.00075241
07:24||840402500||633387||0.00075241
07:25||840402500||631267||0.00075241
07:26||840402500||631267||0.00075241
07:27||840402500||631267||0.00075241
07:28||840402500||631267||0.00075241
07:29||840402500||633387||0.00075241
07:30||840402500||633387||0.00075241
07:31||840402500||633387||0.00075241
07:32||840496500||632776||0.00075241
07:33||840441000||632024||0.00075241
07:34||840441000||632688||0.00075241
07:35||840441000||632688||0.00075241
07:36||840441000||632688||0.00075241
07:37||840441000||632688||0.00075241
07:38||840441000||632688||0.00075241
07:39||840441000||632688||0.00075241
07:40||839492500||632024||0.00075241
07:41||839492500||632024||0.00075241
07:42||839492500||632024||0.00075241
07:43||839495500||632024||0.00075241
07:44||839545500||631271||0.00075241
07:45||839000500||631347||0.00075241
07:46||839000500||631272||0.00075241
07:47||839000500||631272||0.00075241
07:48||839000500||631271||0.00075241
07:49||839000500||631271||0.00075241
07:50||838997500||631267||0.00075241
07:51||838997500||631267||0.00075241
07:52||838997500||631267||0.00075241
07:53||838997500||631267||0.00075241
07:54||838997500||631272||0.00075241
07:55||838997500||631272||0.00075241
07:56||838997500||631272||0.00075241
07:57||838997500||631272||0.00075241
07:58||838997500||631272||0.00075241
07:59||838997500||631272||0.00075241
08:00||838997500||631272||0.00075241
08:01||838997500||631272||0.00075241
08:02||838997500||631267||0.00075241
08:03||838997500||631267||0.00075241
08:04||838997500||631267||0.00075241
08:05||838997500||631272||0.00075241
08:06||838997500||631272||0.00075241
08:07||838997500||631272||0.00075241
08:08||838997500||631272||0.00075241
08:09||838997500||631267||0.00075241
08:10||838997500||631267||0.00075241
08:11||838997500||631267||0.00075241
08:12||838997500||631267||0.00075241
08:13||838997500||631267||0.00075241
08:14||838997500||631267||0.00075241
08:15||838997500||631267||0.00075241
08:16||838997500||631267||0.00075241
08:17||838997500||631267||0.00075241
08:18||838997500||631267||0.00075241
08:19||838995000||631263||0.00075241
08:20||838995000||631263||0.00075241
08:21||838995000||631263||0.00075241
08:22||838995000||631263||0.00075241
08:23||838995000||631263||0.00075241
08:24||838995000||631263||0.00075241
08:25||838995000||631263||0.00075241
08:26||838995000||631263||0.00075241
08:27||838995000||631263||0.00075241
08:28||838995000||631263||0.00075241
08:29||838995000||631263||0.00075241
08:30||838995000||631263||0.00075241
08:31||838995000||631272||0.00075241
08:32||838995000||631272||0.00075241
08:33||838995000||631272||0.00075241
08:34||838995000||631272||0.00075241
08:35||838995000||631272||0.00075241
08:36||838991500||631272||0.00075241
08:37||838995000||631272||0.00075241
08:38||838990000||631272||0.00075241
08:39||840244500||633153||0.00075241
08:40||840244500||631263||0.00075241
08:41||839994500||631263||0.00075241
08:42||839994500||631263||0.00075241
08:43||839994500||631263||0.00075241
08:44||839994500||631263||0.00075241
08:45||839994500||631263||0.00075241
08:46||839994500||631263||0.00075241
08:47||839894500||631263||0.00075241
08:48||839994500||631263||0.00075241
08:49||839994500||631263||0.00075241
08:50||839994500||631263||0.00075241
08:51||839994500||631263||0.00075241
08:52||839994500||631263||0.00075241
08:53||839994500||631263||0.00075241
08:54||839989500||631263||0.00075241
08:55||839989500||631263||0.00075241
08:56||839989500||631263||0.00075241
08:57||839989500||631263||0.00075241
08:58||839989500||631263||0.00075241
08:59||839989500||631263||0.00075241
09:00||839989500||631263||0.00075241
09:01||839507000||630537||0.00075241
09:02||839495000||630519||0.00075241
09:03||840300000||630519||0.00075241
09:04||840300000||630519||0.00075241
09:05||840300000||630519||0.00075241
09:06||840300000||630519||0.00075241
09:07||840300000||630519||0.00075241
09:08||840300000||630519||0.00075241
09:09||840300000||630519||0.00075241
09:10||840300000||630519||0.00075241
09:11||839350500||631798||0.00075241
09:12||839951000||631798||0.00075241
09:13||839952500||631798||0.00075241
09:14||839952500||631798||0.00075241
09:15||839952500||631798||0.00075241
09:16||839952500||631798||0.00075241
09:17||839952500||631798||0.00075241
09:18||839952500||632701||0.00075241
09:19||839952500||632701||0.00075241
09:20||839952500||632701||0.00075241
09:21||839967500||632701||0.00075241
09:22||839967500||632701||0.00075241
09:23||839517000||632701||0.00075241
09:24||839527000||632023||0.00075241
09:25||839857500||632023||0.00075241
09:26||839901500||632023||0.00075241
09:27||839998500||632022||0.00075241
09:28||839998500||632022||0.00075241
09:29||839998500||632022||0.00075241
09:30||839998500||632022||0.00075241
09:31||839998500||632022||0.00075241
09:32||839899500||632022||0.00075241
09:33||839899500||632022||0.00075241
09:34||839899500||632022||0.00075241
09:35||839502500||631276||0.00075241
09:36||839512000||631276||0.00075241
09:37||839262000||632022||0.00075241
09:38||839512500||632022||0.00075241
09:39||839998500||632023||0.00075241
09:40||839998500||632023||0.00075241
09:41||839998500||632023||0.00075241
09:42||839998500||632023||0.00075241
09:43||840458000||632023||0.00075241
09:44||840467500||632023||0.00075241
09:45||840747500||632023||0.00075241
09:46||840747500||632023||0.00075241
09:47||840747500||632023||0.00075241
09:48||840747500||632700||0.00075241
09:49||840747000||632700||0.00075241
09:50||840747000||632700||0.00075241
09:51||840747000||632700||0.00075241
09:52||840747500||632700||0.00075241
09:53||840747500||632700||0.00075241
09:54||840743000||632700||0.00075241
09:55||840743000||632694||0.00075241
09:56||840743000||632694||0.00075241
09:57||840743000||632694||0.00075241
09:58||840743000||632694||0.00075241
09:59||840738000||632694||0.00075241
10:00||840738000||632694||0.00075241
10:01||840738000||632686||0.00075241
10:02||840738000||632686||0.00075241
10:03||840738000||632400||0.00075241
10:04||839512000||632022||0.00075241
10:05||839953500||632686||0.00075241
10:06||839959500||632686||0.00075241
10:07||839955000||631302||0.00075241
10:08||839956000||631302||0.00075241
10:09||839956500||631302||0.00075241
10:10||839985000||631306||0.00075241
10:11||839100500||631306||0.00075241
10:12||839985500||631347||0.00075241
10:13||840078000||631347||0.00075241
10:14||840044500||631347||0.00075241
10:15||840145000||632625||0.00075241
10:16||840395000||632625||0.00075241
10:17||840395000||632618||0.00075241
10:18||840385000||632618||0.00075241
10:19||840005000||632618||0.00075241
10:20||839101500||631348||0.00075241
10:21||839935000||631348||0.00075241
10:22||839070500||631347||0.00075241
10:23||839028000||631294||0.00075241
10:24||839028500||631294||0.00075241
10:25||839028500||631294||0.00075241
10:26||839027500||631292||0.00075241
10:27||839027500||631292||0.00075241
10:28||839027500||631293||0.00075241
10:29||839027500||631293||0.00075241
10:30||839027500||631293||0.00075241
10:31||839027500||631293||0.00075241
10:32||839027500||631293||0.00075241
10:33||838318000||631098||0.00075241
10:34||838310500||631098||0.00075241
10:35||838023500||631098||0.00075241
10:36||838023500||631098||0.00075241
10:37||836016500||629089||0.00075241
10:38||837000000||629014||0.00075241
10:39||837000000||629014||0.00075241
10:40||837400000||629014||0.00075241
10:41||836500000||628262||0.00075241
10:42||835505000||628262||0.00075241
10:43||835505000||628262||0.00075241
10:44||835005000||628179||0.00075241
10:45||834561000||626841||0.00075241
10:46||834005500||626013||0.00075241
10:47||834005500||626013||0.00075241
10:48||834005500||626013||0.00075241
10:49||834006000||626014||0.00075241
10:50||834500000||626014||0.00075241
10:51||831501500||625254||0.00075241
10:52||831501500||625254||0.00075241
10:53||831002500||625254||0.00075241
10:54||831002500||625254||0.00075241
10:55||830612500||624667||0.00075241
10:56||828100000||621490||0.00075241
10:57||829000000||621490||0.00075241
10:58||828005500||621490||0.00075241
10:59||828007000||623006||0.00075241
11:00||829004000||623001||0.00075241
11:01||828955000||624425||0.00075241
11:02||829200000||624425||0.00075241
11:03||829450000||624425||0.00075241
11:04||829450000||624425||0.00075241
11:05||829450000||624425||0.00075241
11:06||829200500||623372||0.00075241
11:07||829200500||624425||0.00075241
11:08||830005000||624500||0.00075241
11:09||832950000||624507||0.00075241
11:10||832245000||624507||0.00075241
11:11||832296000||629007||0.00075241
11:12||835996000||629010||0.00075241
11:13||835996000||629010||0.00075241
11:14||835994500||629010||0.00075241
11:15||835996500||629010||0.00075241
11:16||835996000||629013||0.00075241
11:17||835994500||629013||0.00075241
11:18||832998000||629010||0.00075241
11:19||833996000||624501||0.00075241
11:20||833996500||629008||0.00075241
11:21||835992500||629008||0.00075241
11:22||835992500||629008||0.00075241
11:23||835993500||629009||0.00075241
11:24||835995500||629014||0.00075241
11:25||835992500||629009||0.00075241
11:26||835996500||629014||0.00075241
11:27||836496500||629009||0.00075241
11:28||836497000||629767||0.00075241
11:29||836997000||629767||0.00075241
11:30||836997000||629767||0.00075241
11:31||836997000||629767||0.00075241
11:32||836997000||630519||0.00075241
11:33||836994500||630519||0.00075241
11:34||836994500||629010||0.00075241
11:35||836947000||629010||0.00075241
11:36||836991500||629010||0.00075241
11:37||836247000||629010||0.00075241
11:38||836991500||629010||0.00075241
11:39||836991500||629010||0.00075241
11:40||836991500||629010||0.00075241
11:41||836994500||629010||0.00075241
11:42||836950000||629010||0.00075241
11:43||836946000||629008||0.00075241
11:44||836946000||629008||0.00075241
11:45||837400000||629691||0.00075241
11:46||837399000||629691||0.00075241
11:47||836900500||629691||0.00075241
11:48||836900500||629691||0.00075241
11:49||836900500||629691||0.00075241
11:50||836900500||629692||0.00075241
11:51||836900500||629692||0.00075241
11:52||834409500||626007||0.00075241
11:53||834409500||626007||0.00075241
11:54||833549000||626007||0.00075241
11:55||833554000||626007||0.00075241
11:56||833553500||626007||0.00075241
11:57||833549500||626007||0.00075241
11:58||833571500||626007||0.00075241
11:59||833571500||626007||0.00075241
12:00||833722000||626007||0.00075241
12:01||833722000||626007||0.00075241
12:02||833947500||626007||0.00075241
12:03||833947500||626007||0.00075241
12:04||833948500||628269||0.00075241
12:05||833524000||628275||0.00075241
12:06||832467000||626685||0.00075241
12:07||832467000||626685||0.00075241
12:08||832467500||626027||0.00075241
12:09||832467500||626027||0.00075241
12:10||832467500||626027||0.00075241
12:11||832893500||626688||0.00075241
12:12||832894500||626689||0.00075241
12:13||832897500||626689||0.00075241
12:14||832911000||626689||0.00075241
12:15||832911000||626689||0.00075241
12:16||832918500||626689||0.00075241
12:17||832918500||626689||0.00075241
12:18||832910500||626690||0.00075241
12:19||832910500||626689||0.00075241
12:20||832910500||626689||0.00075241
12:21||832910500||626689||0.00075241
12:22||833975000||626689||0.00075241
12:23||833500000||626689||0.00075241
12:24||833999000||626689||0.00075241
12:25||834019000||626689||0.00075241
12:26||834508000||626689||0.00075241
12:27||834996500||628259||0.00075241
12:28||834996500||628259||0.00075241
12:29||834998000||628259||0.00075241
12:30||834999500||628259||0.00075241
12:31||834999500||628261||0.00075241
12:32||834999500||628261||0.00075241
12:33||834999500||628261||0.00075241
12:34||834999500||628261||0.00075241
12:35||834999500||628261||0.00075241
12:36||834999500||628261||0.00075241
12:37||834999500||628261||0.00075241
12:38||834999500||628261||0.00075241
12:39||834999500||628261||0.00075241
12:40||834999500||628261||0.00075241
12:41||834999500||628261||0.00075241
12:42||834999500||628261||0.00075241
12:43||834999500||628261||0.00075241
12:44||834999500||628261||0.00075241
12:45||834999500||628261||0.00075241
12:46||834999500||628262||0.00075241
12:47||834999500||628262||0.00075241
12:48||834999500||628262||0.00075241
12:49||834999500||628262||0.00075241
12:50||834999500||628262||0.00075241
12:51||834999500||628262||0.00075241
12:52||834999500||628262||0.00075241
12:53||834999500||628262||0.00075241
12:54||834999500||628262||0.00075241
12:55||834999500||628262||0.00075241
12:56||834999500||628261||0.00075241
12:57||834999500||628261||0.00075241
12:58||834999500||628261||0.00075241
12:59||834999500||628261||0.00075241
13:00||834999500||628261||0.00075241
13:01||834999500||628261||0.00075241
13:02||834999500||628262||0.00075241
13:03||834999500||628262||0.00075241
13:04||834999500||628262||0.00075241
13:05||834999500||628262||0.00075241
13:06||834999500||628262||0.00075241
13:07||834999500||628262||0.00075241
13:08||834999500||628262||0.00075241
13:09||834999500||628262||0.00075241
13:10||834999500||628262||0.00075241
13:11||834999500||628262||0.00075241
13:12||835009000||628276||0.00075241
13:13||835009000||628276||0.00075241
13:14||835009000||628276||0.00075241
13:15||835009000||628276||0.00075241
13:16||835009000||628261||0.00075241
13:17||834999500||628261||0.00075241
13:18||834999500||628262||0.00075241
13:19||834999500||628262||0.00075241
13:20||834999500||628262||0.00075241
13:21||835009000||628276||0.00075241
13:22||834999500||628276||0.00075241
13:23||834999500||628276||0.00075241
13:24||834999500||628276||0.00075241
13:25||834999500||628262||0.00075241
13:26||834999500||628262||0.00075241
13:27||834999500||628262||0.00075241
13:28||834999500||628262||0.00075241
13:29||834999500||628262||0.00075241
13:30||834999500||628262||0.00075241
13:31||834999500||628262||0.00075241
13:32||834999500||628262||0.00075241
13:33||834999500||628262||0.00075241
13:34||835017000||628261||0.00075241
13:35||835499500||629014||0.00075241
13:36||835499500||629014||0.00075241
13:37||835499500||629014||0.00075241
13:38||835500000||629014||0.00075241
13:39||835500000||629014||0.00075241
13:40||835500000||629014||0.00075241
13:41||835500000||629014||0.00075241
13:42||835500000||629014||0.00075241
13:43||835500000||629014||0.00075241
13:44||835500000||629014||0.00075241
13:45||835499500||628261||0.00075241
13:46||835499500||628261||0.00075241
13:47||834999500||629014||0.00075241
13:48||834999500||629014||0.00075241
13:49||834999500||629014||0.00075241
13:50||834999500||629014||0.00075241
13:51||834999500||629014||0.00075241
13:52||834999500||628262||0.00075241
13:53||834999500||628262||0.00075241
13:54||834999500||628262||0.00075241
13:55||835499500||629014||0.00075241
13:56||835499500||629014||0.00075241
13:57||835499500||629014||0.00075241
13:58||835499500||629014||0.00075241
13:59||835499500||629014||0.00075241
14:00||835499500||628261||0.00075241
14:01||835499500||628261||0.00075241
14:02||835494500||629007||0.00075241
14:03||835494500||629007||0.00075241
14:04||835494500||629007||0.00075241
14:05||835494500||629007||0.00075241
14:06||835845000||629007||0.00075241
14:07||835845000||629007||0.00075241
14:08||835845000||629007||0.00075241
14:09||835850000||629007||0.00075241
14:10||835850000||629007||0.00075241
14:11||835850000||629007||0.00075241
14:12||835850000||629007||0.00075241
14:13||835850000||629007||0.00075241
14:14||835850000||629007||0.00075241
14:15||835850000||629007||0.00075241
14:16||835850000||629007||0.00075241
14:17||835850000||629007||0.00075241
14:18||835845000||629007||0.00075241
14:19||835845000||629007||0.00075241
14:20||835850000||629007||0.00075241
14:21||835917500||629007||0.00075241
14:22||835999500||629007||0.00075241
14:23||835917500||628890||0.00075241
14:24||835499500||629014||0.00075241
14:25||835499500||629014||0.00075241
14:26||835499500||629014||0.00075241
14:27||835499500||629014||0.00075241
14:28||835499500||629014||0.00075241
14:29||835499500||628261||0.00075241
14:30||835499500||628261||0.00075241
14:31||835500000||628261||0.00075241
14:32||835500000||628261||0.00075241
14:33||835500000||628261||0.00075241
14:34||835500000||628261||0.00075241
14:35||835499500||628261||0.00075241
14:36||835499500||628261||0.00075241
14:37||834999500||628261||0.00075241
14:38||835500000||628262||0.00075241
14:39||835499500||628262||0.00075241
14:40||835499500||628262||0.00075241
14:41||835500000||628262||0.00075241
14:42||835499500||628262||0.00075241
14:43||835499500||628262||0.00075241
14:44||835499500||628262||0.00075241
14:45||835499500||628262||0.00075241
14:46||835000500||629014||0.00075241
14:47||835000500||629014||0.00075241
14:48||835000500||629014||0.00075241
14:49||835000500||628262||0.00075241
14:50||835000500||628262||0.00075241
14:51||835000000||628261||0.00075241
14:52||835000000||628261||0.00075241
14:53||835000000||628263||0.00075241
14:54||835000000||628263||0.00075241
14:55||835000000||628263||0.00075241
14:56||835000000||628263||0.00075241
14:57||835000000||628261||0.00075241
14:58||835000000||628263||0.00075241
14:59||835000000||628263||0.00075241
15:00||835000000||628263||0.00075241
15:01||835000000||628261||0.00075241
15:02||835000000||628263||0.00075241
15:03||833500500||626005||0.00075241
15:04||834000500||628263||0.00075241
15:05||834000000||628263||0.00075241
15:06||834000000||628262||0.00075241
15:07||834000500||628262||0.00075241
15:08||834000000||628262||0.00075241
15:09||834000000||628262||0.00075241
15:10||834000000||628261||0.00075241
15:11||834000000||628261||0.00075241
15:12||833500500||626758||0.00075241
15:13||833500500||626758||0.00075241
15:14||833500500||626758||0.00075241
15:15||833500500||626758||0.00075241
15:16||833500500||627509||0.00075241
15:17||833500500||627509||0.00075241
15:18||834499000||628261||0.00075241
15:19||834049000||628261||0.00075241
15:20||834049000||628261||0.00075241
15:21||834049000||628261||0.00075241
15:22||832575500||626758||0.00075241
15:23||832575500||626758||0.00075241
15:24||833549500||626758||0.00075241
15:25||833549500||626758||0.00075241
15:26||833504500||626758||0.00075241
15:27||833504500||626758||0.00075241
15:28||833504000||627515||0.00075241
15:29||833504000||627515||0.00075241
15:30||833504000||627515||0.00075241
15:31||833504000||627515||0.00075241
15:32||833504000||627515||0.00075241
15:33||833504000||627515||0.00075241
15:34||832503500||625252||0.00075241
15:35||832053500||624575||0.00075241
15:36||832053500||624575||0.00075241
15:37||831048500||624500||0.00075241
15:38||830014000||624500||0.00075241
15:39||830014000||624500||0.00075241
15:40||830014000||624500||0.00075241
15:41||830014000||624500||0.00075241
15:42||830014000||624500||0.00075241
15:43||830016000||624524||0.00075241
15:44||830018500||624524||0.00075241
15:45||830015000||624500||0.00075241
15:46||829095500||623116||0.00075241
15:47||829113000||624521||0.00075241
15:48||830020500||624521||0.00075241
15:49||830024000||624516||0.00075241
15:50||830224500||624516||0.00075241
15:51||830250000||624516||0.00075241
15:52||830250000||624516||0.00075241
15:53||830275500||624516||0.00075241
15:54||830287500||624516||0.00075241
15:55||830287500||624516||0.00075241
15:56||830301500||624727||0.00075241
15:57||830308500||624727||0.00075241
15:58||830315500||624727||0.00075241
15:59||830329500||624727||0.00075241
16:00||830329500||624727||0.00075241
16:01||831168000||626010||0.00075241
16:02||831147000||626010||0.00075241
16:03||831587000||626010||0.00075241
16:04||831147000||626010||0.00075241
16:05||831796500||625693||0.00075241
16:06||831796500||626010||0.00075241
16:07||831821500||626048||0.00075241
16:08||831826000||626048||0.00075241
16:09||831826000||626048||0.00075241
16:10||831826000||626048||0.00075241
16:11||831826000||626048||0.00075241
16:12||831826000||625700||0.00075241
16:13||831517000||625700||0.00075241
16:14||831517000||626048||0.00075241
16:15||831786500||626048||0.00075241
16:16||831517000||626048||0.00075241
16:17||831517000||626048||0.00075241
16:18||831517500||626048||0.00075241
16:19||831517500||626048||0.00075241
16:20||831517500||626048||0.00075241
16:21||831786000||626048||0.00075241
16:22||831778500||626048||0.00075241
16:23||831778500||626048||0.00075241
16:24||831778500||626048||0.00075241
16:25||831750000||626048||0.00075241
16:26||831750000||626048||0.00075241
16:27||831750000||626048||0.00075241
16:28||831750000||626048||0.00075241
16:29||831750000||626048||0.00075241
16:30||831750000||626048||0.00075241
16:31||831750000||626048||0.00075241
16:32||831750000||626005||0.00075241
16:33||831489000||625236||0.00075241
16:34||831489000||625236||0.00075241
16:35||831489000||625236||0.00075241
16:36||831489000||625236||0.00075241
16:37||831489000||626004||0.00075241
16:38||831744500||626004||0.00075241
16:39||831744500||626004||0.00075241
16:40||831744500||626004||0.00075241
16:41||831744500||626004||0.00075241
16:42||831744500||626004||0.00075241
16:43||831744500||626004||0.00075241
16:44||831744500||626005||0.00075241
16:45||831744500||626005||0.00075241
16:46||831744500||626005||0.00075241
16:47||829278500||625236||0.00075241
16:48||829279500||625236||0.00075241
16:49||829279500||625236||0.00075241
16:50||829279500||625236||0.00075241
16:51||829279500||625236||0.00075241
16:52||829029500||625236||0.00075241
16:53||829029500||625236||0.00075241
16:54||829029500||625236||0.00075241
16:55||829029500||625236||0.00075241
16:56||829039000||625236||0.00075241
16:57||829039000||623430||0.00075241
16:58||829048500||623430||0.00075241
16:59||829048500||623430||0.00075241
17:00||829048500||623430||0.00075241
17:01||829499500||623430||0.00075241
17:02||829749000||624124||0.00075241
17:03||829749500||624124||0.00075241
17:04||829749500||624500||0.00075241
17:05||829852500||624500||0.00075241
17:06||829852500||624500||0.00075241
17:07||829999500||624500||0.00075241
17:08||829999500||624500||0.00075241
17:09||829999500||624500||0.00075241
17:10||829999500||624499||0.00075241
17:11||829999500||624499||0.00075241
17:12||829999500||624499||0.00075241
17:13||831066500||624500||0.00075241
17:14||831419000||624500||0.00075241
17:15||831999500||626005||0.00075241
17:16||831999500||626005||0.00075241
17:17||831999500||626005||0.00075241
17:18||832999500||626005||0.00075241
17:19||832999500||626005||0.00075241
17:20||832999500||626005||0.00075241
17:21||832999500||626005||0.00075241
17:22||832999500||626757||0.00075241
17:23||832999500||626757||0.00075241
17:24||832999500||626756||0.00075241
17:25||832999500||626756||0.00075241
17:26||832999500||626756||0.00075241
17:27||832999500||626756||0.00075241
17:28||832999500||626756||0.00075241
17:29||832999500||626757||0.00075241
17:30||832999500||626757||0.00075241
17:31||832999500||626757||0.00075241
17:32||832999500||626757||0.00075241
17:33||832999500||626756||0.00075241
17:34||832999500||626756||0.00075241
17:35||832999500||626756||0.00075241
17:36||832999500||626756||0.00075241
17:37||832999500||626756||0.00075241
17:38||832999500||626756||0.00075241
17:39||832999500||626756||0.00075241
17:40||832999500||626756||0.00075241
17:41||832999500||626756||0.00075241
17:42||832999500||626756||0.00075241
17:43||832999500||626756||0.00075241
17:44||832999500||626756||0.00075241
17:45||832999500||626756||0.00075241
17:46||832999500||626756||0.00075241
17:47||832999500||626757||0.00075241
17:48||832999500||626757||0.00075241
17:49||832999500||626757||0.00075241
17:50||832999500||626757||0.00075241
17:51||832999500||626757||0.00075241
17:52||832999500||626757||0.00075241
17:53||832999500||626757||0.00075241
17:54||832999500||626757||0.00075241
17:55||832999500||626757||0.00075241
17:56||832999500||626756||0.00075241
17:57||832999500||626756||0.00075241
17:58||834508000||627509||0.00075241
17:59||834508000||627509||0.00075241
18:00||834508000||627509||0.00075241
18:01||834508000||627509||0.00075241
18:02||834508000||627509||0.00075241
18:03||834508000||627509||0.00075241
18:04||834508000||628255||0.00075241
18:05||834508000||628255||0.00075241
18:06||834508000||628255||0.00075241
18:07||834508000||628255||0.00075241
18:08||834508000||628255||0.00075241
18:09||834508000||628255||0.00075241
18:10||834508000||628255||0.00075241
18:11||834508000||628255||0.00075241
18:12||834508000||628255||0.00075241
18:13||834507500||628255||0.00075241
18:14||834482500||628255||0.00075241
18:15||834025500||627529||0.00075241
18:16||834025500||627529||0.00075241
18:17||834025500||627529||0.00075241
18:18||834025500||627529||0.00075241
18:19||834025500||627529||0.00075241
18:20||834025500||627529||0.00075241
18:21||834025500||627529||0.00075241
18:22||834025500||627529||0.00075241
18:23||834025500||627529||0.00075241
18:24||834025500||627529||0.00075241
18:25||834025500||627529||0.00075241
18:26||834025500||627529||0.00075241
18:27||834025500||627528||0.00075241
18:28||834025500||627528||0.00075241
18:29||834025500||627528||0.00075241
18:30||834025500||627528||0.00075241
18:31||834025500||627529||0.00075241
18:32||834025500||627528||0.00075241
18:33||834025500||627528||0.00075241
18:34||834025500||627528||0.00075241
18:35||834025500||627528||0.00075241
18:36||834025500||627528||0.00075241
18:37||834025500||627529||0.00075241
18:38||834025500||627529||0.00075241
18:39||834025500||627529||0.00075241
18:40||834025500||627529||0.00075241
18:41||834025500||627529||0.00075241
18:42||833969500||628217||0.00075241
18:43||833969500||626756||0.00075241
18:44||833967000||626756||0.00075241
18:45||833499500||626756||0.00075241
18:46||833499500||626756||0.00075241
18:47||833799500||627961||0.00075241
18:48||833815500||627961||0.00075241
18:49||833815500||627961||0.00075241
18:50||834551000||627961||0.00075241
18:51||834551000||627961||0.00075241
18:52||834551000||627961||0.00075241
18:53||834599500||627961||0.00075241
18:54||834759500||628202||0.00075241
18:55||834759000||628202||0.00075241
18:56||834918500||628202||0.00075241
18:57||834918500||628202||0.00075241
18:58||834918500||628202||0.00075241
18:59||834918500||628201||0.00075241
19:00||834957000||628202||0.00075241
19:01||837478000||629767||0.00075241
19:02||837895500||630440||0.00075241
19:03||837895500||630440||0.00075241
19:04||837895500||630440||0.00075241
19:05||837895500||630441||0.00075241
19:06||837895500||630441||0.00075241
19:07||837895500||630441||0.00075241
19:08||837895500||630440||0.00075241
19:09||836967000||630441||0.00075241
19:10||836967000||630441||0.00075241
19:11||836919000||630441||0.00075241
19:12||836769000||630441||0.00075241
19:13||836769000||630441||0.00075241
19:14||836769000||630441||0.00075241
19:15||836769000||630441||0.00075241
19:16||836749500||630441||0.00075241
19:17||836500000||629767||0.00075241
19:18||836000000||628262||0.00075241
19:19||836000500||629767||0.00075241
19:20||836000500||629767||0.00075241
19:21||836000500||628263||0.00075241
19:22||836000500||629767||0.00075241
19:23||836000500||629767||0.00075241
19:24||836000500||629767||0.00075241
19:25||836000500||629767||0.00075241
19:26||835501000||629767||0.00075241
19:27||835501000||629767||0.00075241
19:28||835501000||629767||0.00075241
19:29||835501000||629767||0.00075241
19:30||835501000||629767||0.00075241
19:31||835501000||629767||0.00075241
19:32||835511000||629767||0.00075241
19:33||835511000||629767||0.00075241
19:34||835511000||629767||0.00075241
19:35||835511000||628278||0.00075241
19:36||835511000||628278||0.00075241
19:37||835511000||628278||0.00075241
19:38||836000500||628278||0.00075241
19:39||836000500||628278||0.00075241
19:40||836000500||628278||0.00075241
19:41||836000500||629015||0.00075241
19:42||836000500||629015||0.00075241
19:43||836000500||629682||0.00075241
19:44||836444000||629682||0.00075241
19:45||836444000||629682||0.00075241
19:46||836444000||629682||0.00075241
19:47||836444000||630142||0.00075241
19:48||836444000||630142||0.00075241
19:49||836444000||630142||0.00075241
19:50||836444000||630142||0.00075241
19:51||836444000||629682||0.00075241
19:52||836444000||629682||0.00075241
19:53||836444000||629682||0.00075241
19:54||836444000||629682||0.00075241
19:55||836444000||629682||0.00075241
19:56||836444000||629014||0.00075241
19:57||836444000||629014||0.00075241
19:58||836444000||629682||0.00075241
19:59||836444000||629682||0.00075241
20:00||836444000||629682||0.00075241
20:01||836442500||629682||0.00075241
20:02||836442500||629680||0.00075241
20:03||836442500||629014||0.00075241
20:04||836438500||629014||0.00075241
20:05||836874000||629671||0.00075241
20:06||836873500||629674||0.00075241
20:07||836437000||629674||0.00075241
20:08||836442500||629680||0.00075241
20:09||836499500||629766||0.00075241
20:10||836499500||629766||0.00075241
20:11||836499000||629766||0.00075241
20:12||836499000||629766||0.00075241
20:13||836499000||629766||0.00075241
20:14||836499000||629766||0.00075241
20:15||836499000||629766||0.00075241
20:16||836499000||629766||0.00075241
20:17||836499000||629766||0.00075241
20:18||836499000||629766||0.00075241
20:19||836499000||629766||0.00075241
20:20||836000500||629766||0.00075241
20:21||836000500||629766||0.00075241
20:22||836000500||629766||0.00075241
20:23||836000500||629015||0.00075241
20:24||836000500||629015||0.00075241
20:25||836000500||629015||0.00075241
20:26||836000500||629015||0.00075241
20:27||836000500||629015||0.00075241
20:28||836000500||629015||0.00075241
20:29||836000500||629015||0.00075241
20:30||836000500||629015||0.00075241
20:31||836490000||629752||0.00075241
20:32||836490000||629752||0.00075241
20:33||836490000||629752||0.00075241
20:34||836490000||629752||0.00075241
20:35||836490000||629752||0.00075241
20:36||836490000||629752||0.00075241
20:37||836490000||629752||0.00075241
20:38||836490000||629752||0.00075241
20:39||836485000||629752||0.00075241
20:40||836485000||629752||0.00075241
20:41||836486000||629752||0.00075241
20:42||836486000||629752||0.00075241
20:43||836486000||629752||0.00075241
20:44||836486000||629752||0.00075241
20:45||836486000||629752||0.00075241
20:46||836486000||629752||0.00075241
20:47||836007000||629752||0.00075241
20:48||836007000||629752||0.00075241
20:49||836210500||629023||0.00075241
20:50||836210500||629023||0.00075241
20:51||836210500||629023||0.00075241
20:52||836210500||629023||0.00075241
20:53||836210500||629023||0.00075241
20:54||836210500||629023||0.00075241
20:55||836210500||629023||0.00075241
20:56||836260500||629023||0.00075241
20:57||836260500||629023||0.00075241
20:58||836260500||629030||0.00075241
20:59||836260500||629030||0.00075241
21:00||836260500||629030||0.00075241
21:01||836260500||629030||0.00075241
21:02||836260500||629030||0.00075241
21:03||836260500||629030||0.00075241
21:04||836260500||629030||0.00075241
21:05||836260500||629030||0.00075241
21:06||836260500||629030||0.00075241
21:07||836251000||629016||0.00075241
21:08||836499500||629764||0.00075241
21:09||836498000||629764||0.00075241
21:10||836498000||629764||0.00075241
21:11||836498000||629764||0.00075241
21:12||836498500||629764||0.00075241
21:13||836501000||629764||0.00075241
21:14||836507000||629764||0.00075241
21:15||836508000||629761||0.00075241
21:16||836508500||629761||0.00075241
21:17||836508500||629761||0.00075241
21:18||836508500||629761||0.00075241
21:19||836508500||629761||0.00075241
21:20||836510000||629761||0.00075241
21:21||836531000||629761||0.00075241
21:22||836589500||629761||0.00075241
21:23||836648000||629761||0.00075241
21:24||836693000||629761||0.00075241
21:25||836757500||629761||0.00075241
21:26||836758500||629761||0.00075241
21:27||836758500||629761||0.00075241
21:28||836758500||629761||0.00075241
21:29||836524500||629761||0.00075241
21:30||836748000||629390||0.00075241
21:31||836748500||629390||0.00075241
21:32||836748500||629390||0.00075241
21:33||836748500||629390||0.00075241
21:34||836748500||629390||0.00075241
21:35||836749500||629390||0.00075241
21:36||836749500||629390||0.00075241
21:37||836749500||629390||0.00075241
21:38||836749500||629390||0.00075241
21:39||836748500||629393||0.00075241
21:40||836781500||629762||0.00075241
21:41||836834500||629762||0.00075241
21:42||836874500||629762||0.00075241
21:43||836891500||629762||0.00075241
21:44||836893500||629014||0.00075241
21:45||836894500||629014||0.00075241
21:46||836497000||629014||0.00075241
21:47||836498000||629014||0.00075241
21:48||836508000||629014||0.00075241
21:49||836579500||629762||0.00075241
21:50||836663500||629762||0.00075241
21:51||836725500||629762||0.00075241
21:52||836774000||629762||0.00075241
21:53||836819000||629762||0.00075241
21:54||836851500||629762||0.00075241
21:55||836993500||629762||0.00075241
21:56||836993500||629762||0.00075241
21:57||836993500||629761||0.00075241
21:58||836993500||629761||0.00075241
21:59||836993500||629761||0.00075241
22:00||836993500||629761||0.00075241
22:01||836498000||629761||0.00075241
22:02||836497500||629014||0.00075241
22:03||836497500||629014||0.00075241
22:04||836001000||629016||0.00075241
22:05||836497000||629016||0.00075241
22:06||836497000||629761||0.00075241
22:07||836497000||629761||0.00075241
22:08||836496000||629761||0.00075241
22:09||836496000||629761||0.00075241
22:10||836496000||629759||0.00075241
22:11||836486000||629759||0.00075241
22:12||836486000||629759||0.00075241
22:13||836486000||629759||0.00075241
22:14||836486000||629759||0.00075241
22:15||836486000||629759||0.00075241
22:16||836729000||629759||0.00075241
22:17||836724000||629759||0.00075241
22:18||836482000||629016||0.00075241
22:19||836496500||629758||0.00075241
22:20||836496500||629758||0.00075241
22:21||836496500||629758||0.00075241
22:22||836496500||629758||0.00075241
22:23||836496500||629758||0.00075241
22:24||836496500||629758||0.00075241
22:25||836496500||629758||0.00075241
22:26||836496500||629758||0.00075241
22:27||836496500||629758||0.00075241
22:28||836496500||629758||0.00075241
22:29||836496500||629758||0.00075241
22:30||836496500||629758||0.00075241
22:31||836496500||629758||0.00075241
22:32||836496500||629017||0.00075241
22:33||836496000||629017||0.00075241
22:34||836496000||629017||0.00075241
22:35||836017500||628296||0.00075241
22:36||835977500||628296||0.00075241
22:37||835972500||628288||0.00075241
22:38||835518000||628288||0.00075241
22:39||835518000||628288||0.00075241
22:40||835518000||628288||0.00075241
22:41||835518000||628288||0.00075241
22:42||834500000||626757||0.00075241
22:43||834500000||626757||0.00075241
22:44||834648000||626757||0.00075241
22:45||834704500||626757||0.00075241
22:46||834704500||627066||0.00075241
22:47||834703500||627066||0.00075241
22:48||834703500||627066||0.00075241
22:49||834881000||627260||0.00075241
22:50||835075000||627260||0.00075241
22:51||835168500||627260||0.00075241
22:52||835166000||627260||0.00075241
22:53||835156000||627260||0.00075241
22:54||835156000||628992||0.00075241
22:55||835156000||628992||0.00075241
22:56||835156000||627767||0.00075241
22:57||835156000||627767||0.00075241
22:58||835156000||627767||0.00075241
22:59||835156000||627767||0.00075241
23:00||835156000||627767||0.00075241
23:01||829999500||624500||0.00075241
23:02||829999500||624500||0.00075241
23:03||829999500||624500||0.00075241
23:04||829999500||624500||0.00075241
23:05||829999500||624500||0.00075241
23:06||829999500||624500||0.00075241
23:07||829999500||624500||0.00075241
23:08||829999500||624500||0.00075241
23:09||829999500||624500||0.00075241
23:10||829999500||624500||0.00075241
23:11||830008500||624500||0.00075241
23:12||833108500||624514||0.00075241
23:13||833280500||624514||0.00075241
23:14||833640500||624514||0.00075241
23:15||833826000||624514||0.00075241
23:16||834036000||624514||0.00075241
23:17||834226500||624514||0.00075241
23:18||834398500||624514||0.00075241
23:19||834555500||624514||0.00075241
23:20||834721500||624514||0.00075241
23:21||834846500||624514||0.00075241
23:22||834959000||624514||0.00075241
23:23||835022500||624514||0.00075241
23:24||835022500||624514||0.00075241
23:25||835022500||624514||0.00075241
23:26||832637000||624514||0.00075241
23:27||832855000||628262||0.00075241
23:28||832455000||624506||0.00075241
23:29||829501500||624506||0.00075241
23:30||829501500||624506||0.00075241
23:31||829501500||623748||0.00075241
23:32||829501500||623748||0.00075241
23:33||829501500||623748||0.00075241
23:34||829501500||624500||0.00075241
23:35||829501500||624500||0.00075241
23:36||829516000||624500||0.00075241
23:37||829516000||624500||0.00075241
23:38||829516000||624500||0.00075241
23:39||829491000||624500||0.00075241
23:40||829698500||624500||0.00075241
23:41||829698500||624500||0.00075241
23:42||829945500||624500||0.00075241
23:43||829946500||624500||0.00075241
23:44||829946500||624500||0.00075241
23:45||829946500||624500||0.00075241
23:46||829946500||624500||0.00075241
23:47||829946500||624500||0.00075241
23:48||829946500||624500||0.00075241
23:49||829946500||624500||0.00075241
23:50||829949500||624500||0.00075241
23:51||829245000||623770||0.00075241
23:52||829245000||623770||0.00075241
23:53||829166000||624095||0.00075241
23:54||829166000||623770||0.00075241
23:55||829035500||623770||0.00075241
23:56||829035500||623770||0.00075241
23:57||829040500||623770||0.00075241
23:58||829040500||623770||0.00075241
23:59||829040500||623770||0.00075241
