00:00||767252000||578977||0.00075241
00:01||767251500||578977||0.00075241
00:02||767251500||578977||0.00075241
00:03||767251500||578977||0.00075241
00:04||767251500||578977||0.00075241
00:05||767251500||578977||0.00075241
00:06||767251500||578977||0.00075241
00:07||768029500||580102||0.00075241
00:08||768833500||580107||0.00075241
00:09||769999500||580107||0.00075241
00:10||770000500||580107||0.00075241
00:11||770000500||580107||0.00075241
00:12||770000500||580107||0.00075241
00:13||770000500||580107||0.00075241
00:14||770000000||580107||0.00075241
00:15||770000000||580107||0.00075241
00:16||770000000||580107||0.00075241
00:17||770000000||580107||0.00075241
00:18||770000000||580107||0.00075241
00:19||770000000||580107||0.00075241
00:20||770214500||578980||0.00075241
00:21||770184500||578980||0.00075241
00:22||769251000||578979||0.00075241
00:23||769251000||578979||0.00075241
00:24||769251000||578604||0.00075241
00:25||769251000||578604||0.00075241
00:26||769251000||578604||0.00075241
00:27||769251000||578604||0.00075241
00:28||769001000||578604||0.00075241
00:29||769001000||578604||0.00075241
00:30||769001000||578604||0.00075241
00:31||769001000||578604||0.00075241
00:32||767900000||578603||0.00075241
00:33||767903500||578603||0.00075241
00:34||767903500||578603||0.00075241
00:35||767903500||578603||0.00075241
00:36||767859000||578603||0.00075241
00:37||767814500||578603||0.00075241
00:38||767901500||578603||0.00075241
00:39||767901500||578603||0.00075241
00:40||767901500||578603||0.00075241
00:41||767901500||578603||0.00075241
00:42||767901500||578603||0.00075241
00:43||767902500||578603||0.00075241
00:44||767902500||578603||0.00075241
00:45||767902500||578603||0.00075241
00:46||767902500||576953||0.00075241
00:47||767999000||576953||0.00075241
00:48||768000000||576953||0.00075241
00:49||768000000||576953||0.00075241
00:50||768000000||576953||0.00075241
00:51||768000000||578601||0.00075241
00:52||768000000||578601||0.00075241
00:53||768000000||578601||0.00075241
00:54||768000000||578601||0.00075241
00:55||768000000||578601||0.00075241
00:56||768000000||578601||0.00075241
00:57||768000000||578601||0.00075241
00:58||768000000||578601||0.00075241
00:59||768000000||577099||0.00075241
01:00||768253500||577099||0.00075241
01:01||769250000||577099||0.00075241
01:02||769227500||577099||0.00075241
01:03||768202000||577099||0.00075241
01:04||768880500||580106||0.00075241
01:05||768804000||579811||0.00075241
01:06||768695000||579701||0.00075241
01:07||769137000||579558||0.00075241
01:08||769090500||579488||0.00075241
01:09||769023500||579488||0.00075241
01:10||768981000||579488||0.00075241
01:11||768921000||579488||0.00075241
01:12||768882500||579488||0.00075241
01:13||768864000||579148||0.00075241
01:14||768864000||579148||0.00075241
01:15||768864000||579148||0.00075241
01:16||768864000||579148||0.00075241
01:17||768864000||579148||0.00075241
01:18||768845000||579148||0.00075241
01:19||768845000||579148||0.00075241
01:20||768792500||579148||0.00075241
01:21||768759000||579148||0.00075241
01:22||768711500||579148||0.00075241
01:23||768696500||579148||0.00075241
01:24||768667000||579148||0.00075241
01:25||768625500||578809||0.00075241
01:26||768599000||578809||0.00075241
01:27||768561000||577853||0.00075241
01:28||768016500||577853||0.00075241
01:29||767974000||577853||0.00075241
01:30||767895000||577099||0.00075241
01:31||767857500||577099||0.00075241
01:32||767857500||577099||0.00075241
01:33||767857500||577099||0.00075241
01:34||767856500||577099||0.00075241
01:35||767856500||578387||0.00075241
01:36||767856500||578387||0.00075241
01:37||767856500||578387||0.00075241
01:38||767856500||578387||0.00075241
01:39||767856500||578387||0.00075241
01:40||767856500||578312||0.00075241
01:41||767000500||578312||0.00075241
01:42||766889000||577098||0.00075241
01:43||766308500||576849||0.00075241
01:44||766308500||576809||0.00075241
01:45||765542500||576346||0.00075241
01:46||765542500||576346||0.00075241
01:47||765542500||576346||0.00075241
01:48||765542500||576346||0.00075241
01:49||765542500||576346||0.00075241
01:50||767011500||576346||0.00075241
01:51||767011500||576346||0.00075241
01:52||767011500||576346||0.00075241
01:53||767011500||576346||0.00075241
01:54||767011500||575669||0.00075241
01:55||767011500||575669||0.00075241
01:56||767012000||575669||0.00075241
01:57||766894500||575669||0.00075241
01:58||766894500||575669||0.00075241
01:59||765559000||575669||0.00075241
02:00||765550000||575669||0.00075241
02:01||766059000||575669||0.00075241
02:02||766060000||575669||0.00075241
02:03||766060000||575669||0.00075241
02:04||766061500||575669||0.00075241
02:05||766042000||575669||0.00075241
02:06||766042000||575669||0.00075241
02:07||766042000||575669||0.00075241
02:08||766078500||575674||0.00075241
02:09||766078500||575674||0.00075241
02:10||766057000||575669||0.00075241
02:11||765681000||575669||0.00075241
02:12||765681000||575669||0.00075241
02:13||765681000||576540||0.00075241
02:14||765681000||576540||0.00075241
02:15||766079000||576540||0.00075241
02:16||766079000||576540||0.00075241
02:17||766079000||576540||0.00075241
02:18||766079500||576540||0.00075241
02:19||766080500||576540||0.00075241
02:20||766080500||576540||0.00075241
02:21||766082000||576540||0.00075241
02:22||766082000||576540||0.00075241
02:23||766082000||576540||0.00075241
02:24||766082000||576540||0.00075241
02:25||765602000||576540||0.00075241
02:26||765602000||576540||0.00075241
02:27||765602000||576540||0.00075241
02:28||765602000||576540||0.00075241
02:29||765602000||576540||0.00075241
02:30||765602000||576540||0.00075241
02:31||765602000||576540||0.00075241
02:32||765602000||576540||0.00075241
02:33||765602000||576540||0.00075241
02:34||765602000||576540||0.00075241
02:35||765602000||576540||0.00075241
02:36||765602000||576540||0.00075241
02:37||765602000||576540||0.00075241
02:38||765602000||576540||0.00075241
02:39||765602000||576540||0.00075241
02:40||765602000||576540||0.00075241
02:41||765602000||576540||0.00075241
02:42||765602000||576540||0.00075241
02:43||765602000||576540||0.00075241
02:44||765602000||576540||0.00075241
02:45||765602000||576540||0.00075241
02:46||765602000||576540||0.00075241
02:47||766080500||577139||0.00075241
02:48||766080500||577139||0.00075241
02:49||766080500||577139||0.00075241
02:50||767523500||577139||0.00075241
02:51||767523500||577139||0.00075241
02:52||767523500||577139||0.00075241
02:53||767523500||577139||0.00075241
02:54||767523500||577139||0.00075241
02:55||767523500||577139||0.00075241
02:56||767523500||577139||0.00075241
02:57||766019000||577048||0.00075241
02:58||766020000||577048||0.00075241
02:59||766020000||577048||0.00075241
03:00||766020000||577048||0.00075241
03:01||766020000||577048||0.00075241
03:02||766020000||577048||0.00075241
03:03||766020000||577048||0.00075241
03:04||766558500||577048||0.00075241
03:05||766529500||577048||0.00075241
03:06||766529500||577048||0.00075241
03:07||766529500||577048||0.00075241
03:08||766529500||577048||0.00075241
03:09||766529500||577048||0.00075241
03:10||766529500||577048||0.00075241
03:11||766529500||577048||0.00075241
03:12||766529500||577048||0.00075241
03:13||766529500||577048||0.00075241
03:14||766475000||577048||0.00075241
03:15||766475000||577048||0.00075241
03:16||766034000||577048||0.00075241
03:17||765543000||577048||0.00075241
03:18||765557000||577048||0.00075241
03:19||765557000||577048||0.00075241
03:20||766480000||577048||0.00075241
03:21||766508000||577048||0.00075241
03:22||766951000||577048||0.00075241
03:23||766507000||575679||0.00075241
03:24||766508000||575679||0.00075241
03:25||766514000||575688||0.00075241
03:26||766515500||575688||0.00075241
03:27||766515500||575688||0.00075241
03:28||766517500||575688||0.00075241
03:29||766517500||575688||0.00075241
03:30||766517500||577775||0.00075241
03:31||766519000||577775||0.00075241
03:32||766520500||575698||0.00075241
03:33||765144500||575701||0.00075241
03:34||765144500||575701||0.00075241
03:35||765144500||575701||0.00075241
03:36||765140500||575695||0.00075241
03:37||765139000||575693||0.00075241
03:38||765133500||575693||0.00075241
03:39||766516000||575693||0.00075241
03:40||766516000||575693||0.00075241
03:41||766512500||575688||0.00075241
03:42||766512500||575688||0.00075241
03:43||766506500||575679||0.00075241
03:44||766506500||575679||0.00075241
03:45||766506500||575679||0.00075241
03:46||766506500||575679||0.00075241
03:47||765105500||575673||0.00075241
03:48||765105500||575673||0.00075241
03:49||765105500||575672||0.00075241
03:50||765105500||575672||0.00075241
03:51||766502000||575672||0.00075241
03:52||766502500||575672||0.00075241
03:53||765109500||575672||0.00075241
03:54||765109500||575675||0.00075241
03:55||765109500||575675||0.00075241
03:56||766504500||575677||0.00075241
03:57||765114500||575677||0.00075241
03:58||765114500||575679||0.00075241
03:59||765112500||575676||0.00075241
04:00||765113500||575676||0.00075241
04:01||766506500||575679||0.00075241
04:02||766508500||577775||0.00075241
04:03||766481000||575682||0.00075241
04:04||766426500||575685||0.00075241
04:05||766429000||575685||0.00075241
04:06||765129500||575690||0.00075241
04:07||765129500||575690||0.00075241
04:08||765129500||575690||0.00075241
04:09||765129500||575685||0.00075241
04:10||766431500||575691||0.00075241
04:11||766434000||575692||0.00075241
04:12||766437000||575698||0.00075241
04:13||766438500||575701||0.00075241
04:14||765149500||575701||0.00075241
04:15||765149500||575705||0.00075241
04:16||765149500||575705||0.00075241
04:17||765149500||575705||0.00075241
04:18||765152000||575705||0.00075241
04:19||766443500||575710||0.00075241
04:20||765159500||575710||0.00075241
04:21||765159500||575713||0.00075241
04:22||765159500||575713||0.00075241
04:23||766446000||575713||0.00075241
04:24||766446000||575713||0.00075241
04:25||766447500||575713||0.00075241
04:26||765166500||575713||0.00075241
04:27||766451500||577649||0.00075241
04:28||766451500||577649||0.00075241
04:29||766451500||577649||0.00075241
04:30||766451500||577649||0.00075241
04:31||766454000||577649||0.00075241
04:32||766453000||577649||0.00075241
04:33||766453500||577649||0.00075241
04:34||766454500||577649||0.00075241
04:35||767731500||577649||0.00075241
04:36||767732500||577649||0.00075241
04:37||767732500||577649||0.00075241
04:38||768010500||577859||0.00075241
04:39||768010500||577859||0.00075241
04:40||768012000||577859||0.00075241
04:41||768011500||577858||0.00075241
04:42||768499500||578226||0.00075241
04:43||768499500||578226||0.00075241
04:44||768749000||578226||0.00075241
04:45||768749000||578226||0.00075241
04:46||768748500||578227||0.00075241
04:47||768754000||578227||0.00075241
04:48||768756000||578238||0.00075241
04:49||768756000||578238||0.00075241
04:50||768756000||578238||0.00075241
04:51||768756000||578238||0.00075241
04:52||768756000||578238||0.00075241
04:53||768756500||578239||0.00075241
04:54||768756500||578239||0.00075241
04:55||768756500||578239||0.00075241
04:56||768756000||578238||0.00075241
04:57||767299500||578226||0.00075241
04:58||767547500||578226||0.00075241
04:59||767547500||576421||0.00075241
05:00||767553000||576421||0.00075241
05:01||767597500||576421||0.00075241
05:02||767540000||576421||0.00075241
05:03||767333000||576572||0.00075241
05:04||767236500||576581||0.00075241
05:05||766210500||576422||0.00075241
05:06||767658500||576586||0.00075241
05:07||767632000||576587||0.00075241
05:08||767585000||576588||0.00075241
05:09||767700000||578528||0.00075241
05:10||771498000||580107||0.00075241
05:11||769089500||580484||0.00075241
05:12||769089500||580484||0.00075241
05:13||766026000||576421||0.00075241
05:14||765578000||575671||0.00075241
05:15||766051500||576384||0.00075241
05:16||766051500||576385||0.00075241
05:17||766051500||576384||0.00075241
05:18||766051500||576384||0.00075241
05:19||765626000||576384||0.00075241
05:20||765626000||575744||0.00075241
05:21||764385500||574889||0.00075241
05:22||764346000||574889||0.00075241
05:23||764312000||574889||0.00075241
05:24||764282500||574889||0.00075241
05:25||764256000||574889||0.00075241
05:26||764247000||574889||0.00075241
05:27||764247000||574889||0.00075241
05:28||764498500||575137||0.00075241
05:29||764498500||575137||0.00075241
05:30||764498500||575137||0.00075241
05:31||764603500||575137||0.00075241
05:32||764603500||575137||0.00075241
05:33||764603500||575137||0.00075241
05:34||764603500||575137||0.00075241
05:35||763465000||574841||0.00075241
05:36||762652000||572875||0.00075241
05:37||762708000||572960||0.00075241
05:38||762708000||572960||0.00075241
05:39||762708000||572960||0.00075241
05:40||762708000||572960||0.00075241
05:41||762708000||572960||0.00075241
05:42||762708000||572960||0.00075241
05:43||762735500||572961||0.00075241
05:44||762735500||573001||0.00075241
05:45||762735500||574778||0.00075241
05:46||762735500||574778||0.00075241
05:47||762735500||574778||0.00075241
05:48||762737500||573001||0.00075241
05:49||762958000||573004||0.00075241
05:50||762958000||573004||0.00075241
05:51||762958500||573004||0.00075241
05:52||762958500||574778||0.00075241
05:53||762959500||573338||0.00075241
05:54||762959500||573338||0.00075241
05:55||762959500||573338||0.00075241
05:56||762959500||573338||0.00075241
05:57||762959500||573338||0.00075241
05:58||762959500||573338||0.00075241
05:59||762959500||573338||0.00075241
06:00||762960500||573338||0.00075241
06:01||762982000||573371||0.00075241
06:02||762969000||573350||0.00075241
06:03||763913000||573350||0.00075241
06:04||762984000||574773||0.00075241
06:05||762989000||573388||0.00075241
06:06||762994500||573388||0.00075241
06:07||762994500||573388||0.00075241
06:08||762999000||573388||0.00075241
06:09||763000000||573405||0.00075241
06:10||762094500||573406||0.00075241
06:11||762094500||573407||0.00075241
06:12||762094500||573407||0.00075241
06:13||762094500||573407||0.00075241
06:14||762094500||573407||0.00075241
06:15||762983500||573407||0.00075241
06:16||762914500||573410||0.00075241
06:17||762915500||573411||0.00075241
06:18||762914500||573411||0.00075241
06:19||762941500||573450||0.00075241
06:20||762945000||573456||0.00075241
06:21||762966000||573456||0.00075241
06:22||763020500||573524||0.00075241
06:23||763031000||573524||0.00075241
06:24||763038000||573588||0.00075241
06:25||763064500||573611||0.00075241
06:26||763065000||573611||0.00075241
06:27||763066000||573613||0.00075241
06:28||763067500||573613||0.00075241
06:29||763068500||573616||0.00075241
06:30||762379500||573621||0.00075241
06:31||762379500||573621||0.00075241
06:32||763027000||573629||0.00075241
06:33||762829000||573577||0.00075241
06:34||762781500||573110||0.00075241
06:35||762375000||573149||0.00075241
06:36||762174500||573149||0.00075241
06:37||762687500||573336||0.00075241
06:38||762510500||573720||0.00075241
06:39||762510500||573720||0.00075241
06:40||762510500||573720||0.00075241
06:41||762510500||573720||0.00075241
06:42||762141000||573720||0.00075241
06:43||761898500||573720||0.00075241
06:44||761674500||572894||0.00075241
06:45||761910500||573268||0.00075241
06:46||761910500||573268||0.00075241
06:47||761910500||573268||0.00075241
06:48||761910500||573268||0.00075241
06:49||761910500||573268||0.00075241
06:50||761910500||573268||0.00075241
06:51||761910500||573268||0.00075241
06:52||761910500||573268||0.00075241
06:53||761910500||573268||0.00075241
06:54||761910500||573268||0.00075241
06:55||761910500||573268||0.00075241
06:56||761910500||573268||0.00075241
06:57||761910500||573268||0.00075241
06:58||761910500||573268||0.00075241
06:59||761910500||573268||0.00075241
07:00||761910500||573268||0.00075241
07:01||762406500||573268||0.00075241
07:02||763406000||574108||0.00075241
07:03||763406000||574108||0.00075241
07:04||762855500||573297||0.00075241
07:05||762819000||573297||0.00075241
07:06||764270500||574778||0.00075241
07:07||763801500||574778||0.00075241
07:08||763801500||574778||0.00075241
07:09||763817500||574778||0.00075241
07:10||763818000||575295||0.00075241
07:11||763818000||574112||0.00075241
07:12||763818000||574112||0.00075241
07:13||763833500||574112||0.00075241
07:14||765802000||575295||0.00075241
07:15||765031000||575295||0.00075241
07:16||765031000||575295||0.00075241
07:17||765031000||575295||0.00075241
07:18||765031000||575295||0.00075241
07:19||765108000||575295||0.00075241
07:20||765476000||575295||0.00075241
07:21||765476000||575295||0.00075241
07:22||765476000||575295||0.00075241
07:23||765505500||575295||0.00075241
07:24||765402000||575295||0.00075241
07:25||766372500||575295||0.00075241
07:26||766372500||576906||0.00075241
07:27||766000500||576906||0.00075241
07:28||766000500||576906||0.00075241
07:29||766000500||576906||0.00075241
07:30||766000500||576906||0.00075241
07:31||766400000||576906||0.00075241
07:32||766400000||576906||0.00075241
07:33||766400000||576906||0.00075241
07:34||766400000||576906||0.00075241
07:35||766400000||576906||0.00075241
07:36||766400000||576906||0.00075241
07:37||766399500||576906||0.00075241
07:38||766399500||576906||0.00075241
07:39||766399500||576906||0.00075241
07:40||766391500||576906||0.00075241
07:41||766000500||576346||0.00075241
07:42||766000500||576346||0.00075241
07:43||766000500||576346||0.00075241
07:44||766000500||576346||0.00075241
07:45||766407500||576346||0.00075241
07:46||768421000||577098||0.00075241
07:47||768263500||577098||0.00075241
07:48||767882000||577098||0.00075241
07:49||767882000||577098||0.00075241
07:50||767978000||577098||0.00075241
07:51||767978000||577098||0.00075241
07:52||767978000||577098||0.00075241
07:53||767978000||578570||0.00075241
07:54||767958000||578570||0.00075241
07:55||767426000||576947||0.00075241
07:56||767225500||576947||0.00075241
07:57||767198000||578189||0.00075241
07:58||767198000||578189||0.00075241
07:59||767198000||578189||0.00075241
08:00||767173000||578189||0.00075241
08:01||767174000||578189||0.00075241
08:02||767157000||578189||0.00075241
08:03||767140500||576661||0.00075241
08:04||767487500||576661||0.00075241
08:05||767487500||576661||0.00075241
08:06||767487500||576661||0.00075241
08:07||767487500||576661||0.00075241
08:08||767955500||576661||0.00075241
08:09||767955500||577817||0.00075241
08:10||767955500||577817||0.00075241
08:11||767955500||577817||0.00075241
08:12||767955500||577817||0.00075241
08:13||768197500||577850||0.00075241
08:14||768197000||577850||0.00075241
08:15||768394500||578146||0.00075241
08:16||768394500||578146||0.00075241
08:17||768394500||578148||0.00075241
08:18||768394500||578148||0.00075241
08:19||768394500||578148||0.00075241
08:20||768394500||578148||0.00075241
08:21||768394500||578147||0.00075241
08:22||768394500||578147||0.00075241
08:23||768394500||578147||0.00075241
08:24||768394500||578147||0.00075241
08:25||768394500||578148||0.00075241
08:26||768394500||578147||0.00075241
08:27||768394500||578147||0.00075241
08:28||768697000||579278||0.00075241
08:29||769225000||578603||0.00075241
08:30||769484000||578603||0.00075241
08:31||769948500||578603||0.00075241
08:32||769948500||579317||0.00075241
08:33||769948500||579317||0.00075241
08:34||769948500||579317||0.00075241
08:35||769948500||579317||0.00075241
08:36||769948500||579317||0.00075241
08:37||769948500||579317||0.00075241
08:38||769948500||579317||0.00075241
08:39||770249500||579355||0.00075241
08:40||770499500||579355||0.00075241
08:41||770499500||579355||0.00075241
08:42||770499500||579731||0.00075241
08:43||770499500||579731||0.00075241
08:44||770499500||579731||0.00075241
08:45||770499500||579731||0.00075241
08:46||770499500||579731||0.00075241
08:47||770499500||579731||0.00075241
08:48||770499500||579731||0.00075241
08:49||770499500||579731||0.00075241
08:50||770250000||579731||0.00075241
08:51||770250000||579731||0.00075241
08:52||770251500||579731||0.00075241
08:53||769524000||579316||0.00075241
08:54||769524500||579316||0.00075241
08:55||769524500||579316||0.00075241
08:56||769102500||579316||0.00075241
08:57||769102500||579316||0.00075241
08:58||769102500||578680||0.00075241
08:59||769102500||578680||0.00075241
09:00||769102500||578680||0.00075241
09:01||769102500||578680||0.00075241
09:02||769542000||578680||0.00075241
09:03||770183000||579316||0.00075241
09:04||770770000||579731||0.00075241
09:05||770999500||580099||0.00075241
09:06||770049500||580107||0.00075241
09:07||770260000||580100||0.00075241
09:08||770260000||580100||0.00075241
09:09||770495000||580100||0.00075241
09:10||770495000||580100||0.00075241
09:11||770495000||580100||0.00075241
09:12||770495000||580100||0.00075241
09:13||770495000||580100||0.00075241
09:14||770495500||580100||0.00075241
09:15||770495500||580100||0.00075241
09:16||770495500||580100||0.00075241
09:17||770495500||580100||0.00075241
09:18||770495500||580100||0.00075241
09:19||770250500||580100||0.00075241
09:20||770495500||579732||0.00075241
09:21||770251000||579732||0.00075241
09:22||770495500||579732||0.00075241
09:23||770000500||579356||0.00075241
09:24||770000500||579356||0.00075241
09:25||769766000||579005||0.00075241
09:26||769766000||579002||0.00075241
09:27||769766000||579002||0.00075241
09:28||769766000||579002||0.00075241
09:29||769300500||578655||0.00075241
09:30||769300500||578655||0.00075241
09:31||769301000||578655||0.00075241
09:32||769301000||578655||0.00075241
09:33||769301000||579003||0.00075241
09:34||769301000||579003||0.00075241
09:35||769301000||579003||0.00075241
09:36||769300500||578655||0.00075241
09:37||769069500||578655||0.00075241
09:38||769069500||578655||0.00075241
09:39||769069500||578655||0.00075241
09:40||769069500||578655||0.00075241
09:41||769069500||578655||0.00075241
09:42||769069500||578655||0.00075241
09:43||769069500||578655||0.00075241
09:44||769069500||578655||0.00075241
09:45||769069500||578655||0.00075241
09:46||769069500||578655||0.00075241
09:47||769069500||578655||0.00075241
09:48||769069500||578655||0.00075241
09:49||769069500||578655||0.00075241
09:50||769069500||578655||0.00075241
09:51||769069500||578655||0.00075241
09:52||769069500||578655||0.00075241
09:53||769069500||578655||0.00075241
09:54||769069500||578655||0.00075241
09:55||769069500||578655||0.00075241
09:56||769069500||578655||0.00075241
09:57||769069500||578655||0.00075241
09:58||769069500||578655||0.00075241
09:59||768813000||578617||0.00075241
10:00||768556500||578617||0.00075241
10:01||768556500||578617||0.00075241
10:02||768556500||578617||0.00075241
10:03||768556500||578617||0.00075241
10:04||768556500||578269||0.00075241
10:05||768556500||578269||0.00075241
10:06||768556500||578269||0.00075241
10:07||768556500||578269||0.00075241
10:08||768556500||578269||0.00075241
10:09||768556500||578269||0.00075241
10:10||768556500||578269||0.00075241
10:11||768556500||578269||0.00075241
10:12||768556500||578269||0.00075241
10:13||768556500||578269||0.00075241
10:14||768278500||577850||0.00075241
10:15||768278500||577850||0.00075241
10:16||768278500||577850||0.00075241
10:17||768278500||577850||0.00075241
10:18||768278500||577850||0.00075241
10:19||768278500||577850||0.00075241
10:20||768000500||577850||0.00075241
10:21||768000500||577850||0.00075241
10:22||768000500||577850||0.00075241
10:23||768000500||577850||0.00075241
10:24||768000500||577850||0.00075241
10:25||767251000||576723||0.00075241
10:26||767251000||576723||0.00075241
10:27||767251000||576723||0.00075241
10:28||767251000||576790||0.00075241
10:29||767251000||576790||0.00075241
10:30||767251000||576790||0.00075241
10:31||766800500||576790||0.00075241
10:32||766750500||576790||0.00075241
10:33||767194500||577851||0.00075241
10:34||767194500||576639||0.00075241
10:35||767200500||576639||0.00075241
10:36||767249500||576639||0.00075241
10:37||767326000||576639||0.00075241
10:38||767327000||576639||0.00075241
10:39||767327000||576639||0.00075241
10:40||767327000||576639||0.00075241
10:41||767375500||576639||0.00075241
10:42||767375500||576639||0.00075241
10:43||767375500||576639||0.00075241
10:44||767194500||576639||0.00075241
10:45||767194500||576639||0.00075241
10:46||767194500||576639||0.00075241
10:47||766558500||575684||0.00075241
10:48||765959500||575684||0.00075241
10:49||765959500||575684||0.00075241
10:50||765670500||575684||0.00075241
10:51||765670500||575684||0.00075241
10:52||765693500||575684||0.00075241
10:53||765746500||575684||0.00075241
10:54||765871500||575830||0.00075241
10:55||765849000||575969||0.00075241
10:56||765880000||576495||0.00075241
10:57||765880000||576014||0.00075241
10:58||765907500||576014||0.00075241
10:59||765940500||576014||0.00075241
11:00||765970000||576014||0.00075241
11:01||765991500||576014||0.00075241
11:02||766011500||576014||0.00075241
11:03||766034000||576248||0.00075241
11:04||766050500||576495||0.00075241
11:05||766418000||576306||0.00075241
11:06||766458000||577013||0.00075241
11:07||766504000||577013||0.00075241
11:08||766537000||577012||0.00075241
11:09||766886500||577013||0.00075241
11:10||767164000||577014||0.00075241
11:11||767181000||577014||0.00075241
11:12||767180000||577077||0.00075241
11:13||767181000||577390||0.00075241
11:14||767430500||577765||0.00075241
11:15||767431000||577765||0.00075241
11:16||767431000||577765||0.00075241
11:17||767430500||577765||0.00075241
11:18||767430500||577765||0.00075241
11:19||767430500||577079||0.00075241
11:20||767430500||577079||0.00075241
11:21||767430000||577764||0.00075241
11:22||767429000||577764||0.00075241
11:23||767428500||577764||0.00075241
11:24||767436500||577764||0.00075241
11:25||767436500||577764||0.00075241
11:26||767436500||577093||0.00075241
11:27||767436500||577093||0.00075241
11:28||767436500||577093||0.00075241
11:29||767436500||577093||0.00075241
11:30||767436500||577093||0.00075241
11:31||767146500||577093||0.00075241
11:32||766996500||577093||0.00075241
11:33||767055500||577098||0.00075241
11:34||767055500||577106||0.00075241
11:35||767055500||577106||0.00075241
11:36||767391500||577386||0.00075241
11:37||767391500||577386||0.00075241
11:38||767391500||577386||0.00075241
11:39||767391500||577386||0.00075241
11:40||767585000||577474||0.00075241
11:41||767867500||577700||0.00075241
11:42||767855500||577741||0.00075241
11:43||767855500||577741||0.00075241
11:44||768727500||579344||0.00075241
11:45||768694000||579344||0.00075241
11:46||768694000||579344||0.00075241
11:47||768694000||579344||0.00075241
11:48||768694000||579344||0.00075241
11:49||768694000||579344||0.00075241
11:50||768711500||579344||0.00075241
11:51||768711500||579344||0.00075241
11:52||768711500||579344||0.00075241
11:53||768664000||579344||0.00075241
11:54||768563500||579344||0.00075241
11:55||768563500||579344||0.00075241
11:56||768563500||579344||0.00075241
11:57||768563000||579344||0.00075241
11:58||768563000||579344||0.00075241
11:59||768562500||579344||0.00075241
12:00||768548000||577926||0.00075241
12:01||768548000||577926||0.00075241
12:02||768548000||577926||0.00075241
12:03||768548000||577926||0.00075241
12:04||768548000||577926||0.00075241
12:05||768548000||577926||0.00075241
12:06||768550000||577926||0.00075241
12:07||768550000||577926||0.00075241
12:08||768550000||577926||0.00075241
12:09||768550000||577926||0.00075241
12:10||768550000||577926||0.00075241
12:11||768550000||577926||0.00075241
12:12||768550000||577926||0.00075241
12:13||768550000||577926||0.00075241
12:14||768550000||577926||0.00075241
12:15||768549500||577926||0.00075241
12:16||768499500||577926||0.00075241
12:17||768500500||577927||0.00075241
12:18||768499500||577927||0.00075241
12:19||768499500||577927||0.00075241
12:20||768499500||577927||0.00075241
12:21||768499500||577927||0.00075241
12:22||768500500||578527||0.00075241
12:23||768500500||578527||0.00075241
12:24||768500500||578527||0.00075241
12:25||768500500||578527||0.00075241
12:26||768500500||578527||0.00075241
12:27||768500500||578527||0.00075241
12:28||768500500||578527||0.00075241
12:29||768500500||578527||0.00075241
12:30||768500500||578527||0.00075241
12:31||768451000||578527||0.00075241
12:32||768451000||578527||0.00075241
12:33||767843500||577014||0.00075241
12:34||767843500||577014||0.00075241
12:35||767694000||577014||0.00075241
12:36||767694000||577014||0.00075241
12:37||767694500||577014||0.00075241
12:38||767710500||577014||0.00075241
12:39||767765000||577014||0.00075241
12:40||767765000||577121||0.00075241
12:41||767765000||577121||0.00075241
12:42||767763500||577121||0.00075241
12:43||767780000||577121||0.00075241
12:44||767880000||577121||0.00075241
12:45||767956000||577355||0.00075241
12:46||768001000||577355||0.00075241
12:47||767999500||577355||0.00075241
12:48||767999500||577355||0.00075241
12:49||768662000||578904||0.00075241
12:50||769136000||578449||0.00075241
12:51||769144500||578449||0.00075241
12:52||769155000||578449||0.00075241
12:53||769154000||578449||0.00075241
12:54||769202000||578449||0.00075241
12:55||769201500||578449||0.00075241
12:56||769201500||578449||0.00075241
12:57||769298500||578449||0.00075241
12:58||769398500||578978||0.00075241
12:59||769498500||578978||0.00075241
13:00||769569000||578979||0.00075241
13:01||769900000||579346||0.00075241
13:02||769900000||579346||0.00075241
13:03||770450500||579356||0.00075241
13:04||770400500||579882||0.00075241
13:05||770657000||579882||0.00075241
13:06||770750500||579957||0.00075241
13:07||770799500||579956||0.00075241
13:08||770799500||579957||0.00075241
13:09||770799500||579956||0.00075241
13:10||770799500||579956||0.00075241
13:11||770849500||579957||0.00075241
13:12||770899500||579957||0.00075241
13:13||770899500||579957||0.00075241
13:14||770899500||579957||0.00075241
13:15||770899500||580084||0.00075241
13:16||770899500||580032||0.00075241
13:17||770899500||580032||0.00075241
13:18||770899500||580032||0.00075241
13:19||770899500||580032||0.00075241
13:20||770899500||580032||0.00075241
13:21||770899500||580032||0.00075241
13:22||770899500||580032||0.00075241
13:23||770899500||580032||0.00075241
13:24||770899500||580032||0.00075241
13:25||770899500||580032||0.00075241
13:26||770899500||580032||0.00075241
13:27||770899500||580032||0.00075241
13:28||770899500||580032||0.00075241
13:29||770899500||580032||0.00075241
13:30||770899500||580032||0.00075241
13:31||770899500||580032||0.00075241
13:32||770899500||580032||0.00075241
13:33||770899500||580032||0.00075241
13:34||770899500||580032||0.00075241
13:35||771775000||580484||0.00075241
13:36||771987500||580851||0.00075241
13:37||771987500||580850||0.00075241
13:38||771987500||580850||0.00075241
13:39||771987500||580850||0.00075241
13:40||771987500||580850||0.00075241
13:41||771987500||580850||0.00075241
13:42||771987500||580850||0.00075241
13:43||771987500||580851||0.00075241
13:44||771987500||580851||0.00075241
13:45||771987500||580850||0.00075241
13:46||771987500||580850||0.00075241
13:47||771987500||580850||0.00075241
13:48||771987500||580850||0.00075241
13:49||771987500||580851||0.00075241
13:50||771987500||580850||0.00075241
13:51||771987500||580850||0.00075241
13:52||771987500||580850||0.00075241
13:53||771987500||580850||0.00075241
13:54||771987500||580850||0.00075241
13:55||771987500||580851||0.00075241
13:56||771987500||580851||0.00075241
13:57||771987500||580851||0.00075241
13:58||771987500||580851||0.00075241
13:59||771987500||580851||0.00075241
14:00||771987500||580851||0.00075241
14:01||771987500||580851||0.00075241
14:02||771987500||580851||0.00075241
14:03||771446500||580846||0.00075241
14:04||771026500||580824||0.00075241
14:05||770550500||579431||0.00075241
14:06||770550000||579431||0.00075241
14:07||770559000||579431||0.00075241
14:08||770803500||579431||0.00075241
14:09||770901500||579431||0.00075241
14:10||770900000||580108||0.00075241
14:11||770900000||580108||0.00075241
14:12||770900000||580108||0.00075241
14:13||770900000||580108||0.00075241
14:14||771150000||580108||0.00075241
14:15||771150000||580484||0.00075241
14:16||771800500||579957||0.00075241
14:17||771805500||579957||0.00075241
14:18||772150000||581462||0.00075241
14:19||772400000||581462||0.00075241
14:20||772400000||581462||0.00075241
14:21||772400000||580860||0.00075241
14:22||772400000||580860||0.00075241
14:23||772400000||580860||0.00075241
14:24||772400000||580860||0.00075241
14:25||771750000||580860||0.00075241
14:26||772150000||580860||0.00075241
14:27||772150500||580860||0.00075241
14:28||772150500||580485||0.00075241
14:29||772149500||580485||0.00075241
14:30||772149500||580485||0.00075241
14:31||772050000||580485||0.00075241
14:32||772050000||580485||0.00075241
14:33||772051000||580485||0.00075241
14:34||772051000||580485||0.00075241
14:35||772051000||580485||0.00075241
14:36||772051000||580485||0.00075241
14:37||772051000||580485||0.00075241
14:38||772051000||580485||0.00075241
14:39||772051000||580485||0.00075241
14:40||772051000||580485||0.00075241
14:41||772051000||580485||0.00075241
14:42||772051000||580485||0.00075241
14:43||772154500||581461||0.00075241
14:44||772155500||581462||0.00075241
14:45||772155500||581462||0.00075241
14:46||772155500||581462||0.00075241
14:47||772155500||581462||0.00075241
14:48||773350500||581612||0.00075241
14:49||774392500||583031||0.00075241
14:50||775086000||583115||0.00075241
14:51||775256500||583115||0.00075241
14:52||775256500||583409||0.00075241
14:53||775256500||583409||0.00075241
14:54||775256500||583409||0.00075241
14:55||775256500||583409||0.00075241
14:56||775507500||583785||0.00075241
14:57||775507500||583785||0.00075241
14:58||775507500||583785||0.00075241
14:59||775757500||584095||0.00075241
15:00||779801000||590390||0.00075241
15:01||779802000||590390||0.00075241
15:02||779803000||590390||0.00075241
15:03||779707000||590390||0.00075241
15:04||779662500||583216||0.00075241
15:05||777252500||583216||0.00075241
15:06||777252500||583497||0.00075241
15:07||775501000||583495||0.00075241
15:08||777800000||586879||0.00075241
15:09||779234500||589061||0.00075241
15:10||779799500||589061||0.00075241
15:11||779609500||583535||0.00075241
15:12||778385500||588545||0.00075241
15:13||778496000||583871||0.00075241
15:14||777855000||583871||0.00075241
15:15||780103000||586289||0.00075241
15:16||780995000||587624||0.00075241
15:17||781106500||587632||0.00075241
15:18||781905000||588832||0.00075241
15:19||781905000||588832||0.00075241
15:20||781905000||588832||0.00075241
15:21||781903500||588830||0.00075241
15:22||781295500||586879||0.00075241
15:23||781003500||586881||0.00075241
15:24||781498500||588388||0.00075241
15:25||781496000||588388||0.00075241
15:26||781596000||588388||0.00075241
15:27||781602000||587407||0.00075241
15:28||782241000||587407||0.00075241
15:29||782239000||588744||0.00075241
15:30||782000500||588744||0.00075241
15:31||782000500||588744||0.00075241
15:32||782240500||588385||0.00075241
15:33||782240000||588833||0.00075241
15:34||783299500||588833||0.00075241
15:35||783399500||588833||0.00075241
15:36||782485500||589512||0.00075241
15:37||783785000||589512||0.00075241
15:38||783000500||590641||0.00075241
15:39||784700000||590933||0.00075241
15:40||786550000||592146||0.00075241
15:41||788165000||594403||0.00075241
15:42||788050000||594403||0.00075241
15:43||788245000||594403||0.00075241
15:44||788495000||594396||0.00075241
15:45||788490000||594395||0.00075241
15:46||788454500||594395||0.00075241
15:47||788255000||594395||0.00075241
15:48||788255000||592154||0.00075241
15:49||788000000||592154||0.00075241
15:50||788000000||592154||0.00075241
15:51||787757500||592157||0.00075241
15:52||787507500||592157||0.00075241
15:53||787505000||592157||0.00075241
15:54||787509500||592157||0.00075241
15:55||787462000||592165||0.00075241
15:56||787462500||592165||0.00075241
15:57||787462500||592165||0.00075241
15:58||787462500||592165||0.00075241
15:59||787512500||592899||0.00075241
16:00||787514500||592899||0.00075241
16:01||788014500||593643||0.00075241
16:02||788500000||593643||0.00075241
16:03||788999500||593651||0.00075241
16:04||788999500||593651||0.00075241
16:05||788999500||593651||0.00075241
16:06||789440500||593651||0.00075241
16:07||788999500||593651||0.00075241
16:08||787948500||592165||0.00075241
16:09||788186000||592165||0.00075241
16:10||788186000||592165||0.00075241
16:11||788186000||592165||0.00075241
16:12||788186000||592165||0.00075241
16:13||788745000||592165||0.00075241
16:14||788914000||594358||0.00075241
16:15||788000500||594358||0.00075241
16:16||788500000||592899||0.00075241
16:17||788388500||592899||0.00075241
16:18||788693500||593191||0.00075241
16:19||788388500||593191||0.00075241
16:20||787945500||592899||0.00075241
16:21||788000500||592899||0.00075241
16:22||787945500||592814||0.00075241
16:23||787637000||592814||0.00075241
16:24||782633500||589889||0.00075241
16:25||784633000||589889||0.00075241
16:26||784079000||589889||0.00075241
16:27||783496500||589889||0.00075241
16:28||783452500||591022||0.00075241
16:29||783408500||587932||0.00075241
16:30||783408500||587932||0.00075241
16:31||783408500||587932||0.00075241
16:32||783251500||590950||0.00075241
16:33||783301500||590950||0.00075241
16:34||784245500||589137||0.00075241
16:35||784403000||589137||0.00075241
16:36||784382500||589137||0.00075241
16:37||784638500||589814||0.00075241
16:38||784638500||589814||0.00075241
16:39||784638500||589814||0.00075241
16:40||784292000||589814||0.00075241
16:41||784292000||589814||0.00075241
16:42||784342000||589814||0.00075241
16:43||784342000||589814||0.00075241
16:44||784350000||589814||0.00075241
16:45||784930000||590416||0.00075241
16:46||784930000||589814||0.00075241
16:47||784700000||589814||0.00075241
16:48||784700000||589814||0.00075241
16:49||784700000||589814||0.00075241
16:50||784750000||589814||0.00075241
16:51||784750000||589814||0.00075241
16:52||784750000||589814||0.00075241
16:53||784750000||589889||0.00075241
16:54||784750000||589889||0.00075241
16:55||784735000||589889||0.00075241
16:56||784194500||0||0.00075241
16:57||783442500||589501||0.00075241
16:58||783467500||589501||0.00075241
16:59||783389500||589428||0.00075241
17:00||782698500||589137||0.00075241
17:01||783911000||588760||0.00075241
17:02||783725000||590604||0.00075241
17:03||783676000||588760||0.00075241
17:04||783676000||588760||0.00075241
17:05||784161500||588760||0.00075241
17:06||784166500||588760||0.00075241
17:07||784166500||589520||0.00075241
17:08||782989000||589513||0.00075241
17:09||782989000||589513||0.00075241
17:10||782989000||589489||0.00075241
17:11||783234000||589489||0.00075241
17:12||783234000||589489||0.00075241
17:13||783234000||589489||0.00075241
17:14||782748000||589137||0.00075241
17:15||782743000||588676||0.00075241
17:16||782743000||588676||0.00075241
17:17||782743000||588676||0.00075241
17:18||782743000||588676||0.00075241
17:19||782743000||588676||0.00075241
17:20||782743000||588676||0.00075241
17:21||782937000||589052||0.00075241
17:22||782985500||589052||0.00075241
17:23||782985500||589125||0.00075241
17:24||782985500||589125||0.00075241
17:25||782985500||589125||0.00075241
17:26||782985500||589125||0.00075241
17:27||784186000||590933||0.00075241
17:28||784186000||590181||0.00075241
17:29||784185500||590933||0.00075241
17:30||784186000||590933||0.00075241
17:31||784186000||590933||0.00075241
17:32||784186000||590933||0.00075241
17:33||784210000||590933||0.00075241
17:34||784652000||590933||0.00075241
17:35||784653000||590933||0.00075241
17:36||784694000||590933||0.00075241
17:37||784694000||590933||0.00075241
17:38||784888000||590933||0.00075241
17:39||784888000||590933||0.00075241
17:40||784887500||590933||0.00075241
17:41||784844000||590933||0.00075241
17:42||784887500||590933||0.00075241
17:43||784875000||590933||0.00075241
17:44||784874500||590933||0.00075241
17:45||784874500||590933||0.00075241
17:46||784877000||590933||0.00075241
17:47||784902000||590933||0.00075241
17:48||784901500||590933||0.00075241
17:49||784777500||590933||0.00075241
17:50||784555500||590933||0.00075241
17:51||784555500||590933||0.00075241
17:52||784555500||590307||0.00075241
17:53||784555500||590307||0.00075241
17:54||784555500||590307||0.00075241
17:55||784555500||590307||0.00075241
17:56||784555500||590307||0.00075241
17:57||784555500||590307||0.00075241
17:58||784555500||590307||0.00075241
17:59||784555500||590307||0.00075241
18:00||784555500||590307||0.00075241
18:01||784555500||590307||0.00075241
18:02||784555500||590307||0.00075241
18:03||784555500||590307||0.00075241
18:04||784555500||590307||0.00075241
18:05||784555500||590307||0.00075241
18:06||784555500||590307||0.00075241
18:07||784555500||590307||0.00075241
18:08||784777500||590307||0.00075241
18:09||784777500||590307||0.00075241
18:10||784777500||590307||0.00075241
18:11||784777500||590307||0.00075241
18:12||784777500||590641||0.00075241
18:13||784777500||590641||0.00075241
18:14||785772500||592139||0.00075241
18:15||785772500||592139||0.00075241
18:16||785767500||592139||0.00075241
18:17||786010000||592139||0.00075241
18:18||786010000||592139||0.00075241
18:19||786034000||590671||0.00075241
18:20||786254500||592130||0.00075241
18:21||786254500||592130||0.00075241
18:22||786214500||592130||0.00075241
18:23||786214500||592130||0.00075241
18:24||786219000||591018||0.00075241
18:25||786218500||591018||0.00075241
18:26||786218500||591018||0.00075241
18:27||786169500||591047||0.00075241
18:28||786157000||591047||0.00075241
18:29||786157000||591047||0.00075241
18:30||786157000||591047||0.00075241
18:31||786000500||591047||0.00075241
18:32||786000500||591047||0.00075241
18:33||786000500||591047||0.00075241
18:34||786000500||591047||0.00075241
18:35||785720500||591394||0.00075241
18:36||785720500||591394||0.00075241
18:37||785720500||591320||0.00075241
18:38||785720500||591320||0.00075241
18:39||785720500||591320||0.00075241
18:40||785720500||591047||0.00075241
18:41||785539500||591047||0.00075241
18:42||785048000||590307||0.00075241
18:43||785048000||590307||0.00075241
18:44||785048000||590307||0.00075241
18:45||785048500||590307||0.00075241
18:46||784557500||590307||0.00075241
18:47||784093000||590181||0.00075241
18:48||784093000||590181||0.00075241
18:49||783720000||589805||0.00075241
18:50||783206000||589555||0.00075241
18:51||783206000||589555||0.00075241
18:52||783206000||589555||0.00075241
18:53||783206000||589555||0.00075241
18:54||782690000||589126||0.00075241
18:55||782690000||589126||0.00075241
18:56||782690000||589126||0.00075241
18:57||782690000||589126||0.00075241
18:58||782690000||589126||0.00075241
18:59||782690000||589126||0.00075241
19:00||782712500||588760||0.00075241
19:01||782374000||588726||0.00075241
19:02||782379000||588632||0.00075241
19:03||783421000||588632||0.00075241
19:04||783394500||588632||0.00075241
19:05||783394500||588632||0.00075241
19:06||783394500||588632||0.00075241
19:07||783394500||588632||0.00075241
19:08||783394500||588632||0.00075241
19:09||783394500||588632||0.00075241
19:10||783394500||588632||0.00075241
19:11||782667500||588632||0.00075241
19:12||781776500||588632||0.00075241
19:13||781776500||588632||0.00075241
19:14||781776500||588419||0.00075241
19:15||781899000||587931||0.00075241
19:16||781775000||587856||0.00075241
19:17||781775500||587856||0.00075241
19:18||781694000||587856||0.00075241
19:19||781750500||587632||0.00075241
19:20||781750000||587632||0.00075241
19:21||781750000||587632||0.00075241
19:22||781750000||587632||0.00075241
19:23||781750000||587632||0.00075241
19:24||782000000||587632||0.00075241
19:25||782000000||587632||0.00075241
19:26||782000000||588008||0.00075241
19:27||782000000||588008||0.00075241
19:28||782000000||588008||0.00075241
19:29||781249500||586881||0.00075241
19:30||781249500||586881||0.00075241
19:31||781001000||586881||0.00075241
19:32||781001000||586881||0.00075241
19:33||780601000||586881||0.00075241
19:34||781001000||588384||0.00075241
19:35||781001000||586881||0.00075241
19:36||781001000||586881||0.00075241
19:37||781001000||586881||0.00075241
19:38||781001000||586881||0.00075241
19:39||781249500||588757||0.00075241
19:40||781249500||588757||0.00075241
19:41||781748000||588757||0.00075241
19:42||781748000||588757||0.00075241
19:43||781748000||588757||0.00075241
19:44||781748500||588757||0.00075241
19:45||781748500||588757||0.00075241
19:46||781748500||588757||0.00075241
19:47||781749000||588758||0.00075241
19:48||781749000||588758||0.00075241
19:49||781749000||588758||0.00075241
19:50||781749000||587632||0.00075241
19:51||781748000||587632||0.00075241
19:52||781748000||587632||0.00075241
19:53||781747500||587632||0.00075241
19:54||781354000||587632||0.00075241
19:55||781354500||587632||0.00075241
19:56||781354000||587040||0.00075241
19:57||781353000||587040||0.00075241
19:58||781351500||587040||0.00075241
19:59||781348500||587040||0.00075241
20:00||781351000||587040||0.00075241
20:01||780789000||587040||0.00075241
20:02||781314500||587040||0.00075241
20:03||781315500||587040||0.00075241
20:04||781315500||587040||0.00075241
20:05||781312500||587040||0.00075241
20:06||780618000||587040||0.00075241
20:07||780617000||587040||0.00075241
20:08||781500000||587632||0.00075241
20:09||781500000||587632||0.00075241
20:10||781500000||587632||0.00075241
20:11||781500000||587632||0.00075241
20:12||781499500||587632||0.00075241
20:13||781500000||587632||0.00075241
20:14||781500000||587632||0.00075241
20:15||781500000||587632||0.00075241
20:16||781500500||587632||0.00075241
20:17||781455500||588384||0.00075241
20:18||781501000||588384||0.00075241
20:19||781115500||587053||0.00075241
20:20||781111500||587053||0.00075241
20:21||781111500||587053||0.00075241
20:22||781111000||587053||0.00075241
20:23||781106500||587053||0.00075241
20:24||781106500||587053||0.00075241
20:25||781106500||587055||0.00075241
20:26||781066500||587055||0.00075241
20:27||781061500||587053||0.00075241
20:28||781061500||587053||0.00075241
20:29||781067500||587053||0.00075241
20:30||781067500||587053||0.00075241
20:31||781067500||587053||0.00075241
20:32||781067500||587053||0.00075241
20:33||781066500||587053||0.00075241
20:34||781065000||587053||0.00075241
20:35||781061500||587053||0.00075241
20:36||779778500||586879||0.00075241
20:37||779607000||586290||0.00075241
20:38||779276500||585792||0.00075241
20:39||779276500||585792||0.00075241
20:40||779499000||585792||0.00075241
20:41||779299500||586127||0.00075241
20:42||778185500||585238||0.00075241
20:43||777818500||585238||0.00075241
20:44||778158000||585238||0.00075241
20:45||777909000||585238||0.00075241
20:46||777787000||585238||0.00075241
20:47||777698000||585374||0.00075241
20:48||777577500||585374||0.00075241
20:49||777577500||585056||0.00075241
20:50||777577500||585056||0.00075241
20:51||777577500||585056||0.00075241
20:52||777338500||584697||0.00075241
20:53||777338500||585056||0.00075241
20:54||776353000||583214||0.00075241
20:55||776350000||583214||0.00075241
20:56||776350000||585055||0.00075241
20:57||776313500||584998||0.00075241
20:58||776114000||583214||0.00075241
20:59||773758500||580495||0.00075241
21:00||773259000||580495||0.00075241
21:01||772782500||582365||0.00075241
21:02||773020000||582365||0.00075241
21:03||773265000||582365||0.00075241
21:04||773755000||582365||0.00075241
21:05||773999500||582365||0.00075241
21:06||774499500||583117||0.00075241
21:07||774499500||583117||0.00075241
21:08||774499500||583117||0.00075241
21:09||774499500||583117||0.00075241
21:10||774498500||583116||0.00075241
21:11||774494500||583116||0.00075241
21:12||774494500||583116||0.00075241
21:13||774494500||583116||0.00075241
21:14||774493500||583116||0.00075241
21:15||774492500||583116||0.00075241
21:16||774490500||583116||0.00075241
21:17||774489000||583116||0.00075241
21:18||774449000||583116||0.00075241
21:19||774446500||583116||0.00075241
21:20||774446500||583116||0.00075241
21:21||774893500||583116||0.00075241
21:22||774895000||583037||0.00075241
21:23||774936000||583101||0.00075241
21:24||774935500||583101||0.00075241
21:25||774935500||583101||0.00075241
21:26||774935500||583101||0.00075241
21:27||774935500||583101||0.00075241
21:28||774978500||583101||0.00075241
21:29||774978500||583101||0.00075241
21:30||774978500||583101||0.00075241
21:31||774978500||583101||0.00075241
21:32||774978500||583101||0.00075241
21:33||774978500||583101||0.00075241
21:34||775530500||583120||0.00075241
21:35||775530500||583120||0.00075241
21:36||775999500||583870||0.00075241
21:37||775999500||583870||0.00075241
21:38||776501500||583870||0.00075241
21:39||776501500||583870||0.00075241
21:40||777193000||584697||0.00075241
21:41||776611500||584697||0.00075241
21:42||777283500||584823||0.00075241
21:43||777283500||584823||0.00075241
21:44||777356000||584857||0.00075241
21:45||778414000||585545||0.00075241
21:46||778413000||585545||0.00075241
21:47||777956000||585545||0.00075241
21:48||777956000||585545||0.00075241
21:49||777956000||585545||0.00075241
21:50||777800000||584622||0.00075241
21:51||777814000||584622||0.00075241
21:52||777813500||584646||0.00075241
21:53||777813500||584646||0.00075241
21:54||777867500||584646||0.00075241
21:55||777887000||584646||0.00075241
21:56||777901500||584646||0.00075241
21:57||777901500||584779||0.00075241
21:58||777901500||584779||0.00075241
21:59||777901500||584779||0.00075241
22:00||777901500||584779||0.00075241
22:01||777901500||584779||0.00075241
22:02||777901000||584779||0.00075241
22:03||777899000||584779||0.00075241
22:04||777894000||584779||0.00075241
22:05||777894000||584779||0.00075241
22:06||777894000||584779||0.00075241
22:07||777891500||584779||0.00075241
22:08||777934500||584779||0.00075241
22:09||777975000||584779||0.00075241
22:10||778025000||584779||0.00075241
22:11||778071500||584779||0.00075241
22:12||778082500||584779||0.00075241
22:13||778082500||584779||0.00075241
22:14||779210500||585827||0.00075241
22:15||779247500||585827||0.00075241
22:16||779849500||586727||0.00075241
22:17||779849500||586727||0.00075241
22:18||778609000||586727||0.00075241
22:19||778988500||586727||0.00075241
22:20||779063000||586727||0.00075241
22:21||779130500||586727||0.00075241
22:22||779189000||586727||0.00075241
22:23||779247000||586727||0.00075241
22:24||779301000||585830||0.00075241
22:25||779288500||585830||0.00075241
22:26||779287500||586793||0.00075241
22:27||779286500||585894||0.00075241
22:28||779286500||585894||0.00075241
22:29||779285000||585894||0.00075241
22:30||779287500||586793||0.00075241
22:31||779288500||586793||0.00075241
22:32||779289500||585897||0.00075241
22:33||779291000||585897||0.00075241
22:34||778942500||585897||0.00075241
22:35||778943500||585897||0.00075241
22:36||778943000||585897||0.00075241
22:37||778941000||585897||0.00075241
22:38||778000500||585374||0.00075241
22:39||778000500||585374||0.00075241
22:40||778000500||585374||0.00075241
22:41||777603000||585374||0.00075241
22:42||777600500||585374||0.00075241
22:43||777601500||585374||0.00075241
22:44||776002500||584622||0.00075241
22:45||776001500||584622||0.00075241
22:46||776003000||584622||0.00075241
22:47||776003000||583123||0.00075241
22:48||776004000||583124||0.00075241
22:49||776005500||583124||0.00075241
22:50||776007500||583124||0.00075241
22:51||776008500||583124||0.00075241
22:52||776006500||583124||0.00075241
22:53||776001500||583124||0.00075241
22:54||776000500||583124||0.00075241
22:55||775995500||583124||0.00075241
22:56||775994000||583124||0.00075241
22:57||775991500||583124||0.00075241
22:58||775990500||583124||0.00075241
22:59||775989000||583124||0.00075241
23:00||775990500||583124||0.00075241
23:01||775989500||583124||0.00075241
23:02||775992500||583124||0.00075241
23:03||775992500||583124||0.00075241
23:04||775987500||583124||0.00075241
23:05||776007500||583124||0.00075241
23:06||776079500||583124||0.00075241
23:07||776078500||583124||0.00075241
23:08||775963500||583124||0.00075241
23:09||775960500||583124||0.00075241
23:10||775960500||583124||0.00075241
23:11||775960500||583124||0.00075241
23:12||775958500||583124||0.00075241
23:13||775958500||583124||0.00075241
23:14||775956500||583124||0.00075241
23:15||775974000||583117||0.00075241
23:16||776457000||583174||0.00075241
23:17||776454500||583174||0.00075241
23:18||775969500||583174||0.00075241
23:19||775971500||583174||0.00075241
23:20||775970500||583174||0.00075241
23:21||775970500||583174||0.00075241
23:22||775970500||583174||0.00075241
23:23||775970500||583174||0.00075241
23:24||775970500||583174||0.00075241
23:25||775970500||583174||0.00075241
23:26||775970500||583174||0.00075241
23:27||776063000||583174||0.00075241
23:28||776131500||583174||0.00075241
23:29||776195500||583174||0.00075241
23:30||776266500||583174||0.00075241
23:31||776331500||583174||0.00075241
23:32||776379000||583174||0.00075241
23:33||776401500||583174||0.00075241
23:34||776402500||583174||0.00075241
23:35||776402500||583174||0.00075241
23:36||776402500||583174||0.00075241
23:37||776402500||583174||0.00075241
23:38||776402500||583174||0.00075241
23:39||776402500||583174||0.00075241
23:40||776402500||583174||0.00075241
23:41||776402500||583174||0.00075241
23:42||777415000||584544||0.00075241
23:43||777415000||584544||0.00075241
23:44||777414000||584544||0.00075241
23:45||777433000||584544||0.00075241
23:46||777945500||585374||0.00075241
23:47||777945500||585374||0.00075241
23:48||777945500||585374||0.00075241
23:49||777945500||585374||0.00075241
23:50||776512000||585292||0.00075241
23:51||776623000||585292||0.00075241
23:52||776781000||585292||0.00075241
23:53||776856000||585374||0.00075241
23:54||776949000||585374||0.00075241
23:55||777034000||585374||0.00075241
23:56||777094000||585374||0.00075241
23:57||777168000||585374||0.00075241
23:58||777186500||585374||0.00075241
23:59||776567000||585374||0.00075241
