00:00||528100000||398551||0.00075241
00:01||528100000||398551||0.00075241
00:02||528000000||398551||0.00075241
00:03||528000000||398024||0.00075241
00:04||528000000||398024||0.00075241
00:05||528000000||396520||0.00075241
00:06||527995000||396520||0.00075241
00:07||527900000||396520||0.00075241
00:08||527850000||396520||0.00075241
00:09||527850000||397799||0.00075241
00:10||527850000||397799||0.00075241
00:11||527850000||397799||0.00075241
00:12||527850000||397799||0.00075241
00:13||527850000||397799||0.00075241
00:14||527850000||397799||0.00075241
00:15||527850000||397799||0.00075241
00:16||527845000||397799||0.00075241
00:17||527800000||397799||0.00075241
00:18||527845000||397799||0.00075241
00:19||527845500||397799||0.00075241
00:20||528095000||397799||0.00075241
00:21||528095000||397799||0.00075241
00:22||528095000||396896||0.00075241
00:23||528095000||396896||0.00075241
00:24||528095000||396896||0.00075241
00:25||528095000||397791||0.00075241
00:26||528095000||397791||0.00075241
00:27||528689500||397791||0.00075241
00:28||528689500||397791||0.00075241
00:29||528689500||397791||0.00075241
00:30||528994000||397791||0.00075241
00:31||528994000||397791||0.00075241
00:32||528994000||397791||0.00075241
00:33||528989500||397791||0.00075241
00:34||528989500||397791||0.00075241
00:35||528989500||397791||0.00075241
00:36||528989500||397791||0.00075241
00:37||528989500||397791||0.00075241
00:38||529045000||397791||0.00075241
00:39||529045000||397791||0.00075241
00:40||529045000||397791||0.00075241
00:41||529045000||398243||0.00075241
00:42||529048500||398243||0.00075241
00:43||529047500||398240||0.00075241
00:44||529141500||398240||0.00075241
00:45||530000000||398777||0.00075241
00:46||530400500||399905||0.00075241
00:47||531000000||400281||0.00075241
00:48||531000000||400281||0.00075241
00:49||530950000||400281||0.00075241
00:50||531000000||400281||0.00075241
00:51||531000000||400281||0.00075241
00:52||531000000||400281||0.00075241
00:53||531000500||400281||0.00075241
00:54||531500000||400281||0.00075241
00:55||531500000||400282||0.00075241
00:56||531500000||399529||0.00075241
00:57||531500000||399529||0.00075241
00:58||531500000||399529||0.00075241
00:59||530950500||399529||0.00075241
01:00||530750500||399529||0.00075241
01:01||530750500||398778||0.00075241
01:02||530750500||398778||0.00075241
01:03||530750500||398778||0.00075241
01:04||530750500||398778||0.00075241
01:05||531400500||400884||0.00075241
01:06||531401500||400884||0.00075241
01:07||532898500||400884||0.00075241
01:08||532898500||400884||0.00075241
01:09||531500000||400884||0.00075241
01:10||531499500||400884||0.00075241
01:11||531748000||400884||0.00075241
01:12||531748000||400884||0.00075241
01:13||531748000||400884||0.00075241
01:14||531748000||400884||0.00075241
01:15||531998000||400884||0.00075241
01:16||532996500||401031||0.00075241
01:17||532996500||401031||0.00075241
01:18||532996500||401031||0.00075241
01:19||532996500||401031||0.00075241
01:20||532996500||401031||0.00075241
01:21||532996500||401031||0.00075241
01:22||531999000||401031||0.00075241
01:23||531999000||401031||0.00075241
01:24||531999000||401031||0.00075241
01:25||531999000||401031||0.00075241
01:26||532749000||401402||0.00075241
01:27||532745000||401402||0.00075241
01:28||533487500||401402||0.00075241
01:29||533487500||401402||0.00075241
01:30||532744000||401400||0.00075241
01:31||533486500||401400||0.00075241
01:32||533486500||401400||0.00075241
01:33||533486500||401400||0.00075241
01:34||533486500||401400||0.00075241
01:35||533486500||401400||0.00075241
01:36||533486500||401400||0.00075241
01:37||533486500||401400||0.00075241
01:38||533486500||401400||0.00075241
01:39||533486500||401400||0.00075241
01:40||533486500||401400||0.00075241
01:41||533486500||401400||0.00075241
01:42||533486500||401400||0.00075241
01:43||533486500||401400||0.00075241
01:44||533486500||401400||0.00075241
01:45||533486500||401400||0.00075241
01:46||533486500||401400||0.00075241
01:47||533486500||401400||0.00075241
01:48||533486500||401400||0.00075241
01:49||533486500||401400||0.00075241
01:50||533486500||401400||0.00075241
01:51||533486500||401400||0.00075241
01:52||531744500||401400||0.00075241
01:53||531744500||401400||0.00075241
01:54||531744500||401400||0.00075241
01:55||531744500||401400||0.00075241
01:56||531744500||401400||0.00075241
01:57||531993000||401400||0.00075241
01:58||531993000||401400||0.00075241
01:59||531993000||401400||0.00075241
02:00||531993000||401400||0.00075241
02:01||531993000||401400||0.00075241
02:02||531993000||401400||0.00075241
02:03||531994000||401400||0.00075241
02:04||531994000||401400||0.00075241
02:05||531994000||401400||0.00075241
02:06||531994000||401400||0.00075241
02:07||531994000||401400||0.00075241
02:08||531993500||401400||0.00075241
02:09||531993500||401400||0.00075241
02:10||531993500||401400||0.00075241
02:11||530751000||401400||0.00075241
02:12||530751000||401400||0.00075241
02:13||530751000||401400||0.00075241
02:14||530751000||401400||0.00075241
02:15||532780000||402539||0.00075241
02:16||532780000||402539||0.00075241
02:17||532873000||402582||0.00075241
02:18||535150500||402582||0.00075241
02:19||532919000||402652||0.00075241
02:20||533008000||402652||0.00075241
02:21||533218500||402652||0.00075241
02:22||535150500||402652||0.00075241
02:23||535150500||402652||0.00075241
02:24||533448500||402652||0.00075241
02:25||533448500||402652||0.00075241
02:26||533448500||402652||0.00075241
02:27||531873500||402652||0.00075241
02:28||531873500||402652||0.00075241
02:29||531999500||400282||0.00075241
02:30||533670000||400282||0.00075241
02:31||533579500||402651||0.00075241
02:32||533820500||402651||0.00075241
02:33||534026500||402651||0.00075241
02:34||534181500||402651||0.00075241
02:35||533545000||402651||0.00075241
02:36||533791000||402651||0.00075241
02:37||534025000||402651||0.00075241
02:38||534177500||402651||0.00075241
02:39||535312500||403291||0.00075241
02:40||535937000||404044||0.00075241
02:41||535549000||404044||0.00075241
02:42||535548500||404044||0.00075241
02:43||535548500||404044||0.00075241
02:44||535548500||404044||0.00075241
02:45||535607000||404044||0.00075241
02:46||536019500||404044||0.00075241
02:47||536019500||404044||0.00075241
02:48||538009000||406301||0.00075241
02:49||538067000||406301||0.00075241
02:50||538498500||406301||0.00075241
02:51||538498500||406301||0.00075241
02:52||538642500||406301||0.00075241
02:53||538822500||406301||0.00075241
02:54||538822500||406301||0.00075241
02:55||538699500||406301||0.00075241
02:56||538700500||406301||0.00075241
02:57||538950500||406301||0.00075241
02:58||538950500||406301||0.00075241
02:59||538950500||406301||0.00075241
03:00||538950500||406301||0.00075241
03:01||538950500||406301||0.00075241
03:02||538901500||406301||0.00075241
03:03||539141000||406977||0.00075241
03:04||538953000||406977||0.00075241
03:05||539700000||407805||0.00075241
03:06||541998500||407805||0.00075241
03:07||546087000||413824||0.00075241
03:08||549501000||413824||0.00075241
03:09||550569500||414577||0.00075241
03:10||553779500||417587||0.00075241
03:11||556250000||417963||0.00075241
03:12||556250000||417963||0.00075241
03:13||555500500||417963||0.00075241
03:14||555750000||417963||0.00075241
03:15||556518500||417963||0.00075241
03:16||556518000||417963||0.00075241
03:17||556493500||419119||0.00075241
03:18||556986000||419082||0.00075241
03:19||556978500||419082||0.00075241
03:20||547670000||419067||0.00075241
03:21||548799000||419067||0.00075241
03:22||548423500||419067||0.00075241
03:23||549721500||419067||0.00075241
03:24||551105000||419067||0.00075241
03:25||555554500||419067||0.00075241
03:26||555554500||419067||0.00075241
03:27||549335000||418004||0.00075241
03:28||550654500||418004||0.00075241
03:29||553251500||418004||0.00075241
03:30||553561500||418004||0.00075241
03:31||553934500||418004||0.00075241
03:32||550945500||418004||0.00075241
03:33||554539500||418004||0.00075241
03:34||551564500||416476||0.00075241
03:35||553303000||417585||0.00075241
03:36||554264500||417585||0.00075241
03:37||554220500||416492||0.00075241
03:38||553718500||416490||0.00075241
03:39||554668500||416490||0.00075241
03:40||553559000||417241||0.00075241
03:41||553539000||417241||0.00075241
03:42||553535000||417241||0.00075241
03:43||553530000||415766||0.00075241
03:44||554479500||415766||0.00075241
03:45||554479500||415766||0.00075241
03:46||554479500||417195||0.00075241
03:47||553529500||417195||0.00075241
03:48||553529500||417195||0.00075241
03:49||553999500||417195||0.00075241
03:50||554479500||417195||0.00075241
03:51||554479500||417196||0.00075241
03:52||554465000||417196||0.00075241
03:53||554465000||417196||0.00075241
03:54||554479500||417196||0.00075241
03:55||556013500||417587||0.00075241
03:56||556013500||417587||0.00075241
03:57||556013500||417587||0.00075241
03:58||556013500||417587||0.00075241
03:59||557497000||419242||0.00075241
04:00||557497000||419242||0.00075241
04:01||557497000||419242||0.00075241
04:02||557497000||419255||0.00075241
04:03||557497000||419676||0.00075241
04:04||557890000||419676||0.00075241
04:05||557888000||419844||0.00075241
04:06||557777500||419844||0.00075241
04:07||557777500||419676||0.00075241
04:08||557777500||419676||0.00075241
04:09||557777500||419676||0.00075241
04:10||552496500||419676||0.00075241
04:11||554456500||419676||0.00075241
04:12||554456500||419676||0.00075241
04:13||554558000||419676||0.00075241
04:14||554558000||419676||0.00075241
04:15||554946500||419676||0.00075241
04:16||555888000||419676||0.00075241
04:17||555888000||419676||0.00075241
04:18||556750000||419676||0.00075241
04:19||556750000||419676||0.00075241
04:20||556750000||419676||0.00075241
04:21||556750000||419676||0.00075241
04:22||556750000||419676||0.00075241
04:23||556750000||419676||0.00075241
04:24||556250000||419676||0.00075241
04:25||556250000||419676||0.00075241
04:26||556250000||419676||0.00075241
04:27||556250000||419676||0.00075241
04:28||556250000||419676||0.00075241
04:29||556025000||419676||0.00075241
04:30||556025000||417625||0.00075241
04:31||556413500||417625||0.00075241
04:32||556375000||417625||0.00075241
04:33||556375000||417625||0.00075241
04:34||556426000||417625||0.00075241
04:35||556426000||417625||0.00075241
04:36||555776000||417625||0.00075241
04:37||555776000||417625||0.00075241
04:38||556426000||417625||0.00075241
04:39||556941500||418339||0.00075241
04:40||557485000||419237||0.00075241
04:41||556981000||419237||0.00075241
04:42||556981000||419237||0.00075241
04:43||556981000||419237||0.00075241
04:44||556981000||419237||0.00075241
04:45||556981000||419237||0.00075241
04:46||556981000||419237||0.00075241
04:47||556981000||419237||0.00075241
04:48||556981000||419237||0.00075241
04:49||556981000||419237||0.00075241
04:50||556981000||419237||0.00075241
04:51||556981000||419237||0.00075241
04:52||556981000||419237||0.00075241
04:53||556981000||419237||0.00075241
04:54||556981000||419237||0.00075241
04:55||556981000||419676||0.00075241
04:56||556981000||419676||0.00075241
04:57||556981000||419676||0.00075241
04:58||556981000||419676||0.00075241
04:59||556981000||419676||0.00075241
05:00||556981000||419676||0.00075241
05:01||556942000||419676||0.00075241
05:02||556942000||419676||0.00075241
05:03||556942000||419676||0.00075241
05:04||556942000||419676||0.00075241
05:05||556592500||419676||0.00075241
05:06||556592500||419676||0.00075241
05:07||556592500||419676||0.00075241
05:08||556185500||419676||0.00075241
05:09||556185500||419676||0.00075241
05:10||555097500||418454||0.00075241
05:11||555097500||418454||0.00075241
05:12||555097500||418454||0.00075241
05:13||555097500||416867||0.00075241
05:14||554022000||416867||0.00075241
05:15||553522000||416835||0.00075241
05:16||553042500||416082||0.00075241
05:17||552541000||415361||0.00075241
05:18||552541000||415361||0.00075241
05:19||552541000||415361||0.00075241
05:20||552520500||416082||0.00075241
05:21||552999500||416082||0.00075241
05:22||552999500||416082||0.00075241
05:23||552999500||416082||0.00075241
05:24||552999500||416082||0.00075241
05:25||552999500||416082||0.00075241
05:26||552999500||416082||0.00075241
05:27||552999500||416081||0.00075241
05:28||552999500||416081||0.00075241
05:29||552999500||416081||0.00075241
05:30||552999500||416081||0.00075241
05:31||552999500||416081||0.00075241
05:32||552999500||416081||0.00075241
05:33||552999500||416081||0.00075241
05:34||552999500||416081||0.00075241
05:35||552999500||416081||0.00075241
05:36||552999500||416081||0.00075241
05:37||552999500||416082||0.00075241
05:38||552999500||416082||0.00075241
05:39||552999500||416082||0.00075241
05:40||552999500||416081||0.00075241
05:41||552999500||416081||0.00075241
05:42||552999500||416081||0.00075241
05:43||552999500||416081||0.00075241
05:44||553040500||416113||0.00075241
05:45||553040500||416112||0.00075241
05:46||553040500||416112||0.00075241
05:47||553040500||416112||0.00075241
05:48||553040500||416112||0.00075241
05:49||553040500||416112||0.00075241
05:50||553603000||416225||0.00075241
05:51||553999500||416225||0.00075241
05:52||553999500||416225||0.00075241
05:53||553999500||416225||0.00075241
05:54||553999500||416225||0.00075241
05:55||553999500||416225||0.00075241
05:56||553999500||416225||0.00075241
05:57||553999500||416834||0.00075241
05:58||553999500||416834||0.00075241
05:59||553999500||416834||0.00075241
06:00||553999500||416834||0.00075241
06:01||551580000||413825||0.00075241
06:02||551540000||413825||0.00075241
06:03||551540000||413825||0.00075241
06:04||551040000||413885||0.00075241
06:05||551040000||413885||0.00075241
06:06||551040000||413885||0.00075241
06:07||551040000||413885||0.00075241
06:08||551040000||413885||0.00075241
06:09||551040000||413885||0.00075241
06:10||551040000||413885||0.00075241
06:11||551040000||413885||0.00075241
06:12||551040000||413885||0.00075241
06:13||551040000||413885||0.00075241
06:14||551040000||413885||0.00075241
06:15||551280500||413885||0.00075241
06:16||551280500||413885||0.00075241
06:17||551280500||414586||0.00075241
06:18||551280500||414586||0.00075241
06:19||551280500||414991||0.00075241
06:20||551280500||414991||0.00075241
06:21||551280500||414991||0.00075241
06:22||551549500||414990||0.00075241
06:23||551549500||414990||0.00075241
06:24||551549500||414990||0.00075241
06:25||552366500||414991||0.00075241
06:26||553601000||416833||0.00075241
06:27||553601000||416833||0.00075241
06:28||553601000||416833||0.00075241
06:29||553601000||416236||0.00075241
06:30||553601000||416236||0.00075241
06:31||553754000||416833||0.00075241
06:32||553749000||416458||0.00075241
06:33||552598000||416458||0.00075241
06:34||552616500||416458||0.00075241
06:35||552765000||416458||0.00075241
06:36||552029500||416457||0.00075241
06:37||552029500||415352||0.00075241
06:38||552029500||415352||0.00075241
06:39||552029500||415352||0.00075241
06:40||552029500||415352||0.00075241
06:41||552029500||415352||0.00075241
06:42||551839500||415352||0.00075241
06:43||551828000||415066||0.00075241
06:44||551828000||415066||0.00075241
06:45||551652500||415071||0.00075241
06:46||551649500||415071||0.00075241
06:47||550841000||415066||0.00075241
06:48||551827500||415330||0.00075241
06:49||551827500||415070||0.00075241
06:50||551827500||415070||0.00075241
06:51||551842500||415070||0.00075241
06:52||552029500||415352||0.00075241
06:53||552029500||415352||0.00075241
06:54||552029500||415352||0.00075241
06:55||552371500||415352||0.00075241
06:56||552371500||415352||0.00075241
06:57||554499500||416835||0.00075241
06:58||554510000||416850||0.00075241
06:59||556399500||418263||0.00075241
07:00||556399000||418263||0.00075241
07:01||556349500||418263||0.00075241
07:02||556349500||418263||0.00075241
07:03||556360500||419017||0.00075241
07:04||556409500||419017||0.00075241
07:05||556397500||419017||0.00075241
07:06||554294500||418188||0.00075241
07:07||554045000||418188||0.00075241
07:08||553545000||415398||0.00075241
07:09||553544500||415398||0.00075241
07:10||553540000||415398||0.00075241
07:11||553495000||415398||0.00075241
07:12||553074000||415398||0.00075241
07:13||552824000||415398||0.00075241
07:14||552623500||415398||0.00075241
07:15||552623500||415398||0.00075241
07:16||552324000||415398||0.00075241
07:17||552324000||415398||0.00075241
07:18||553000500||416082||0.00075241
07:19||553000500||416082||0.00075241
07:20||553000500||416083||0.00075241
07:21||553000500||416082||0.00075241
07:22||553000500||416082||0.00075241
07:23||553250000||416458||0.00075241
07:24||552765000||414577||0.00075241
07:25||553499500||416458||0.00075241
07:26||553499500||416458||0.00075241
07:27||553499500||416458||0.00075241
07:28||553499500||416458||0.00075241
07:29||553499500||416458||0.00075241
07:30||553499500||416458||0.00075241
07:31||553499500||416458||0.00075241
07:32||553499500||416458||0.00075241
07:33||553499500||416458||0.00075241
07:34||553499500||416458||0.00075241
07:35||553499500||416458||0.00075241
07:36||553499500||416458||0.00075241
07:37||553499500||416458||0.00075241
07:38||553499500||416458||0.00075241
07:39||553499500||416458||0.00075241
07:40||553499500||416458||0.00075241
07:41||553255000||416090||0.00075241
07:42||553750000||416533||0.00075241
07:43||553894500||416533||0.00075241
07:44||553894500||416755||0.00075241
07:45||553894500||416755||0.00075241
07:46||553894500||416755||0.00075241
07:47||553894500||416755||0.00075241
07:48||553894500||416755||0.00075241
07:49||554253500||416835||0.00075241
07:50||554428500||417473||0.00075241
07:51||554846500||417473||0.00075241
07:52||554846500||417473||0.00075241
07:53||554997500||417506||0.00075241
07:54||555228500||417923||0.00075241
07:55||555223000||417923||0.00075241
07:56||555778500||417923||0.00075241
07:57||555778500||418172||0.00075241
07:58||555778500||418172||0.00075241
07:59||555778500||418172||0.00075241
08:00||555778500||418172||0.00075241
08:01||555778500||418173||0.00075241
08:02||555778500||418172||0.00075241
08:03||555778500||418172||0.00075241
08:04||555778500||418172||0.00075241
08:05||555778500||418172||0.00075241
08:06||555778500||418172||0.00075241
08:07||555778500||418172||0.00075241
08:08||555778500||418172||0.00075241
08:09||555778500||418172||0.00075241
08:10||554307000||416127||0.00075241
08:11||555499500||416127||0.00075241
08:12||555499500||416127||0.00075241
08:13||555499500||417963||0.00075241
08:14||555499500||417963||0.00075241
08:15||555499500||417963||0.00075241
08:16||555499500||417963||0.00075241
08:17||555499500||417963||0.00075241
08:18||555499500||417963||0.00075241
08:19||555499500||417963||0.00075241
08:20||555499500||417963||0.00075241
08:21||555499500||417963||0.00075241
08:22||555499500||417963||0.00075241
08:23||555499500||417963||0.00075241
08:24||555499500||417963||0.00075241
08:25||555499500||417963||0.00075241
08:26||555499500||417963||0.00075241
08:27||555499500||417963||0.00075241
08:28||555499500||417963||0.00075241
08:29||555499500||417963||0.00075241
08:30||555642500||417963||0.00075241
08:31||555778500||418173||0.00075241
08:32||559504000||420597||0.00075241
08:33||562043500||421725||0.00075241
08:34||563442000||423938||0.00075241
08:35||564220500||425111||0.00075241
08:36||563736000||423938||0.00075241
08:37||563999500||424358||0.00075241
08:38||563999500||424358||0.00075241
08:39||563999500||424358||0.00075241
08:40||564255000||424359||0.00075241
08:41||564490000||424359||0.00075241
08:42||563475500||424359||0.00075241
08:43||563457500||423938||0.00075241
08:44||563439500||423964||0.00075241
08:45||562046500||423937||0.00075241
08:46||560652000||421837||0.00075241
08:47||559821000||421705||0.00075241
08:48||559169500||420724||0.00075241
08:49||557507500||418172||0.00075241
08:50||555923000||418224||0.00075241
08:51||555923000||418224||0.00075241
08:52||555923000||418224||0.00075241
08:53||555923000||418224||0.00075241
08:54||555923000||418224||0.00075241
08:55||557423000||418224||0.00075241
08:56||557529500||418224||0.00075241
08:57||557064000||418224||0.00075241
08:58||556999500||418224||0.00075241
08:59||556999500||419091||0.00075241
09:00||556999500||419091||0.00075241
09:01||556999500||419091||0.00075241
09:02||556999500||419091||0.00075241
09:03||556999500||419092||0.00075241
09:04||556999500||419092||0.00075241
09:05||556999500||419092||0.00075241
09:06||556999500||419092||0.00075241
09:07||556999500||419092||0.00075241
09:08||556999500||419092||0.00075241
09:09||556999500||419092||0.00075241
09:10||556999500||419092||0.00075241
09:11||556999500||419092||0.00075241
09:12||556999500||419092||0.00075241
09:13||558478500||421725||0.00075241
09:14||558478500||421725||0.00075241
09:15||559952500||421725||0.00075241
09:16||559952500||421317||0.00075241
09:17||557490000||421303||0.00075241
09:18||556999500||419091||0.00075241
09:19||556564000||418452||0.00075241
09:20||556150500||418452||0.00075241
09:21||555779500||418339||0.00075241
09:22||555779500||418339||0.00075241
09:23||555779500||418339||0.00075241
09:24||555779500||418339||0.00075241
09:25||555779500||418339||0.00075241
09:26||555779500||418339||0.00075241
09:27||555779500||418174||0.00075241
09:28||555779500||418174||0.00075241
09:29||555779500||418174||0.00075241
09:30||555779500||418174||0.00075241
09:31||555779500||418174||0.00075241
09:32||555779500||418174||0.00075241
09:33||555779500||418174||0.00075241
09:34||555779500||418174||0.00075241
09:35||555779500||418173||0.00075241
09:36||555779500||418173||0.00075241
09:37||555779500||418173||0.00075241
09:38||555779500||418173||0.00075241
09:39||555779500||418174||0.00075241
09:40||555779500||418174||0.00075241
09:41||555779500||418174||0.00075241
09:42||555779500||418173||0.00075241
09:43||555779500||418174||0.00075241
09:44||555779500||418174||0.00075241
09:45||555779500||418174||0.00075241
09:46||555779500||418174||0.00075241
09:47||555779500||418174||0.00075241
09:48||555779500||418174||0.00075241
09:49||555779500||418174||0.00075241
09:50||555779500||418174||0.00075241
09:51||555779500||418174||0.00075241
09:52||555779500||418174||0.00075241
09:53||555779500||418174||0.00075241
09:54||555779500||418174||0.00075241
09:55||555779500||418174||0.00075241
09:56||555779500||418174||0.00075241
09:57||555779500||418174||0.00075241
09:58||555779500||418174||0.00075241
09:59||555779500||418174||0.00075241
10:00||555779500||418174||0.00075241
10:01||555779500||418174||0.00075241
10:02||555779500||418174||0.00075241
10:03||555779500||418174||0.00075241
10:04||555779500||418174||0.00075241
10:05||555779500||418174||0.00075241
10:06||555779500||418174||0.00075241
10:07||555779500||418174||0.00075241
10:08||555779500||418174||0.00075241
10:09||555779500||418174||0.00075241
10:10||555779500||418174||0.00075241
10:11||555779500||418174||0.00075241
10:12||555779500||418173||0.00075241
10:13||555779500||418173||0.00075241
10:14||555779500||418173||0.00075241
10:15||555779500||418173||0.00075241
10:16||555779500||418173||0.00075241
10:17||555779500||418174||0.00075241
10:18||555779500||418174||0.00075241
10:19||555779500||418174||0.00075241
10:20||555779500||418174||0.00075241
10:21||555779500||418174||0.00075241
10:22||555779500||418174||0.00075241
10:23||555779500||418174||0.00075241
10:24||555779500||418174||0.00075241
10:25||555779500||418174||0.00075241
10:26||555779500||418174||0.00075241
10:27||555779500||418174||0.00075241
10:28||555779500||418174||0.00075241
10:29||555779500||418174||0.00075241
10:30||555779500||418174||0.00075241
10:31||555779500||418173||0.00075241
10:32||555779500||418173||0.00075241
10:33||555779500||418173||0.00075241
10:34||555779500||418173||0.00075241
10:35||555779500||418173||0.00075241
10:36||555779500||418173||0.00075241
10:37||555779500||418173||0.00075241
10:38||555779500||418173||0.00075241
10:39||555779500||418173||0.00075241
10:40||555779500||418173||0.00075241
10:41||555779500||418173||0.00075241
10:42||555779500||418173||0.00075241
10:43||555779500||418173||0.00075241
10:44||555779500||418173||0.00075241
10:45||554517500||416278||0.00075241
10:46||554518000||416278||0.00075241
10:47||554518000||416278||0.00075241
10:48||554518000||416278||0.00075241
10:49||554328000||416278||0.00075241
10:50||554328000||416278||0.00075241
10:51||554349500||416278||0.00075241
10:52||554277000||416233||0.00075241
10:53||554109000||416233||0.00075241
10:54||553763000||416233||0.00075241
10:55||553714500||416233||0.00075241
10:56||553799500||416233||0.00075241
10:57||553714000||416233||0.00075241
10:58||554490500||417136||0.00075241
10:59||554493000||418178||0.00075241
11:00||554493000||418178||0.00075241
11:01||554389000||416233||0.00075241
11:02||554340000||416233||0.00075241
11:03||554162000||416233||0.00075241
11:04||554011000||416233||0.00075241
11:05||553883000||416233||0.00075241
11:06||553773500||416233||0.00075241
11:07||553724500||416233||0.00075241
11:08||553725000||416233||0.00075241
11:09||553976000||416233||0.00075241
11:10||553882000||417327||0.00075241
11:11||553773500||417327||0.00075241
11:12||553681000||417327||0.00075241
11:13||554054500||417327||0.00075241
11:14||554054500||417327||0.00075241
11:15||554055000||417327||0.00075241
11:16||554055000||417327||0.00075241
11:17||554055000||417327||0.00075241
11:18||554499500||417327||0.00075241
11:19||554500000||417327||0.00075241
11:20||554501000||417327||0.00075241
11:21||554550000||416910||0.00075241
11:22||557000000||419468||0.00075241
11:23||557075000||417594||0.00075241
11:24||557180000||417594||0.00075241
11:25||557275000||417594||0.00075241
11:26||557126000||417594||0.00075241
11:27||557088500||417594||0.00075241
11:28||557113500||417594||0.00075241
11:29||557151000||417594||0.00075241
11:30||557526000||417594||0.00075241
11:31||556405000||417822||0.00075241
11:32||556405000||417822||0.00075241
11:33||556155000||419092||0.00075241
11:34||556277500||419092||0.00075241
11:35||556997500||418006||0.00075241
11:36||557247500||419092||0.00075241
11:37||557261500||419468||0.00075241
11:38||557309000||419468||0.00075241
11:39||557075000||419468||0.00075241
11:40||557250000||419468||0.00075241
11:41||556856000||417822||0.00075241
11:42||556858000||417822||0.00075241
11:43||556900000||417822||0.00075241
11:44||556900000||417822||0.00075241
11:45||558399500||417822||0.00075241
11:46||556900500||420144||0.00075241
11:47||556900500||420144||0.00075241
11:48||556900500||420144||0.00075241
11:49||556902000||420144||0.00075241
11:50||556902000||420144||0.00075241
11:51||556902500||420145||0.00075241
11:52||556926000||420145||0.00075241
11:53||556726000||420145||0.00075241
11:54||556976000||419844||0.00075241
11:55||555976000||419844||0.00075241
11:56||556999500||418716||0.00075241
11:57||556999500||418716||0.00075241
11:58||556999500||419092||0.00075241
11:59||557499500||419468||0.00075241
12:00||557499500||419468||0.00075241
12:01||557103000||420559||0.00075241
12:02||557081000||420559||0.00075241
12:03||557178000||420527||0.00075241
12:04||557182500||420527||0.00075241
12:05||557182500||420527||0.00075241
12:06||557182500||420527||0.00075241
12:07||557582500||420527||0.00075241
12:08||557582500||420527||0.00075241
12:09||557258000||420527||0.00075241
12:10||557258000||420527||0.00075241
12:11||557253500||420527||0.00075241
12:12||557129500||420527||0.00075241
12:13||557130000||420527||0.00075241
12:14||557583500||420526||0.00075241
12:15||557583500||420526||0.00075241
12:16||557583500||420526||0.00075241
12:17||557583500||420526||0.00075241
12:18||557580500||420526||0.00075241
12:19||557585000||420526||0.00075241
12:20||558080500||420521||0.00075241
12:21||558080000||420521||0.00075241
12:22||558080000||420521||0.00075241
12:23||558080000||420521||0.00075241
12:24||558079500||420520||0.00075241
12:25||558079500||420520||0.00075241
12:26||558898500||420520||0.00075241
12:27||558898500||420520||0.00075241
12:28||559449000||421349||0.00075241
12:29||559698000||421724||0.00075241
12:30||560499000||421724||0.00075241
12:31||559699000||420520||0.00075241
12:32||562872000||423417||0.00075241
12:33||560946000||420520||0.00075241
12:34||560946000||423602||0.00075241
12:35||560997000||423602||0.00075241
12:36||561997000||423602||0.00075241
12:37||561250000||423602||0.00075241
12:38||562129500||422478||0.00075241
12:39||562129500||422478||0.00075241
12:40||561979500||422102||0.00075241
12:41||559575500||419957||0.00075241
12:42||560677000||422102||0.00075241
12:43||559750500||422102||0.00075241
12:44||559751000||422102||0.00075241
12:45||560999500||422102||0.00075241
12:46||560999500||422102||0.00075241
12:47||561050000||422102||0.00075241
12:48||561050000||421424||0.00075241
12:49||561050000||421424||0.00075241
12:50||561050000||421424||0.00075241
12:51||561999500||421424||0.00075241
12:52||561999500||421424||0.00075241
12:53||561999500||421424||0.00075241
12:54||561999500||421424||0.00075241
12:55||561999500||421424||0.00075241
12:56||561999500||421424||0.00075241
12:57||561999500||421424||0.00075241
12:58||561999500||422854||0.00075241
12:59||561999500||422854||0.00075241
13:00||561999500||422854||0.00075241
13:01||561999500||422854||0.00075241
13:02||561999500||422854||0.00075241
13:03||561999500||422854||0.00075241
13:04||562427000||422854||0.00075241
13:05||562418500||422854||0.00075241
13:06||562468500||422854||0.00075241
13:07||562550000||423606||0.00075241
13:08||562600000||423004||0.00075241
13:09||562592000||423004||0.00075241
13:10||562592000||423004||0.00075241
13:11||562592000||423004||0.00075241
13:12||562580500||423005||0.00075241
13:13||562580500||423005||0.00075241
13:14||562126500||422929||0.00075241
13:15||560436500||422853||0.00075241
13:16||560191500||422853||0.00075241
13:17||560196500||422758||0.00075241
13:18||560936500||422758||0.00075241
13:19||560191500||420228||0.00075241
13:20||560194000||420228||0.00075241
13:21||560153500||420221||0.00075241
13:22||560153500||420221||0.00075241
13:23||560153500||420221||0.00075241
13:24||559250500||420222||0.00075241
13:25||559251000||421349||0.00075241
13:26||560652000||420222||0.00075241
13:27||560652000||420222||0.00075241
13:28||559629000||420222||0.00075241
13:29||558552000||420222||0.00075241
13:30||558552000||420222||0.00075241
13:31||558552000||420222||0.00075241
13:32||558601500||420297||0.00075241
13:33||558301000||419844||0.00075241
13:34||557961000||420297||0.00075241
13:35||557961000||420297||0.00075241
13:36||559886000||420297||0.00075241
13:37||559886000||420297||0.00075241
13:38||561351500||420297||0.00075241
13:39||559786000||423043||0.00075241
13:40||559786000||423043||0.00075241
13:41||559790000||423043||0.00075241
13:42||559740000||419339||0.00075241
13:43||559331000||419339||0.00075241
13:44||559060500||419339||0.00075241
13:45||558795000||419339||0.00075241
13:46||558568500||419339||0.00075241
13:47||558567500||419339||0.00075241
13:48||559573000||421203||0.00075241
13:49||559271000||421203||0.00075241
13:50||559116500||421203||0.00075241
13:51||558843000||421203||0.00075241
13:52||558637500||421203||0.00075241
13:53||558636500||421203||0.00075241
13:54||561730000||422259||0.00075241
13:55||560128000||422259||0.00075241
13:56||560128000||422259||0.00075241
13:57||562250500||422259||0.00075241
13:58||561125500||422259||0.00075241
13:59||561127500||422259||0.00075241
14:00||561127500||422259||0.00075241
14:01||561127500||422259||0.00075241
14:02||561127500||422259||0.00075241
14:03||560005500||422259||0.00075241
14:04||560502500||421354||0.00075241
14:05||561127500||422854||0.00075241
14:06||561128000||423043||0.00075241
14:07||561128000||423043||0.00075241
14:08||561128000||423043||0.00075241
14:09||561128000||423043||0.00075241
14:10||561175000||423043||0.00075241
14:11||561175000||423042||0.00075241
14:12||561153500||423042||0.00075241
14:13||561154000||423042||0.00075241
14:14||561154000||423042||0.00075241
14:15||561158500||423010||0.00075241
14:16||560791000||423010||0.00075241
14:17||560805000||422102||0.00075241
14:18||561250000||422102||0.00075241
14:19||561607500||422478||0.00075241
14:20||561650000||422478||0.00075241
14:21||562451000||423193||0.00075241
14:22||561737000||422139||0.00075241
14:23||561737000||422139||0.00075241
14:24||561737000||423173||0.00075241
14:25||562438000||423173||0.00075241
14:26||561756000||423173||0.00075241
14:27||561756000||423173||0.00075241
14:28||561756000||423173||0.00075241
14:29||561803500||423173||0.00075241
14:30||561803500||423173||0.00075241
14:31||561977000||423455||0.00075241
14:32||562577500||423455||0.00075241
14:33||562577500||423455||0.00075241
14:34||562963500||423606||0.00075241
14:35||562963500||423606||0.00075241
14:36||562961000||422971||0.00075241
14:37||562961000||422971||0.00075241
14:38||562944500||422971||0.00075241
14:39||562944500||422971||0.00075241
14:40||562799500||422971||0.00075241
14:41||562155500||422971||0.00075241
14:42||562155500||422971||0.00075241
14:43||562691500||422971||0.00075241
14:44||562847000||423907||0.00075241
14:45||562845000||423937||0.00075241
14:46||562833000||423937||0.00075241
14:47||562818500||423042||0.00075241
14:48||562818500||423042||0.00075241
14:49||562818500||423042||0.00075241
14:50||562818500||423042||0.00075241
14:51||562818500||423042||0.00075241
14:52||562818500||423042||0.00075241
14:53||562818500||423042||0.00075241
14:54||562818500||423042||0.00075241
14:55||562818500||423042||0.00075241
14:56||562818500||423898||0.00075241
14:57||562818500||423898||0.00075241
14:58||562818500||423898||0.00075241
14:59||562818500||423898||0.00075241
15:00||562818500||423898||0.00075241
15:01||562789000||423870||0.00075241
15:02||562789000||423870||0.00075241
15:03||563039000||423853||0.00075241
15:04||561633000||422971||0.00075241
15:05||561150500||422971||0.00075241
15:06||561150500||422971||0.00075241
15:07||561150500||422971||0.00075241
15:08||561150500||422971||0.00075241
15:09||561150500||422215||0.00075241
15:10||561150500||422214||0.00075241
15:11||561150500||422214||0.00075241
15:12||561150500||422214||0.00075241
15:13||560538500||422196||0.00075241
15:14||560538500||422196||0.00075241
15:15||560006500||422196||0.00075241
15:16||558454000||420597||0.00075241
15:17||558454000||419882||0.00075241
15:18||558454000||419882||0.00075241
15:19||558454500||419882||0.00075241
15:20||557691500||419882||0.00075241
15:21||558645000||419882||0.00075241
15:22||559002500||419882||0.00075241
15:23||559002500||421314||0.00075241
15:24||559002500||421314||0.00075241
15:25||559002500||421314||0.00075241
15:26||559002500||421314||0.00075241
15:27||559002500||421314||0.00075241
15:28||559002500||421314||0.00075241
15:29||558934500||421314||0.00075241
15:30||558934500||421314||0.00075241
15:31||558934500||421314||0.00075241
15:32||558897500||419883||0.00075241
15:33||558395500||419333||0.00075241
15:34||558309000||419333||0.00075241
15:35||558310000||419333||0.00075241
15:36||558310000||419339||0.00075241
15:37||558310000||419339||0.00075241
15:38||558313500||419339||0.00075241
15:39||558313500||419339||0.00075241
15:40||558313500||419339||0.00075241
15:41||558313500||420816||0.00075241
15:42||558197000||420816||0.00075241
15:43||558093000||420816||0.00075241
15:44||558001000||419344||0.00075241
15:45||557918500||419344||0.00075241
15:46||557825500||419344||0.00075241
15:47||557743500||419344||0.00075241
15:48||557676000||419344||0.00075241
15:49||557624500||419344||0.00075241
15:50||557574000||419344||0.00075241
15:51||557531000||419654||0.00075241
15:52||557494000||419654||0.00075241
15:53||557478000||419654||0.00075241
15:54||557443000||419289||0.00075241
15:55||557265500||419289||0.00075241
15:56||557265500||419289||0.00075241
15:57||557265500||419291||0.00075241
15:58||557265500||419291||0.00075241
15:59||557265500||419291||0.00075241
16:00||557265500||419291||0.00075241
16:01||557265500||419291||0.00075241
16:02||557590500||419292||0.00075241
16:03||557590500||419292||0.00075241
16:04||557590500||419292||0.00075241
16:05||557590000||419292||0.00075241
16:06||557590000||419292||0.00075241
16:07||557591000||419291||0.00075241
16:08||557914500||419291||0.00075241
16:09||557914500||419291||0.00075241
16:10||557914500||419291||0.00075241
16:11||557914500||419291||0.00075241
16:12||557914500||419291||0.00075241
16:13||557914500||419291||0.00075241
16:14||557914500||419780||0.00075241
16:15||557914500||419780||0.00075241
16:16||557914500||419780||0.00075241
16:17||557914500||419780||0.00075241
16:18||558372000||419790||0.00075241
16:19||558365000||419790||0.00075241
16:20||558957000||420458||0.00075241
16:21||558957500||420458||0.00075241
16:22||559000000||420458||0.00075241
16:23||559000000||420458||0.00075241
16:24||559000000||420458||0.00075241
16:25||558980000||420458||0.00075241
16:26||559135000||420458||0.00075241
16:27||559135000||420078||0.00075241
16:28||559135000||420078||0.00075241
16:29||559030000||419920||0.00075241
16:30||559030000||421319||0.00075241
16:31||559030000||421319||0.00075241
16:32||559030000||421319||0.00075241
16:33||558786000||421319||0.00075241
16:34||558786000||421319||0.00075241
16:35||558786000||421319||0.00075241
16:36||558771500||421319||0.00075241
16:37||558771500||421319||0.00075241
16:38||558771500||421319||0.00075241
16:39||558771500||421319||0.00075241
16:40||558771500||421319||0.00075241
16:41||558771500||421319||0.00075241
16:42||558771500||421319||0.00075241
16:43||558771500||419920||0.00075241
16:44||558771500||419920||0.00075241
16:45||558771500||419920||0.00075241
16:46||558771500||419920||0.00075241
16:47||558771500||419920||0.00075241
16:48||558737000||419920||0.00075241
16:49||558737000||419920||0.00075241
16:50||558737000||420878||0.00075241
16:51||558937000||420878||0.00075241
16:52||558937000||420220||0.00075241
16:53||558937000||420220||0.00075241
16:54||558937000||420220||0.00075241
16:55||558937000||420220||0.00075241
16:56||558937000||420220||0.00075241
16:57||558937000||420220||0.00075241
16:58||558928000||420220||0.00075241
16:59||558928000||420220||0.00075241
17:00||558928000||420220||0.00075241
17:01||558928000||420220||0.00075241
17:02||558928000||420220||0.00075241
17:03||558928000||420865||0.00075241
17:04||558928000||420865||0.00075241
17:05||558928000||420865||0.00075241
17:06||558928000||420865||0.00075241
17:07||558928000||420865||0.00075241
17:08||558928000||420865||0.00075241
17:09||558928000||420865||0.00075241
17:10||558625000||420865||0.00075241
17:11||558500500||420221||0.00075241
17:12||558010000||419920||0.00075241
17:13||558010000||419920||0.00075241
17:14||558010000||419920||0.00075241
17:15||558045000||419920||0.00075241
17:16||558370000||420409||0.00075241
17:17||558425000||420409||0.00075241
17:18||558749500||420409||0.00075241
17:19||558749500||420409||0.00075241
17:20||558749500||420409||0.00075241
17:21||558749500||420409||0.00075241
17:22||558749500||420409||0.00075241
17:23||558749500||420409||0.00075241
17:24||558749500||420409||0.00075241
17:25||560317500||422816||0.00075241
17:26||560237000||422816||0.00075241
17:27||560237000||422647||0.00075241
17:28||560237000||422647||0.00075241
17:29||560097000||422647||0.00075241
17:30||558999500||422647||0.00075241
17:31||558999500||422647||0.00075241
17:32||558999500||420597||0.00075241
17:33||558999500||420596||0.00075241
17:34||558999500||420596||0.00075241
17:35||558999500||420596||0.00075241
17:36||558999500||420596||0.00075241
17:37||558999500||420596||0.00075241
17:38||558999500||420596||0.00075241
17:39||558999500||420596||0.00075241
17:40||558999500||420596||0.00075241
17:41||558999500||420597||0.00075241
17:42||558999500||420597||0.00075241
17:43||558999500||420597||0.00075241
17:44||558999500||420597||0.00075241
17:45||558999500||420597||0.00075241
17:46||558999500||420597||0.00075241
17:47||558999500||420597||0.00075241
17:48||558999500||420597||0.00075241
17:49||558999500||420596||0.00075241
17:50||558999500||420596||0.00075241
17:51||558999500||420596||0.00075241
17:52||558999500||420596||0.00075241
17:53||559499000||420597||0.00075241
17:54||559499000||420597||0.00075241
17:55||559499000||420597||0.00075241
17:56||559499000||420597||0.00075241
17:57||559499000||420597||0.00075241
17:58||559499000||420597||0.00075241
17:59||559499000||420597||0.00075241
18:00||559499000||420597||0.00075241
18:01||559499000||421348||0.00075241
18:02||559499000||421348||0.00075241
18:03||559499000||421348||0.00075241
18:04||559499000||421348||0.00075241
18:05||559499000||421348||0.00075241
18:06||560247000||422474||0.00075241
18:07||560247000||422474||0.00075241
18:08||560247000||422474||0.00075241
18:09||560247500||422474||0.00075241
18:10||560247500||422474||0.00075241
18:11||560247500||422474||0.00075241
18:12||560247500||422474||0.00075241
18:13||560247500||420597||0.00075241
18:14||560249000||422476||0.00075241
18:15||560249000||420597||0.00075241
18:16||560249000||420597||0.00075241
18:17||560249000||420597||0.00075241
18:18||560248500||420596||0.00075241
18:19||560223500||420596||0.00075241
18:20||560150000||420596||0.00075241
18:21||560150000||420596||0.00075241
18:22||560150000||422328||0.00075241
18:23||560150000||422328||0.00075241
18:24||560150000||422328||0.00075241
18:25||560150500||422328||0.00075241
18:26||560150500||422328||0.00075241
18:27||560150500||422328||0.00075241
18:28||560150500||422328||0.00075241
18:29||560127000||422328||0.00075241
18:30||559972000||422328||0.00075241
18:31||559768500||420596||0.00075241
18:32||559646500||420596||0.00075241
18:33||559519000||420596||0.00075241
18:34||558999500||420596||0.00075241
18:35||558999500||420596||0.00075241
18:36||558999500||420596||0.00075241
18:37||558999500||420596||0.00075241
18:38||558999500||420596||0.00075241
18:39||558999500||420596||0.00075241
18:40||558999500||420596||0.00075241
18:41||558999500||420596||0.00075241
18:42||558999500||420596||0.00075241
18:43||558999500||420596||0.00075241
18:44||558999500||420596||0.00075241
18:45||558999500||420597||0.00075241
18:46||558999500||420597||0.00075241
18:47||558999500||420597||0.00075241
18:48||558999500||420597||0.00075241
18:49||558999500||420597||0.00075241
18:50||558999500||420597||0.00075241
18:51||558999500||420597||0.00075241
18:52||558999500||420597||0.00075241
18:53||558999500||420597||0.00075241
18:54||558999500||420597||0.00075241
18:55||558999500||420597||0.00075241
18:56||558999500||420597||0.00075241
18:57||558999500||420597||0.00075241
18:58||558999500||420597||0.00075241
18:59||558999500||420221||0.00075241
19:00||558750500||420221||0.00075241
19:01||558745500||420221||0.00075241
19:02||558745500||420221||0.00075241
19:03||558514000||420221||0.00075241
19:04||558455000||420221||0.00075241
19:05||558050500||420221||0.00075241
19:06||558050500||420221||0.00075241
19:07||558050500||419882||0.00075241
19:08||558050500||419882||0.00075241
19:09||558050500||419882||0.00075241
19:10||558050500||419882||0.00075241
19:11||558050500||419882||0.00075241
19:12||558050500||419882||0.00075241
19:13||558050500||419882||0.00075241
19:14||558050500||419882||0.00075241
19:15||558050500||419882||0.00075241
19:16||558050500||419882||0.00075241
19:17||558050500||419882||0.00075241
19:18||558050500||419882||0.00075241
19:19||558050500||419882||0.00075241
19:20||558050500||419882||0.00075241
19:21||558050500||419882||0.00075241
19:22||558050500||419882||0.00075241
19:23||558050500||419882||0.00075241
19:24||558050500||419883||0.00075241
19:25||558050500||419883||0.00075241
19:26||558050500||419883||0.00075241
19:27||558050500||419883||0.00075241
19:28||558050500||419883||0.00075241
19:29||558050500||419883||0.00075241
19:30||558050500||419883||0.00075241
19:31||558050500||419883||0.00075241
19:32||558050500||419883||0.00075241
19:33||558050500||419883||0.00075241
19:34||558050500||419883||0.00075241
19:35||558050500||419882||0.00075241
19:36||558050500||419882||0.00075241
19:37||558050500||419883||0.00075241
19:38||558050500||419883||0.00075241
19:39||558050500||419883||0.00075241
19:40||558525000||419883||0.00075241
19:41||558525000||419883||0.00075241
19:42||559024000||420597||0.00075241
19:43||559025000||421348||0.00075241
19:44||559025000||421348||0.00075241
19:45||559025000||421348||0.00075241
19:46||559025000||421348||0.00075241
19:47||559025000||421348||0.00075241
19:48||559025000||421348||0.00075241
19:49||559774000||422854||0.00075241
19:50||560025000||422853||0.00075241
19:51||561012000||422853||0.00075241
19:52||560074500||422853||0.00075241
19:53||560074500||422853||0.00075241
19:54||560074000||422853||0.00075241
19:55||560079000||422853||0.00075241
19:56||560079000||422853||0.00075241
19:57||560095500||422847||0.00075241
19:58||560099000||422854||0.00075241
19:59||561999500||422861||0.00075241
20:00||561999500||422854||0.00075241
20:01||561999500||422854||0.00075241
20:02||561999500||422854||0.00075241
20:03||563166000||423676||0.00075241
20:04||562694500||422853||0.00075241
20:05||563869500||424735||0.00075241
20:06||564119500||424735||0.00075241
20:07||568250000||427745||0.00075241
20:08||568092000||428259||0.00075241
20:09||572034000||432635||0.00075241
20:10||573470000||432590||0.00075241
20:11||573470500||430379||0.00075241
20:12||571505000||430378||0.00075241
20:13||571344000||430378||0.00075241
20:14||571000000||430378||0.00075241
20:15||571999500||431130||0.00075241
20:16||572470000||429625||0.00075241
20:17||571575000||429625||0.00075241
20:18||572499500||430378||0.00075241
20:19||573000000||431883||0.00075241
20:20||573999500||431883||0.00075241
20:21||574499500||432635||0.00075241
20:22||573999500||433373||0.00075241
20:23||574499500||434892||0.00075241
20:24||574750000||432259||0.00075241
20:25||575250000||433388||0.00075241
20:26||575992500||433388||0.00075241
20:27||575997500||433388||0.00075241
20:28||575238500||433372||0.00075241
20:29||575243500||433372||0.00075241
20:30||575266000||433372||0.00075241
20:31||575219500||432372||0.00075241
20:32||575080500||432304||0.00075241
20:33||575205500||432304||0.00075241
20:34||575204500||432945||0.00075241
20:35||575205500||432945||0.00075241
20:36||575204000||432945||0.00075241
20:37||575582000||432944||0.00075241
20:38||576998000||434139||0.00075241
20:39||577997500||434890||0.00075241
20:40||578488000||435645||0.00075241
20:41||578426500||435596||0.00075241
20:42||578363500||434891||0.00075241
20:43||578569000||435409||0.00075241
20:44||578835500||435409||0.00075241
20:45||578999000||435645||0.00075241
20:46||579089000||435779||0.00075241
20:47||579068500||435779||0.00075241
20:48||579047000||435779||0.00075241
20:49||579029500||435779||0.00075241
20:50||579000500||435646||0.00075241
20:51||579000500||435646||0.00075241
20:52||579000500||435646||0.00075241
20:53||578500500||435645||0.00075241
20:54||579000500||435645||0.00075241
20:55||579000500||435645||0.00075241
20:56||578600500||435795||0.00075241
20:57||578600500||435795||0.00075241
20:58||578588500||435795||0.00075241
20:59||578588500||435795||0.00075241
21:00||578539500||435795||0.00075241
21:01||578564000||435795||0.00075241
21:02||578510000||435675||0.00075241
21:03||578001500||434893||0.00075241
21:04||578001500||434893||0.00075241
21:05||578001500||434893||0.00075241
21:06||578001500||434893||0.00075241
21:07||578001500||434893||0.00075241
21:08||578001500||434893||0.00075241
21:09||578001500||434893||0.00075241
21:10||578001500||434894||0.00075241
21:11||578001500||434894||0.00075241
21:12||578001500||434893||0.00075241
21:13||578530000||434894||0.00075241
21:14||578531000||435667||0.00075241
21:15||578981000||435667||0.00075241
21:16||578981000||435667||0.00075241
21:17||578982000||435667||0.00075241
21:18||579448000||436284||0.00075241
21:19||581262500||437150||0.00075241
21:20||582361000||437150||0.00075241
21:21||582705500||438655||0.00075241
21:22||582699500||438647||0.00075241
21:23||582838000||438420||0.00075241
21:24||582688500||438421||0.00075241
21:25||582688500||438421||0.00075241
21:26||582688500||438421||0.00075241
21:27||570928500||413863||0.00075241
21:28||571610000||413863||0.00075241
21:29||575819000||413863||0.00075241
21:30||580458000||437074||0.00075241
21:31||580903000||437458||0.00075241
21:32||581103500||437450||0.00075241
21:33||581125000||437450||0.00075241
21:34||581000500||437450||0.00075241
21:35||580900500||436999||0.00075241
21:36||580900500||436999||0.00075241
21:37||579139000||436999||0.00075241
21:38||578889000||437150||0.00075241
21:39||579000500||437150||0.00075241
21:40||578881000||436397||0.00075241
21:41||579119000||436397||0.00075241
21:42||579241500||435154||0.00075241
21:43||579348000||436397||0.00075241
21:44||579440000||436397||0.00075241
21:45||579999500||436397||0.00075241
21:46||578896500||434554||0.00075241
21:47||579049500||434554||0.00075241
21:48||579197000||435025||0.00075241
21:49||578770000||435025||0.00075241
21:50||578802000||435362||0.00075241
21:51||578814000||435362||0.00075241
21:52||578097500||434291||0.00075241
21:53||578115500||434291||0.00075241
21:54||578896500||436396||0.00075241
21:55||578749500||435457||0.00075241
21:56||579373000||435457||0.00075241
21:57||578833000||435582||0.00075241
21:58||577875000||434704||0.00075241
21:59||577750500||434704||0.00075241
22:00||577750500||434704||0.00075241
22:01||577750500||434705||0.00075241
22:02||577475500||434704||0.00075241
22:03||576404000||432678||0.00075241
22:04||576404000||432678||0.00075241
22:05||573980500||434705||0.00075241
22:06||572555500||432665||0.00075241
22:07||572605500||432665||0.00075241
22:08||571999500||429024||0.00075241
22:09||571999500||429024||0.00075241
22:10||573499500||432635||0.00075241
22:11||571554500||429031||0.00075241
22:12||571250000||429031||0.00075241
22:13||570977000||429031||0.00075241
22:14||570977000||429031||0.00075241
22:15||570977000||429031||0.00075241
22:16||570999500||429591||0.00075241
22:17||572999500||432635||0.00075241
22:18||572500000||432635||0.00075241
22:19||571999500||432635||0.00075241
22:20||571999500||432635||0.00075241
22:21||571999500||432635||0.00075241
22:22||571999500||432635||0.00075241
22:23||571999500||432635||0.00075241
22:24||571999500||432635||0.00075241
22:25||572500000||430378||0.00075241
22:26||573500000||432635||0.00075241
22:27||573995000||433380||0.00075241
22:28||574045000||433380||0.00075241
22:29||574000000||433380||0.00075241
22:30||573550000||433380||0.00075241
22:31||573550000||433380||0.00075241
22:32||573550000||433380||0.00075241
22:33||573550500||433380||0.00075241
22:34||573550500||433380||0.00075241
22:35||573550500||432635||0.00075241
22:36||573550500||432635||0.00075241
22:37||573550500||432635||0.00075241
22:38||573550500||432635||0.00075241
22:39||573552500||432635||0.00075241
22:40||573550000||432635||0.00075241
22:41||573550000||432635||0.00075241
22:42||573552500||432635||0.00075241
22:43||573552500||432635||0.00075241
22:44||573552500||432635||0.00075241
22:45||574997500||432631||0.00075241
22:46||573555000||432631||0.00075241
22:47||573555000||432635||0.00075241
22:48||573555500||432635||0.00075241
22:49||573555500||432635||0.00075241
22:50||573560000||432635||0.00075241
22:51||574560000||432635||0.00075241
22:52||574160000||432635||0.00075241
22:53||574160000||432635||0.00075241
22:54||574160000||432635||0.00075241
22:55||573160000||430468||0.00075241
22:56||574199500||430468||0.00075241
22:57||574199500||430468||0.00075241
22:58||574199500||430468||0.00075241
22:59||574199500||430468||0.00075241
23:00||574599000||432033||0.00075241
23:01||574599000||432033||0.00075241
23:02||574599000||432033||0.00075241
23:03||574199500||432033||0.00075241
23:04||574199500||432033||0.00075241
23:05||574199500||432033||0.00075241
23:06||574199500||432033||0.00075241
23:07||574199500||432033||0.00075241
23:08||574199500||432033||0.00075241
23:09||574199500||432033||0.00075241
23:10||574199500||432033||0.00075241
23:11||574599000||432033||0.00075241
23:12||574591000||432033||0.00075241
23:13||573118500||430468||0.00075241
23:14||572110500||430468||0.00075241
23:15||572115000||430468||0.00075241
23:16||572115000||430468||0.00075241
23:17||572117500||430468||0.00075241
23:18||572117500||430468||0.00075241
23:19||573557000||430468||0.00075241
23:20||573528000||430468||0.00075241
23:21||574028500||430468||0.00075241
23:22||572747000||430468||0.00075241
23:23||572747000||430468||0.00075241
23:24||572747000||430468||0.00075241
23:25||573373500||431412||0.00075241
23:26||571737000||430377||0.00075241
23:27||571737000||430377||0.00075241
23:28||571506000||428948||0.00075241
23:29||571506000||428948||0.00075241
23:30||571506000||428948||0.00075241
23:31||570525500||428948||0.00075241
23:32||570499500||429249||0.00075241
23:33||570499500||429249||0.00075241
23:34||570499500||429249||0.00075241
23:35||570499500||429249||0.00075241
23:36||570499500||429249||0.00075241
23:37||570499500||429249||0.00075241
23:38||570251000||429249||0.00075241
23:39||570251000||429249||0.00075241
23:40||568306000||428873||0.00075241
23:41||568306000||428873||0.00075241
23:42||568306000||428873||0.00075241
23:43||566829500||428873||0.00075241
23:44||566666500||426365||0.00075241
23:45||566666500||426365||0.00075241
23:46||566666500||426365||0.00075241
23:47||566666500||426365||0.00075241
23:48||565993500||426365||0.00075241
23:49||562658000||425352||0.00075241
23:50||560100500||421425||0.00075241
23:51||560100500||421424||0.00075241
23:52||560100500||421424||0.00075241
23:53||560100500||421425||0.00075241
23:54||563384000||425488||0.00075241
23:55||564333500||425488||0.00075241
23:56||564287000||425488||0.00075241
23:57||563000000||425488||0.00075241
23:58||562999500||425488||0.00075241
23:59||565499500||425488||0.00075241
