00:00||625269500||469511||0.00075241
00:01||625865500||469511||0.00075241
00:02||625865500||469511||0.00075241
00:03||625865500||469511||0.00075241
00:04||625867000||469511||0.00075241
00:05||625867000||469511||0.00075241
00:06||625867000||469511||0.00075241
00:07||625867000||469511||0.00075241
00:08||625868000||469511||0.00075241
00:09||625868000||469511||0.00075241
00:10||625868000||469511||0.00075241
00:11||625873000||469511||0.00075241
00:12||625874500||469511||0.00075241
00:13||626342500||469511||0.00075241
00:14||626346500||472276||0.00075241
00:15||626349500||472276||0.00075241
00:16||626351500||472276||0.00075241
00:17||630600000||476275||0.00075241
00:18||630614500||476275||0.00075241
00:19||631194000||476943||0.00075241
00:20||631448500||476943||0.00075241
00:21||631844500||476943||0.00075241
00:22||631944500||476943||0.00075241
00:23||632195000||476943||0.00075241
00:24||632199500||476943||0.00075241
00:25||632199500||476943||0.00075241
00:26||632199500||476943||0.00075241
00:27||632209500||476943||0.00075241
00:28||632210000||476943||0.00075241
00:29||632211500||474420||0.00075241
00:30||632216500||474420||0.00075241
00:31||632220500||474420||0.00075241
00:32||632226500||474420||0.00075241
00:33||632232500||474420||0.00075241
00:34||633042000||477780||0.00075241
00:35||633546000||478532||0.00075241
00:36||635900000||478532||0.00075241
00:37||633997000||478532||0.00075241
00:38||635049000||478532||0.00075241
00:39||635501000||478532||0.00075241
00:40||633551500||478532||0.00075241
00:41||633553000||478907||0.00075241
00:42||633555500||478908||0.00075241
00:43||633807000||478908||0.00075241
00:44||633809000||478908||0.00075241
00:45||636001000||478908||0.00075241
00:46||636999500||478908||0.00075241
00:47||636999500||478908||0.00075241
00:48||636999500||478908||0.00075241
00:49||636999500||479285||0.00075241
00:50||636999500||479285||0.00075241
00:51||636999500||479285||0.00075241
00:52||636999500||479285||0.00075241
00:53||637999500||480788||0.00075241
00:54||637999500||480788||0.00075241
00:55||637999500||480788||0.00075241
00:56||638000000||480788||0.00075241
00:57||638000000||480788||0.00075241
00:58||638000000||480788||0.00075241
00:59||638000000||480788||0.00075241
01:00||638000000||480788||0.00075241
01:01||638958500||480788||0.00075241
01:02||638958500||480788||0.00075241
01:03||637980000||480788||0.00075241
01:04||637960500||480788||0.00075241
01:05||637960500||480788||0.00075241
01:06||637960500||480788||0.00075241
01:07||637960500||480788||0.00075241
01:08||637960500||480788||0.00075241
01:09||637920500||479285||0.00075241
01:10||637793000||479285||0.00075241
01:11||633793500||479284||0.00075241
01:12||634708500||479284||0.00075241
01:13||634313000||479284||0.00075241
01:14||633957500||479284||0.00075241
01:15||633574000||479284||0.00075241
01:16||633235000||479284||0.00075241
01:17||632846500||474498||0.00075241
01:18||632738500||474498||0.00075241
01:19||632743000||474498||0.00075241
01:20||632744500||474498||0.00075241
01:21||632746000||474498||0.00075241
01:22||632362500||474498||0.00075241
01:23||632295000||474498||0.00075241
01:24||632295000||474498||0.00075241
01:25||632295000||474498||0.00075241
01:26||632295000||474498||0.00075241
01:27||634748000||477611||0.00075241
01:28||634830500||477611||0.00075241
01:29||634830500||477611||0.00075241
01:30||634830500||477611||0.00075241
01:31||636975000||477611||0.00075241
01:32||636975000||477611||0.00075241
01:33||636975000||477611||0.00075241
01:34||634830500||477611||0.00075241
01:35||634830500||477611||0.00075241
01:36||634667000||477611||0.00075241
01:37||634587000||477611||0.00075241
01:38||634587000||477611||0.00075241
01:39||634587000||477611||0.00075241
01:40||634587000||477611||0.00075241
01:41||634587000||477611||0.00075241
01:42||634587000||477611||0.00075241
01:43||634587000||477611||0.00075241
01:44||634587000||477611||0.00075241
01:45||634587000||477611||0.00075241
01:46||634587000||477611||0.00075241
01:47||634587000||477611||0.00075241
01:48||634587000||477611||0.00075241
01:49||634587000||477611||0.00075241
01:50||634587000||477611||0.00075241
01:51||634587000||477611||0.00075241
01:52||634587000||477611||0.00075241
01:53||634587000||477611||0.00075241
01:54||634587000||477611||0.00075241
01:55||634587000||477611||0.00075241
01:56||634587000||477611||0.00075241
01:57||634587000||477611||0.00075241
01:58||634587000||477611||0.00075241
01:59||634587000||477611||0.00075241
02:00||634731500||477611||0.00075241
02:01||634731500||477611||0.00075241
02:02||634732000||477611||0.00075241
02:03||634731500||474770||0.00075241
02:04||634731500||474770||0.00075241
02:05||634656500||474770||0.00075241
02:06||634656500||474770||0.00075241
02:07||634656500||474770||0.00075241
02:08||634656500||474770||0.00075241
02:09||634656500||474770||0.00075241
02:10||634657500||474770||0.00075241
02:11||634657500||474770||0.00075241
02:12||634657500||474770||0.00075241
02:13||634657500||474770||0.00075241
02:14||634657500||474770||0.00075241
02:15||634657500||474770||0.00075241
02:16||633941000||474770||0.00075241
02:17||633941000||474770||0.00075241
02:18||626000000||471761||0.00075241
02:19||626000000||471761||0.00075241
02:20||626000000||471761||0.00075241
02:21||626000000||471761||0.00075241
02:22||626000000||471761||0.00075241
02:23||626000000||471759||0.00075241
02:24||626001500||471759||0.00075241
02:25||626001500||471759||0.00075241
02:26||626004500||471759||0.00075241
02:27||626005500||471761||0.00075241
02:28||626009000||471761||0.00075241
02:29||626010500||471761||0.00075241
02:30||626010500||471761||0.00075241
02:31||626010500||471761||0.00075241
02:32||626016500||471761||0.00075241
02:33||626016500||471761||0.00075241
02:34||626516500||471761||0.00075241
02:35||626016500||471033||0.00075241
02:36||629541500||471761||0.00075241
02:37||629692500||471761||0.00075241
02:38||629843500||471761||0.00075241
02:39||630000500||471761||0.00075241
02:40||630151500||471761||0.00075241
02:41||630155500||471761||0.00075241
02:42||630457500||471761||0.00075241
02:43||630809500||471761||0.00075241
02:44||630960500||471761||0.00075241
02:45||631161500||471761||0.00075241
02:46||631662500||471761||0.00075241
02:47||632163500||471761||0.00075241
02:48||628370500||471761||0.00075241
02:49||631497000||471761||0.00075241
02:50||631498000||471761||0.00075241
02:51||631948000||473949||0.00075241
02:52||631939500||473949||0.00075241
02:53||631938000||473949||0.00075241
02:54||631932000||473949||0.00075241
02:55||631932000||473949||0.00075241
02:56||631731000||473949||0.00075241
02:57||631430000||473949||0.00075241
02:58||631229000||473949||0.00075241
02:59||630477000||473949||0.00075241
03:00||630376000||473949||0.00075241
03:01||629908500||473949||0.00075241
03:02||629908500||473949||0.00075241
03:03||629908500||474654||0.00075241
03:04||631229000||474654||0.00075241
03:05||631179500||474654||0.00075241
03:06||631184500||474654||0.00075241
03:07||631184500||474654||0.00075241
03:08||630988500||474654||0.00075241
03:09||630842500||474654||0.00075241
03:10||630491500||474654||0.00075241
03:11||630339500||474654||0.00075241
03:12||629983500||473964||0.00075241
03:13||629982000||473964||0.00075241
03:14||629963000||473964||0.00075241
03:15||629963000||473964||0.00075241
03:16||629929500||473964||0.00075241
03:17||629929500||473964||0.00075241
03:18||629929500||476996||0.00075241
03:19||631709500||476996||0.00075241
03:20||632071000||476996||0.00075241
03:21||630395500||474709||0.00075241
03:22||630338000||474709||0.00075241
03:23||628259500||471016||0.00075241
03:24||628108500||471016||0.00075241
03:25||628108500||471016||0.00075241
03:26||628007500||471016||0.00075241
03:27||628004000||471016||0.00075241
03:28||627954000||471016||0.00075241
03:29||627902000||471016||0.00075241
03:30||627851000||471016||0.00075241
03:31||627750000||471016||0.00075241
03:32||627750000||471016||0.00075241
03:33||627750000||471016||0.00075241
03:34||627750000||471016||0.00075241
03:35||627750000||473634||0.00075241
03:36||627750000||473634||0.00075241
03:37||627750000||473634||0.00075241
03:38||627750000||473634||0.00075241
03:39||629918500||473634||0.00075241
03:40||629918500||473634||0.00075241
03:41||628975000||473634||0.00075241
03:42||628525000||473634||0.00075241
03:43||628525000||473634||0.00075241
03:44||628525000||473634||0.00075241
03:45||629020000||473634||0.00075241
03:46||629020000||473634||0.00075241
03:47||629020000||473634||0.00075241
03:48||629918500||474800||0.00075241
03:49||629918500||474800||0.00075241
03:50||629464000||474800||0.00075241
03:51||628700000||474800||0.00075241
03:52||629634500||474800||0.00075241
03:53||628700000||475064||0.00075241
03:54||629700000||475064||0.00075241
03:55||630127000||475064||0.00075241
03:56||630602000||475064||0.00075241
03:57||630054500||475064||0.00075241
03:58||630631500||475064||0.00075241
03:59||630131500||475064||0.00075241
04:00||630131500||475064||0.00075241
04:01||630131500||475064||0.00075241
04:02||630131500||475064||0.00075241
04:03||630131500||475064||0.00075241
04:04||630131500||475064||0.00075241
04:05||630664500||475763||0.00075241
04:06||631166000||475763||0.00075241
04:07||630979000||475763||0.00075241
04:08||630479500||475763||0.00075241
04:09||630479500||475477||0.00075241
04:10||630479500||475477||0.00075241
04:11||630479500||475477||0.00075241
04:12||630479500||475477||0.00075241
04:13||630479500||475477||0.00075241
04:14||630479500||475477||0.00075241
04:15||630480000||475477||0.00075241
04:16||630480000||475477||0.00075241
04:17||630480000||475477||0.00075241
04:18||630482000||475477||0.00075241
04:19||630482000||475477||0.00075241
04:20||630482000||475477||0.00075241
04:21||630482000||475477||0.00075241
04:22||630482000||475477||0.00075241
04:23||630482000||475477||0.00075241
04:24||630482000||475477||0.00075241
04:25||630482000||475477||0.00075241
04:26||630482000||475477||0.00075241
04:27||630482000||475477||0.00075241
04:28||630482000||475477||0.00075241
04:29||630482000||475477||0.00075241
04:30||630482500||475477||0.00075241
04:31||630482500||475477||0.00075241
04:32||630482500||475477||0.00075241
04:33||630482500||475477||0.00075241
04:34||630845000||475477||0.00075241
04:35||630845000||475477||0.00075241
04:36||630845500||475477||0.00075241
04:37||630845500||475477||0.00075241
04:38||630845500||475477||0.00075241
04:39||630845500||475477||0.00075241
04:40||630845500||475477||0.00075241
04:41||630845500||475477||0.00075241
04:42||630845500||475477||0.00075241
04:43||630845500||475477||0.00075241
04:44||630845500||475477||0.00075241
04:45||630845500||475477||0.00075241
04:46||630845500||475477||0.00075241
04:47||630845500||475477||0.00075241
04:48||630845500||475477||0.00075241
04:49||630847000||475477||0.00075241
04:50||630517500||475477||0.00075241
04:51||630517500||475477||0.00075241
04:52||628831000||471017||0.00075241
04:53||628629500||471017||0.00075241
04:54||628631000||474926||0.00075241
04:55||628384000||474926||0.00075241
04:56||628431500||474626||0.00075241
04:57||628431500||474626||0.00075241
04:58||628531000||474775||0.00075241
04:59||628531000||474775||0.00075241
05:00||628531000||474775||0.00075241
05:01||628531000||474775||0.00075241
05:02||628531000||474775||0.00075241
05:03||628531000||474775||0.00075241
05:04||628532500||474775||0.00075241
05:05||628784000||474775||0.00075241
05:06||628784000||474775||0.00075241
05:07||630282500||474775||0.00075241
05:08||630500000||474775||0.00075241
05:09||630432500||474669||0.00075241
05:10||630432500||474669||0.00075241
05:11||630431500||474669||0.00075241
05:12||630431500||474669||0.00075241
05:13||630431500||474669||0.00075241
05:14||630431500||474669||0.00075241
05:15||630431000||474669||0.00075241
05:16||630431000||474669||0.00075241
05:17||630431000||474669||0.00075241
05:18||630431000||474669||0.00075241
05:19||630422500||474669||0.00075241
05:20||628027500||474018||0.00075241
05:21||628027500||474018||0.00075241
05:22||628027500||474018||0.00075241
05:23||628027500||474018||0.00075241
05:24||628027500||474018||0.00075241
05:25||628027500||474018||0.00075241
05:26||628027500||474018||0.00075241
05:27||628027500||474018||0.00075241
05:28||628027500||474018||0.00075241
05:29||628027500||474018||0.00075241
05:30||628032000||474013||0.00075241
05:31||628032000||474013||0.00075241
05:32||627731500||473937||0.00075241
05:33||627730500||473937||0.00075241
05:34||627553000||473937||0.00075241
05:35||627552000||473937||0.00075241
05:36||627552000||473937||0.00075241
05:37||627552000||473937||0.00075241
05:38||627552000||473937||0.00075241
05:39||627552000||473289||0.00075241
05:40||627552000||473289||0.00075241
05:41||627552000||473289||0.00075241
05:42||627552000||473289||0.00075241
05:43||627733500||473559||0.00075241
05:44||629389500||473559||0.00075241
05:45||629389500||473559||0.00075241
05:46||629389500||473559||0.00075241
05:47||629389500||473558||0.00075241
05:48||629389500||473558||0.00075241
05:49||629389500||473558||0.00075241
05:50||629389500||473559||0.00075241
05:51||630130500||473559||0.00075241
05:52||630181000||473574||0.00075241
05:53||630181000||473574||0.00075241
05:54||630859500||473574||0.00075241
05:55||630859500||473574||0.00075241
05:56||630859500||473574||0.00075241
05:57||630859500||473574||0.00075241
05:58||630859500||473574||0.00075241
05:59||630859500||474665||0.00075241
06:00||630859500||474664||0.00075241
06:01||630859500||474664||0.00075241
06:02||630859500||474664||0.00075241
06:03||630859500||474664||0.00075241
06:04||630859500||474664||0.00075241
06:05||629980500||474664||0.00075241
06:06||629916500||474364||0.00075241
06:07||630181500||474364||0.00075241
06:08||630189000||474364||0.00075241
06:09||630857500||474364||0.00075241
06:10||630857500||474364||0.00075241
06:11||630859500||474665||0.00075241
06:12||630859500||474663||0.00075241
06:13||630857500||474663||0.00075241
06:14||630857500||474663||0.00075241
06:15||630857500||474663||0.00075241
06:16||630857500||474663||0.00075241
06:17||630857500||474663||0.00075241
06:18||630857500||474663||0.00075241
06:19||630857500||474663||0.00075241
06:20||630857500||474663||0.00075241
06:21||630857500||474663||0.00075241
06:22||630857500||474663||0.00075241
06:23||630946500||474666||0.00075241
06:24||630999500||474666||0.00075241
06:25||631780500||474808||0.00075241
06:26||632499500||474808||0.00075241
06:27||632499500||474808||0.00075241
06:28||632499500||474808||0.00075241
06:29||632499500||474808||0.00075241
06:30||633240000||476275||0.00075241
06:31||633434500||476275||0.00075241
06:32||633445500||476275||0.00075241
06:33||633979500||477012||0.00075241
06:34||633979500||477012||0.00075241
06:35||633979500||477012||0.00075241
06:36||633979500||477012||0.00075241
06:37||633979500||477012||0.00075241
06:38||633979500||477012||0.00075241
06:39||633979500||477012||0.00075241
06:40||633979500||477012||0.00075241
06:41||633979500||477012||0.00075241
06:42||633979500||477012||0.00075241
06:43||633979500||477012||0.00075241
06:44||633979500||477012||0.00075241
06:45||633979500||477012||0.00075241
06:46||633979500||477012||0.00075241
06:47||633979500||477012||0.00075241
06:48||633979500||477012||0.00075241
06:49||633979500||477012||0.00075241
06:50||633979500||477012||0.00075241
06:51||633979500||477012||0.00075241
06:52||633979500||477012||0.00075241
06:53||633979500||477012||0.00075241
06:54||633979500||477012||0.00075241
06:55||633979500||477012||0.00075241
06:56||633979500||477012||0.00075241
06:57||633979500||477012||0.00075241
06:58||633979500||477012||0.00075241
06:59||633985000||477020||0.00075241
07:00||633989500||477020||0.00075241
07:01||634494000||477019||0.00075241
07:02||634516500||477019||0.00075241
07:03||634466500||477024||0.00075241
07:04||632952500||475438||0.00075241
07:05||634432500||476975||0.00075241
07:06||634375500||477712||0.00075241
07:07||634699500||477554||0.00075241
07:08||634799500||477629||0.00075241
07:09||634899500||477704||0.00075241
07:10||634411500||477704||0.00075241
07:11||633007000||476972||0.00075241
07:12||633146000||475900||0.00075241
07:13||634597500||475900||0.00075241
07:14||634597500||477477||0.00075241
07:15||633803500||477477||0.00075241
07:16||634223500||477477||0.00075241
07:17||634278500||477477||0.00075241
07:18||634545500||477438||0.00075241
07:19||634045500||477029||0.00075241
07:20||633316000||476945||0.00075241
07:21||633249500||476945||0.00075241
07:22||633997500||477025||0.00075241
07:23||633997500||477025||0.00075241
07:24||633997500||477025||0.00075241
07:25||633997500||477026||0.00075241
07:26||633377500||476094||0.00075241
07:27||633994500||477024||0.00075241
07:28||633994500||477024||0.00075241
07:29||633994500||477024||0.00075241
07:30||633498000||477024||0.00075241
07:31||634018500||477432||0.00075241
07:32||634019000||477432||0.00075241
07:33||634263500||477021||0.00075241
07:34||634212500||477021||0.00075241
07:35||634366500||477021||0.00075241
07:36||634145500||477253||0.00075241
07:37||633995000||477253||0.00075241
07:38||633992500||477022||0.00075241
07:39||633992500||477022||0.00075241
07:40||633992500||477022||0.00075241
07:41||633992500||477022||0.00075241
07:42||633992500||477022||0.00075241
07:43||633992500||477022||0.00075241
07:44||633992500||477022||0.00075241
07:45||633992500||477022||0.00075241
07:46||633992500||477022||0.00075241
07:47||633992500||477022||0.00075241
07:48||633992500||477022||0.00075241
07:49||633121500||477021||0.00075241
07:50||633246500||477021||0.00075241
07:51||633294500||477021||0.00075241
07:52||633093500||477021||0.00075241
07:53||633093500||477021||0.00075241
07:54||633093500||477021||0.00075241
07:55||633093500||477021||0.00075241
07:56||633099500||477021||0.00075241
07:57||633099500||477021||0.00075241
07:58||633099500||477021||0.00075241
07:59||633099500||477021||0.00075241
08:00||633149000||477021||0.00075241
08:01||633149000||477021||0.00075241
08:02||633149500||477021||0.00075241
08:03||633149000||477021||0.00075241
08:04||633149000||477021||0.00075241
08:05||633150000||477021||0.00075241
08:06||633150000||477021||0.00075241
08:07||633150000||477021||0.00075241
08:08||633150000||477021||0.00075241
08:09||633150000||477021||0.00075241
08:10||633150000||477021||0.00075241
08:11||633150000||477021||0.00075241
08:12||633150000||477021||0.00075241
08:13||633150000||477021||0.00075241
08:14||633150000||477021||0.00075241
08:15||633150000||477021||0.00075241
08:16||633150000||477021||0.00075241
08:17||633150000||477021||0.00075241
08:18||633149500||477021||0.00075241
08:19||633000500||477021||0.00075241
08:20||632900500||477021||0.00075241
08:21||632900500||477021||0.00075241
08:22||632901000||475976||0.00075241
08:23||632901000||475976||0.00075241
08:24||632901000||475976||0.00075241
08:25||632901000||475976||0.00075241
08:26||632901000||475976||0.00075241
08:27||632901000||475976||0.00075241
08:28||632901000||475976||0.00075241
08:29||632951000||476426||0.00075241
08:30||632951000||476426||0.00075241
08:31||632951000||476426||0.00075241
08:32||632951000||476426||0.00075241
08:33||632951000||476426||0.00075241
08:34||632951000||476426||0.00075241
08:35||632951000||476426||0.00075241
08:36||632951000||476426||0.00075241
08:37||632951000||476426||0.00075241
08:38||632801000||476426||0.00075241
08:39||632801000||476426||0.00075241
08:40||632900000||476426||0.00075241
08:41||632999500||476426||0.00075241
08:42||632999500||476426||0.00075241
08:43||632999500||476275||0.00075241
08:44||632999500||476275||0.00075241
08:45||632999500||476275||0.00075241
08:46||632999500||476275||0.00075241
08:47||632999500||476275||0.00075241
08:48||632999500||476275||0.00075241
08:49||632999500||476275||0.00075241
08:50||632999500||476275||0.00075241
08:51||632999500||476274||0.00075241
08:52||632999500||476274||0.00075241
08:53||632999500||476274||0.00075241
08:54||632999500||476274||0.00075241
08:55||632999500||476274||0.00075241
08:56||632999500||476274||0.00075241
08:57||632999500||476274||0.00075241
08:58||632999500||476274||0.00075241
08:59||632999500||476274||0.00075241
09:00||632850000||476275||0.00075241
09:01||632849500||476275||0.00075241
09:02||632849500||476275||0.00075241
09:03||632849500||476274||0.00075241
09:04||632849500||476274||0.00075241
09:05||632849500||476274||0.00075241
09:06||632849500||475940||0.00075241
09:07||632776500||475940||0.00075241
09:08||632776000||475940||0.00075241
09:09||632527500||475940||0.00075241
09:10||632748500||475899||0.00075241
09:11||632748500||476273||0.00075241
09:12||632764500||476273||0.00075241
09:13||632764500||476273||0.00075241
09:14||632048500||474845||0.00075241
09:15||632049000||474845||0.00075241
09:16||632045500||474845||0.00075241
09:17||632048000||474845||0.00075241
09:18||632047500||476267||0.00075241
09:19||632047500||476267||0.00075241
09:20||632043000||476267||0.00075241
09:21||632042500||476267||0.00075241
09:22||632043500||476267||0.00075241
09:23||632043500||476267||0.00075241
09:24||632045500||476259||0.00075241
09:25||632045500||476259||0.00075241
09:26||632045500||476259||0.00075241
09:27||632045000||474854||0.00075241
09:28||632045500||476259||0.00075241
09:29||632045500||476259||0.00075241
09:30||632045500||476259||0.00075241
09:31||632045500||476259||0.00075241
09:32||632045500||476259||0.00075241
09:33||632045500||476259||0.00075241
09:34||632045500||476259||0.00075241
09:35||632045000||474854||0.00075241
09:36||632045000||474854||0.00075241
09:37||632044500||474854||0.00075241
09:38||632044000||474854||0.00075241
09:39||632044000||474854||0.00075241
09:40||632044000||474854||0.00075241
09:41||632044000||476257||0.00075241
09:42||632043000||476257||0.00075241
09:43||632043000||476257||0.00075241
09:44||632042000||476257||0.00075241
09:45||632042000||476257||0.00075241
09:46||632045000||474858||0.00075241
09:47||632045000||474858||0.00075241
09:48||632045000||474858||0.00075241
09:49||632045000||474858||0.00075241
09:50||632044000||474858||0.00075241
09:51||632044000||474858||0.00075241
09:52||632045000||474860||0.00075241
09:53||632043500||474860||0.00075241
09:54||632043500||474860||0.00075241
09:55||632043500||476251||0.00075241
09:56||632044000||476251||0.00075241
09:57||632049500||476253||0.00075241
09:58||632050500||476253||0.00075241
09:59||632051000||476254||0.00075241
10:00||632051000||476254||0.00075241
10:01||632051000||476254||0.00075241
10:02||632051000||476254||0.00075241
10:03||632055000||476254||0.00075241
10:04||632056000||476254||0.00075241
10:05||632056500||476255||0.00075241
10:06||632058000||476255||0.00075241
10:07||632058000||476255||0.00075241
10:08||632058000||476255||0.00075241
10:09||632058000||476255||0.00075241
10:10||632116500||476255||0.00075241
10:11||632116500||476255||0.00075241
10:12||632116500||476255||0.00075241
10:13||632119500||476255||0.00075241
10:14||632119500||474970||0.00075241
10:15||632119500||474970||0.00075241
10:16||632132500||476275||0.00075241
10:17||632683000||477027||0.00075241
10:18||634135000||479285||0.00075241
10:19||634139500||479285||0.00075241
10:20||634143000||479285||0.00075241
10:21||634143000||479285||0.00075241
10:22||634144500||479285||0.00075241
10:23||634144500||479285||0.00075241
10:24||634144500||479285||0.00075241
10:25||634500000||479285||0.00075241
10:26||634900500||479285||0.00075241
10:27||634550500||479285||0.00075241
10:28||634550500||479285||0.00075241
10:29||634600500||478608||0.00075241
10:30||634600500||478608||0.00075241
10:31||634600500||478608||0.00075241
10:32||634567000||478608||0.00075241
10:33||634802500||478608||0.00075241
10:34||634803000||478608||0.00075241
10:35||634803000||478608||0.00075241
10:36||634803000||478608||0.00075241
10:37||634803000||478608||0.00075241
10:38||634803500||476656||0.00075241
10:39||634804500||476656||0.00075241
10:40||634849500||476656||0.00075241
10:41||634851500||476656||0.00075241
10:42||634852500||476656||0.00075241
10:43||634804500||476656||0.00075241
10:44||635250000||476656||0.00075241
10:45||635298000||478605||0.00075241
10:46||635298500||477404||0.00075241
10:47||635301000||477404||0.00075241
10:48||635301000||477404||0.00075241
10:49||635252500||477404||0.00075241
10:50||635252500||477404||0.00075241
10:51||634879000||477404||0.00075241
10:52||635251500||477404||0.00075241
10:53||635251500||477969||0.00075241
10:54||635251500||477969||0.00075241
10:55||635626000||478532||0.00075241
10:56||635626000||478532||0.00075241
10:57||635626000||477969||0.00075241
10:58||635631000||477969||0.00075241
10:59||635622500||477977||0.00075241
11:00||635627500||477978||0.00075241
11:01||635626500||477978||0.00075241
11:02||635626500||477978||0.00075241
11:03||635247000||477408||0.00075241
11:04||635247000||477408||0.00075241
11:05||635006000||477408||0.00075241
11:06||635247000||477408||0.00075241
11:07||635247000||477408||0.00075241
11:08||635246500||477408||0.00075241
11:09||635246500||477408||0.00075241
11:10||635245500||477408||0.00075241
11:11||635245500||477408||0.00075241
11:12||635245500||477027||0.00075241
11:13||634242500||476275||0.00075241
11:14||634242500||476275||0.00075241
11:15||633742000||478520||0.00075241
11:16||633742000||478520||0.00075241
11:17||633741000||478520||0.00075241
11:18||633730500||478520||0.00075241
11:19||633730500||478520||0.00075241
11:20||632001000||478520||0.00075241
11:21||632002500||475899||0.00075241
11:22||632002500||475899||0.00075241
11:23||632002500||475899||0.00075241
11:24||632002500||475899||0.00075241
11:25||632002500||475899||0.00075241
11:26||632004500||475899||0.00075241
11:27||632004500||475899||0.00075241
11:28||632005000||475899||0.00075241
11:29||632005000||475899||0.00075241
11:30||632005000||475899||0.00075241
11:31||632005000||475899||0.00075241
11:32||632004500||475899||0.00075241
11:33||632004500||475899||0.00075241
11:34||632004500||475899||0.00075241
11:35||632004500||475898||0.00075241
11:36||632004500||475898||0.00075241
11:37||632004500||475898||0.00075241
11:38||632004500||475898||0.00075241
11:39||632004500||475898||0.00075241
11:40||632004500||475154||0.00075241
11:41||632005000||475899||0.00075241
11:42||632006000||475899||0.00075241
11:43||631767000||474794||0.00075241
11:44||631717000||474794||0.00075241
11:45||631717000||474794||0.00075241
11:46||631717000||474794||0.00075241
11:47||631718500||474794||0.00075241
11:48||631717500||474800||0.00075241
11:49||631718500||474800||0.00075241
11:50||631718500||474800||0.00075241
11:51||631714000||474800||0.00075241
11:52||631518500||474800||0.00075241
11:53||631039500||474800||0.00075241
11:54||631039500||474800||0.00075241
11:55||631566500||474800||0.00075241
11:56||631567000||474800||0.00075241
11:57||631567000||474800||0.00075241
11:58||631567000||474800||0.00075241
11:59||631567000||474800||0.00075241
12:00||631577500||474800||0.00075241
12:01||631577500||474816||0.00075241
12:02||631607000||474816||0.00075241
12:03||631597000||475593||0.00075241
12:04||631597000||475593||0.00075241
12:05||631597000||475593||0.00075241
12:06||631597000||475593||0.00075241
12:07||631597000||475593||0.00075241
12:08||631595500||475593||0.00075241
12:09||631595500||475593||0.00075241
12:10||631595500||475593||0.00075241
12:11||631595500||475593||0.00075241
12:12||631595500||475593||0.00075241
12:13||631549000||475593||0.00075241
12:14||631551000||475523||0.00075241
12:15||631551000||475523||0.00075241
12:16||631551000||475523||0.00075241
12:17||631551000||475523||0.00075241
12:18||631551000||475523||0.00075241
12:19||631551000||474845||0.00075241
12:20||631550000||474845||0.00075241
12:21||631550000||474845||0.00075241
12:22||631548500||474845||0.00075241
12:23||631548500||474845||0.00075241
12:24||631548500||474845||0.00075241
12:25||631548500||474845||0.00075241
12:26||631548500||474845||0.00075241
12:27||631101000||474847||0.00075241
12:28||631101000||474847||0.00075241
12:29||630900000||474770||0.00075241
12:30||630550500||474394||0.00075241
12:31||630438500||474018||0.00075241
12:32||630439500||474018||0.00075241
12:33||630439500||474018||0.00075241
12:34||630439500||473852||0.00075241
12:35||630388500||473852||0.00075241
12:36||630000000||473265||0.00075241
12:37||630001500||473265||0.00075241
12:38||630001500||473265||0.00075241
12:39||630001500||473265||0.00075241
12:40||630001500||473265||0.00075241
12:41||630001500||473265||0.00075241
12:42||630104000||473265||0.00075241
12:43||630176500||473265||0.00075241
12:44||630263500||474769||0.00075241
12:45||630338500||474767||0.00075241
12:46||630509000||473820||0.00075241
12:47||630510500||473820||0.00075241
12:48||630507000||473820||0.00075241
12:49||630528000||473820||0.00075241
12:50||630576000||473820||0.00075241
12:51||630620000||473820||0.00075241
12:52||630653500||473820||0.00075241
12:53||630655000||473820||0.00075241
12:54||630655000||473820||0.00075241
12:55||630655000||473820||0.00075241
12:56||630663500||473820||0.00075241
12:57||630699500||473820||0.00075241
12:58||630726000||474762||0.00075241
12:59||630744000||474762||0.00075241
13:00||630749500||474770||0.00075241
13:01||631099500||474845||0.00075241
13:02||631320500||474845||0.00075241
13:03||631665000||475146||0.00075241
13:04||631924000||475376||0.00075241
13:05||632465000||475854||0.00075241
13:06||633394500||475899||0.00075241
13:07||633446500||475899||0.00075241
13:08||633799500||476877||0.00075241
13:09||633799500||476877||0.00075241
13:10||633799500||476877||0.00075241
13:11||633998500||477026||0.00075241
13:12||633998500||477026||0.00075241
13:13||633998500||477026||0.00075241
13:14||633998500||477026||0.00075241
13:15||633998500||477026||0.00075241
13:16||634362000||477027||0.00075241
13:17||634498500||477403||0.00075241
13:18||634498500||477403||0.00075241
13:19||634498500||477403||0.00075241
13:20||634498500||477402||0.00075241
13:21||634498500||477402||0.00075241
13:22||634498500||477402||0.00075241
13:23||634499500||477403||0.00075241
13:24||634499500||477403||0.00075241
13:25||634499500||477403||0.00075241
13:26||634499500||477403||0.00075241
13:27||634499500||477404||0.00075241
13:28||634499500||477404||0.00075241
13:29||634499500||477404||0.00075241
13:30||634499500||477404||0.00075241
13:31||634524500||477441||0.00075241
13:32||634549500||477441||0.00075241
13:33||634549500||477441||0.00075241
13:34||634549500||477441||0.00075241
13:35||634549500||477441||0.00075241
13:36||634549500||477441||0.00075241
13:37||634549500||477441||0.00075241
13:38||634549500||477441||0.00075241
13:39||634549500||477441||0.00075241
13:40||634549500||477441||0.00075241
13:41||634549500||477441||0.00075241
13:42||634549500||477441||0.00075241
13:43||634549500||477441||0.00075241
13:44||634549500||477441||0.00075241
13:45||634549500||477441||0.00075241
13:46||634549500||477441||0.00075241
13:47||634549500||477441||0.00075241
13:48||634549500||477441||0.00075241
13:49||634549500||477441||0.00075241
13:50||634549500||477441||0.00075241
13:51||634549500||477441||0.00075241
13:52||634549500||477441||0.00075241
13:53||634549500||477441||0.00075241
13:54||634549500||477441||0.00075241
13:55||634549500||477441||0.00075241
13:56||634549500||477441||0.00075241
13:57||634549500||477441||0.00075241
13:58||634549500||477441||0.00075241
13:59||634549500||477441||0.00075241
14:00||634524500||477403||0.00075241
14:01||634276000||477027||0.00075241
14:02||634248500||477026||0.00075241
14:03||634248500||477026||0.00075241
14:04||633999500||477026||0.00075241
14:05||633999500||477026||0.00075241
14:06||633999500||477026||0.00075241
14:07||634245000||477027||0.00075241
14:08||637976000||480037||0.00075241
14:09||638350000||480385||0.00075241
14:10||638480000||480413||0.00075241
14:11||636471500||480383||0.00075241
14:12||636590000||480383||0.00075241
14:13||636835000||480383||0.00075241
14:14||637047500||480383||0.00075241
14:15||637257500||478326||0.00075241
14:16||638631000||480451||0.00075241
14:17||638875000||480526||0.00075241
14:18||638875500||480526||0.00075241
14:19||639254000||480789||0.00075241
14:20||639254000||480789||0.00075241
14:21||639265000||481540||0.00075241
14:22||639030500||480812||0.00075241
14:23||639030500||480813||0.00075241
14:24||639030500||480813||0.00075241
14:25||639030500||480813||0.00075241
14:26||639030500||480813||0.00075241
14:27||639030500||480813||0.00075241
14:28||639030500||480813||0.00075241
14:29||639264000||481165||0.00075241
14:30||639265000||481166||0.00075241
14:31||639415000||481380||0.00075241
14:32||639407500||481380||0.00075241
14:33||639407500||481380||0.00075241
14:34||639514000||481540||0.00075241
14:35||639514000||481540||0.00075241
14:36||639514000||481540||0.00075241
14:37||639523500||481540||0.00075241
14:38||640676500||483047||0.00075241
14:39||640936500||483047||0.00075241
14:40||641039000||483047||0.00075241
14:41||641044000||483047||0.00075241
14:42||641045500||483047||0.00075241
14:43||641045500||483047||0.00075241
14:44||641129000||481737||0.00075241
14:45||644333000||483047||0.00075241
14:46||644334500||483047||0.00075241
14:47||644425000||483047||0.00075241
14:48||644483500||485304||0.00075241
14:49||644483500||485304||0.00075241
14:50||644474000||485304||0.00075241
14:51||644489000||485304||0.00075241
14:52||644475000||485288||0.00075241
14:53||644465000||485267||0.00075241
14:54||643815500||484527||0.00075241
14:55||643666500||484527||0.00075241
14:56||643666500||484301||0.00075241
14:57||645299500||486809||0.00075241
14:58||645301000||486809||0.00075241
14:59||645302000||486809||0.00075241
15:00||642581500||484300||0.00075241
15:01||642471500||484300||0.00075241
15:02||642759500||484300||0.00075241
15:03||642886000||484300||0.00075241
15:04||642908500||484300||0.00075241
15:05||644575500||484102||0.00075241
15:06||644703000||484102||0.00075241
15:07||644839000||484102||0.00075241
15:08||644077500||484102||0.00075241
15:09||644151500||484102||0.00075241
15:10||644250500||484102||0.00075241
15:11||644349500||484102||0.00075241
15:12||644285000||484102||0.00075241
15:13||644434500||484102||0.00075241
15:14||644554000||485942||0.00075241
15:15||644644000||484276||0.00075241
15:16||644626000||485734||0.00075241
15:17||644859500||485605||0.00075241
15:18||644919000||485603||0.00075241
15:19||645399000||485603||0.00075241
15:20||645397500||485603||0.00075241
15:21||644350000||484853||0.00075241
15:22||644973000||484853||0.00075241
15:23||645251000||484853||0.00075241
15:24||645650000||486056||0.00075241
15:25||645751000||486056||0.00075241
15:26||645989500||486056||0.00075241
15:27||645989500||486048||0.00075241
15:28||645989500||486048||0.00075241
15:29||645989500||486048||0.00075241
15:30||645989500||486049||0.00075241
15:31||645989500||486049||0.00075241
15:32||645446500||485680||0.00075241
15:33||645440500||485680||0.00075241
15:34||645400500||485680||0.00075241
15:35||645400500||485680||0.00075241
15:36||645400500||485680||0.00075241
15:37||645400500||485680||0.00075241
15:38||645349000||485605||0.00075241
15:39||644713500||485304||0.00075241
15:40||644890500||484887||0.00075241
15:41||644570000||484886||0.00075241
15:42||644570000||484886||0.00075241
15:43||644423000||484777||0.00075241
15:44||644200500||484777||0.00075241
15:45||644200500||484702||0.00075241
15:46||644200500||484702||0.00075241
15:47||644047000||484627||0.00075241
15:48||643897000||484326||0.00075241
15:49||643398500||484032||0.00075241
15:50||643300500||484025||0.00075241
15:51||643308500||484025||0.00075241
15:52||643396000||484031||0.00075241
15:53||642668000||483989||0.00075241
15:54||642668000||483989||0.00075241
15:55||641468500||483108||0.00075241
15:56||641427000||482802||0.00075241
15:57||640573500||482445||0.00075241
15:58||639529000||480796||0.00075241
15:59||637509500||480796||0.00075241
16:00||637480500||480796||0.00075241
16:01||637504000||480439||0.00075241
16:02||637392000||480439||0.00075241
16:03||637333500||478630||0.00075241
16:04||634935000||477780||0.00075241
16:05||634354000||475635||0.00075241
16:06||630682500||475147||0.00075241
16:07||630020000||474018||0.00075241
16:08||631741000||474048||0.00075241
16:09||632145500||474048||0.00075241
16:10||632100000||474770||0.00075241
16:11||629649000||473272||0.00075241
16:12||629649000||472513||0.00075241
16:13||629899000||472513||0.00075241
16:14||629899000||472513||0.00075241
16:15||628999000||474016||0.00075241
16:16||629000000||470332||0.00075241
16:17||627251000||471008||0.00075241
16:18||625766500||470279||0.00075241
16:19||625751000||470256||0.00075241
16:20||625002500||470258||0.00075241
16:21||625002500||470258||0.00075241
16:22||624518000||469530||0.00075241
16:23||624550000||470257||0.00075241
16:24||624550000||469579||0.00075241
16:25||624500000||469504||0.00075241
16:26||623499000||469503||0.00075241
16:27||623499000||469503||0.00075241
16:28||624000000||471309||0.00075241
16:29||624000000||467699||0.00075241
16:30||623801000||467699||0.00075241
16:31||621284000||467637||0.00075241
16:32||621517500||467247||0.00075241
16:33||624548000||469503||0.00075241
16:34||624100500||469579||0.00075241
16:35||624100500||469579||0.00075241
16:36||624100500||469579||0.00075241
16:37||624100500||469579||0.00075241
16:38||624100500||469579||0.00075241
16:39||624100500||469579||0.00075241
16:40||624100500||469579||0.00075241
16:41||624399000||470181||0.00075241
16:42||625048000||471005||0.00075241
16:43||625046500||471005||0.00075241
16:44||624701000||471005||0.00075241
16:45||624951500||470856||0.00075241
16:46||624601500||470856||0.00075241
16:47||624301500||470856||0.00075241
16:48||624150500||469803||0.00075241
16:49||624250500||469581||0.00075241
16:50||624250500||469803||0.00075241
16:51||624401500||470030||0.00075241
16:52||624549000||470256||0.00075241
16:53||623274000||470850||0.00075241
16:54||622924000||467284||0.00075241
16:55||622525000||467284||0.00075241
16:56||622349500||467284||0.00075241
16:57||621949000||467246||0.00075241
16:58||621000500||466494||0.00075241
16:59||619104500||464394||0.00075241
17:00||619104500||464394||0.00075241
17:01||619054000||464394||0.00075241
17:02||619005000||464394||0.00075241
17:03||618176000||464394||0.00075241
17:04||618175000||463523||0.00075241
17:05||618167500||463484||0.00075241
17:06||618151000||463484||0.00075241
17:07||617624000||462732||0.00075241
17:08||618206000||462732||0.00075241
17:09||614655500||462130||0.00075241
17:10||613549500||462130||0.00075241
17:11||613553500||462130||0.00075241
17:12||613555500||461979||0.00075241
17:13||613575500||461979||0.00075241
17:14||615106000||461979||0.00075241
17:15||617119500||466493||0.00075241
17:16||616995500||466493||0.00075241
17:17||618375000||466493||0.00075241
17:18||618449000||466493||0.00075241
17:19||618443000||466493||0.00075241
17:20||618443000||466493||0.00075241
17:21||618364000||466493||0.00075241
17:22||618839000||466493||0.00075241
17:23||618839000||466493||0.00075241
17:24||618834000||466493||0.00075241
17:25||618834000||466493||0.00075241
17:26||618834000||466493||0.00075241
17:27||619334000||466394||0.00075241
17:28||619335000||466394||0.00075241
17:29||616403500||464124||0.00075241
17:30||616404500||465589||0.00075241
17:31||616404500||465589||0.00075241
17:32||616404500||465589||0.00075241
17:33||616406000||465589||0.00075241
17:34||616405500||465589||0.00075241
17:35||616402000||461988||0.00075241
17:36||616396500||461981||0.00075241
17:37||616395000||461980||0.00075241
17:38||616383000||461980||0.00075241
17:39||616383000||461980||0.00075241
17:40||614999500||461980||0.00075241
17:41||614999500||461980||0.00075241
17:42||614999500||461980||0.00075241
17:43||614001500||461980||0.00075241
17:44||614001500||461980||0.00075241
17:45||614001500||461980||0.00075241
17:46||614001500||461980||0.00075241
17:47||614001500||461980||0.00075241
17:48||614001500||461980||0.00075241
17:49||614001500||461980||0.00075241
17:50||614001500||461980||0.00075241
17:51||614001500||461980||0.00075241
17:52||614001500||461980||0.00075241
17:53||614001500||461980||0.00075241
17:54||614001500||461980||0.00075241
17:55||614001500||461980||0.00075241
17:56||614001500||461980||0.00075241
17:57||614001500||461980||0.00075241
17:58||614001500||461980||0.00075241
17:59||614001500||461980||0.00075241
18:00||614001500||461980||0.00075241
18:01||614001500||461980||0.00075241
18:02||614001500||461980||0.00075241
18:03||614001500||461980||0.00075241
18:04||614001500||461980||0.00075241
18:05||614995500||461980||0.00075241
18:06||614092000||461378||0.00075241
18:07||612193500||460619||0.00075241
18:08||614090500||460619||0.00075241
18:09||613096000||460619||0.00075241
18:10||613046000||460474||0.00075241
18:11||608371000||453364||0.00075241
18:12||608370000||453364||0.00075241
18:13||596267500||449188||0.00075241
18:14||603458500||449217||0.00075241
18:15||596327000||449413||0.00075241
18:16||596998500||449188||0.00075241
18:17||596342500||448109||0.00075241
18:18||595022000||446429||0.00075241
18:19||593509000||446429||0.00075241
18:20||593662000||444751||0.00075241
18:21||594492500||445416||0.00075241
18:22||594917000||445923||0.00075241
18:23||595000500||449188||0.00075241
18:24||595500500||449188||0.00075241
18:25||599941000||449188||0.00075241
18:26||598962500||452138||0.00075241
18:27||598152500||449192||0.00075241
18:28||598047500||449190||0.00075241
18:29||598049500||450693||0.00075241
18:30||598253500||450693||0.00075241
18:31||598255000||450693||0.00075241
18:32||598250500||450693||0.00075241
18:33||596454500||446939||0.00075241
18:34||596217500||446939||0.00075241
18:35||595815000||446939||0.00075241
18:36||593890500||444712||0.00075241
18:37||593582000||444712||0.00075241
18:38||593301500||444712||0.00075241
18:39||593172500||445050||0.00075241
18:40||592750000||446931||0.00075241
18:41||592081500||444044||0.00075241
18:42||592250000||444049||0.00075241
18:43||592250000||444299||0.00075241
18:44||594001000||447307||0.00075241
18:45||594499000||447307||0.00075241
18:46||594545000||447307||0.00075241
18:47||595500000||447307||0.00075241
18:48||595750000||449187||0.00075241
18:49||596375000||449187||0.00075241
18:50||596500000||449188||0.00075241
18:51||596501000||449188||0.00075241
18:52||597001000||449941||0.00075241
18:53||597501000||450693||0.00075241
18:54||597501000||450693||0.00075241
18:55||597501000||450693||0.00075241
18:56||598502000||451446||0.00075241
18:57||599003000||451446||0.00075241
18:58||599003000||451446||0.00075241
18:59||599251000||451446||0.00075241
19:00||599251000||451446||0.00075241
19:01||599251000||451446||0.00075241
19:02||599500000||450318||0.00075241
19:03||599749000||451444||0.00075241
19:04||599250000||451069||0.00075241
19:05||599245000||451062||0.00075241
19:06||598007000||449947||0.00075241
19:07||596503500||447683||0.00075241
19:08||596356000||449807||0.00075241
19:09||595004000||447687||0.00075241
19:10||596374500||447687||0.00075241
19:11||595003500||447686||0.00075241
19:12||595001500||447686||0.00075241
19:13||592601500||444072||0.00075241
19:14||592751500||444299||0.00075241
19:15||592749500||444299||0.00075241
19:16||592745000||447676||0.00075241
19:17||594993500||447681||0.00075241
19:18||592028000||444675||0.00075241
19:19||591546500||445426||0.00075241
19:20||593045500||447676||0.00075241
19:21||593051500||447676||0.00075241
19:22||594984500||445428||0.00075241
19:23||594983500||445428||0.00075241
19:24||595248000||449916||0.00075241
19:25||595733500||449916||0.00075241
19:26||595983500||449916||0.00075241
19:27||596250500||449940||0.00075241
19:28||596250500||449940||0.00075241
19:29||597000500||450692||0.00075241
19:30||597500500||450692||0.00075241
19:31||598248000||451442||0.00075241
19:32||598749000||449192||0.00075241
19:33||598749000||449192||0.00075241
19:34||598746000||451442||0.00075241
19:35||598651000||451442||0.00075241
19:36||597500000||448436||0.00075241
19:37||598495000||449878||0.00075241
19:38||597002500||449878||0.00075241
19:39||597252500||449878||0.00075241
19:40||597252500||449878||0.00075241
19:41||597745000||450684||0.00075241
19:42||597745500||450684||0.00075241
19:43||597501000||450684||0.00075241
19:44||597501000||450684||0.00075241
19:45||598490000||449941||0.00075241
19:46||597989500||450677||0.00075241
19:47||597001000||449190||0.00075241
19:48||596754500||449188||0.00075241
19:49||596753500||449188||0.00075241
19:50||596999000||449188||0.00075241
19:51||596999500||449188||0.00075241
19:52||596999500||449188||0.00075241
19:53||596999500||449188||0.00075241
19:54||596999500||449188||0.00075241
19:55||597735000||449188||0.00075241
19:56||596726000||449162||0.00075241
19:57||596553500||448887||0.00075241
19:58||595284000||448812||0.00075241
19:59||594093500||447001||0.00075241
20:00||595259500||447001||0.00075241
20:01||594100000||447007||0.00075241
20:02||593841000||446924||0.00075241
20:03||593013000||445824||0.00075241
20:04||592993000||445824||0.00075241
20:05||592994000||445824||0.00075241
20:06||592994000||446518||0.00075241
20:07||593004000||445830||0.00075241
20:08||594277500||448434||0.00075241
20:09||594108500||448434||0.00075241
20:10||593926000||448434||0.00075241
20:11||593765000||447778||0.00075241
20:12||593622500||447778||0.00075241
20:13||593514500||447316||0.00075241
20:14||593514500||447316||0.00075241
20:15||593513000||447316||0.00075241
20:16||593516500||447282||0.00075241
20:17||593515000||447282||0.00075241
20:18||593515000||447282||0.00075241
20:19||593515000||447279||0.00075241
20:20||593515000||447279||0.00075241
20:21||593513500||447279||0.00075241
20:22||594253500||448434||0.00075241
20:23||594266000||448434||0.00075241
20:24||594228000||448326||0.00075241
20:25||594212500||445879||0.00075241
20:26||594063500||446028||0.00075241
20:27||593924000||446030||0.00075241
20:28||593724500||446105||0.00075241
20:29||593594500||446105||0.00075241
20:30||593628500||446180||0.00075241
20:31||593628500||446180||0.00075241
20:32||593625000||447118||0.00075241
20:33||593625000||447118||0.00075241
20:34||595083000||448375||0.00075241
20:35||595459500||447683||0.00075241
20:36||595462000||447683||0.00075241
20:37||595464000||447687||0.00075241
20:38||595843500||448436||0.00075241
20:39||595849500||448871||0.00075241
20:40||596745000||449925||0.00075241
20:41||597250500||450316||0.00075241
20:42||597255500||450316||0.00075241
20:43||597582500||450316||0.00075241
20:44||599750500||452198||0.00075241
20:45||599750500||452198||0.00075241
20:46||600250500||452950||0.00075241
20:47||600254500||450325||0.00075241
20:48||600219500||450325||0.00075241
20:49||600149000||450325||0.00075241
20:50||601621500||452691||0.00075241
20:51||600086500||452691||0.00075241
20:52||598526000||450337||0.00075241
20:53||600249000||450337||0.00075241
20:54||600750000||450337||0.00075241
20:55||600750000||452573||0.00075241
20:56||600826000||452687||0.00075241
20:57||600701000||452685||0.00075241
20:58||600750000||452497||0.00075241
20:59||600801000||452574||0.00075241
21:00||600803000||452574||0.00075241
21:01||600854000||452725||0.00075241
21:02||601355500||452950||0.00075241
21:03||602356000||454455||0.00075241
21:04||602357000||454455||0.00075241
21:05||602860000||454455||0.00075241
21:06||605853500||457284||0.00075241
21:07||605878500||457284||0.00075241
21:08||606351000||457239||0.00075241
21:09||606851000||457239||0.00075241
21:10||607351000||457239||0.00075241
21:11||607699500||457239||0.00075241
21:12||607699500||457239||0.00075241
21:13||607699500||457239||0.00075241
21:14||607350500||457238||0.00075241
21:15||607350500||457238||0.00075241
21:16||607350500||457238||0.00075241
21:17||607150000||457238||0.00075241
21:18||607000500||456713||0.00075241
21:19||606800500||456712||0.00075241
21:20||606801000||456712||0.00075241
21:21||606750500||456712||0.00075241
21:22||606700500||456487||0.00075241
21:23||606700500||456487||0.00075241
21:24||606700500||456487||0.00075241
21:25||606800500||456712||0.00075241
21:26||606800500||456712||0.00075241
21:27||606800500||456712||0.00075241
21:28||606800500||456712||0.00075241
21:29||606800500||456712||0.00075241
21:30||610073500||458970||0.00075241
21:31||611732500||458970||0.00075241
21:32||610737000||460077||0.00075241
21:33||610251000||460077||0.00075241
21:34||610001500||458972||0.00075241
21:35||610000500||459120||0.00075241
21:36||610000500||458970||0.00075241
21:37||609749500||458969||0.00075241
21:38||609797500||458967||0.00075241
21:39||609993500||458967||0.00075241
21:40||609993500||458965||0.00075241
21:41||609993500||458965||0.00075241
21:42||609993500||458964||0.00075241
21:43||609997500||458965||0.00075241
21:44||609997000||458965||0.00075241
21:45||609997000||458965||0.00075241
21:46||609997000||458970||0.00075241
21:47||610000500||458964||0.00075241
21:48||609996000||458964||0.00075241
21:49||609691000||459707||0.00075241
21:50||609691000||459705||0.00075241
21:51||609691500||459705||0.00075241
21:52||609833500||459705||0.00075241
21:53||609982500||459696||0.00075241
21:54||609981000||458219||0.00075241
21:55||609981500||459692||0.00075241
21:56||610327500||459692||0.00075241
21:57||610478000||459687||0.00075241
21:58||609950000||459045||0.00075241
21:59||609449500||457467||0.00075241
22:00||609649000||457467||0.00075241
22:01||609948500||459043||0.00075241
22:02||609949500||459044||0.00075241
22:03||609899500||458744||0.00075241
22:04||609899500||458744||0.00075241
22:05||609995000||458744||0.00075241
22:06||609443000||458593||0.00075241
22:07||609393000||458443||0.00075241
22:08||609393000||458583||0.00075241
22:09||608663500||457615||0.00075241
22:10||608951500||457766||0.00075241
22:11||609050500||457916||0.00075241
22:12||608740000||458067||0.00075241
22:13||608740000||458067||0.00075241
22:14||608740000||458067||0.00075241
22:15||608700500||457992||0.00075241
22:16||609001000||458443||0.00075241
22:17||609001000||458443||0.00075241
22:18||608850000||458443||0.00075241
22:19||608746500||457916||0.00075241
22:20||607433500||457089||0.00075241
22:21||608083000||456863||0.00075241
22:22||608183000||456863||0.00075241
22:23||608233000||457015||0.00075241
22:24||608233000||457015||0.00075241
22:25||608218000||457015||0.00075241
22:26||608218000||457015||0.00075241
22:27||608218000||457015||0.00075241
22:28||608218000||457015||0.00075241
22:29||608218000||458168||0.00075241
22:30||608343000||458168||0.00075241
22:31||608343000||458168||0.00075241
22:32||608009500||456712||0.00075241
22:33||605502500||455960||0.00075241
22:34||605387000||454463||0.00075241
22:35||605737000||454463||0.00075241
22:36||606137000||454463||0.00075241
22:37||606210500||454456||0.00075241
22:38||606160500||454456||0.00075241
22:39||605960500||454456||0.00075241
22:40||603495000||454456||0.00075241
22:41||603494500||453703||0.00075241
22:42||600914000||452749||0.00075241
22:43||600914500||452746||0.00075241
22:44||604010000||452746||0.00075241
22:45||604010000||452746||0.00075241
22:46||604010000||452746||0.00075241
22:47||604016500||452198||0.00075241
22:48||604147500||452198||0.00075241
22:49||603660000||452198||0.00075241
22:50||603248500||452198||0.00075241
22:51||603214000||452198||0.00075241
22:52||603316000||455153||0.00075241
22:53||603249000||455153||0.00075241
22:54||603215000||455153||0.00075241
22:55||603180500||455153||0.00075241
22:56||603180000||452574||0.00075241
22:57||602528000||451521||0.00075241
22:58||602575000||451664||0.00075241
22:59||602723500||451664||0.00075241
23:00||603948500||451664||0.00075241
23:01||602680500||451664||0.00075241
23:02||603930000||451664||0.00075241
23:03||603530000||451664||0.00075241
23:04||604510000||451664||0.00075241
23:05||604510000||451664||0.00075241
23:06||604510000||451664||0.00075241
23:07||604513500||454490||0.00075241
23:08||604513500||454490||0.00075241
23:09||604504000||454490||0.00075241
23:10||604504000||454490||0.00075241
23:11||604504000||454490||0.00075241
23:12||604504000||454490||0.00075241
23:13||604504000||454490||0.00075241
23:14||604504000||454490||0.00075241
23:15||604504000||454490||0.00075241
23:16||604523000||454475||0.00075241
23:17||605013500||455208||0.00075241
23:18||604994000||455208||0.00075241
23:19||605033000||455208||0.00075241
23:20||605033000||455208||0.00075241
23:21||605033000||455208||0.00075241
23:22||605033000||455960||0.00075241
23:23||605033000||455960||0.00075241
23:24||605033000||455960||0.00075241
23:25||605033000||455960||0.00075241
23:26||606548500||455960||0.00075241
23:27||606547000||455960||0.00075241
23:28||605540500||455960||0.00075241
23:29||605527000||455960||0.00075241
23:30||605527000||455960||0.00075241
23:31||605527000||455960||0.00075241
23:32||605527000||454571||0.00075241
23:33||605527000||454571||0.00075241
23:34||606948500||456637||0.00075241
23:35||605849000||457164||0.00075241
23:36||605884500||457164||0.00075241
23:37||605884500||457164||0.00075241
23:38||605884500||457164||0.00075241
23:39||605884000||457164||0.00075241
23:40||605884000||457164||0.00075241
23:41||605883500||457164||0.00075241
23:42||605883000||457164||0.00075241
23:43||605847500||457164||0.00075241
23:44||605847500||457164||0.00075241
23:45||605801000||457164||0.00075241
23:46||605767500||457164||0.00075241
23:47||605734500||457164||0.00075241
23:48||605734500||457164||0.00075241
23:49||605734500||457164||0.00075241
23:50||607578500||457089||0.00075241
23:51||606332000||457465||0.00075241
23:52||607224000||457773||0.00075241
23:53||607686000||457773||0.00075241
23:54||607687000||457773||0.00075241
23:55||607687000||457773||0.00075241
23:56||607687000||457773||0.00075241
23:57||607687000||457773||0.00075241
23:58||607687000||457773||0.00075241
23:59||607687000||457773||0.00075241
