00:00||853395000||641655||0.00075241
00:01||853395000||641655||0.00075241
00:02||853395000||641655||0.00075241
00:03||853395000||641655||0.00075241
00:04||853395000||641655||0.00075241
00:05||853395000||641655||0.00075241
00:06||853395000||641655||0.00075241
00:07||853395000||641655||0.00075241
00:08||853395000||641655||0.00075241
00:09||853395000||641655||0.00075241
00:10||853395000||641655||0.00075241
00:11||853395000||641655||0.00075241
00:12||853395000||641655||0.00075241
00:13||853395000||642550||0.00075241
00:14||853745000||642550||0.00075241
00:15||853745000||642550||0.00075241
00:16||853745000||642550||0.00075241
00:17||853744500||642550||0.00075241
00:18||853744500||642550||0.00075241
00:19||853744500||642181||0.00075241
00:20||853744500||642181||0.00075241
00:21||853744500||642181||0.00075241
00:22||853744500||642181||0.00075241
00:23||853525000||642181||0.00075241
00:24||853525000||642181||0.00075241
00:25||853525000||642181||0.00075241
00:26||853744500||642181||0.00075241
00:27||853600000||642181||0.00075241
00:28||853744500||642181||0.00075241
00:29||853744500||642181||0.00075241
00:30||853744500||642549||0.00075241
00:31||853744500||642549||0.00075241
00:32||853744500||642549||0.00075241
00:33||853749500||642549||0.00075241
00:34||853749500||642549||0.00075241
00:35||853754500||642549||0.00075241
00:36||853754500||642549||0.00075241
00:37||853754500||642549||0.00075241
00:38||853754500||642549||0.00075241
00:39||853754500||642549||0.00075241
00:40||853750000||642549||0.00075241
00:41||853750000||642189||0.00075241
00:42||853754500||642189||0.00075241
00:43||853754500||642189||0.00075241
00:44||853754500||642189||0.00075241
00:45||853754500||642189||0.00075241
00:46||853754500||642189||0.00075241
00:47||853754500||642189||0.00075241
00:48||853754500||642189||0.00075241
00:49||853754500||642189||0.00075241
00:50||853754500||642189||0.00075241
00:51||853754500||642189||0.00075241
00:52||853754500||642557||0.00075241
00:53||853754500||642557||0.00075241
00:54||853754500||642557||0.00075241
00:55||853754500||642557||0.00075241
00:56||853754500||642557||0.00075241
00:57||853754500||642557||0.00075241
00:58||853754500||642557||0.00075241
00:59||853754500||642557||0.00075241
01:00||853754500||642557||0.00075241
01:01||853754500||642189||0.00075241
01:02||853754500||642189||0.00075241
01:03||853754500||642189||0.00075241
01:04||853754500||642189||0.00075241
01:05||853754500||642189||0.00075241
01:06||853754500||642189||0.00075241
01:07||853754500||642189||0.00075241
01:08||853754500||642189||0.00075241
01:09||853754500||642557||0.00075241
01:10||853754500||642557||0.00075241
01:11||853754500||642189||0.00075241
01:12||853754500||642189||0.00075241
01:13||853754500||642189||0.00075241
01:14||853705000||642189||0.00075241
01:15||853705000||642189||0.00075241
01:16||853200000||639589||0.00075241
01:17||851950000||639548||0.00075241
01:18||851950000||639548||0.00075241
01:19||851950000||639548||0.00075241
01:20||851950000||639548||0.00075241
01:21||851950000||639548||0.00075241
01:22||851949500||639548||0.00075241
01:23||851949500||639548||0.00075241
01:24||851949500||639548||0.00075241
01:25||851949500||639548||0.00075241
01:26||849809500||639548||0.00075241
01:27||849809500||639548||0.00075241
01:28||849809500||639548||0.00075241
01:29||849995500||639548||0.00075241
01:30||849551500||638873||0.00075241
01:31||849657000||638873||0.00075241
01:32||849657000||638873||0.00075241
01:33||850411000||638873||0.00075241
01:34||850411000||638873||0.00075241
01:35||850524000||638873||0.00075241
01:36||851507500||638873||0.00075241
01:37||851507500||638873||0.00075241
01:38||850330500||638873||0.00075241
01:39||850330500||638873||0.00075241
01:40||850330500||638873||0.00075241
01:41||850330500||638873||0.00075241
01:42||850330500||638873||0.00075241
01:43||850330500||638873||0.00075241
01:44||850330500||638873||0.00075241
01:45||850330500||638873||0.00075241
01:46||850335500||640690||0.00075241
01:47||852244500||641053||0.00075241
01:48||852244500||641053||0.00075241
01:49||852244500||641053||0.00075241
01:50||852244500||641053||0.00075241
01:51||852999500||641053||0.00075241
01:52||852999500||641053||0.00075241
01:53||852999500||641053||0.00075241
01:54||852999500||641053||0.00075241
01:55||852999500||641053||0.00075241
01:56||852999500||641053||0.00075241
01:57||852999500||641053||0.00075241
01:58||852999500||641053||0.00075241
01:59||852999500||641053||0.00075241
02:00||852999500||641053||0.00075241
02:01||852999500||641053||0.00075241
02:02||852999500||641053||0.00075241
02:03||852999500||641053||0.00075241
02:04||852999500||641053||0.00075241
02:05||852999500||641053||0.00075241
02:06||852500000||641805||0.00075241
02:07||852500000||641805||0.00075241
02:08||852800000||641805||0.00075241
02:09||852800000||641805||0.00075241
02:10||852800000||641805||0.00075241
02:11||852800000||641805||0.00075241
02:12||852800000||641805||0.00075241
02:13||852800000||641805||0.00075241
02:14||852801000||641805||0.00075241
02:15||852805000||641805||0.00075241
02:16||852804500||641512||0.00075241
02:17||852804500||641512||0.00075241
02:18||852804500||641512||0.00075241
02:19||852804500||641512||0.00075241
02:20||852804500||641804||0.00075241
02:21||852805000||641805||0.00075241
02:22||852801500||641805||0.00075241
02:23||852801500||641805||0.00075241
02:24||852614500||641504||0.00075241
02:25||852614000||641504||0.00075241
02:26||852607500||641504||0.00075241
02:27||852607500||641504||0.00075241
02:28||852607500||641504||0.00075241
02:29||852607500||641504||0.00075241
02:30||852607500||641504||0.00075241
02:31||852601500||641504||0.00075241
02:32||852597500||641492||0.00075241
02:33||852305500||641492||0.00075241
02:34||852305500||641492||0.00075241
02:35||852305500||641492||0.00075241
02:36||852305500||641492||0.00075241
02:37||852303000||641492||0.00075241
02:38||852303000||641492||0.00075241
02:39||852298000||641492||0.00075241
02:40||852541500||641503||0.00075241
02:41||852547500||641503||0.00075241
02:42||852549000||641503||0.00075241
02:43||852550500||641503||0.00075241
02:44||852612500||641503||0.00075241
02:45||852617500||641503||0.00075241
02:46||852617500||641503||0.00075241
02:47||852617500||641503||0.00075241
02:48||852617500||641503||0.00075241
02:49||852619500||641503||0.00075241
02:50||852612500||641514||0.00075241
02:51||852619500||641514||0.00075241
02:52||852612500||641514||0.00075241
02:53||852612500||641514||0.00075241
02:54||852612500||641514||0.00075241
02:55||852612500||641514||0.00075241
02:56||852612500||641514||0.00075241
02:57||852612500||641514||0.00075241
02:58||852612500||641514||0.00075241
02:59||852612500||641514||0.00075241
03:00||852612500||641514||0.00075241
03:01||852612500||641514||0.00075241
03:02||852612500||641514||0.00075241
03:03||852612500||641514||0.00075241
03:04||852612500||641514||0.00075241
03:05||852612500||641514||0.00075241
03:06||852612500||641514||0.00075241
03:07||852616000||641514||0.00075241
03:08||852616000||641514||0.00075241
03:09||852612500||641514||0.00075241
03:10||852612500||641514||0.00075241
03:11||852612500||641514||0.00075241
03:12||852619500||641514||0.00075241
03:13||852619500||641514||0.00075241
03:14||852619500||641514||0.00075241
03:15||852619500||641514||0.00075241
03:16||852619500||641514||0.00075241
03:17||852619500||641514||0.00075241
03:18||852619500||641514||0.00075241
03:19||852739500||641525||0.00075241
03:20||852865500||641705||0.00075241
03:21||852865500||641705||0.00075241
03:22||852865500||641705||0.00075241
03:23||852865500||641705||0.00075241
03:24||852865500||641705||0.00075241
03:25||852914000||641705||0.00075241
03:26||852914000||641705||0.00075241
03:27||852964500||641780||0.00075241
03:28||852964500||641780||0.00075241
03:29||852970500||641780||0.00075241
03:30||852970500||641780||0.00075241
03:31||852970500||641780||0.00075241
03:32||852970500||641780||0.00075241
03:33||852970500||641780||0.00075241
03:34||852970500||641780||0.00075241
03:35||852970500||641780||0.00075241
03:36||852981000||641780||0.00075241
03:37||852981000||641780||0.00075241
03:38||852999500||641780||0.00075241
03:39||852999500||641780||0.00075241
03:40||852999500||641780||0.00075241
03:41||852999500||641780||0.00075241
03:42||852999500||641780||0.00075241
03:43||852999500||641780||0.00075241
03:44||852999500||641804||0.00075241
03:45||852999500||641804||0.00075241
03:46||852999500||641804||0.00075241
03:47||852999500||641804||0.00075241
03:48||852999500||641804||0.00075241
03:49||852999500||641804||0.00075241
03:50||852999500||641804||0.00075241
03:51||852999500||641804||0.00075241
03:52||852999500||641804||0.00075241
03:53||852999500||641804||0.00075241
03:54||852999500||641804||0.00075241
03:55||852999500||641804||0.00075241
03:56||852999500||641804||0.00075241
03:57||852999500||641804||0.00075241
03:58||852999500||641804||0.00075241
03:59||852999500||641804||0.00075241
04:00||852999500||641804||0.00075241
04:01||852999500||641804||0.00075241
04:02||852999500||641804||0.00075241
04:03||852999500||641804||0.00075241
04:04||852999500||641804||0.00075241
04:05||852999500||641804||0.00075241
04:06||852999500||641804||0.00075241
04:07||852999500||641804||0.00075241
04:08||852999500||641804||0.00075241
04:09||852999500||641804||0.00075241
04:10||852999500||641804||0.00075241
04:11||852999500||641804||0.00075241
04:12||852999500||641804||0.00075241
04:13||852999500||641804||0.00075241
04:14||852999500||641804||0.00075241
04:15||852999500||641804||0.00075241
04:16||852999500||641804||0.00075241
04:17||852999500||641804||0.00075241
04:18||852999500||641804||0.00075241
04:19||852999500||641804||0.00075241
04:20||852999500||641804||0.00075241
04:21||852999500||641804||0.00075241
04:22||852999500||641804||0.00075241
04:23||852999500||641804||0.00075241
04:24||852999500||641804||0.00075241
04:25||852999500||641804||0.00075241
04:26||852999500||641804||0.00075241
04:27||852999500||641804||0.00075241
04:28||852999500||641804||0.00075241
04:29||852999500||641804||0.00075241
04:30||852999500||641804||0.00075241
04:31||852999500||641804||0.00075241
04:32||852999500||641804||0.00075241
04:33||852999500||641804||0.00075241
04:34||852999500||641804||0.00075241
04:35||852999500||641804||0.00075241
04:36||852999500||641804||0.00075241
04:37||852999500||641804||0.00075241
04:38||852999500||641804||0.00075241
04:39||852999500||641804||0.00075241
04:40||852999500||641804||0.00075241
04:41||852999500||641804||0.00075241
04:42||852999500||641804||0.00075241
04:43||852999500||641804||0.00075241
04:44||852999500||641804||0.00075241
04:45||852999500||641804||0.00075241
04:46||852999500||641804||0.00075241
04:47||852999500||641804||0.00075241
04:48||852999500||641804||0.00075241
04:49||852999500||641804||0.00075241
04:50||852999500||641804||0.00075241
04:51||852999500||641804||0.00075241
04:52||852999500||641804||0.00075241
04:53||852999500||641804||0.00075241
04:54||852999500||641804||0.00075241
04:55||852999500||641804||0.00075241
04:56||852999500||641805||0.00075241
04:57||852999500||641805||0.00075241
04:58||852999500||641805||0.00075241
04:59||852508500||641804||0.00075241
05:00||852508500||641804||0.00075241
05:01||852508500||641804||0.00075241
05:02||852508500||641804||0.00075241
05:03||852508500||641804||0.00075241
05:04||851580000||639577||0.00075241
05:05||851580000||639577||0.00075241
05:06||850168500||639577||0.00075241
05:07||850168500||639577||0.00075241
05:08||850168500||639577||0.00075241
05:09||850410500||639577||0.00075241
05:10||850410500||639577||0.00075241
05:11||850737500||639577||0.00075241
05:12||850737500||639577||0.00075241
05:13||850867000||639577||0.00075241
05:14||850867000||640172||0.00075241
05:15||851173500||640172||0.00075241
05:16||851442500||640172||0.00075241
05:17||851476500||640172||0.00075241
05:18||852254500||640684||0.00075241
05:19||852254500||640684||0.00075241
05:20||852998500||640684||0.00075241
05:21||852998500||641804||0.00075241
05:22||852998500||641804||0.00075241
05:23||852998500||641804||0.00075241
05:24||852998500||641804||0.00075241
05:25||852643500||641267||0.00075241
05:26||852641500||641267||0.00075241
05:27||852323500||641267||0.00075241
05:28||852351000||641267||0.00075241
05:29||852337500||641267||0.00075241
05:30||852328500||641267||0.00075241
05:31||852337500||641267||0.00075241
05:32||852749500||641371||0.00075241
05:33||852749500||641371||0.00075241
05:34||853250500||641805||0.00075241
05:35||853250500||641805||0.00075241
05:36||853331000||641805||0.00075241
05:37||853336000||641805||0.00075241
05:38||853499500||641805||0.00075241
05:39||853499500||641805||0.00075241
05:40||853499500||641805||0.00075241
05:41||853499500||641805||0.00075241
05:42||853499500||642181||0.00075241
05:43||853499500||642181||0.00075241
05:44||853499500||642181||0.00075241
05:45||853499500||642181||0.00075241
05:46||853499500||642181||0.00075241
05:47||853499500||642181||0.00075241
05:48||853499500||642181||0.00075241
05:49||853499500||642181||0.00075241
05:50||853499500||642181||0.00075241
05:51||853499500||642181||0.00075241
05:52||853499500||642181||0.00075241
05:53||853499500||642181||0.00075241
05:54||853499500||642181||0.00075241
05:55||853499500||642181||0.00075241
05:56||853499500||642181||0.00075241
05:57||853499500||642181||0.00075241
05:58||853499500||642181||0.00075241
05:59||853499500||642181||0.00075241
06:00||853499500||642181||0.00075241
06:01||853499500||642181||0.00075241
06:02||853678500||642181||0.00075241
06:03||853683500||642445||0.00075241
06:04||853764500||642445||0.00075241
06:05||853764500||642445||0.00075241
06:06||853764500||642445||0.00075241
06:07||853726000||642445||0.00075241
06:08||853680000||642445||0.00075241
06:09||853680000||642445||0.00075241
06:10||853680000||642445||0.00075241
06:11||853680000||642445||0.00075241
06:12||853700000||642482||0.00075241
06:13||853749500||642557||0.00075241
06:14||853749500||642557||0.00075241
06:15||853749500||642557||0.00075241
06:16||853749500||642557||0.00075241
06:17||853749500||642181||0.00075241
06:18||853749500||642181||0.00075241
06:19||853578500||642181||0.00075241
06:20||853578500||642181||0.00075241
06:21||853578500||642181||0.00075241
06:22||853578500||642181||0.00075241
06:23||853578500||641924||0.00075241
06:24||853578500||641924||0.00075241
06:25||853578500||641924||0.00075241
06:26||853578500||641924||0.00075241
06:27||853749500||641924||0.00075241
06:28||853749500||641924||0.00075241
06:29||853749500||641924||0.00075241
06:30||853749500||642181||0.00075241
06:31||853749500||642181||0.00075241
06:32||853749500||642181||0.00075241
06:33||853749500||642181||0.00075241
06:34||853749500||642181||0.00075241
06:35||853749500||642181||0.00075241
06:36||853749500||642557||0.00075241
06:37||853749500||642557||0.00075241
06:38||853749500||642557||0.00075241
06:39||853749500||642181||0.00075241
06:40||852444500||642557||0.00075241
06:41||852399000||642557||0.00075241
06:42||852399000||642557||0.00075241
06:43||852000000||640224||0.00075241
06:44||852260000||640224||0.00075241
06:45||852260000||640224||0.00075241
06:46||852260000||640224||0.00075241
06:47||852260500||640224||0.00075241
06:48||852260500||640224||0.00075241
06:49||852260500||641069||0.00075241
06:50||852260500||641069||0.00075241
06:51||852260500||641069||0.00075241
06:52||852265500||641069||0.00075241
06:53||852265500||641069||0.00075241
06:54||852265500||641429||0.00075241
06:55||852265500||641076||0.00075241
06:56||852265500||641076||0.00075241
06:57||852265500||641076||0.00075241
06:58||852265500||641076||0.00075241
06:59||852265500||641076||0.00075241
07:00||852265500||641076||0.00075241
07:01||852270000||641076||0.00075241
07:02||852270000||641076||0.00075241
07:03||852270000||641076||0.00075241
07:04||852270000||641076||0.00075241
07:05||852265500||641076||0.00075241
07:06||852265500||641076||0.00075241
07:07||852265500||641429||0.00075241
07:08||852265500||641429||0.00075241
07:09||852265500||641429||0.00075241
07:10||852265500||641429||0.00075241
07:11||852265500||641429||0.00075241
07:12||852380500||641429||0.00075241
07:13||852380500||641429||0.00075241
07:14||852380500||641429||0.00075241
07:15||852380500||641429||0.00075241
07:16||852380500||641429||0.00075241
07:17||852380500||641429||0.00075241
07:18||852380500||641429||0.00075241
07:19||852380500||641429||0.00075241
07:20||852380500||641429||0.00075241
07:21||852380000||641429||0.00075241
07:22||852380000||641248||0.00075241
07:23||852380000||641248||0.00075241
07:24||852380000||641248||0.00075241
07:25||851699500||640224||0.00075241
07:26||851154000||640224||0.00075241
07:27||851102000||640224||0.00075241
07:28||851102000||640224||0.00075241
07:29||851089000||640224||0.00075241
07:30||851089000||640224||0.00075241
07:31||850903500||640224||0.00075241
07:32||850903500||640224||0.00075241
07:33||850903500||640224||0.00075241
07:34||850903500||640224||0.00075241
07:35||850903500||640224||0.00075241
07:36||850903500||640224||0.00075241
07:37||850903500||640224||0.00075241
07:38||850903500||640224||0.00075241
07:39||850904000||640224||0.00075241
07:40||850904500||640224||0.00075241
07:41||850904500||640224||0.00075241
07:42||850904500||640224||0.00075241
07:43||850904500||640224||0.00075241
07:44||850894500||640224||0.00075241
07:45||850894500||640224||0.00075241
07:46||850894500||640224||0.00075241
07:47||850894500||640224||0.00075241
07:48||850894500||640224||0.00075241
07:49||850849500||640150||0.00075241
07:50||850849500||640150||0.00075241
07:51||850804500||640150||0.00075241
07:52||850474000||639653||0.00075241
07:53||850143500||639653||0.00075241
07:54||850143500||639653||0.00075241
07:55||850145500||639662||0.00075241
07:56||850144500||639653||0.00075241
07:57||850075000||639548||0.00075241
07:58||849999500||639548||0.00075241
07:59||849999500||639548||0.00075241
08:00||849999500||639548||0.00075241
08:01||849999500||639548||0.00075241
08:02||849999500||639548||0.00075241
08:03||850214500||639548||0.00075241
08:04||850214500||639548||0.00075241
08:05||850219000||639548||0.00075241
08:06||850219000||639548||0.00075241
08:07||850220000||639872||0.00075241
08:08||850019000||639872||0.00075241
08:09||850019500||639872||0.00075241
08:10||850024500||639872||0.00075241
08:11||850029500||639872||0.00075241
08:12||850234000||639872||0.00075241
08:13||850428500||639872||0.00075241
08:14||850433500||639872||0.00075241
08:15||851468500||641391||0.00075241
08:16||852449500||641391||0.00075241
08:17||852449500||641391||0.00075241
08:18||852449500||641391||0.00075241
08:19||852449500||641391||0.00075241
08:20||852449500||641391||0.00075241
08:21||852449500||641391||0.00075241
08:22||852449500||641391||0.00075241
08:23||852449500||641391||0.00075241
08:24||852449500||641391||0.00075241
08:25||852449500||641391||0.00075241
08:26||852449500||641391||0.00075241
08:27||852449500||641391||0.00075241
08:28||852449500||641391||0.00075241
08:29||852449500||641391||0.00075241
08:30||852449500||641391||0.00075241
08:31||852449500||641391||0.00075241
08:32||852474500||641429||0.00075241
08:33||852724500||641429||0.00075241
08:34||852999500||641429||0.00075241
08:35||853249500||641805||0.00075241
08:36||853249500||641805||0.00075241
08:37||853499500||641805||0.00075241
08:38||853499500||642181||0.00075241
08:39||853649500||642181||0.00075241
08:40||853704000||642407||0.00075241
08:41||853899500||642407||0.00075241
08:42||853899500||642407||0.00075241
08:43||853899500||642407||0.00075241
08:44||853899500||642482||0.00075241
08:45||853899500||642482||0.00075241
08:46||853899500||642482||0.00075241
08:47||853899500||642482||0.00075241
08:48||853899500||642482||0.00075241
08:49||853899500||642482||0.00075241
08:50||853899500||642482||0.00075241
08:51||853899500||642482||0.00075241
08:52||853899500||642482||0.00075241
08:53||853899500||642482||0.00075241
08:54||853899500||642482||0.00075241
08:55||853899500||642482||0.00075241
08:56||853899500||642482||0.00075241
08:57||853899500||642482||0.00075241
08:58||853899500||642482||0.00075241
08:59||853899500||642482||0.00075241
09:00||853899500||642482||0.00075241
09:01||853899500||642482||0.00075241
09:02||853899500||642482||0.00075241
09:03||853899500||642482||0.00075241
09:04||853899500||642482||0.00075241
09:05||853899500||642482||0.00075241
09:06||853899500||642482||0.00075241
09:07||853899500||642482||0.00075241
09:08||853899500||642482||0.00075241
09:09||854489500||642926||0.00075241
09:10||854494500||642934||0.00075241
09:11||854499500||642934||0.00075241
09:12||854499500||642934||0.00075241
09:13||854949500||643310||0.00075241
09:14||855399500||643310||0.00075241
09:15||855399500||643610||0.00075241
09:16||855399500||643611||0.00075241
09:17||855399500||643611||0.00075241
09:18||855399500||643611||0.00075241
09:19||855399500||643611||0.00075241
09:20||855399500||643611||0.00075241
09:21||855399500||643611||0.00075241
09:22||855699500||644062||0.00075241
09:23||855699500||644062||0.00075241
09:24||855694500||643610||0.00075241
09:25||855832500||644062||0.00075241
09:26||856755000||644439||0.00075241
09:27||857531500||645191||0.00075241
09:28||857694000||645460||0.00075241
09:29||857856500||645460||0.00075241
09:30||857856500||645459||0.00075241
09:31||858856500||646212||0.00075241
09:32||858950000||646211||0.00075241
09:33||858878000||646244||0.00075241
09:34||859294500||646696||0.00075241
09:35||859449500||646236||0.00075241
09:36||859744000||647072||0.00075241
09:37||859999500||647072||0.00075241
09:38||860691000||647071||0.00075241
09:39||860741500||648113||0.00075241
09:40||861382500||648113||0.00075241
09:41||860741000||648112||0.00075241
09:42||860550000||647148||0.00075241
09:43||860549000||647825||0.00075241
09:44||860545000||647823||0.00075241
09:45||860549500||647749||0.00075241
09:46||861135500||647825||0.00075241
09:47||861137000||648112||0.00075241
09:48||861138500||648114||0.00075241
09:49||861142000||647749||0.00075241
09:50||861444500||648115||0.00075241
09:51||861442500||648115||0.00075241
09:52||861292500||648114||0.00075241
09:53||861292500||648114||0.00075241
09:54||861192500||647825||0.00075241
09:55||861192500||647825||0.00075241
09:56||861192500||648114||0.00075241
09:57||861192500||648114||0.00075241
09:58||861192500||648114||0.00075241
09:59||860692500||647072||0.00075241
10:00||860692500||647072||0.00075241
10:01||860692500||647072||0.00075241
10:02||860692500||647072||0.00075241
10:03||860692500||648114||0.00075241
10:04||860697000||647079||0.00075241
10:05||860695500||647079||0.00075241
10:06||860132000||647079||0.00075241
10:07||860132000||647079||0.00075241
10:08||860077500||647072||0.00075241
10:09||859691500||646491||0.00075241
10:10||858653000||645606||0.00075241
10:11||858653000||645606||0.00075241
10:12||859125500||645756||0.00075241
10:13||858751000||647072||0.00075241
10:14||858751000||647072||0.00075241
10:15||858632500||647072||0.00075241
10:16||858265500||645764||0.00075241
10:17||859126000||645778||0.00075241
10:18||859242500||645943||0.00075241
10:19||859252500||645943||0.00075241
10:20||859245000||646296||0.00075241
10:21||859245000||646986||0.00075241
10:22||859052500||646997||0.00075241
10:23||858852500||646997||0.00075241
10:24||858852000||646022||0.00075241
10:25||858852500||646022||0.00075241
10:26||858902500||646098||0.00075241
10:27||858903500||646395||0.00075241
10:28||858903500||646099||0.00075241
10:29||858853000||646320||0.00075241
10:30||858855000||646098||0.00075241
10:31||858855000||646098||0.00075241
10:32||858855500||646101||0.00075241
10:33||859050000||646320||0.00075241
10:34||859094500||646387||0.00075241
10:35||859089500||646387||0.00075241
10:36||859084500||646387||0.00075241
10:37||859084500||646387||0.00075241
10:38||859089500||646387||0.00075241
10:39||859089500||646387||0.00075241
10:40||859089500||646387||0.00075241
10:41||859094500||646387||0.00075241
10:42||859094500||646387||0.00075241
10:43||859094500||646395||0.00075241
10:44||859099500||646395||0.00075241
10:45||859099500||646395||0.00075241
10:46||859099500||646394||0.00075241
10:47||859099500||646394||0.00075241
10:48||859099500||646394||0.00075241
10:49||859099500||646394||0.00075241
10:50||859099500||646394||0.00075241
10:51||859344000||646763||0.00075241
10:52||859554500||647072||0.00075241
10:53||859561500||647072||0.00075241
10:54||859611000||647072||0.00075241
10:55||859612000||647072||0.00075241
10:56||859612000||647072||0.00075241
10:57||859612000||647147||0.00075241
10:58||859612000||646414||0.00075241
10:59||859612000||646414||0.00075241
11:00||859744500||646414||0.00075241
11:01||859744500||646414||0.00075241
11:02||860041500||646414||0.00075241
11:03||860041500||646414||0.00075241
11:04||860041500||646414||0.00075241
11:05||859740500||647140||0.00075241
11:06||859695500||647140||0.00075241
11:07||859695500||647140||0.00075241
11:08||859695500||647140||0.00075241
11:09||859696000||647072||0.00075241
11:10||859697500||647072||0.00075241
11:11||859697000||647072||0.00075241
11:12||859692500||647072||0.00075241
11:13||859692500||647072||0.00075241
11:14||859692500||647072||0.00075241
11:15||859692500||647072||0.00075241
11:16||859395500||647072||0.00075241
11:17||859693000||646618||0.00075241
11:18||859693000||646618||0.00075241
11:19||859693000||646618||0.00075241
11:20||859693000||646618||0.00075241
11:21||859692000||646618||0.00075241
11:22||859530000||646617||0.00075241
11:23||859530000||646617||0.00075241
11:24||859530000||646617||0.00075241
11:25||859530500||646617||0.00075241
11:26||859431000||646617||0.00075241
11:27||859396500||646617||0.00075241
11:28||859396500||646617||0.00075241
11:29||859396500||646617||0.00075241
11:30||859396500||646617||0.00075241
11:31||859396500||646617||0.00075241
11:32||859396500||646617||0.00075241
11:33||859396500||646618||0.00075241
11:34||859396500||646618||0.00075241
11:35||859396500||646618||0.00075241
11:36||859396500||646618||0.00075241
11:37||859692000||646618||0.00075241
11:38||859692000||646618||0.00075241
11:39||859692000||646618||0.00075241
11:40||859692000||646618||0.00075241
11:41||859692000||646618||0.00075241
11:42||859692000||646618||0.00075241
11:43||859692000||646618||0.00075241
11:44||859987500||646618||0.00075241
11:45||859987500||647063||0.00075241
11:46||859987500||647063||0.00075241
11:47||859987500||647063||0.00075241
11:48||859987500||647063||0.00075241
11:49||859987500||647063||0.00075241
11:50||859987500||647062||0.00075241
11:51||859987500||647062||0.00075241
11:52||859987500||647062||0.00075241
11:53||859987500||647062||0.00075241
11:54||859987500||647062||0.00075241
11:55||859987500||647062||0.00075241
11:56||859987500||647062||0.00075241
11:57||859987500||647062||0.00075241
11:58||859987500||647063||0.00075241
11:59||859987500||647062||0.00075241
12:00||859987500||647062||0.00075241
12:01||859987500||647062||0.00075241
12:02||859987500||647062||0.00075241
12:03||859987500||647062||0.00075241
12:04||859987500||647062||0.00075241
12:05||859987500||647062||0.00075241
12:06||859987500||647062||0.00075241
12:07||859987500||647062||0.00075241
12:08||859987500||647062||0.00075241
12:09||859987500||647062||0.00075241
12:10||859987500||647063||0.00075241
12:11||859987500||647063||0.00075241
12:12||859987500||647063||0.00075241
12:13||859987500||647063||0.00075241
12:14||859987500||647063||0.00075241
12:15||859987500||647063||0.00075241
12:16||859987500||647062||0.00075241
12:17||859987500||647062||0.00075241
12:18||859987500||647062||0.00075241
12:19||859987500||647062||0.00075241
12:20||859987500||647062||0.00075241
12:21||859987500||647062||0.00075241
12:22||859987500||647062||0.00075241
12:23||859987500||647062||0.00075241
12:24||859987500||647062||0.00075241
12:25||859987500||647063||0.00075241
12:26||859987500||647063||0.00075241
12:27||859987500||647063||0.00075241
12:28||859987500||647063||0.00075241
12:29||859987500||647063||0.00075241
12:30||859987500||647063||0.00075241
12:31||859987500||647063||0.00075241
12:32||859987500||647063||0.00075241
12:33||859987500||647063||0.00075241
12:34||859987500||647063||0.00075241
12:35||859987500||647062||0.00075241
12:36||859987500||647063||0.00075241
12:37||859987500||647062||0.00075241
12:38||859987500||647062||0.00075241
12:39||859987500||647062||0.00075241
12:40||859987500||647062||0.00075241
12:41||859987500||647062||0.00075241
12:42||859987500||647062||0.00075241
12:43||859987500||647063||0.00075241
12:44||859987500||647063||0.00075241
12:45||859987500||647063||0.00075241
12:46||859987500||647063||0.00075241
12:47||859987500||647063||0.00075241
12:48||859987500||647063||0.00075241
12:49||859987500||647063||0.00075241
12:50||859987500||647062||0.00075241
12:51||859987500||647062||0.00075241
12:52||859987500||647063||0.00075241
12:53||859987500||647063||0.00075241
12:54||859987500||647063||0.00075241
12:55||859987500||647063||0.00075241
12:56||859987500||647063||0.00075241
12:57||859987500||647063||0.00075241
12:58||859987500||647062||0.00075241
12:59||859987500||647062||0.00075241
13:00||859987500||647062||0.00075241
13:01||859987500||647062||0.00075241
13:02||860493500||647825||0.00075241
13:03||860483500||647825||0.00075241
13:04||860472500||647793||0.00075241
13:05||860477500||647793||0.00075241
13:06||860477500||647793||0.00075241
13:07||860478500||647071||0.00075241
13:08||860478500||647071||0.00075241
13:09||860478500||647071||0.00075241
13:10||860478500||647071||0.00075241
13:11||860478500||647793||0.00075241
13:12||860478500||647793||0.00075241
13:13||860478500||647793||0.00075241
13:14||860478500||647071||0.00075241
13:15||860957500||647071||0.00075241
13:16||860957500||647071||0.00075241
13:17||860957500||647071||0.00075241
13:18||860957500||647792||0.00075241
13:19||860957500||647792||0.00075241
13:20||860957500||647792||0.00075241
13:21||860957500||647792||0.00075241
13:22||860957500||647792||0.00075241
13:23||860957500||647793||0.00075241
13:24||860957500||647793||0.00075241
13:25||860957500||647793||0.00075241
13:26||860957500||647793||0.00075241
13:27||860957500||647793||0.00075241
13:28||860957500||647793||0.00075241
13:29||860957500||647793||0.00075241
13:30||860957500||647793||0.00075241
13:31||860957500||647793||0.00075241
13:32||860957500||647793||0.00075241
13:33||860957500||647793||0.00075241
13:34||860957500||647793||0.00075241
13:35||860957500||647792||0.00075241
13:36||860957500||647792||0.00075241
13:37||860957500||647793||0.00075241
13:38||860957500||647793||0.00075241
13:39||860957500||647793||0.00075241
13:40||860957500||647792||0.00075241
13:41||860957500||647792||0.00075241
13:42||860479000||647792||0.00075241
13:43||860479000||647792||0.00075241
13:44||860469000||647792||0.00075241
13:45||860449000||647792||0.00075241
13:46||860245000||647071||0.00075241
13:47||859999500||647071||0.00075241
13:48||859999500||647071||0.00075241
13:49||860250000||647071||0.00075241
13:50||860250000||647071||0.00075241
13:51||860250000||647071||0.00075241
13:52||860249500||647071||0.00075241
13:53||860249500||647071||0.00075241
13:54||860250000||647071||0.00075241
13:55||860250000||647071||0.00075241
13:56||860250000||647071||0.00075241
13:57||860251000||647071||0.00075241
13:58||860256000||647081||0.00075241
13:59||860256000||647081||0.00075241
14:00||860256000||647081||0.00075241
14:01||860258500||647448||0.00075241
14:02||860259000||647448||0.00075241
14:03||860260000||647448||0.00075241
14:04||860591500||647449||0.00075241
14:05||860400500||647585||0.00075241
14:06||860679500||647585||0.00075241
14:07||860679500||647585||0.00075241
14:08||860679500||647584||0.00075241
14:09||860679500||647583||0.00075241
14:10||860679500||647583||0.00075241
14:11||860679500||647583||0.00075241
14:12||860679500||647583||0.00075241
14:13||860679500||647583||0.00075241
14:14||860679500||647163||0.00075241
14:15||860305500||647163||0.00075241
14:16||860310500||647441||0.00075241
14:17||860310500||647441||0.00075241
14:18||860311000||647441||0.00075241
14:19||860311000||647441||0.00075241
14:20||860401000||647584||0.00075241
14:21||860401000||647584||0.00075241
14:22||860401500||647584||0.00075241
14:23||860401500||647584||0.00075241
14:24||860401500||647584||0.00075241
14:25||860401500||647584||0.00075241
14:26||860401500||647584||0.00075241
14:27||860401500||647584||0.00075241
14:28||860403000||647585||0.00075241
14:29||860441000||647585||0.00075241
14:30||860740000||647673||0.00075241
14:31||860740000||647673||0.00075241
14:32||860740500||647585||0.00075241
14:33||860740500||647585||0.00075241
14:34||860740500||647585||0.00075241
14:35||860740500||647585||0.00075241
14:36||860740500||647585||0.00075241
14:37||860740500||647673||0.00075241
14:38||860740500||647673||0.00075241
14:39||860740500||647673||0.00075241
14:40||860849000||647673||0.00075241
14:41||860848500||647673||0.00075241
14:42||860866000||647776||0.00075241
14:43||860866000||647776||0.00075241
14:44||860864500||647775||0.00075241
14:45||860804000||647775||0.00075241
14:46||860789500||647775||0.00075241
14:47||860789500||647746||0.00075241
14:48||860789500||647746||0.00075241
14:49||860790000||647746||0.00075241
14:50||860790000||647746||0.00075241
14:51||860790000||647746||0.00075241
14:52||860790000||647746||0.00075241
14:53||860790000||647746||0.00075241
14:54||860790000||647746||0.00075241
14:55||860684500||647746||0.00075241
14:56||860684500||647746||0.00075241
14:57||860684500||647746||0.00075241
14:58||860684500||647746||0.00075241
14:59||860684500||647588||0.00075241
15:00||860684500||647587||0.00075241
15:01||860684500||647587||0.00075241
15:02||860684500||647587||0.00075241
15:03||860684500||647587||0.00075241
15:04||860684500||647587||0.00075241
15:05||860684500||647588||0.00075241
15:06||860684500||647588||0.00075241
15:07||860684500||647588||0.00075241
15:08||860684500||647587||0.00075241
15:09||860684500||647588||0.00075241
15:10||860684500||647588||0.00075241
15:11||860684500||647588||0.00075241
15:12||860684500||647588||0.00075241
15:13||860684500||647588||0.00075241
15:14||860684500||647588||0.00075241
15:15||860684500||647588||0.00075241
15:16||860684500||647588||0.00075241
15:17||860684500||647588||0.00075241
15:18||860684500||647588||0.00075241
15:19||860684500||647588||0.00075241
15:20||860684500||647588||0.00075241
15:21||860684500||647588||0.00075241
15:22||860684500||647587||0.00075241
15:23||860684500||647587||0.00075241
15:24||860684500||647587||0.00075241
15:25||860684500||647587||0.00075241
15:26||860684500||647587||0.00075241
15:27||860684500||647587||0.00075241
15:28||860684500||647587||0.00075241
15:29||860684500||647588||0.00075241
15:30||860684500||647587||0.00075241
15:31||860684500||647587||0.00075241
15:32||860684500||647587||0.00075241
15:33||860684500||647588||0.00075241
15:34||860684500||647588||0.00075241
15:35||860684500||647588||0.00075241
15:36||860684500||647588||0.00075241
15:37||860684500||647588||0.00075241
15:38||860684500||647588||0.00075241
15:39||860684500||647588||0.00075241
15:40||860684500||647588||0.00075241
15:41||860684500||647588||0.00075241
15:42||860684500||647588||0.00075241
15:43||860692000||647599||0.00075241
15:44||860692000||647599||0.00075241
15:45||860692000||647749||0.00075241
15:46||860792000||647749||0.00075241
15:47||860792000||647749||0.00075241
15:48||860790000||647749||0.00075241
15:49||860684500||647749||0.00075241
15:50||860684500||647749||0.00075241
15:51||860684500||647587||0.00075241
15:52||860684500||647587||0.00075241
15:53||860684500||647587||0.00075241
15:54||860684500||647588||0.00075241
15:55||860684500||647588||0.00075241
15:56||860684500||647588||0.00075241
15:57||860684500||647588||0.00075241
15:58||860684500||647588||0.00075241
15:59||860684500||647588||0.00075241
16:00||860684500||647588||0.00075241
16:01||860684500||647588||0.00075241
16:02||860684500||647588||0.00075241
16:03||860684500||647588||0.00075241
16:04||860684500||647588||0.00075241
16:05||860684500||647588||0.00075241
16:06||860684500||647588||0.00075241
16:07||860684500||647588||0.00075241
16:08||860684500||647588||0.00075241
16:09||860684500||647588||0.00075241
16:10||860684500||647588||0.00075241
16:11||860684500||647588||0.00075241
16:12||860684500||647588||0.00075241
16:13||860684500||647588||0.00075241
16:14||860684500||647588||0.00075241
16:15||860684500||647588||0.00075241
16:16||860684500||647588||0.00075241
16:17||860684500||647588||0.00075241
16:18||860684500||647588||0.00075241
16:19||860684500||647588||0.00075241
16:20||860684500||647588||0.00075241
16:21||860684500||647587||0.00075241
16:22||860684500||647587||0.00075241
16:23||860684500||647587||0.00075241
16:24||860684500||647587||0.00075241
16:25||860684500||647587||0.00075241
16:26||860684500||647587||0.00075241
16:27||860684500||647588||0.00075241
16:28||860684500||647588||0.00075241
16:29||860684500||647588||0.00075241
16:30||860684500||647587||0.00075241
16:31||860684500||647588||0.00075241
16:32||860684500||647588||0.00075241
16:33||860684500||647587||0.00075241
16:34||860684500||647587||0.00075241
16:35||860692000||647588||0.00075241
16:36||860699500||647588||0.00075241
16:37||860699500||647588||0.00075241
16:38||860699500||647598||0.00075241
16:39||860699500||647598||0.00075241
16:40||860699500||647598||0.00075241
16:41||860699500||647598||0.00075241
16:42||860699500||647598||0.00075241
16:43||860704500||647599||0.00075241
16:44||860704500||647599||0.00075241
16:45||860704500||647599||0.00075241
16:46||860709500||647599||0.00075241
16:47||860709500||647599||0.00075241
16:48||860709500||647599||0.00075241
16:49||860709500||647606||0.00075241
16:50||860709500||647606||0.00075241
16:51||860709500||647606||0.00075241
16:52||860709500||647606||0.00075241
16:53||860709500||647606||0.00075241
16:54||860709500||647606||0.00075241
16:55||860709500||647606||0.00075241
16:56||860709500||647606||0.00075241
16:57||860709500||647606||0.00075241
16:58||860709500||647606||0.00075241
16:59||860709500||647606||0.00075241
17:00||860709500||647606||0.00075241
17:01||860709500||647606||0.00075241
17:02||860709500||647606||0.00075241
17:03||860709500||647606||0.00075241
17:04||860709500||647606||0.00075241
17:05||860709500||647606||0.00075241
17:06||860709500||647606||0.00075241
17:07||860709500||647606||0.00075241
17:08||860709500||647606||0.00075241
17:09||860709500||647606||0.00075241
17:10||860709500||647606||0.00075241
17:11||860709500||647606||0.00075241
17:12||860709500||647606||0.00075241
17:13||860709500||647606||0.00075241
17:14||860709500||647606||0.00075241
17:15||860709500||647606||0.00075241
17:16||860709500||647606||0.00075241
17:17||860709500||647606||0.00075241
17:18||860709500||647606||0.00075241
17:19||860709500||647606||0.00075241
17:20||860709500||647606||0.00075241
17:21||860709500||647606||0.00075241
17:22||860709500||647606||0.00075241
17:23||860709500||647606||0.00075241
17:24||860709500||647606||0.00075241
17:25||860709500||647606||0.00075241
17:26||860859000||647825||0.00075241
17:27||860858500||647831||0.00075241
17:28||860863500||647831||0.00075241
17:29||860863500||647831||0.00075241
17:30||860863500||647831||0.00075241
17:31||860904000||647831||0.00075241
17:32||860909500||647831||0.00075241
17:33||860912000||647831||0.00075241
17:34||860954000||647831||0.00075241
17:35||860911000||647831||0.00075241
17:36||860911000||647691||0.00075241
17:37||860909500||647691||0.00075241
17:38||860909500||647691||0.00075241
17:39||860909500||647691||0.00075241
17:40||860909500||647688||0.00075241
17:41||860909500||647825||0.00075241
17:42||860909500||647825||0.00075241
17:43||860909500||647688||0.00075241
17:44||860909000||647688||0.00075241
17:45||860909000||647688||0.00075241
17:46||860904000||647688||0.00075241
17:47||860904000||647688||0.00075241
17:48||860819500||647816||0.00075241
17:49||860819500||647816||0.00075241
17:50||860819500||647816||0.00075241
17:51||860819500||647816||0.00075241
17:52||860819500||647689||0.00075241
17:53||860819500||647689||0.00075241
17:54||860819500||647689||0.00075241
17:55||860819500||647689||0.00075241
17:56||860819500||647689||0.00075241
17:57||860819500||647689||0.00075241
17:58||860819500||647689||0.00075241
17:59||860819500||647688||0.00075241
18:00||860819500||647688||0.00075241
18:01||860819500||647688||0.00075241
18:02||860819500||647689||0.00075241
18:03||860819500||647689||0.00075241
18:04||860819500||647689||0.00075241
18:05||860819500||647688||0.00075241
18:06||860819500||647688||0.00075241
18:07||860819500||647688||0.00075241
18:08||860819500||647688||0.00075241
18:09||860819500||647689||0.00075241
18:10||860819500||647689||0.00075241
18:11||860819500||647689||0.00075241
18:12||860819500||647689||0.00075241
18:13||860819500||647689||0.00075241
18:14||860819500||647689||0.00075241
18:15||860819500||647689||0.00075241
18:16||860819500||647688||0.00075241
18:17||860819500||647688||0.00075241
18:18||860819500||647688||0.00075241
18:19||860819500||647688||0.00075241
18:20||860819500||647688||0.00075241
18:21||860819500||647689||0.00075241
18:22||860819500||647689||0.00075241
18:23||860819500||647688||0.00075241
18:24||860819500||647688||0.00075241
18:25||860819500||647688||0.00075241
18:26||860819500||647688||0.00075241
18:27||860819500||647688||0.00075241
18:28||860819500||647689||0.00075241
18:29||860819500||647689||0.00075241
18:30||860819500||647689||0.00075241
18:31||860819500||647689||0.00075241
18:32||860819500||647689||0.00075241
18:33||860819500||647689||0.00075241
18:34||860819500||647689||0.00075241
18:35||860819500||647689||0.00075241
18:36||860819500||647689||0.00075241
18:37||860819500||647689||0.00075241
18:38||860819500||647689||0.00075241
18:39||860819500||647689||0.00075241
18:40||860819500||647689||0.00075241
18:41||860819500||647689||0.00075241
18:42||860819500||647689||0.00075241
18:43||860819500||647688||0.00075241
18:44||860819500||647688||0.00075241
18:45||860819500||647688||0.00075241
18:46||860819500||647688||0.00075241
18:47||860819500||647688||0.00075241
18:48||860819500||647688||0.00075241
18:49||860819500||647689||0.00075241
18:50||860819500||647689||0.00075241
18:51||860819500||647688||0.00075241
18:52||860819500||647688||0.00075241
18:53||860819500||647688||0.00075241
18:54||860819500||647688||0.00075241
18:55||860819500||647688||0.00075241
18:56||860819500||647688||0.00075241
18:57||860819500||647688||0.00075241
18:58||860819500||647688||0.00075241
18:59||860819500||647688||0.00075241
19:00||860819500||647688||0.00075241
19:01||860819500||647689||0.00075241
19:02||860819500||647689||0.00075241
19:03||860819500||647689||0.00075241
19:04||860819500||647689||0.00075241
19:05||860819500||647689||0.00075241
19:06||860819500||647688||0.00075241
19:07||860819500||647688||0.00075241
19:08||860819500||647688||0.00075241
19:09||860819500||647688||0.00075241
19:10||860819500||647688||0.00075241
19:11||860819500||647688||0.00075241
19:12||860819500||647688||0.00075241
19:13||860819500||647689||0.00075241
19:14||860819500||647689||0.00075241
19:15||860819500||647688||0.00075241
19:16||860819500||647688||0.00075241
19:17||860819500||647688||0.00075241
19:18||860819500||647689||0.00075241
19:19||860819500||647688||0.00075241
19:20||860819500||647688||0.00075241
19:21||860819500||647688||0.00075241
19:22||860819500||647688||0.00075241
19:23||860819500||647688||0.00075241
19:24||860819500||647688||0.00075241
19:25||860819500||647688||0.00075241
19:26||860819500||647688||0.00075241
19:27||860709500||647688||0.00075241
19:28||860704500||647598||0.00075241
19:29||860699500||647598||0.00075241
19:30||860307500||647586||0.00075241
19:31||860062000||647165||0.00075241
19:32||860000500||647073||0.00075241
19:33||860249500||647448||0.00075241
19:34||860050000||647147||0.00075241
19:35||860000500||647147||0.00075241
19:36||860410000||647689||0.00075241
19:37||860435000||647689||0.00075241
19:38||860445500||647689||0.00075241
19:39||860436000||647689||0.00075241
19:40||860436000||647689||0.00075241
19:41||860436000||647689||0.00075241
19:42||860338000||647652||0.00075241
19:43||860000500||647073||0.00075241
19:44||860000500||647073||0.00075241
19:45||860000500||647073||0.00075241
19:46||860000500||647073||0.00075241
19:47||860000500||647073||0.00075241
19:48||860000500||647072||0.00075241
19:49||860000500||647072||0.00075241
19:50||860000500||647072||0.00075241
19:51||860000500||647072||0.00075241
19:52||860000500||647072||0.00075241
19:53||860000500||647072||0.00075241
19:54||860000500||647073||0.00075241
19:55||860000500||647073||0.00075241
19:56||860000500||647073||0.00075241
19:57||860000500||647073||0.00075241
19:58||860000500||647073||0.00075241
19:59||860000500||647073||0.00075241
20:00||860000500||647072||0.00075241
20:01||860000500||647073||0.00075241
20:02||860000500||647073||0.00075241
20:03||860000500||647073||0.00075241
20:04||860000500||647073||0.00075241
20:05||860390000||647659||0.00075241
20:06||860390000||647659||0.00075241
20:07||860390000||647659||0.00075241
20:08||860353000||647071||0.00075241
20:09||860342500||647071||0.00075241
20:10||860325000||647071||0.00075241
20:11||860319000||647071||0.00075241
20:12||860319000||647071||0.00075241
20:13||860319000||647562||0.00075241
20:14||860282500||647562||0.00075241
20:15||860238500||647448||0.00075241
20:16||860091500||647448||0.00075241
20:17||859987500||647448||0.00075241
20:18||859987500||647448||0.00075241
20:19||859987500||647448||0.00075241
20:20||859987500||647062||0.00075241
20:21||859987500||647062||0.00075241
20:22||859987500||647062||0.00075241
20:23||859987500||647063||0.00075241
20:24||859987500||647063||0.00075241
20:25||859987500||647063||0.00075241
20:26||859987500||647063||0.00075241
20:27||859987500||647062||0.00075241
20:28||859987500||647063||0.00075241
20:29||859987500||647063||0.00075241
20:30||859987500||647063||0.00075241
20:31||859987500||647063||0.00075241
20:32||859987500||647063||0.00075241
20:33||859987500||647062||0.00075241
20:34||859987500||647062||0.00075241
20:35||859744000||647062||0.00075241
20:36||859744000||647062||0.00075241
20:37||859744000||647062||0.00075241
20:38||859744000||647062||0.00075241
20:39||859686500||647062||0.00075241
20:40||859672500||647034||0.00075241
20:41||859672500||647034||0.00075241
20:42||859769000||647034||0.00075241
20:43||859589500||647034||0.00075241
20:44||859589500||647034||0.00075241
20:45||859589500||647034||0.00075241
20:46||859589500||647034||0.00075241
20:47||859589500||646764||0.00075241
20:48||859589500||646764||0.00075241
20:49||859589500||646764||0.00075241
20:50||859589500||646764||0.00075241
20:51||859589500||646763||0.00075241
20:52||859491000||646763||0.00075241
20:53||859491000||646763||0.00075241
20:54||859488500||646763||0.00075241
20:55||859488000||646763||0.00075241
20:56||859488000||646763||0.00075241
20:57||859488000||646763||0.00075241
20:58||859488000||646763||0.00075241
20:59||859488000||646763||0.00075241
21:00||859487500||646617||0.00075241
21:01||859487500||646617||0.00075241
21:02||859487500||646617||0.00075241
21:03||859485000||646617||0.00075241
21:04||859480500||646617||0.00075241
21:05||859480500||646617||0.00075241
21:06||859480500||646746||0.00075241
21:07||859479000||646746||0.00075241
21:08||859479000||646746||0.00075241
21:09||859479000||646618||0.00075241
21:10||858735000||646743||0.00075241
21:11||858745500||646743||0.00075241
21:12||858741000||646743||0.00075241
21:13||858711500||646743||0.00075241
21:14||858713000||646743||0.00075241
21:15||858713000||646743||0.00075241
21:16||858718000||646743||0.00075241
21:17||858719500||646621||0.00075241
21:18||858725000||646621||0.00075241
21:19||858735500||646621||0.00075241
21:20||858321500||645997||0.00075241
21:21||858570500||645997||0.00075241
21:22||858935000||645996||0.00075241
21:23||858902000||645996||0.00075241
21:24||858902500||645997||0.00075241
21:25||858902500||645997||0.00075241
21:26||858902500||645997||0.00075241
21:27||858985500||646621||0.00075241
21:28||858981500||646621||0.00075241
21:29||858982000||646621||0.00075241
21:30||858973500||646621||0.00075241
21:31||858974500||646621||0.00075241
21:32||858966500||646621||0.00075241
21:33||858971500||646621||0.00075241
21:34||858974500||646621||0.00075241
21:35||859175000||646621||0.00075241
21:36||859175000||646621||0.00075241
21:37||859147000||646583||0.00075241
21:38||859147000||646583||0.00075241
21:39||859147000||646583||0.00075241
21:40||859147000||646583||0.00075241
21:41||859150500||646545||0.00075241
21:42||859001500||646545||0.00075241
21:43||859001500||646545||0.00075241
21:44||859001000||646545||0.00075241
21:45||859001500||646320||0.00075241
21:46||859001500||646320||0.00075241
21:47||859001500||646320||0.00075241
21:48||859001500||646320||0.00075241
21:49||859001500||646320||0.00075241
21:50||859000500||646320||0.00075241
21:51||858826000||646319||0.00075241
21:52||859001500||646319||0.00075241
21:53||859001500||646320||0.00075241
21:54||859001500||646321||0.00075241
21:55||859001500||646321||0.00075241
21:56||859200500||646320||0.00075241
21:57||859200500||646320||0.00075241
21:58||859200500||646320||0.00075241
21:59||859399500||646320||0.00075241
22:00||859025500||646057||0.00075241
22:01||859020500||646613||0.00075241
22:02||858977500||646613||0.00075241
22:03||858990500||646613||0.00075241
22:04||859050500||646185||0.00075241
22:05||859264500||646530||0.00075241
22:06||859324500||646621||0.00075241
22:07||859399500||646620||0.00075241
22:08||859399500||646620||0.00075241
22:09||860563500||646791||0.00075241
22:10||860640500||648125||0.00075241
22:11||861399500||648125||0.00075241
22:12||861499500||648201||0.00075241
22:13||861499500||648201||0.00075241
22:14||861499500||648201||0.00075241
22:15||861617500||648243||0.00075241
22:16||861617500||648289||0.00075241
22:17||861617500||648289||0.00075241
22:18||861617500||648289||0.00075241
22:19||861764500||648400||0.00075241
22:20||861839500||648400||0.00075241
22:21||861839500||648457||0.00075241
22:22||861839500||648457||0.00075241
22:23||861839500||648457||0.00075241
22:24||861839500||648457||0.00075241
22:25||861839500||648457||0.00075241
22:26||861839500||648457||0.00075241
22:27||861839500||648457||0.00075241
22:28||861839500||648456||0.00075241
22:29||861839500||648456||0.00075241
22:30||861839500||648456||0.00075241
22:31||861839500||648456||0.00075241
22:32||861839500||648456||0.00075241
22:33||861839500||648456||0.00075241
22:34||861839500||648456||0.00075241
22:35||861839500||648456||0.00075241
22:36||861839500||648456||0.00075241
22:37||861839500||648457||0.00075241
22:38||861839500||648457||0.00075241
22:39||861839500||648457||0.00075241
22:40||861839500||648457||0.00075241
22:41||861839500||648457||0.00075241
22:42||861839500||648457||0.00075241
22:43||861839500||648457||0.00075241
22:44||861839500||648457||0.00075241
22:45||861839500||648457||0.00075241
22:46||861839500||648457||0.00075241
22:47||861839500||648457||0.00075241
22:48||861839500||648457||0.00075241
22:49||861839500||648457||0.00075241
22:50||861839500||648457||0.00075241
22:51||861839500||648456||0.00075241
22:52||861839500||648456||0.00075241
22:53||861839500||648456||0.00075241
22:54||861839500||648456||0.00075241
22:55||861839500||648456||0.00075241
22:56||861620000||648125||0.00075241
22:57||861620000||648125||0.00075241
22:58||861620000||648125||0.00075241
22:59||861620000||648125||0.00075241
23:00||861620000||648125||0.00075241
23:01||861620000||648457||0.00075241
23:02||861620000||648457||0.00075241
23:03||861633500||648457||0.00075241
23:04||861633500||648457||0.00075241
23:05||861414000||648457||0.00075241
23:06||861400500||648147||0.00075241
23:07||861400500||648147||0.00075241
23:08||861400500||648147||0.00075241
23:09||861400500||648126||0.00075241
23:10||860726000||647110||0.00075241
23:11||860551000||647110||0.00075241
23:12||860551000||647110||0.00075241
23:13||860551500||647110||0.00075241
23:14||861049500||647862||0.00075241
23:15||861049500||647862||0.00075241
23:16||860545500||647855||0.00075241
23:17||861038500||647110||0.00075241
23:18||861038500||647854||0.00075241
23:19||860544500||647110||0.00075241
23:20||860544000||647110||0.00075241
23:21||860525000||647110||0.00075241
23:22||860525000||647110||0.00075241
23:23||860525000||647824||0.00075241
23:24||860524500||647110||0.00075241
23:25||860524500||647110||0.00075241
23:26||860524500||647110||0.00075241
23:27||860995500||647110||0.00075241
23:28||860995500||647110||0.00075241
23:29||860995500||647110||0.00075241
23:30||860524000||647822||0.00075241
23:31||860524000||647822||0.00075241
23:32||860524500||647822||0.00075241
23:33||860524500||647822||0.00075241
23:34||860471000||647817||0.00075241
23:35||860471000||647817||0.00075241
23:36||860470500||647817||0.00075241
23:37||860520500||647817||0.00075241
23:38||860520500||647186||0.00075241
23:39||860490500||647186||0.00075241
23:40||860690000||647186||0.00075241
23:41||860275000||647111||0.00075241
23:42||860275000||647111||0.00075241
23:43||860275000||647111||0.00075241
23:44||860275000||647111||0.00075241
23:45||860275000||647111||0.00075241
23:46||860052500||647111||0.00075241
23:47||860052500||647112||0.00075241
23:48||860052500||647111||0.00075241
23:49||860052500||647112||0.00075241
23:50||860052500||647112||0.00075241
23:51||860521000||647447||0.00075241
23:52||860894500||647447||0.00075241
23:53||860476500||647447||0.00075241
23:54||860476500||647749||0.00075241
23:55||860476000||647749||0.00075241
23:56||860476000||647749||0.00075241
23:57||860476000||647749||0.00075241
23:58||860476000||647749||0.00075241
23:59||860476000||647749||0.00075241
