00:00||533499500||401042||0.00075241
00:01||533499500||401410||0.00075241
00:02||533499500||401410||0.00075241
00:03||533499500||401410||0.00075241
00:04||533499500||401410||0.00075241
00:05||533499500||401410||0.00075241
00:06||533499500||401410||0.00075241
00:07||534297500||401410||0.00075241
00:08||534300500||401795||0.00075241
00:09||534300500||401795||0.00075241
00:10||534300500||401795||0.00075241
00:11||534300500||401795||0.00075241
00:12||534597500||402234||0.00075241
00:13||534600500||402234||0.00075241
00:14||534600500||402234||0.00075241
00:15||534600500||402234||0.00075241
00:16||534600500||402234||0.00075241
00:17||534600500||402234||0.00075241
00:18||534600500||402234||0.00075241
00:19||534600500||402234||0.00075241
00:20||534600500||402234||0.00075241
00:21||534600500||402234||0.00075241
00:22||534600500||402234||0.00075241
00:23||534600500||402234||0.00075241
00:24||534600500||402234||0.00075241
00:25||536093000||403291||0.00075241
00:26||537018000||404758||0.00075241
00:27||536993000||404758||0.00075241
00:28||536993000||403356||0.00075241
00:29||537899500||403356||0.00075241
00:30||537899500||403356||0.00075241
00:31||537899500||403356||0.00075241
00:32||537899500||404720||0.00075241
00:33||537899500||404720||0.00075241
00:34||537899500||404720||0.00075241
00:35||537899500||404720||0.00075241
00:36||537899500||404720||0.00075241
00:37||537899500||404720||0.00075241
00:38||537899500||404720||0.00075241
00:39||537899500||404721||0.00075241
00:40||537899500||404721||0.00075241
00:41||537899500||404721||0.00075241
00:42||537899500||404721||0.00075241
00:43||537899500||404721||0.00075241
00:44||537899500||404721||0.00075241
00:45||537899500||404721||0.00075241
00:46||537899500||404721||0.00075241
00:47||537899500||404721||0.00075241
00:48||537899500||404721||0.00075241
00:49||537899500||404721||0.00075241
00:50||537899500||404721||0.00075241
00:51||537899500||404721||0.00075241
00:52||537899500||404721||0.00075241
00:53||537899500||404721||0.00075241
00:54||537899500||404721||0.00075241
00:55||537899500||404721||0.00075241
00:56||537899500||404721||0.00075241
00:57||537899500||404721||0.00075241
00:58||537899500||404721||0.00075241
00:59||537899500||404721||0.00075241
01:00||537899500||404721||0.00075241
01:01||537899500||404721||0.00075241
01:02||537899500||404721||0.00075241
01:03||537899500||404721||0.00075241
01:04||537899500||404721||0.00075241
01:05||537899500||404721||0.00075241
01:06||537899500||404721||0.00075241
01:07||537899500||404721||0.00075241
01:08||537899500||404721||0.00075241
01:09||537032500||404707||0.00075241
01:10||537032500||404707||0.00075241
01:11||537032000||404707||0.00075241
01:12||537033500||404707||0.00075241
01:13||537033500||404682||0.00075241
01:14||537034000||404682||0.00075241
01:15||537034000||404682||0.00075241
01:16||537034000||404682||0.00075241
01:17||536847000||404682||0.00075241
01:18||536847000||404682||0.00075241
01:19||537128000||404682||0.00075241
01:20||537128000||404682||0.00075241
01:21||536848500||404682||0.00075241
01:22||536862500||404682||0.00075241
01:23||536862500||404682||0.00075241
01:24||537135500||404682||0.00075241
01:25||537148500||404682||0.00075241
01:26||537148000||404682||0.00075241
01:27||537148000||404419||0.00075241
01:28||537148000||404419||0.00075241
01:29||537143500||404419||0.00075241
01:30||537143500||404419||0.00075241
01:31||537143500||404419||0.00075241
01:32||537143500||404419||0.00075241
01:33||537143500||404419||0.00075241
01:34||536783500||404419||0.00075241
01:35||536783500||403881||0.00075241
01:36||536776500||403881||0.00075241
01:37||536776500||403881||0.00075241
01:38||536776500||403881||0.00075241
01:39||536776500||403881||0.00075241
01:40||536776500||403881||0.00075241
01:41||536776500||403881||0.00075241
01:42||536783500||403881||0.00075241
01:43||536783500||403881||0.00075241
01:44||536783500||403881||0.00075241
01:45||536783500||403881||0.00075241
01:46||536783500||403881||0.00075241
01:47||536783500||403881||0.00075241
01:48||536783500||403881||0.00075241
01:49||536783500||403881||0.00075241
01:50||536783500||403881||0.00075241
01:51||537328000||403881||0.00075241
01:52||536783500||403881||0.00075241
01:53||536783500||403881||0.00075241
01:54||536783500||403881||0.00075241
01:55||536783500||403881||0.00075241
01:56||536783500||403881||0.00075241
01:57||536783500||403881||0.00075241
01:58||536783500||403881||0.00075241
01:59||536783500||403881||0.00075241
02:00||536783500||403881||0.00075241
02:01||536783500||403881||0.00075241
02:02||536783500||403881||0.00075241
02:03||536783500||403881||0.00075241
02:04||536783500||403881||0.00075241
02:05||536783500||403881||0.00075241
02:06||536783500||403881||0.00075241
02:07||536783500||403881||0.00075241
02:08||536783500||403881||0.00075241
02:09||536783500||403881||0.00075241
02:10||536783500||403881||0.00075241
02:11||536783500||403881||0.00075241
02:12||536783500||403881||0.00075241
02:13||536783500||403881||0.00075241
02:14||536783500||403881||0.00075241
02:15||536783500||403881||0.00075241
02:16||536783500||403881||0.00075241
02:17||536783500||403881||0.00075241
02:18||536783500||403881||0.00075241
02:19||536783500||403881||0.00075241
02:20||536783500||403881||0.00075241
02:21||536783500||403881||0.00075241
02:22||536783500||403881||0.00075241
02:23||536783500||403881||0.00075241
02:24||536783500||403881||0.00075241
02:25||536783500||403881||0.00075241
02:26||536783500||403881||0.00075241
02:27||536783500||403881||0.00075241
02:28||536783500||403881||0.00075241
02:29||536783500||403881||0.00075241
02:30||536783500||403881||0.00075241
02:31||536783500||403881||0.00075241
02:32||536783500||403881||0.00075241
02:33||536775500||403880||0.00075241
02:34||536775500||403880||0.00075241
02:35||536775500||403880||0.00075241
02:36||536775500||403880||0.00075241
02:37||536775500||403880||0.00075241
02:38||536775500||403880||0.00075241
02:39||536775500||403880||0.00075241
02:40||536686000||403734||0.00075241
02:41||536686000||403734||0.00075241
02:42||535725000||403461||0.00075241
02:43||535293500||401794||0.00075241
02:44||534948000||403205||0.00075241
02:45||534948000||403205||0.00075241
02:46||534707000||403205||0.00075241
02:47||534721000||403205||0.00075241
02:48||534721000||403205||0.00075241
02:49||534707000||403205||0.00075241
02:50||534707000||403205||0.00075241
02:51||534402500||403205||0.00075241
02:52||534402500||403205||0.00075241
02:53||534294500||403205||0.00075241
02:54||534294500||403205||0.00075241
02:55||534283000||403205||0.00075241
02:56||534283000||402205||0.00075241
02:57||534283000||402205||0.00075241
02:58||534283000||402205||0.00075241
02:59||534283000||402205||0.00075241
03:00||534283000||402205||0.00075241
03:01||534283000||402205||0.00075241
03:02||534288500||402205||0.00075241
03:03||534288500||402205||0.00075241
03:04||534288500||402205||0.00075241
03:05||534288500||402205||0.00075241
03:06||534288500||402205||0.00075241
03:07||534288500||402205||0.00075241
03:08||534288500||402205||0.00075241
03:09||534288500||402205||0.00075241
03:10||534288500||402205||0.00075241
03:11||534288500||402205||0.00075241
03:12||534283500||401786||0.00075241
03:13||534283500||401786||0.00075241
03:14||534283500||401786||0.00075241
03:15||534283500||401786||0.00075241
03:16||534283500||401786||0.00075241
03:17||534283500||401786||0.00075241
03:18||534283500||401786||0.00075241
03:19||534283500||401786||0.00075241
03:20||534283500||401786||0.00075241
03:21||534289000||401786||0.00075241
03:22||534289000||401786||0.00075241
03:23||534289000||401786||0.00075241
03:24||534289000||401786||0.00075241
03:25||534289000||401786||0.00075241
03:26||534289000||401786||0.00075241
03:27||534289000||401786||0.00075241
03:28||534289000||401786||0.00075241
03:29||534289000||401786||0.00075241
03:30||534289000||401786||0.00075241
03:31||534289000||401786||0.00075241
03:32||534289000||401786||0.00075241
03:33||534289000||401786||0.00075241
03:34||534289000||401786||0.00075241
03:35||534289000||401786||0.00075241
03:36||534289000||401786||0.00075241
03:37||534289000||401786||0.00075241
03:38||534289000||401786||0.00075241
03:39||534289000||401786||0.00075241
03:40||534289000||401786||0.00075241
03:41||534289000||401786||0.00075241
03:42||534289000||401786||0.00075241
03:43||534289000||401786||0.00075241
03:44||534289000||401786||0.00075241
03:45||534289000||401786||0.00075241
03:46||534289000||401786||0.00075241
03:47||534289000||401786||0.00075241
03:48||534289000||401786||0.00075241
03:49||534289000||401786||0.00075241
03:50||534289000||401786||0.00075241
03:51||534289000||401786||0.00075241
03:52||534289000||401786||0.00075241
03:53||534289000||401786||0.00075241
03:54||534289000||401786||0.00075241
03:55||534289000||401786||0.00075241
03:56||534289000||401786||0.00075241
03:57||534289000||401786||0.00075241
03:58||534289000||401786||0.00075241
03:59||534289000||401786||0.00075241
04:00||534289000||401786||0.00075241
04:01||534289000||401786||0.00075241
04:02||534289000||401786||0.00075241
04:03||534289000||401786||0.00075241
04:04||534289000||401786||0.00075241
04:05||534426500||401786||0.00075241
04:06||534426500||401786||0.00075241
04:07||534426500||401786||0.00075241
04:08||535532500||402213||0.00075241
04:09||535532500||402213||0.00075241
04:10||535532500||402213||0.00075241
04:11||535532500||402213||0.00075241
04:12||535532500||402213||0.00075241
04:13||535532500||402213||0.00075241
04:14||535532500||402224||0.00075241
04:15||535532500||402224||0.00075241
04:16||535532500||402224||0.00075241
04:17||535532500||402224||0.00075241
04:18||535532500||402224||0.00075241
04:19||535532500||402224||0.00075241
04:20||535532500||402224||0.00075241
04:21||535532500||402224||0.00075241
04:22||535532500||402224||0.00075241
04:23||535532500||402224||0.00075241
04:24||535532500||402224||0.00075241
04:25||535532500||402224||0.00075241
04:26||535532500||402224||0.00075241
04:27||535532500||403655||0.00075241
04:28||535532500||403655||0.00075241
04:29||535532500||403655||0.00075241
04:30||535532500||403655||0.00075241
04:31||535532500||403655||0.00075241
04:32||535532500||403655||0.00075241
04:33||535532500||403655||0.00075241
04:34||535532500||403655||0.00075241
04:35||535532500||403655||0.00075241
04:36||535532500||403655||0.00075241
04:37||535532500||403655||0.00075241
04:38||535532500||403655||0.00075241
04:39||535532500||403655||0.00075241
04:40||535532500||403655||0.00075241
04:41||535532500||403655||0.00075241
04:42||535532500||403655||0.00075241
04:43||535532500||403655||0.00075241
04:44||535532500||403655||0.00075241
04:45||535532500||403655||0.00075241
04:46||535532500||403655||0.00075241
04:47||535532500||403655||0.00075241
04:48||535532500||403655||0.00075241
04:49||535532500||403655||0.00075241
04:50||535532500||403667||0.00075241
04:51||535532500||403667||0.00075241
04:52||535532500||403667||0.00075241
04:53||535532500||403667||0.00075241
04:54||535532500||403667||0.00075241
04:55||535532500||403667||0.00075241
04:56||535532500||403667||0.00075241
04:57||535532500||403667||0.00075241
04:58||536205000||404717||0.00075241
04:59||536205000||404717||0.00075241
05:00||536238000||404717||0.00075241
05:01||536238000||404717||0.00075241
05:02||536238000||404717||0.00075241
05:03||536238000||404717||0.00075241
05:04||536205000||404717||0.00075241
05:05||536205000||404717||0.00075241
05:06||536205000||404667||0.00075241
05:07||536205000||404667||0.00075241
05:08||536205000||404667||0.00075241
05:09||536205000||404667||0.00075241
05:10||536205000||404667||0.00075241
05:11||536205000||404667||0.00075241
05:12||536205000||404667||0.00075241
05:13||536205000||404667||0.00075241
05:14||536205000||404667||0.00075241
05:15||536205000||404667||0.00075241
05:16||536205000||404667||0.00075241
05:17||536205000||404667||0.00075241
05:18||536205000||404667||0.00075241
05:19||536205000||404667||0.00075241
05:20||536170500||404667||0.00075241
05:21||535766500||404667||0.00075241
05:22||535766500||404667||0.00075241
05:23||535766500||404667||0.00075241
05:24||535742000||404667||0.00075241
05:25||535754500||404667||0.00075241
05:26||535999500||404667||0.00075241
05:27||535999500||404667||0.00075241
05:28||535999500||404667||0.00075241
05:29||535999500||404667||0.00075241
05:30||535999500||404667||0.00075241
05:31||535999500||404667||0.00075241
05:32||535999500||403291||0.00075241
05:33||535999500||403291||0.00075241
05:34||535999500||403291||0.00075241
05:35||535999500||403291||0.00075241
05:36||535999500||403291||0.00075241
05:37||535999500||403291||0.00075241
05:38||535999500||403291||0.00075241
05:39||535999500||403291||0.00075241
05:40||535999500||403291||0.00075241
05:41||535999500||403291||0.00075241
05:42||535999500||403291||0.00075241
05:43||535999500||403291||0.00075241
05:44||535500000||403291||0.00075241
05:45||535000500||402539||0.00075241
05:46||535000500||402539||0.00075241
05:47||534751500||402352||0.00075241
05:48||534876000||402351||0.00075241
05:49||534876000||402351||0.00075241
05:50||535000500||402351||0.00075241
05:51||535000500||402351||0.00075241
05:52||535000500||402351||0.00075241
05:53||535000500||402351||0.00075241
05:54||535000500||402351||0.00075241
05:55||535000500||402540||0.00075241
05:56||535000500||402540||0.00075241
05:57||535000500||402540||0.00075241
05:58||535000500||402540||0.00075241
05:59||535000500||402540||0.00075241
06:00||535000500||402540||0.00075241
06:01||534790500||402539||0.00075241
06:02||534790500||402539||0.00075241
06:03||534790500||402539||0.00075241
06:04||534790500||402539||0.00075241
06:05||534505000||402539||0.00075241
06:06||534505000||402539||0.00075241
06:07||534505000||402539||0.00075241
06:08||534505000||402539||0.00075241
06:09||534495000||402539||0.00075241
06:10||534490000||402539||0.00075241
06:11||533612000||401786||0.00075241
06:12||532743500||401034||0.00075241
06:13||531438000||400213||0.00075241
06:14||530387000||399452||0.00075241
06:15||529464000||398777||0.00075241
06:16||529927500||398777||0.00075241
06:17||529927500||398722||0.00075241
06:18||529927500||398723||0.00075241
06:19||531232000||398723||0.00075241
06:20||531268500||398723||0.00075241
06:21||530490000||399514||0.00075241
06:22||530000500||398778||0.00075241
06:23||530000500||398778||0.00075241
06:24||530000500||398778||0.00075241
06:25||530000500||398778||0.00075241
06:26||530000500||398778||0.00075241
06:27||530000500||398778||0.00075241
06:28||530000500||398778||0.00075241
06:29||532250000||400282||0.00075241
06:30||531495500||400658||0.00075241
06:31||532470500||400658||0.00075241
06:32||532470500||400658||0.00075241
06:33||532460500||400658||0.00075241
06:34||532000500||400658||0.00075241
06:35||532000500||400658||0.00075241
06:36||532000500||400658||0.00075241
06:37||532000500||400658||0.00075241
06:38||532000500||400658||0.00075241
06:39||532000500||400282||0.00075241
06:40||532000500||400282||0.00075241
06:41||532000500||400282||0.00075241
06:42||532479500||400282||0.00075241
06:43||532479500||400282||0.00075241
06:44||532489000||400282||0.00075241
06:45||532999500||400989||0.00075241
06:46||533510000||401034||0.00075241
06:47||533510000||401034||0.00075241
06:48||533489500||401034||0.00075241
06:49||533000000||401033||0.00075241
06:50||532980000||401033||0.00075241
06:51||532999500||401033||0.00075241
06:52||532999500||401033||0.00075241
06:53||532999500||401033||0.00075241
06:54||533019500||401033||0.00075241
06:55||533999500||401033||0.00075241
06:56||533999500||401033||0.00075241
06:57||533000000||401033||0.00075241
06:58||533000000||401033||0.00075241
06:59||533000000||401033||0.00075241
07:00||533000000||401033||0.00075241
07:01||533000000||401033||0.00075241
07:02||532040000||400282||0.00075241
07:03||532000000||400282||0.00075241
07:04||532000000||400282||0.00075241
07:05||532000000||400282||0.00075241
07:06||532040000||400282||0.00075241
07:07||532079500||400282||0.00075241
07:08||532123000||400282||0.00075241
07:09||531623000||400282||0.00075241
07:10||531623000||400282||0.00075241
07:11||532549000||400282||0.00075241
07:12||532549000||400282||0.00075241
07:13||532549000||400355||0.00075241
07:14||532549000||400355||0.00075241
07:15||532549000||400355||0.00075241
07:16||534586500||401786||0.00075241
07:17||534586500||401786||0.00075241
07:18||534586500||401786||0.00075241
07:19||534799000||401786||0.00075241
07:20||534999500||401786||0.00075241
07:21||535504500||402539||0.00075241
07:22||535504500||402539||0.00075241
07:23||535504500||402539||0.00075241
07:24||535999500||402539||0.00075241
07:25||535999500||402539||0.00075241
07:26||535999500||403291||0.00075241
07:27||535999500||403291||0.00075241
07:28||535999500||403291||0.00075241
07:29||535999500||403291||0.00075241
07:30||535999500||403291||0.00075241
07:31||536492000||403291||0.00075241
07:32||536899500||403291||0.00075241
07:33||537641000||404044||0.00075241
07:34||537641500||404718||0.00075241
07:35||537641500||404718||0.00075241
07:36||537641500||405966||0.00075241
07:37||538471000||405966||0.00075241
07:38||538471000||405966||0.00075241
07:39||538497500||405966||0.00075241
07:40||538718500||406299||0.00075241
07:41||539996500||406299||0.00075241
07:42||539996500||406299||0.00075241
07:43||539996500||406299||0.00075241
07:44||539996500||406299||0.00075241
07:45||539996500||406299||0.00075241
07:46||539996500||406299||0.00075241
07:47||539996500||406299||0.00075241
07:48||539996500||406299||0.00075241
07:49||539996500||406299||0.00075241
07:50||539996500||406299||0.00075241
07:51||539996500||406299||0.00075241
07:52||539996500||406299||0.00075241
07:53||539996500||406299||0.00075241
07:54||539996500||406299||0.00075241
07:55||539996500||406299||0.00075241
07:56||539996500||406299||0.00075241
07:57||539996500||406298||0.00075241
07:58||540774000||406677||0.00075241
07:59||540774000||406677||0.00075241
08:00||540774000||406677||0.00075241
08:01||540774000||406677||0.00075241
08:02||540774000||406677||0.00075241
08:03||540774000||406677||0.00075241
08:04||540548500||406677||0.00075241
08:05||540548500||406713||0.00075241
08:06||540548500||406713||0.00075241
08:07||540548500||406713||0.00075241
08:08||540548500||406713||0.00075241
08:09||540548500||406713||0.00075241
08:10||540548500||406713||0.00075241
08:11||540548500||406714||0.00075241
08:12||540548500||406714||0.00075241
08:13||540548500||406714||0.00075241
08:14||540548500||406714||0.00075241
08:15||540548500||406714||0.00075241
08:16||540548500||406714||0.00075241
08:17||540548500||406714||0.00075241
08:18||540548500||406714||0.00075241
08:19||540548500||406714||0.00075241
08:20||540548500||406714||0.00075241
08:21||540548500||406714||0.00075241
08:22||540548500||406714||0.00075241
08:23||540548500||406714||0.00075241
08:24||540548500||406714||0.00075241
08:25||540548500||406714||0.00075241
08:26||540548500||406714||0.00075241
08:27||540548500||406714||0.00075241
08:28||540548500||406714||0.00075241
08:29||540548500||406714||0.00075241
08:30||540548500||406714||0.00075241
08:31||540548500||406713||0.00075241
08:32||540548500||406714||0.00075241
08:33||540548500||406714||0.00075241
08:34||540548500||406714||0.00075241
08:35||540548500||406714||0.00075241
08:36||540548500||406714||0.00075241
08:37||540548500||406714||0.00075241
08:38||540548500||406714||0.00075241
08:39||541503000||407058||0.00075241
08:40||541503000||407058||0.00075241
08:41||541503000||407058||0.00075241
08:42||541503000||407058||0.00075241
08:43||541503000||407058||0.00075241
08:44||541503000||407058||0.00075241
08:45||541513500||407058||0.00075241
08:46||541513500||407806||0.00075241
08:47||541513500||407806||0.00075241
08:48||541513500||407806||0.00075241
08:49||541513500||407806||0.00075241
08:50||542254000||407806||0.00075241
08:51||542254000||407806||0.00075241
08:52||542254000||407806||0.00075241
08:53||542254000||407806||0.00075241
08:54||542254000||407806||0.00075241
08:55||542254000||408182||0.00075241
08:56||542254000||408182||0.00075241
08:57||542254000||408182||0.00075241
08:58||542254000||407812||0.00075241
08:59||541543500||407812||0.00075241
09:00||541543500||407812||0.00075241
09:01||541543500||407812||0.00075241
09:02||541543500||407812||0.00075241
09:03||541543500||407812||0.00075241
09:04||541543500||407812||0.00075241
09:05||541543500||406743||0.00075241
09:06||541543500||406743||0.00075241
09:07||541543500||408182||0.00075241
09:08||541543500||408182||0.00075241
09:09||541543500||408182||0.00075241
09:10||541504500||406743||0.00075241
09:11||541504500||406743||0.00075241
09:12||541504500||406743||0.00075241
09:13||541504500||406743||0.00075241
09:14||541504500||406743||0.00075241
09:15||541504500||408153||0.00075241
09:16||541504500||408153||0.00075241
09:17||541014500||407415||0.00075241
09:18||540774000||407415||0.00075241
09:19||540774000||407415||0.00075241
09:20||540774000||407415||0.00075241
09:21||541499000||408144||0.00075241
09:22||541617000||408144||0.00075241
09:23||541525000||408144||0.00075241
09:24||541524500||408144||0.00075241
09:25||541524500||408144||0.00075241
09:26||541524500||408144||0.00075241
09:27||541524000||408144||0.00075241
09:28||541505000||408143||0.00075241
09:29||540806000||408143||0.00075241
09:30||540796500||408143||0.00075241
09:31||540548500||406752||0.00075241
09:32||540548500||406752||0.00075241
09:33||540548500||406298||0.00075241
09:34||539996500||406299||0.00075241
09:35||539996500||406299||0.00075241
09:36||539996500||406299||0.00075241
09:37||539996500||406299||0.00075241
09:38||539996500||406298||0.00075241
09:39||539996500||406298||0.00075241
09:40||539996500||406298||0.00075241
09:41||539996500||406298||0.00075241
09:42||539996500||406298||0.00075241
09:43||539996500||406298||0.00075241
09:44||539996500||406298||0.00075241
09:45||539996500||406298||0.00075241
09:46||539996500||406298||0.00075241
09:47||539996500||406298||0.00075241
09:48||539996500||406299||0.00075241
09:49||539996500||406298||0.00075241
09:50||539996500||406298||0.00075241
09:51||539996500||406298||0.00075241
09:52||539996500||406298||0.00075241
09:53||539996500||406298||0.00075241
09:54||539996500||406298||0.00075241
09:55||539996500||406298||0.00075241
09:56||539996500||406299||0.00075241
09:57||539996500||406299||0.00075241
09:58||539996500||406299||0.00075241
09:59||541218000||406566||0.00075241
10:00||541239500||406566||0.00075241
10:01||541264000||408129||0.00075241
10:02||541274000||408129||0.00075241
10:03||541274000||408129||0.00075241
10:04||541249000||408107||0.00075241
10:05||541249000||406375||0.00075241
10:06||541049000||408107||0.00075241
10:07||541249000||408144||0.00075241
10:08||541226000||406375||0.00075241
10:09||541226000||406375||0.00075241
10:10||541226000||406375||0.00075241
10:11||541226000||406375||0.00075241
10:12||541226000||406375||0.00075241
10:13||541226000||406375||0.00075241
10:14||541226500||406375||0.00075241
10:15||541030000||406375||0.00075241
10:16||540570500||406375||0.00075241
10:17||540570500||406375||0.00075241
10:18||540570500||406375||0.00075241
10:19||540570500||406375||0.00075241
10:20||540570500||406375||0.00075241
10:21||540540000||406375||0.00075241
10:22||540335000||406731||0.00075241
10:23||540335000||406731||0.00075241
10:24||540335000||406731||0.00075241
10:25||540295000||406731||0.00075241
10:26||540098500||406731||0.00075241
10:27||540098500||406731||0.00075241
10:28||540098500||406731||0.00075241
10:29||540098500||406375||0.00075241
10:30||540334500||406375||0.00075241
10:31||540334500||406375||0.00075241
10:32||540334500||406375||0.00075241
10:33||540339000||406375||0.00075241
10:34||540334500||406731||0.00075241
10:35||540334500||406731||0.00075241
10:36||540098500||406731||0.00075241
10:37||540098500||406731||0.00075241
10:38||540098500||406731||0.00075241
10:39||540098500||406731||0.00075241
10:40||540098500||406375||0.00075241
10:41||540098500||406375||0.00075241
10:42||540098500||406375||0.00075241
10:43||540098500||406375||0.00075241
10:44||540098500||406375||0.00075241
10:45||540098500||406375||0.00075241
10:46||540098500||406375||0.00075241
10:47||540098500||406375||0.00075241
10:48||540098500||406375||0.00075241
10:49||540098500||406375||0.00075241
10:50||540098500||406375||0.00075241
10:51||540098500||406375||0.00075241
10:52||540098500||406375||0.00075241
10:53||540098500||406375||0.00075241
10:54||540098500||406375||0.00075241
10:55||540098500||406375||0.00075241
10:56||540098500||406375||0.00075241
10:57||540098500||406375||0.00075241
10:58||540098500||406375||0.00075241
10:59||540098500||406375||0.00075241
11:00||540098500||406375||0.00075241
11:01||540098500||406375||0.00075241
11:02||540098500||406375||0.00075241
11:03||540098500||406375||0.00075241
11:04||540098500||406375||0.00075241
11:05||540098500||406375||0.00075241
11:06||540074500||406375||0.00075241
11:07||540074000||406375||0.00075241
11:08||540097500||406375||0.00075241
11:09||540097500||406375||0.00075241
11:10||540097500||406375||0.00075241
11:11||540097500||406375||0.00075241
11:12||540097500||406375||0.00075241
11:13||540097500||406375||0.00075241
11:14||540097500||406375||0.00075241
11:15||540074000||406375||0.00075241
11:16||540070500||406339||0.00075241
11:17||540050500||406339||0.00075241
11:18||540074000||406339||0.00075241
11:19||540074000||406339||0.00075241
11:20||540074000||406339||0.00075241
11:21||540073500||406339||0.00075241
11:22||540073500||406339||0.00075241
11:23||540073500||406339||0.00075241
11:24||540073500||406339||0.00075241
11:25||540046500||406298||0.00075241
11:26||540046000||406298||0.00075241
11:27||540045000||406298||0.00075241
11:28||540045000||406298||0.00075241
11:29||540045000||406298||0.00075241
11:30||539996500||406298||0.00075241
11:31||539996500||406298||0.00075241
11:32||539996500||406298||0.00075241
11:33||539996500||406298||0.00075241
11:34||539996500||406298||0.00075241
11:35||539996500||406298||0.00075241
11:36||539996500||406298||0.00075241
11:37||539996500||406298||0.00075241
11:38||539996500||406299||0.00075241
11:39||539996500||406299||0.00075241
11:40||539996500||406299||0.00075241
11:41||539996500||406299||0.00075241
11:42||539996500||406299||0.00075241
11:43||539996500||406299||0.00075241
11:44||539996500||406299||0.00075241
11:45||538724500||404384||0.00075241
11:46||537426000||404384||0.00075241
11:47||537426000||404384||0.00075241
11:48||538698500||404384||0.00075241
11:49||538698500||404384||0.00075241
11:50||539348500||404384||0.00075241
11:51||539373500||404384||0.00075241
11:52||539373500||404384||0.00075241
11:53||539373500||404384||0.00075241
11:54||539373500||404384||0.00075241
11:55||539498500||404384||0.00075241
11:56||539498500||404384||0.00075241
11:57||539498500||404384||0.00075241
11:58||539498500||406299||0.00075241
11:59||539498500||406299||0.00075241
12:00||539498500||406299||0.00075241
12:01||539498500||406299||0.00075241
12:02||539498500||406299||0.00075241
12:03||539498500||406299||0.00075241
12:04||539502500||406301||0.00075241
12:05||539519500||406301||0.00075241
12:06||539519500||406301||0.00075241
12:07||539519500||406301||0.00075241
12:08||539519500||406301||0.00075241
12:09||539519500||406301||0.00075241
12:10||539519500||406301||0.00075241
12:11||539519500||406301||0.00075241
12:12||539519500||406301||0.00075241
12:13||539519500||406301||0.00075241
12:14||539519500||406301||0.00075241
12:15||539519500||406301||0.00075241
12:16||539519500||406301||0.00075241
12:17||539519500||406301||0.00075241
12:18||539519500||406301||0.00075241
12:19||539519500||406301||0.00075241
12:20||539519500||406301||0.00075241
12:21||539519500||406301||0.00075241
12:22||539519500||406301||0.00075241
12:23||539519500||406301||0.00075241
12:24||539519500||406301||0.00075241
12:25||539519500||406301||0.00075241
12:26||539519500||406301||0.00075241
12:27||539519500||406301||0.00075241
12:28||539519500||406301||0.00075241
12:29||539519500||406301||0.00075241
12:30||539519500||406301||0.00075241
12:31||539519500||406301||0.00075241
12:32||539519500||406301||0.00075241
12:33||539279500||406301||0.00075241
12:34||539279500||406301||0.00075241
12:35||539279500||406301||0.00075241
12:36||539279500||406301||0.00075241
12:37||539279500||405578||0.00075241
12:38||539279500||405578||0.00075241
12:39||539279500||405578||0.00075241
12:40||539279500||405578||0.00075241
12:41||539279500||405578||0.00075241
12:42||539279500||405578||0.00075241
12:43||539279500||405578||0.00075241
12:44||539279500||405578||0.00075241
12:45||539519500||405578||0.00075241
12:46||539519500||405578||0.00075241
12:47||539519500||406301||0.00075241
12:48||539519500||406301||0.00075241
12:49||539519500||406301||0.00075241
12:50||539519500||406301||0.00075241
12:51||539519500||406301||0.00075241
12:52||539519500||406301||0.00075241
12:53||539519500||406301||0.00075241
12:54||539519500||406301||0.00075241
12:55||539519500||405578||0.00075241
12:56||539519500||405578||0.00075241
12:57||539519500||405578||0.00075241
12:58||539519500||405578||0.00075241
12:59||539519500||405578||0.00075241
13:00||539519500||405578||0.00075241
13:01||539519500||405578||0.00075241
13:02||539519500||405578||0.00075241
13:03||539519500||405578||0.00075241
13:04||539519000||405578||0.00075241
13:05||539519000||405578||0.00075241
13:06||539518500||405578||0.00075241
13:07||539518500||405578||0.00075241
13:08||539518500||405578||0.00075241
13:09||539518500||405578||0.00075241
13:10||539997500||405578||0.00075241
13:11||539518000||405579||0.00075241
13:12||539518000||405579||0.00075241
13:13||539518000||405579||0.00075241
13:14||539518000||405579||0.00075241
13:15||539518000||405579||0.00075241
13:16||539518500||405579||0.00075241
13:17||539518500||405579||0.00075241
13:18||539518500||405579||0.00075241
13:19||539518500||405579||0.00075241
13:20||539040500||405579||0.00075241
13:21||539040500||405579||0.00075241
13:22||539040500||405579||0.00075241
13:23||539040500||405579||0.00075241
13:24||539040500||405579||0.00075241
13:25||539040500||405579||0.00075241
13:26||539040500||405579||0.00075241
13:27||539040500||405579||0.00075241
13:28||539040500||405579||0.00075241
13:29||539040500||405579||0.00075241
13:30||539040500||406301||0.00075241
13:31||539520000||406299||0.00075241
13:32||539569000||406373||0.00075241
13:33||539569000||406373||0.00075241
13:34||539568500||406373||0.00075241
13:35||539568500||406373||0.00075241
13:36||539568500||406373||0.00075241
13:37||540511000||406731||0.00075241
13:38||540511000||407791||0.00075241
13:39||540511000||407791||0.00075241
13:40||540423000||407791||0.00075241
13:41||540050000||407791||0.00075241
13:42||540050000||405624||0.00075241
13:43||540049500||405624||0.00075241
13:44||540049000||407052||0.00075241
13:45||540049000||407052||0.00075241
13:46||540049000||407052||0.00075241
13:47||540049000||407052||0.00075241
13:48||540048500||405624||0.00075241
13:49||540045000||405624||0.00075241
13:50||540997500||407051||0.00075241
13:51||540997500||407051||0.00075241
13:52||540997500||407051||0.00075241
13:53||540997500||407051||0.00075241
13:54||540997500||407051||0.00075241
13:55||540997500||407051||0.00075241
13:56||540997500||407051||0.00075241
13:57||540997500||407051||0.00075241
13:58||540997500||407051||0.00075241
13:59||540997500||407051||0.00075241
14:00||540997500||407051||0.00075241
14:01||540997500||407051||0.00075241
14:02||540997500||407051||0.00075241
14:03||540049500||405624||0.00075241
14:04||540049500||405624||0.00075241
14:05||540049500||405624||0.00075241
14:06||540050000||405624||0.00075241
14:07||540611000||407806||0.00075241
14:08||540661000||407806||0.00075241
14:09||540710000||407806||0.00075241
14:10||540710000||407806||0.00075241
14:11||540710000||407806||0.00075241
14:12||540710000||407806||0.00075241
14:13||540844500||408098||0.00075241
14:14||540994500||408098||0.00075241
14:15||540899500||406075||0.00075241
14:16||541043500||406226||0.00075241
14:17||541093500||406339||0.00075241
14:18||541143500||406451||0.00075241
14:19||541105000||406451||0.00075241
14:20||541125000||406489||0.00075241
14:21||541125000||406490||0.00075241
14:22||541125500||406490||0.00075241
14:23||541124500||406490||0.00075241
14:24||541123500||406491||0.00075241
14:25||541123500||406491||0.00075241
14:26||541148000||406527||0.00075241
14:27||541148000||406527||0.00075241
14:28||541153000||406534||0.00075241
14:29||541154500||406534||0.00075241
14:30||541154500||406534||0.00075241
14:31||541154500||406534||0.00075241
14:32||541154500||407803||0.00075241
14:33||540927000||407803||0.00075241
14:34||540927000||407803||0.00075241
14:35||540877000||407803||0.00075241
14:36||541156500||407804||0.00075241
14:37||541156500||407804||0.00075241
14:38||541155500||407804||0.00075241
14:39||541155500||407804||0.00075241
14:40||541155500||407804||0.00075241
14:41||541155500||407804||0.00075241
14:42||541155500||407804||0.00075241
14:43||541164500||407804||0.00075241
14:44||541164500||407804||0.00075241
14:45||540652500||406551||0.00075241
14:46||540631000||406551||0.00075241
14:47||540603000||406551||0.00075241
14:48||540556000||406551||0.00075241
14:49||540414000||406551||0.00075241
14:50||540394000||406551||0.00075241
14:51||540394000||406551||0.00075241
14:52||540384000||406538||0.00075241
14:53||540364500||406538||0.00075241
14:54||540350000||406538||0.00075241
14:55||540319500||406538||0.00075241
14:56||540319500||406538||0.00075241
14:57||540319500||406542||0.00075241
14:58||540319500||406542||0.00075241
14:59||540319500||406541||0.00075241
15:00||540319500||406541||0.00075241
15:01||540319500||406541||0.00075241
15:02||540319500||406541||0.00075241
15:03||539607500||406301||0.00075241
15:04||539300500||406301||0.00075241
15:05||539300500||406301||0.00075241
15:06||539300500||406301||0.00075241
15:07||539300500||406301||0.00075241
15:08||539300500||406301||0.00075241
15:09||539300500||406301||0.00075241
15:10||539300500||406301||0.00075241
15:11||539300500||406301||0.00075241
15:12||539300500||406301||0.00075241
15:13||539201500||405775||0.00075241
15:14||539201500||405625||0.00075241
15:15||539201500||405625||0.00075241
15:16||539201500||405625||0.00075241
15:17||539201500||405625||0.00075241
15:18||539201500||405625||0.00075241
15:19||539201500||405625||0.00075241
15:20||539201500||405625||0.00075241
15:21||539201500||405625||0.00075241
15:22||539201500||405625||0.00075241
15:23||539201500||405625||0.00075241
15:24||539689000||405625||0.00075241
15:25||539657500||406509||0.00075241
15:26||539657500||406509||0.00075241
15:27||540298000||406509||0.00075241
15:28||539870500||406828||0.00075241
15:29||539870500||406828||0.00075241
15:30||539873500||406828||0.00075241
15:31||539857000||406828||0.00075241
15:32||539857000||406828||0.00075241
15:33||539857000||406828||0.00075241
15:34||539857000||406828||0.00075241
15:35||539884500||406828||0.00075241
15:36||539835500||405624||0.00075241
15:37||539705500||405624||0.00075241
15:38||539596500||405624||0.00075241
15:39||539533500||405624||0.00075241
15:40||539534000||405624||0.00075241
15:41||539534000||405624||0.00075241
15:42||539901500||405624||0.00075241
15:43||539905000||405624||0.00075241
15:44||539956000||406828||0.00075241
15:45||539956000||406828||0.00075241
15:46||539956000||406828||0.00075241
15:47||539956000||406828||0.00075241
15:48||539956000||406828||0.00075241
15:49||540400000||406828||0.00075241
15:50||540400000||406828||0.00075241
15:51||540400000||406828||0.00075241
15:52||540400000||406828||0.00075241
15:53||540400000||406301||0.00075241
15:54||540400000||406301||0.00075241
15:55||540400000||406301||0.00075241
15:56||540000500||406301||0.00075241
15:57||540000500||406301||0.00075241
15:58||540000500||406301||0.00075241
15:59||539956500||406302||0.00075241
16:00||540527000||407805||0.00075241
16:01||540556000||407805||0.00075241
16:02||540527000||407805||0.00075241
16:03||540527000||407805||0.00075241
16:04||540527000||407805||0.00075241
16:05||540527000||407805||0.00075241
16:06||540527000||407805||0.00075241
16:07||540527000||407805||0.00075241
16:08||540530000||407805||0.00075241
16:09||540501500||407805||0.00075241
16:10||540327000||407805||0.00075241
16:11||540367500||407805||0.00075241
16:12||540367500||407805||0.00075241
16:13||540367500||407805||0.00075241
16:14||540368000||407805||0.00075241
16:15||540344000||407805||0.00075241
16:16||540344000||407805||0.00075241
16:17||540344000||407805||0.00075241
16:18||540344000||407805||0.00075241
16:19||540393500||407805||0.00075241
16:20||540393500||407805||0.00075241
16:21||540393500||407805||0.00075241
16:22||540393500||407420||0.00075241
16:23||540393500||407420||0.00075241
16:24||540393500||407420||0.00075241
16:25||540393500||407420||0.00075241
16:26||540393500||407420||0.00075241
16:27||540393500||407420||0.00075241
16:28||540393500||407420||0.00075241
16:29||540393500||407420||0.00075241
16:30||540393500||407420||0.00075241
16:31||540393500||407420||0.00075241
16:32||540393500||407420||0.00075241
16:33||540393500||407420||0.00075241
16:34||540393500||407420||0.00075241
16:35||540393500||407420||0.00075241
16:36||540393500||407420||0.00075241
16:37||540393500||407420||0.00075241
16:38||540393500||407420||0.00075241
16:39||540393500||407420||0.00075241
16:40||540393500||407420||0.00075241
16:41||540394000||407420||0.00075241
16:42||540394000||407420||0.00075241
16:43||540394000||407420||0.00075241
16:44||538420500||405578||0.00075241
16:45||537534500||404495||0.00075241
16:46||535668000||403289||0.00075241
16:47||535235500||402802||0.00075241
16:48||535141000||402547||0.00075241
16:49||535141000||402547||0.00075241
16:50||535141000||402743||0.00075241
16:51||534048500||399530||0.00075241
16:52||535170500||400282||0.00075241
16:53||532009500||400282||0.00075241
16:54||535180000||400296||0.00075241
16:55||534680000||400296||0.00075241
16:56||534680000||400296||0.00075241
16:57||534720500||400296||0.00075241
16:58||534841000||400296||0.00075241
16:59||534671000||400296||0.00075241
17:00||534671000||400296||0.00075241
17:01||534671000||400296||0.00075241
17:02||534951000||400296||0.00075241
17:03||534951000||400296||0.00075241
17:04||534951000||400296||0.00075241
17:05||532601000||398927||0.00075241
17:06||532001000||398927||0.00075241
17:07||532004000||399534||0.00075241
17:08||531602500||398927||0.00075241
17:09||531611000||398927||0.00075241
17:10||531613000||398927||0.00075241
17:11||532000000||398947||0.00075241
17:12||531997500||399529||0.00075241
17:13||531499000||399529||0.00075241
17:14||531499000||399529||0.00075241
17:15||531499000||399529||0.00075241
17:16||531502500||399529||0.00075241
17:17||531503500||400282||0.00075241
17:18||531503500||400282||0.00075241
17:19||531503500||400282||0.00075241
17:20||531503500||400282||0.00075241
17:21||531503500||400282||0.00075241
17:22||532513500||400280||0.00075241
17:23||532513500||400280||0.00075241
17:24||532513500||400280||0.00075241
17:25||532513500||400280||0.00075241
17:26||532513500||400280||0.00075241
17:27||532995000||401032||0.00075241
17:28||532995000||401032||0.00075241
17:29||532515000||401032||0.00075241
17:30||533515500||401032||0.00075241
17:31||533515500||401032||0.00075241
17:32||533515500||401032||0.00075241
17:33||533515500||401032||0.00075241
17:34||533964500||401032||0.00075241
17:35||533514500||402537||0.00075241
17:36||533514500||402537||0.00075241
17:37||533514500||402537||0.00075241
17:38||533514500||402537||0.00075241
17:39||533511500||402537||0.00075241
17:40||533511500||402537||0.00075241
17:41||533466500||402537||0.00075241
17:42||533466500||402537||0.00075241
17:43||533461500||402537||0.00075241
17:44||533462000||402457||0.00075241
17:45||533462000||402457||0.00075241
17:46||533461500||402457||0.00075241
17:47||533460500||402457||0.00075241
17:48||533461000||402457||0.00075241
17:49||534488000||402457||0.00075241
17:50||534488000||402457||0.00075241
17:51||534488000||402457||0.00075241
17:52||534487000||402457||0.00075241
17:53||534487000||402457||0.00075241
17:54||534487000||402457||0.00075241
17:55||534487000||402455||0.00075241
17:56||534488000||402455||0.00075241
17:57||534487500||402454||0.00075241
17:58||534487500||402454||0.00075241
17:59||534487500||402454||0.00075241
18:00||534487500||402454||0.00075241
18:01||534487500||402454||0.00075241
18:02||533457000||400307||0.00075241
18:03||533457000||400307||0.00075241
18:04||533457000||400307||0.00075241
18:05||533457000||400307||0.00075241
18:06||533165500||402449||0.00075241
18:07||533165500||402449||0.00075241
18:08||533165500||402449||0.00075241
18:09||533165500||402449||0.00075241
18:10||533165500||399929||0.00075241
18:11||533165500||399929||0.00075241
18:12||533115500||399929||0.00075241
18:13||533115500||399929||0.00075241
18:14||533115500||402313||0.00075241
18:15||533115500||402313||0.00075241
18:16||533115500||402313||0.00075241
18:17||533150000||402313||0.00075241
18:18||533150000||402313||0.00075241
18:19||533150000||402313||0.00075241
18:20||533916500||399536||0.00075241
18:21||533866500||399536||0.00075241
18:22||533866500||399536||0.00075241
18:23||533865500||399536||0.00075241
18:24||532803500||399536||0.00075241
18:25||532803500||399536||0.00075241
18:26||532803500||399536||0.00075241
18:27||532803500||399536||0.00075241
18:28||532803500||399536||0.00075241
18:29||532803500||399536||0.00075241
18:30||532803500||399536||0.00075241
18:31||532803500||399536||0.00075241
18:32||531800000||398777||0.00075241
18:33||530501000||398777||0.00075241
18:34||530501000||398777||0.00075241
18:35||531249500||398777||0.00075241
18:36||531249500||398777||0.00075241
18:37||531249500||398777||0.00075241
18:38||531249500||398777||0.00075241
18:39||531615000||398777||0.00075241
18:40||531615000||398777||0.00075241
18:41||531615000||398777||0.00075241
18:42||531615000||398777||0.00075241
18:43||530501500||398026||0.00075241
18:44||530501000||398026||0.00075241
18:45||530000000||397272||0.00075241
18:46||531000000||397272||0.00075241
18:47||530500000||397272||0.00075241
18:48||523625000||393585||0.00075241
18:49||523100500||393586||0.00075241
18:50||523100500||393586||0.00075241
18:51||523100500||393586||0.00075241
18:52||523100500||393585||0.00075241
18:53||523100500||393585||0.00075241
18:54||523100500||393585||0.00075241
18:55||523100500||393586||0.00075241
18:56||523100500||393586||0.00075241
18:57||523100500||393586||0.00075241
18:58||523100500||393586||0.00075241
18:59||523100500||393585||0.00075241
19:00||523100500||393585||0.00075241
19:01||523025000||393585||0.00075241
19:02||523005500||393548||0.00075241
19:03||523008500||393523||0.00075241
19:04||523025000||393523||0.00075241
19:05||523025000||393523||0.00075241
19:06||523025000||393523||0.00075241
19:07||523025000||393523||0.00075241
19:08||523025000||393523||0.00075241
19:09||523000500||393511||0.00075241
19:10||522853000||393510||0.00075241
19:11||522509000||392770||0.00075241
19:12||522500500||392758||0.00075241
19:13||522499500||392758||0.00075241
19:14||522561000||392758||0.00075241
19:15||522572500||392758||0.00075241
19:16||527045000||394377||0.00075241
19:17||528290000||399527||0.00075241
19:18||526792500||399527||0.00075241
19:19||527247500||399527||0.00075241
19:20||527245000||399527||0.00075241
19:21||524499000||399527||0.00075241
19:22||524499000||394262||0.00075241
19:23||524500000||394262||0.00075241
19:24||524999500||395015||0.00075241
19:25||524999000||395015||0.00075241
19:26||524990000||395000||0.00075241
19:27||524991000||395015||0.00075241
19:28||524991000||395015||0.00075241
19:29||524991000||395015||0.00075241
19:30||524991000||395015||0.00075241
19:31||524991000||395015||0.00075241
19:32||524991000||395015||0.00075241
19:33||524991000||395015||0.00075241
19:34||524997000||395015||0.00075241
19:35||524997000||395015||0.00075241
19:36||524999500||395015||0.00075241
19:37||524999000||395015||0.00075241
19:38||527352000||395015||0.00075241
19:39||526855500||395015||0.00075241
19:40||526717500||395015||0.00075241
19:41||526927500||395015||0.00075241
19:42||526863500||396417||0.00075241
19:43||526847500||396406||0.00075241
19:44||526715500||396305||0.00075241
19:45||526800000||396305||0.00075241
19:46||526715500||396305||0.00075241
19:47||526715500||396305||0.00075241
19:48||526715500||396305||0.00075241
19:49||526000500||396305||0.00075241
19:50||526000500||396305||0.00075241
19:51||526006500||395768||0.00075241
19:52||525496500||395768||0.00075241
19:53||525506500||395768||0.00075241
19:54||525128500||395768||0.00075241
19:55||524618500||395015||0.00075241
19:56||524623500||395015||0.00075241
19:57||525214500||395187||0.00075241
19:58||525214500||395187||0.00075241
19:59||525239500||395187||0.00075241
20:00||527371500||398476||0.00075241
20:01||527077500||398476||0.00075241
20:02||527077500||398476||0.00075241
20:03||527077500||398476||0.00075241
20:04||527077500||398476||0.00075241
20:05||527077500||398476||0.00075241
20:06||527077500||398476||0.00075241
20:07||527077500||398476||0.00075241
20:08||526587500||398476||0.00075241
20:09||526097500||398476||0.00075241
20:10||525607500||395756||0.00075241
20:11||525615000||395756||0.00075241
20:12||525615000||395756||0.00075241
20:13||525615000||395756||0.00075241
20:14||525616000||395756||0.00075241
20:15||525616000||395756||0.00075241
20:16||525616000||395756||0.00075241
20:17||525616000||395756||0.00075241
20:18||525616000||395756||0.00075241
20:19||525616000||395756||0.00075241
20:20||525616000||395756||0.00075241
20:21||525608500||395756||0.00075241
20:22||525616000||395756||0.00075241
20:23||525616000||395756||0.00075241
20:24||525616000||395767||0.00075241
20:25||525616000||395767||0.00075241
20:26||525616500||395189||0.00075241
20:27||525616500||395189||0.00075241
20:28||525618000||395189||0.00075241
20:29||525619000||395767||0.00075241
20:30||525619000||395767||0.00075241
20:31||525619000||395767||0.00075241
20:32||525619000||395767||0.00075241
20:33||525611500||395767||0.00075241
20:34||525611500||395767||0.00075241
20:35||525619000||395767||0.00075241
20:36||525615000||395767||0.00075241
20:37||525615000||395767||0.00075241
20:38||525615000||395767||0.00075241
20:39||525615000||395767||0.00075241
20:40||525605000||395767||0.00075241
20:41||525605000||395767||0.00075241
20:42||525605000||395767||0.00075241
20:43||525605000||395741||0.00075241
20:44||525605000||395741||0.00075241
20:45||525595500||395741||0.00075241
20:46||525539500||395741||0.00075241
20:47||525284500||395741||0.00075241
20:48||525245500||395741||0.00075241
20:49||525245500||395741||0.00075241
20:50||525245500||395741||0.00075241
20:51||525595500||395741||0.00075241
20:52||525595500||395727||0.00075241
20:53||525595500||395727||0.00075241
20:54||524978500||395015||0.00075241
20:55||524978500||395015||0.00075241
20:56||524978500||395727||0.00075241
20:57||524978500||395727||0.00075241
20:58||524978500||395727||0.00075241
20:59||524978500||395727||0.00075241
21:00||524978500||395727||0.00075241
21:01||524618000||395727||0.00075241
21:02||524544500||395727||0.00075241
21:03||524544000||394270||0.00075241
21:04||524495000||394270||0.00075241
21:05||524486500||394270||0.00075241
21:06||523482500||393510||0.00075241
21:07||522682000||393510||0.00075241
21:08||522471000||392758||0.00075241
21:09||522411500||392758||0.00075241
21:10||522411500||392758||0.00075241
21:11||522411500||392758||0.00075241
21:12||522202000||392758||0.00075241
21:13||522202000||391447||0.00075241
21:14||521331000||391447||0.00075241
21:15||521331500||393061||0.00075241
21:16||521331500||393061||0.00075241
21:17||521352000||393061||0.00075241
21:18||522184500||394262||0.00075241
21:19||522714500||394262||0.00075241
21:20||522985000||394262||0.00075241
21:21||523001000||393864||0.00075241
21:22||523502500||393864||0.00075241
21:23||523502500||393888||0.00075241
21:24||523502500||393888||0.00075241
21:25||523502500||393888||0.00075241
21:26||523502500||393888||0.00075241
21:27||523502500||393888||0.00075241
21:28||523502500||393888||0.00075241
21:29||523502500||393888||0.00075241
21:30||523502500||393888||0.00075241
21:31||523502500||393888||0.00075241
21:32||523361000||393888||0.00075241
21:33||523502500||393888||0.00075241
21:34||523361000||393675||0.00075241
21:35||523228500||393675||0.00075241
21:36||523219500||393675||0.00075241
21:37||523219500||393675||0.00075241
21:38||522860000||393675||0.00075241
21:39||521889500||391660||0.00075241
21:40||520762500||391660||0.00075241
21:41||520805500||391660||0.00075241
21:42||520972500||391660||0.00075241
21:43||520972500||391660||0.00075241
21:44||522152000||391985||0.00075241
21:45||522350500||391985||0.00075241
21:46||523197000||391985||0.00075241
21:47||523156500||391985||0.00075241
21:48||522572500||391985||0.00075241
21:49||522561000||391985||0.00075241
21:50||522150000||391985||0.00075241
21:51||522065000||391985||0.00075241
21:52||522161500||391985||0.00075241
21:53||522136500||391985||0.00075241
21:54||522115500||392121||0.00075241
21:55||521618000||392121||0.00075241
21:56||521211500||392121||0.00075241
21:57||521212500||392121||0.00075241
21:58||521252500||392162||0.00075241
21:59||521252500||392162||0.00075241
22:00||521625500||392162||0.00075241
22:01||521618000||392745||0.00075241
22:02||521625500||392745||0.00075241
22:03||521625500||392745||0.00075241
22:04||521625500||392745||0.00075241
22:05||521625500||392745||0.00075241
22:06||521267500||392745||0.00075241
22:07||521260000||392745||0.00075241
22:08||521617500||392745||0.00075241
22:09||521252500||392745||0.00075241
22:10||521252500||392745||0.00075241
22:11||521252500||392745||0.00075241
22:12||521252500||392745||0.00075241
22:13||521252500||392745||0.00075241
22:14||521252500||392745||0.00075241
22:15||521252500||392745||0.00075241
22:16||521252500||392745||0.00075241
22:17||521252500||392745||0.00075241
22:18||521617500||392195||0.00075241
22:19||521746500||392745||0.00075241
22:20||521746500||392745||0.00075241
22:21||521746500||392745||0.00075241
22:22||521746500||392745||0.00075241
22:23||521747000||392389||0.00075241
22:24||521740000||392389||0.00075241
22:25||521740000||392389||0.00075241
22:26||521749500||392389||0.00075241
22:27||521969500||392389||0.00075241
22:28||522998500||392758||0.00075241
22:29||522998500||392758||0.00075241
22:30||522998500||392758||0.00075241
22:31||522998500||392758||0.00075241
22:32||522998500||392758||0.00075241
22:33||522998500||392758||0.00075241
22:34||522998500||392758||0.00075241
22:35||522998500||392758||0.00075241
22:36||522999500||393509||0.00075241
22:37||523155500||393510||0.00075241
22:38||523323500||393888||0.00075241
22:39||523502500||393888||0.00075241
22:40||523502500||393888||0.00075241
22:41||523502500||393888||0.00075241
22:42||523502500||393888||0.00075241
22:43||523502500||393888||0.00075241
22:44||523502500||393888||0.00075241
22:45||523502500||393888||0.00075241
22:46||523502500||393888||0.00075241
22:47||523502500||393888||0.00075241
22:48||523502500||393888||0.00075241
22:49||523502500||393888||0.00075241
22:50||523502500||393888||0.00075241
22:51||523502500||393888||0.00075241
22:52||524893500||393888||0.00075241
22:53||524893500||394940||0.00075241
22:54||524894500||394940||0.00075241
22:55||524894500||394940||0.00075241
22:56||524894500||394940||0.00075241
22:57||524894500||394940||0.00075241
22:58||524894500||394940||0.00075241
22:59||524983500||395007||0.00075241
23:00||524983500||395007||0.00075241
23:01||524975000||394994||0.00075241
23:02||524981500||394994||0.00075241
23:03||524939500||394993||0.00075241
23:04||524889500||394993||0.00075241
23:05||524889500||394993||0.00075241
23:06||524201500||394931||0.00075241
23:07||524201500||394932||0.00075241
23:08||524157500||394932||0.00075241
23:09||524157500||394932||0.00075241
23:10||524157000||394932||0.00075241
23:11||524107500||394864||0.00075241
23:12||524107000||394864||0.00075241
23:13||524107000||394864||0.00075241
23:14||524107000||394864||0.00075241
23:15||523565000||394864||0.00075241
23:16||523565000||394864||0.00075241
23:17||523565000||394864||0.00075241
23:18||523565000||394864||0.00075241
23:19||523565000||394864||0.00075241
23:20||523565000||394864||0.00075241
23:21||523565000||394864||0.00075241
23:22||523565000||394864||0.00075241
23:23||523565000||394864||0.00075241
23:24||523565000||394864||0.00075241
23:25||523565000||394864||0.00075241
23:26||523614500||394864||0.00075241
23:27||524207000||394864||0.00075241
23:28||524207000||394864||0.00075241
23:29||524757000||395012||0.00075241
23:30||524757000||395012||0.00075241
23:31||524757000||395012||0.00075241
23:32||524756500||395012||0.00075241
23:33||524756500||395012||0.00075241
23:34||524756500||395012||0.00075241
23:35||524756500||395012||0.00075241
23:36||524898500||395012||0.00075241
23:37||524898500||395012||0.00075241
23:38||524898500||395012||0.00075241
23:39||524944000||395007||0.00075241
23:40||524989500||395007||0.00075241
23:41||524989500||395007||0.00075241
23:42||524989500||395007||0.00075241
23:43||524939000||395007||0.00075241
23:44||524328000||395007||0.00075241
23:45||524328000||395007||0.00075241
23:46||524328000||395007||0.00075241
23:47||524328000||395007||0.00075241
23:48||524328000||395007||0.00075241
23:49||524328000||395007||0.00075241
23:50||524328000||395007||0.00075241
23:51||524345000||395007||0.00075241
23:52||524345000||395007||0.00075241
23:53||524345000||395007||0.00075241
23:54||524345000||395007||0.00075241
23:55||524300500||395007||0.00075241
23:56||524300000||394939||0.00075241
23:57||524301000||394939||0.00075241
23:58||524301000||394939||0.00075241
23:59||524288500||394939||0.00075241
