00:00||633142500||477629||0.00075241
00:01||633034500||477629||0.00075241
00:02||633065000||477629||0.00075241
00:03||633065000||477629||0.00075241
00:04||633034500||477464||0.00075241
00:05||633034500||477464||0.00075241
00:06||632777500||477464||0.00075241
00:07||632753000||477464||0.00075241
00:08||632277000||477464||0.00075241
00:09||632262500||477464||0.00075241
00:10||632262500||477464||0.00075241
00:11||632262500||477464||0.00075241
00:12||631555500||477464||0.00075241
00:13||631555500||477464||0.00075241
00:14||631555500||477464||0.00075241
00:15||632248500||476252||0.00075241
00:16||631777500||476252||0.00075241
00:17||631777000||476252||0.00075241
00:18||631777500||475523||0.00075241
00:19||631014500||474019||0.00075241
00:20||631015000||475520||0.00075241
00:21||631253500||475520||0.00075241
00:22||631276000||475520||0.00075241
00:23||631499000||475520||0.00075241
00:24||631499000||475520||0.00075241
00:25||631499000||475520||0.00075241
00:26||631499000||475520||0.00075241
00:27||631996500||475520||0.00075241
00:28||631996500||475520||0.00075241
00:29||631996500||475520||0.00075241
00:30||631996500||475520||0.00075241
00:31||632497500||476274||0.00075241
00:32||631996500||476274||0.00075241
00:33||631996500||476274||0.00075241
00:34||631996500||476274||0.00075241
00:35||631996500||476274||0.00075241
00:36||631996500||476274||0.00075241
00:37||631996500||476274||0.00075241
00:38||631996500||476274||0.00075241
00:39||631996500||475520||0.00075241
00:40||632497500||475520||0.00075241
00:41||632497500||475520||0.00075241
00:42||632499500||475520||0.00075241
00:43||632499500||475520||0.00075241
00:44||632499500||475520||0.00075241
00:45||632499500||475520||0.00075241
00:46||632499500||475520||0.00075241
00:47||632499500||475520||0.00075241
00:48||632499500||475520||0.00075241
00:49||632499500||476274||0.00075241
00:50||632499500||476274||0.00075241
00:51||633000000||476274||0.00075241
00:52||633000000||476274||0.00075241
00:53||633000000||476274||0.00075241
00:54||633000000||476274||0.00075241
00:55||633000000||476274||0.00075241
00:56||633000000||477027||0.00075241
00:57||633000000||477027||0.00075241
00:58||633000000||477027||0.00075241
00:59||633000000||477027||0.00075241
01:00||633000000||477027||0.00075241
01:01||633000000||477027||0.00075241
01:02||633000000||477027||0.00075241
01:03||633000000||477027||0.00075241
01:04||633000000||477027||0.00075241
01:05||633000000||477027||0.00075241
01:06||633000000||477027||0.00075241
01:07||633000000||477027||0.00075241
01:08||633000000||477027||0.00075241
01:09||633000000||477027||0.00075241
01:10||632980000||477027||0.00075241
01:11||632980000||477027||0.00075241
01:12||632980000||477027||0.00075241
01:13||632500000||477027||0.00075241
01:14||632500000||477027||0.00075241
01:15||632500000||477027||0.00075241
01:16||632500000||477027||0.00075241
01:17||632500000||477027||0.00075241
01:18||632500000||477027||0.00075241
01:19||632499500||475523||0.00075241
01:20||632499500||475523||0.00075241
01:21||632499500||475523||0.00075241
01:22||632489500||475523||0.00075241
01:23||632489500||475523||0.00075241
01:24||631277000||475520||0.00075241
01:25||629499500||474018||0.00075241
01:26||629499500||474018||0.00075241
01:27||629499500||474018||0.00075241
01:28||629499500||474018||0.00075241
01:29||629499500||474018||0.00075241
01:30||629000500||474018||0.00075241
01:31||629000500||474018||0.00075241
01:32||629000500||474018||0.00075241
01:33||629000500||474018||0.00075241
01:34||629000500||473266||0.00075241
01:35||627725000||472513||0.00075241
01:36||626401500||472137||0.00075241
01:37||626401500||472137||0.00075241
01:38||624436000||470245||0.00075241
01:39||626882000||470245||0.00075241
01:40||622444500||462740||0.00075241
01:41||620885500||462740||0.00075241
01:42||620005500||462740||0.00075241
01:43||620005500||462740||0.00075241
01:44||620005500||462740||0.00075241
01:45||620005500||462740||0.00075241
01:46||620005500||462740||0.00075241
01:47||620005500||462740||0.00075241
01:48||620005500||470256||0.00075241
01:49||620005500||470256||0.00075241
01:50||623000500||471008||0.00075241
01:51||623000500||471008||0.00075241
01:52||623001000||471008||0.00075241
01:53||623001000||471008||0.00075241
01:54||622500000||471008||0.00075241
01:55||622500000||471008||0.00075241
01:56||622450000||471008||0.00075241
01:57||622450000||471008||0.00075241
01:58||619006000||462741||0.00075241
01:59||619006000||462741||0.00075241
02:00||619006000||462741||0.00075241
02:01||620006000||462741||0.00075241
02:02||620006000||462741||0.00075241
02:03||620005500||462740||0.00075241
02:04||620005500||462740||0.00075241
02:05||619905500||462740||0.00075241
02:06||619505500||462740||0.00075241
02:07||618925500||462740||0.00075241
02:08||618505500||462740||0.00075241
02:09||618505500||462740||0.00075241
02:10||617935000||462740||0.00075241
02:11||616505000||462740||0.00075241
02:12||618505500||466494||0.00075241
02:13||618505000||462739||0.00075241
02:14||618005000||462739||0.00075241
02:15||618005000||462739||0.00075241
02:16||618005500||462739||0.00075241
02:17||617505500||462739||0.00075241
02:18||617508500||462739||0.00075241
02:19||617508500||466494||0.00075241
02:20||617455000||462739||0.00075241
02:21||617005000||462739||0.00075241
02:22||617005000||465741||0.00075241
02:23||616965000||465741||0.00075241
02:24||616505000||465741||0.00075241
02:25||616505000||465741||0.00075241
02:26||617005000||465741||0.00075241
02:27||616494500||461971||0.00075241
02:28||615994500||461971||0.00075241
02:29||615994500||461971||0.00075241
02:30||616494500||461971||0.00075241
02:31||616494500||461971||0.00075241
02:32||618500000||461971||0.00075241
02:33||620000000||461971||0.00075241
02:34||620000000||461971||0.00075241
02:35||620000000||461971||0.00075241
02:36||619494500||461971||0.00075241
02:37||622500000||461971||0.00075241
02:38||622500000||461971||0.00075241
02:39||623500000||461971||0.00075241
02:40||623500000||461971||0.00075241
02:41||623500000||461971||0.00075241
02:42||623500000||461971||0.00075241
02:43||623500000||461971||0.00075241
02:44||624000000||461971||0.00075241
02:45||624000000||472513||0.00075241
02:46||624000000||466494||0.00075241
02:47||624410000||474018||0.00075241
02:48||623500000||471761||0.00075241
02:49||623000000||471761||0.00075241
02:50||623000000||471008||0.00075241
02:51||623000000||471008||0.00075241
02:52||622500000||470256||0.00075241
02:53||622500000||470256||0.00075241
02:54||624000500||470256||0.00075241
02:55||624900500||470256||0.00075241
02:56||624900500||470256||0.00075241
02:57||624000500||470256||0.00075241
02:58||624000500||470256||0.00075241
02:59||624900500||470256||0.00075241
03:00||624000500||470256||0.00075241
03:01||624000500||470256||0.00075241
03:02||625000500||470256||0.00075241
03:03||624900500||470256||0.00075241
03:04||624900500||470256||0.00075241
03:05||624900500||473867||0.00075241
03:06||624500500||473867||0.00075241
03:07||624500500||473867||0.00075241
03:08||624500500||473867||0.00075241
03:09||624500500||473867||0.00075241
03:10||624500500||473867||0.00075241
03:11||624410500||473867||0.00075241
03:12||624410500||473867||0.00075241
03:13||624410500||473867||0.00075241
03:14||624410500||473867||0.00075241
03:15||624410500||473867||0.00075241
03:16||624410500||473867||0.00075241
03:17||624410500||473867||0.00075241
03:18||624410500||473867||0.00075241
03:19||624410500||473867||0.00075241
03:20||624410500||473867||0.00075241
03:21||624410500||473867||0.00075241
03:22||624910000||473867||0.00075241
03:23||624910000||473867||0.00075241
03:24||624910000||473867||0.00075241
03:25||624910000||473867||0.00075241
03:26||624910000||473867||0.00075241
03:27||624910000||473867||0.00075241
03:28||624910000||473867||0.00075241
03:29||624910000||473867||0.00075241
03:30||624910000||473867||0.00075241
03:31||624910000||473867||0.00075241
03:32||624910000||473867||0.00075241
03:33||624910500||473867||0.00075241
03:34||624910500||473867||0.00075241
03:35||624910500||473867||0.00075241
03:36||624910500||473867||0.00075241
03:37||624910500||473867||0.00075241
03:38||624910500||473867||0.00075241
03:39||624910500||473867||0.00075241
03:40||624910500||473867||0.00075241
03:41||624910500||473867||0.00075241
03:42||624910500||473867||0.00075241
03:43||624910500||473867||0.00075241
03:44||624910500||473867||0.00075241
03:45||624910500||473867||0.00075241
03:46||624910500||473867||0.00075241
03:47||624910500||473867||0.00075241
03:48||624910500||473867||0.00075241
03:49||624910500||473867||0.00075241
03:50||620448500||467246||0.00075241
03:51||620448500||467246||0.00075241
03:52||620448500||467246||0.00075241
03:53||624322500||466494||0.00075241
03:54||624322500||466494||0.00075241
03:55||624322500||466494||0.00075241
03:56||624322500||466494||0.00075241
03:57||624322500||466494||0.00075241
03:58||624409000||466494||0.00075241
03:59||624409000||466494||0.00075241
04:00||624409000||466494||0.00075241
04:01||624409000||466494||0.00075241
04:02||624409000||466494||0.00075241
04:03||624873000||466494||0.00075241
04:04||624409000||467323||0.00075241
04:05||624409000||472998||0.00075241
04:06||624409000||472998||0.00075241
04:07||624409000||472998||0.00075241
04:08||624409000||472998||0.00075241
04:09||624409000||472998||0.00075241
04:10||624409000||472998||0.00075241
04:11||624409000||472998||0.00075241
04:12||624409000||472998||0.00075241
04:13||624409000||472998||0.00075241
04:14||624409000||472998||0.00075241
04:15||624409000||472998||0.00075241
04:16||624409000||472998||0.00075241
04:17||624409000||472998||0.00075241
04:18||625048500||472998||0.00075241
04:19||625529000||472998||0.00075241
04:20||626001500||472998||0.00075241
04:21||626356000||472998||0.00075241
04:22||626664500||472998||0.00075241
04:23||626559500||472463||0.00075241
04:24||626747500||472463||0.00075241
04:25||626281500||472463||0.00075241
04:26||626281500||472463||0.00075241
04:27||626281500||472463||0.00075241
04:28||626281500||472463||0.00075241
04:29||626281500||472463||0.00075241
04:30||626281500||472463||0.00075241
04:31||626281500||472463||0.00075241
04:32||626510000||471761||0.00075241
04:33||626470000||471761||0.00075241
04:34||626470000||471761||0.00075241
04:35||626470000||471761||0.00075241
04:36||626460000||471761||0.00075241
04:37||626460000||471761||0.00075241
04:38||626460000||471761||0.00075241
04:39||623732000||466494||0.00075241
04:40||624159500||466494||0.00075241
04:41||624578500||466494||0.00075241
04:42||626461000||471008||0.00075241
04:43||623599500||471008||0.00075241
04:44||624043500||471008||0.00075241
04:45||624480500||471008||0.00075241
04:46||629075000||472998||0.00075241
04:47||629368500||472998||0.00075241
04:48||629368500||474018||0.00075241
04:49||628737000||474018||0.00075241
04:50||628737000||473068||0.00075241
04:51||624414500||473067||0.00075241
04:52||624872500||473067||0.00075241
04:53||624256000||473067||0.00075241
04:54||623997000||473067||0.00075241
04:55||624118000||473067||0.00075241
04:56||624256000||473067||0.00075241
04:57||623135000||473067||0.00075241
04:58||622831000||473067||0.00075241
04:59||622944500||473067||0.00075241
05:00||622944500||473067||0.00075241
05:01||623070000||473067||0.00075241
05:02||623199000||473067||0.00075241
05:03||623325000||473067||0.00075241
05:04||623433000||473067||0.00075241
05:05||623503500||473067||0.00075241
05:06||622521000||473067||0.00075241
05:07||622749000||473067||0.00075241
05:08||622898500||473067||0.00075241
05:09||623294500||469503||0.00075241
05:10||624294000||469503||0.00075241
05:11||625003500||469880||0.00075241
05:12||625003500||469880||0.00075241
05:13||625003500||469880||0.00075241
05:14||624029000||470632||0.00075241
05:15||625221500||468594||0.00075241
05:16||625221500||468594||0.00075241
05:17||625481500||471761||0.00075241
05:18||626105000||471761||0.00075241
05:19||626295000||471761||0.00075241
05:20||626437500||471761||0.00075241
05:21||626584000||471761||0.00075241
05:22||626954000||472851||0.00075241
05:23||626954000||472851||0.00075241
05:24||627092000||472851||0.00075241
05:25||627213500||472851||0.00075241
05:26||627213500||472851||0.00075241
05:27||627484000||472851||0.00075241
05:28||627463500||472851||0.00075241
05:29||627218500||472851||0.00075241
05:30||627218500||472851||0.00075241
05:31||627218500||472851||0.00075241
05:32||627230500||472851||0.00075241
05:33||627393500||472851||0.00075241
05:34||627403500||472851||0.00075241
05:35||627499500||472513||0.00075241
05:36||627964500||473642||0.00075241
05:37||628168000||473598||0.00075241
05:38||628343000||473598||0.00075241
05:39||628343000||473598||0.00075241
05:40||628320500||473598||0.00075241
05:41||628320500||473598||0.00075241
05:42||628320500||473598||0.00075241
05:43||628320500||473598||0.00075241
05:44||628320500||473598||0.00075241
05:45||628320500||473598||0.00075241
05:46||627775500||473549||0.00075241
05:47||627080500||473549||0.00075241
05:48||626915000||473549||0.00075241
05:49||624165500||471232||0.00075241
05:50||622941500||470955||0.00075241
05:51||622660000||470955||0.00075241
05:52||620506000||467938||0.00075241
05:53||618021500||467011||0.00075241
05:54||618084000||466494||0.00075241
05:55||616988500||465625||0.00075241
05:56||617814500||465741||0.00075241
05:57||618022000||466429||0.00075241
05:58||618312000||466429||0.00075241
05:59||619040500||466429||0.00075241
06:00||619173500||466429||0.00075241
06:01||619273500||465352||0.00075241
06:02||621515000||467246||0.00075241
06:03||624030000||468751||0.00075241
06:04||624973000||470256||0.00075241
06:05||621486500||468751||0.00075241
06:06||621278000||466494||0.00075241
06:07||620499000||466494||0.00075241
06:08||620499000||466494||0.00075241
06:09||620499000||466494||0.00075241
06:10||619504500||466494||0.00075241
06:11||619004500||466494||0.00075241
06:12||619003000||466494||0.00075241
06:13||619005500||466494||0.00075241
06:14||619005500||466494||0.00075241
06:15||619005500||466494||0.00075241
06:16||619047000||466494||0.00075241
06:17||619047000||466494||0.00075241
06:18||619047000||466494||0.00075241
06:19||619047000||466494||0.00075241
06:20||619047000||466494||0.00075241
06:21||619047000||466494||0.00075241
06:22||619050500||466494||0.00075241
06:23||619045500||466494||0.00075241
06:24||619045500||466494||0.00075241
06:25||618550500||466494||0.00075241
06:26||618097000||465060||0.00075241
06:27||618097000||465060||0.00075241
06:28||618097000||465060||0.00075241
06:29||618097000||465060||0.00075241
06:30||618094500||465060||0.00075241
06:31||618094500||465060||0.00075241
06:32||618094500||465060||0.00075241
06:33||616499500||462732||0.00075241
06:34||616500500||462732||0.00075241
06:35||616500500||462732||0.00075241
06:36||616500500||462732||0.00075241
06:37||616500500||462732||0.00075241
06:38||617501000||466494||0.00075241
06:39||616503500||466494||0.00075241
06:40||616503500||466494||0.00075241
06:41||617004000||466494||0.00075241
06:42||617004000||465740||0.00075241
06:43||617004000||465740||0.00075241
06:44||617004000||465740||0.00075241
06:45||617004000||465740||0.00075241
06:46||617004000||465740||0.00075241
06:47||617005500||465740||0.00075241
06:48||617005500||465740||0.00075241
06:49||618000000||465740||0.00075241
06:50||618000000||465740||0.00075241
06:51||618499000||465740||0.00075241
06:52||618499000||465740||0.00075241
06:53||618499000||465740||0.00075241
06:54||618562500||465740||0.00075241
06:55||619564500||466494||0.00075241
06:56||619564000||467245||0.00075241
06:57||620000000||467245||0.00075241
06:58||619750000||467245||0.00075241
06:59||619500500||467245||0.00075241
07:00||619250500||465365||0.00075241
07:01||619250500||465365||0.00075241
07:02||619250500||465365||0.00075241
07:03||619250500||465365||0.00075241
07:04||619250500||466493||0.00075241
07:05||619250500||466493||0.00075241
07:06||619549000||466493||0.00075241
07:07||619549000||466493||0.00075241
07:08||619549000||466493||0.00075241
07:09||619249500||465365||0.00075241
07:10||619249000||465365||0.00075241
07:11||618499000||464236||0.00075241
07:12||617500000||464236||0.00075241
07:13||617000500||464236||0.00075241
07:14||617000500||464236||0.00075241
07:15||617000500||464236||0.00075241
07:16||616011500||464236||0.00075241
07:17||616011500||464236||0.00075241
07:18||616011500||464236||0.00075241
07:19||615511500||458970||0.00075241
07:20||605151000||458970||0.00075241
07:21||605156000||451680||0.00075241
07:22||605156000||451680||0.00075241
07:23||599294500||451446||0.00075241
07:24||596540500||448131||0.00075241
07:25||596540500||448131||0.00075241
07:26||597797500||451446||0.00075241
07:27||597792500||451442||0.00075241
07:28||597297500||451442||0.00075241
07:29||597500000||450693||0.00075241
07:30||597500500||448436||0.00075241
07:31||597249000||448436||0.00075241
07:32||597250000||449564||0.00075241
07:33||597252500||449564||0.00075241
07:34||597005500||449193||0.00075241
07:35||597103000||449564||0.00075241
07:36||596602500||449564||0.00075241
07:37||598751000||451446||0.00075241
07:38||599021000||451446||0.00075241
07:39||599999500||451446||0.00075241
07:40||602493000||455200||0.00075241
07:41||602491500||455198||0.00075241
07:42||602493000||455198||0.00075241
07:43||604981500||455198||0.00075241
07:44||604981500||455194||0.00075241
07:45||602593000||455194||0.00075241
07:46||602869500||455132||0.00075241
07:47||602949500||452198||0.00075241
07:48||602004500||451514||0.00075241
07:49||602005000||454454||0.00075241
07:50||602005000||454454||0.00075241
07:51||602122500||451576||0.00075241
07:52||602625500||451576||0.00075241
07:53||602624500||453890||0.00075241
07:54||602624500||452950||0.00075241
07:55||602498500||452950||0.00075241
07:56||601624000||451664||0.00075241
07:57||601621500||451664||0.00075241
07:58||601621500||451664||0.00075241
07:59||601620000||451705||0.00075241
08:00||601171500||452950||0.00075241
08:01||601144500||452950||0.00075241
08:02||601177000||452950||0.00075241
08:03||602482000||452950||0.00075241
08:04||602902500||452950||0.00075241
08:05||603970000||453631||0.00075241
08:06||604520500||454470||0.00075241
08:07||604607000||454577||0.00075241
08:08||604650500||454670||0.00075241
08:09||604650500||454670||0.00075241
08:10||604650500||454670||0.00075241
08:11||604650500||454670||0.00075241
08:12||604152500||454670||0.00075241
08:13||604152500||454455||0.00075241
08:14||604000500||454455||0.00075241
08:15||604000500||454456||0.00075241
08:16||602609000||452273||0.00075241
08:17||603138000||452361||0.00075241
08:18||603690500||452361||0.00075241
08:19||603176000||452361||0.00075241
08:20||603645000||453704||0.00075241
08:21||603200000||454643||0.00075241
08:22||604247500||453722||0.00075241
08:23||605502500||455207||0.00075241
08:24||605502500||455207||0.00075241
08:25||607503000||458970||0.00075241
08:26||607503000||458970||0.00075241
08:27||607552500||458969||0.00075241
08:28||608529500||458969||0.00075241
08:29||609000000||456712||0.00075241
08:30||609022000||456712||0.00075241
08:31||608999500||458969||0.00075241
08:32||609264000||458969||0.00075241
08:33||611061000||460474||0.00075241
08:34||611061000||460474||0.00075241
08:35||611509500||460474||0.00075241
08:36||612009500||459737||0.00075241
08:37||611999500||459737||0.00075241
08:38||612019000||461225||0.00075241
08:39||612019000||461225||0.00075241
08:40||612039500||459752||0.00075241
08:41||613499500||461978||0.00075241
08:42||616520000||463484||0.00075241
08:43||616530000||464236||0.00075241
08:44||616520000||464236||0.00075241
08:45||616608000||464236||0.00075241
08:46||617107000||464987||0.00075241
08:47||616957000||464987||0.00075241
08:48||616953000||464987||0.00075241
08:49||616608000||464987||0.00075241
08:50||616520500||464236||0.00075241
08:51||616520000||464236||0.00075241
08:52||616041500||464236||0.00075241
08:53||616041500||464236||0.00075241
08:54||616041500||463516||0.00075241
08:55||616041500||463516||0.00075241
08:56||616041500||463516||0.00075241
08:57||614551500||461227||0.00075241
08:58||614600500||461227||0.00075241
08:59||614600500||461227||0.00075241
09:00||615005000||463635||0.00075241
09:01||615326000||464236||0.00075241
09:02||615529500||464236||0.00075241
09:03||616019500||464236||0.00075241
09:04||616759500||464612||0.00075241
09:05||616835500||464612||0.00075241
09:06||616905000||464612||0.00075241
09:07||616977500||464612||0.00075241
09:08||616978500||464612||0.00075241
09:09||617178500||464612||0.00075241
09:10||617178500||464612||0.00075241
09:11||616979000||464913||0.00075241
09:12||617496000||464981||0.00075241
09:13||617543500||464989||0.00075241
09:14||618650000||465365||0.00075241
09:15||617520500||465365||0.00075241
09:16||617600500||465365||0.00075241
09:17||617800000||465664||0.00075241
09:18||618499500||465365||0.00075241
09:19||618499500||465365||0.00075241
09:20||618499500||465365||0.00075241
09:21||618499500||465365||0.00075241
09:22||618499500||465365||0.00075241
09:23||618499500||465365||0.00075241
09:24||617605500||465664||0.00075241
09:25||617833500||465664||0.00075241
09:26||617815000||465664||0.00075241
09:27||617999000||464019||0.00075241
09:28||617999000||464019||0.00075241
09:29||617997500||464019||0.00075241
09:30||617996000||464019||0.00075241
09:31||617997000||465361||0.00075241
09:32||617750000||465361||0.00075241
09:33||617750000||465361||0.00075241
09:34||617750000||465361||0.00075241
09:35||617750000||464989||0.00075241
09:36||617750000||464613||0.00075241
09:37||617108000||464613||0.00075241
09:38||617108000||464613||0.00075241
09:39||617107000||464023||0.00075241
09:40||617107000||464023||0.00075241
09:41||617107000||464023||0.00075241
09:42||617107000||464023||0.00075241
09:43||617107000||464023||0.00075241
09:44||617107000||464023||0.00075241
09:45||617249000||464023||0.00075241
09:46||617249000||464023||0.00075241
09:47||617254000||464023||0.00075241
09:48||617254000||464023||0.00075241
09:49||618656000||465665||0.00075241
09:50||617950500||465665||0.00075241
09:51||617969500||465665||0.00075241
09:52||618449000||465665||0.00075241
09:53||618898500||465665||0.00075241
09:54||619200000||466117||0.00075241
09:55||619200000||466117||0.00075241
09:56||619200000||466117||0.00075241
09:57||619200000||466117||0.00075241
09:58||619200000||466117||0.00075241
09:59||619200000||466117||0.00075241
10:00||619194000||466117||0.00075241
10:01||618421000||465665||0.00075241
10:02||618270000||465365||0.00075241
10:03||618270000||465320||0.00075241
10:04||618100500||465065||0.00075241
10:05||618100500||465065||0.00075241
10:06||618100500||465065||0.00075241
10:07||618100500||465065||0.00075241
10:08||618100500||465065||0.00075241
10:09||618100500||465065||0.00075241
10:10||618100500||465065||0.00075241
10:11||618100500||465065||0.00075241
10:12||618050500||464989||0.00075241
10:13||618000500||464989||0.00075241
10:14||618000500||464989||0.00075241
10:15||618052000||464989||0.00075241
10:16||618050500||465065||0.00075241
10:17||618050500||465065||0.00075241
10:18||618100500||465065||0.00075241
10:19||618046500||464989||0.00075241
10:20||617433500||464989||0.00075241
10:21||617369500||464989||0.00075241
10:22||617303500||464989||0.00075241
10:23||617246000||464989||0.00075241
10:24||617196000||464531||0.00075241
10:25||617157500||464531||0.00075241
10:26||617144500||464531||0.00075241
10:27||617147500||464531||0.00075241
10:28||617649500||464446||0.00075241
10:29||617657500||465065||0.00075241
10:30||617556000||465065||0.00075241
10:31||617545000||465065||0.00075241
10:32||617111500||464416||0.00075241
10:33||617096500||464236||0.00075241
10:34||616660500||463981||0.00075241
10:35||616070000||463644||0.00075241
10:36||616070000||463644||0.00075241
10:37||616070000||463644||0.00075241
10:38||616005500||463496||0.00075241
10:39||616005500||463496||0.00075241
10:40||616005500||463496||0.00075241
10:41||616005500||463496||0.00075241
10:42||616005500||463496||0.00075241
10:43||616005500||463496||0.00075241
10:44||616005500||463492||0.00075241
10:45||616005500||463484||0.00075241
10:46||616980500||463484||0.00075241
10:47||616980500||463484||0.00075241
10:48||616984500||463484||0.00075241
10:49||616980500||464951||0.00075241
10:50||616980500||464951||0.00075241
10:51||615586000||463484||0.00075241
10:52||615586000||463484||0.00075241
10:53||615586000||462899||0.00075241
10:54||615586000||463446||0.00075241
10:55||614525000||462732||0.00075241
10:56||614525000||462732||0.00075241
10:57||615531000||462732||0.00075241
10:58||615530500||462732||0.00075241
10:59||615518500||462732||0.00075241
11:00||614521500||462732||0.00075241
11:01||614531000||462732||0.00075241
11:02||615588500||462732||0.00075241
11:03||616042000||462732||0.00075241
11:04||615992000||464156||0.00075241
11:05||615992000||462875||0.00075241
11:06||616042000||462875||0.00075241
11:07||616042000||462875||0.00075241
11:08||616027000||462875||0.00075241
11:09||615412500||462875||0.00075241
11:10||615412500||462875||0.00075241
11:11||615385000||462875||0.00075241
11:12||613519500||461979||0.00075241
11:13||611946000||461146||0.00075241
11:14||611965000||461146||0.00075241
11:15||613856500||461146||0.00075241
11:16||612983000||461146||0.00075241
11:17||612983000||459751||0.00075241
11:18||613100500||459751||0.00075241
11:19||613380500||460250||0.00075241
11:20||613591500||460250||0.00075241
11:21||613593500||460250||0.00075241
11:22||613198500||460250||0.00075241
11:23||613355500||460250||0.00075241
11:24||612872000||459723||0.00075241
11:25||612985000||462538||0.00075241
11:26||613092500||462538||0.00075241
11:27||612913500||462538||0.00075241
11:28||612453500||462538||0.00075241
11:29||611393500||462538||0.00075241
11:30||611093500||462538||0.00075241
11:31||610791500||459354||0.00075241
11:32||610794500||459354||0.00075241
11:33||610794500||459354||0.00075241
11:34||610794500||459354||0.00075241
11:35||610800000||459354||0.00075241
11:36||610800000||459354||0.00075241
11:37||611077500||459354||0.00075241
11:38||611077500||459354||0.00075241
11:39||611077500||459354||0.00075241
11:40||611077500||459354||0.00075241
11:41||611077500||459354||0.00075241
11:42||611078500||459782||0.00075241
11:43||611078500||459782||0.00075241
11:44||611078500||459782||0.00075241
11:45||610532500||459780||0.00075241
11:46||610532500||459780||0.00075241
11:47||610540000||459780||0.00075241
11:48||610540000||459780||0.00075241
11:49||609814500||457841||0.00075241
11:50||609814500||457880||0.00075241
11:51||610059500||457880||0.00075241
11:52||610059500||459780||0.00075241
11:53||610102000||459780||0.00075241
11:54||610219000||459780||0.00075241
11:55||610272500||458516||0.00075241
11:56||610370000||458516||0.00075241
11:57||610583500||458516||0.00075241
11:58||610583500||458516||0.00075241
11:59||610585000||459782||0.00075241
12:00||610585000||459782||0.00075241
12:01||610585000||459782||0.00075241
12:02||612759500||459782||0.00075241
12:03||612759500||459782||0.00075241
12:04||612563500||459782||0.00075241
12:05||612269500||459782||0.00075241
12:06||611726000||459782||0.00075241
12:07||611472000||459782||0.00075241
12:08||611501500||459782||0.00075241
12:09||611970000||459782||0.00075241
12:10||611970000||459722||0.00075241
12:11||611950000||459722||0.00075241
12:12||611950000||459722||0.00075241
12:13||611950000||459722||0.00075241
12:14||611950000||459722||0.00075241
12:15||611950000||459722||0.00075241
12:16||611950000||459722||0.00075241
12:17||611950000||459722||0.00075241
12:18||611950000||459722||0.00075241
12:19||610442000||459722||0.00075241
12:20||609224000||458930||0.00075241
12:21||608748500||458930||0.00075241
12:22||608993500||458930||0.00075241
12:23||608993500||458930||0.00075241
12:24||608974000||458930||0.00075241
12:25||608993500||458930||0.00075241
12:26||608993500||457494||0.00075241
12:27||608993500||457494||0.00075241
12:28||608993500||457494||0.00075241
12:29||608993500||457494||0.00075241
12:30||608992500||457494||0.00075241
12:31||611511500||458930||0.00075241
12:32||611652500||458930||0.00075241
12:33||611654500||458930||0.00075241
12:34||611570500||458930||0.00075241
12:35||611518000||459517||0.00075241
12:36||611488500||459517||0.00075241
12:37||611473000||459668||0.00075241
12:38||611538500||459668||0.00075241
12:39||611596000||459668||0.00075241
12:40||611639500||459668||0.00075241
12:41||611299500||459947||0.00075241
12:42||611299500||459947||0.00075241
12:43||611299500||459947||0.00075241
12:44||611299500||459948||0.00075241
12:45||611299500||459948||0.00075241
12:46||612170500||459948||0.00075241
12:47||612248000||459948||0.00075241
12:48||612305500||459948||0.00075241
12:49||612358500||459948||0.00075241
12:50||609999000||459948||0.00075241
12:51||610108500||459948||0.00075241
12:52||610277000||459948||0.00075241
12:53||612390000||460341||0.00075241
12:54||613983500||461603||0.00075241
12:55||614603000||462562||0.00075241
12:56||611832500||462562||0.00075241
12:57||612388500||462562||0.00075241
12:58||611831500||458134||0.00075241
12:59||611832500||458134||0.00075241
13:00||611832000||458134||0.00075241
13:01||611835500||462560||0.00075241
13:02||611836000||462560||0.00075241
13:03||611840500||462560||0.00075241
13:04||611837000||462560||0.00075241
13:05||611837500||458143||0.00075241
13:06||612386000||458143||0.00075241
13:07||612385500||458143||0.00075241
13:08||612385500||462562||0.00075241
13:09||612384500||462562||0.00075241
13:10||612384500||462562||0.00075241
13:11||612633500||462562||0.00075241
13:12||612633000||462562||0.00075241
13:13||612632500||462562||0.00075241
13:14||612000000||462555||0.00075241
13:15||612000000||462555||0.00075241
13:16||612000000||462555||0.00075241
13:17||613750000||461603||0.00075241
13:18||614250000||461979||0.00075241
13:19||614250000||461979||0.00075241
13:20||614250000||461979||0.00075241
13:21||614250000||461979||0.00075241
13:22||613501000||461979||0.00075241
13:23||613007000||461979||0.00075241
13:24||611507000||458971||0.00075241
13:25||611506500||461235||0.00075241
13:26||611506500||461235||0.00075241
13:27||611506500||461235||0.00075241
13:28||612005500||461235||0.00075241
13:29||612006000||461235||0.00075241
13:30||612006500||461235||0.00075241
13:31||612006500||461236||0.00075241
13:32||612007000||461236||0.00075241
13:33||612007000||461236||0.00075241
13:34||612752000||461236||0.00075241
13:35||613007000||462737||0.00075241
13:36||614506000||464988||0.00075241
13:37||614999500||460474||0.00075241
13:38||615499000||460474||0.00075241
13:39||615776500||460474||0.00075241
13:40||615776500||464235||0.00075241
13:41||616999500||464988||0.00075241
13:42||616999500||464988||0.00075241
13:43||617002500||464988||0.00075241
13:44||617003500||464988||0.00075241
13:45||617005000||464988||0.00075241
13:46||616255500||463860||0.00075241
13:47||616749500||464236||0.00075241
13:48||616999500||464236||0.00075241
13:49||616999500||464236||0.00075241
13:50||617000000||464236||0.00075241
13:51||617000500||464613||0.00075241
13:52||617000500||464613||0.00075241
13:53||616990500||464613||0.00075241
13:54||616990500||464613||0.00075241
13:55||617000500||464613||0.00075241
13:56||616980000||464598||0.00075241
13:57||616980000||464582||0.00075241
13:58||616980000||464582||0.00075241
13:59||616980000||464582||0.00075241
14:00||616745500||464582||0.00075241
14:01||616750500||464236||0.00075241
14:02||617495000||464981||0.00075241
14:03||617496000||464982||0.00075241
14:04||617496000||464982||0.00075241
14:05||617002000||464239||0.00075241
14:06||617002000||464239||0.00075241
14:07||617002000||464239||0.00075241
14:08||617002000||464239||0.00075241
14:09||617500000||464239||0.00075241
14:10||617490000||464239||0.00075241
14:11||617499000||464237||0.00075241
14:12||617499000||464237||0.00075241
14:13||617507000||464237||0.00075241
14:14||617508000||464987||0.00075241
14:15||617508000||464987||0.00075241
14:16||617508000||464987||0.00075241
14:17||617498000||464987||0.00075241
14:18||617438000||464910||0.00075241
14:19||617352000||464239||0.00075241
14:20||617213000||464239||0.00075241
14:21||617183500||464239||0.00075241
14:22||617157500||464471||0.00075241
14:23||617130500||464436||0.00075241
14:24||616751500||464239||0.00075241
14:25||616751500||464239||0.00075241
14:26||616256000||463492||0.00075241
14:27||616256000||463492||0.00075241
14:28||617150000||463860||0.00075241
14:29||617150000||463860||0.00075241
14:30||617176000||464838||0.00075241
14:31||617849000||464875||0.00075241
14:32||617106000||464832||0.00075241
14:33||617175000||463862||0.00075241
14:34||616501000||463862||0.00075241
14:35||616501000||463862||0.00075241
14:36||616501000||463862||0.00075241
14:37||616256000||463860||0.00075241
14:38||616256000||463493||0.00075241
14:39||616255500||463860||0.00075241
14:40||616011500||463493||0.00075241
14:41||616008500||463492||0.00075241
14:42||616006500||463492||0.00075241
14:43||616006500||463489||0.00075241
14:44||616006500||463489||0.00075241
14:45||616929500||463492||0.00075241
14:46||616931500||463492||0.00075241
14:47||617424000||463492||0.00075241
14:48||617601000||464989||0.00075241
14:49||617609500||464989||0.00075241
14:50||617850500||465139||0.00075241
14:51||618500500||465591||0.00075241
14:52||618502000||465591||0.00075241
14:53||619143000||465591||0.00075241
14:54||619491000||466117||0.00075241
14:55||620690000||466117||0.00075241
14:56||620501000||466117||0.00075241
14:57||620527000||467622||0.00075241
14:58||620278000||467622||0.00075241
14:59||620500500||467245||0.00075241
15:00||621470500||467998||0.00075241
15:01||621725500||466870||0.00075241
15:02||621481000||468345||0.00075241
15:03||621483500||468345||0.00075241
15:04||621893000||468280||0.00075241
15:05||621811500||468140||0.00075241
15:06||621450500||467585||0.00075241
15:07||621450500||467585||0.00075241
15:08||621450500||467585||0.00075241
15:09||620980500||467585||0.00075241
15:10||620982000||467585||0.00075241
15:11||620982000||467585||0.00075241
15:12||620982000||467585||0.00075241
15:13||620982000||467585||0.00075241
15:14||620982000||467585||0.00075241
15:15||621463500||467585||0.00075241
15:16||621479000||467585||0.00075241
15:17||621000500||467585||0.00075241
15:18||621000500||467585||0.00075241
15:19||621000500||467247||0.00075241
15:20||621498500||467999||0.00075241
15:21||621450000||467994||0.00075241
15:22||621002500||467994||0.00075241
15:23||621002500||467994||0.00075241
15:24||621002500||467994||0.00075241
15:25||621002500||467994||0.00075241
15:26||621002500||467994||0.00075241
15:27||621002500||467248||0.00075241
15:28||621002500||467248||0.00075241
15:29||621750000||467999||0.00075241
15:30||621750000||467999||0.00075241
15:31||621751500||468373||0.00075241
15:32||621748000||467248||0.00075241
15:33||621501000||467248||0.00075241
15:34||621756500||468371||0.00075241
15:35||621759500||468371||0.00075241
15:36||621759500||468369||0.00075241
15:37||621759500||468369||0.00075241
15:38||621762500||467266||0.00075241
15:39||621764000||467266||0.00075241
15:40||621764000||467266||0.00075241
15:41||623498000||469125||0.00075241
15:42||623498000||469125||0.00075241
15:43||623498500||469503||0.00075241
15:44||623750000||469503||0.00075241
15:45||623750500||469503||0.00075241
15:46||625754500||470256||0.00075241
15:47||625758500||470256||0.00075241
15:48||625761000||470256||0.00075241
15:49||625763000||470256||0.00075241
15:50||625764000||472511||0.00075241
15:51||628995500||474010||0.00075241
15:52||629995000||474018||0.00075241
15:53||631486000||476269||0.00075241
15:54||631481000||476269||0.00075241
15:55||631476000||476269||0.00075241
15:56||631445500||476269||0.00075241
15:57||631448500||476269||0.00075241
15:58||631448500||476269||0.00075241
15:59||632822000||476269||0.00075241
16:00||632750500||476088||0.00075241
16:01||631375000||476087||0.00075241
16:02||631391000||476087||0.00075241
16:03||631387500||476079||0.00075241
16:04||628498000||473264||0.00075241
16:05||628498000||473264||0.00075241
16:06||628498000||473264||0.00075241
16:07||628999000||473265||0.00075241
16:08||628498000||473265||0.00075241
16:09||628499000||473265||0.00075241
16:10||628498000||473265||0.00075241
16:11||626501000||472511||0.00075241
16:12||626502500||472511||0.00075241
16:13||626502500||472511||0.00075241
16:14||626502000||472511||0.00075241
16:15||626503000||472511||0.00075241
16:16||626503000||472511||0.00075241
16:17||626503000||472511||0.00075241
16:18||626503500||472511||0.00075241
16:19||626504500||472511||0.00075241
16:20||626503000||470266||0.00075241
16:21||626510000||470266||0.00075241
16:22||626560000||470266||0.00075241
16:23||626560000||470266||0.00075241
16:24||626560000||470266||0.00075241
16:25||626558500||470266||0.00075241
16:26||626558500||470266||0.00075241
16:27||626493000||470256||0.00075241
16:28||626504000||472501||0.00075241
16:29||626502500||472501||0.00075241
16:30||626501000||472501||0.00075241
16:31||626499500||472501||0.00075241
16:32||626501000||472501||0.00075241
16:33||626498000||472501||0.00075241
16:34||627233500||472501||0.00075241
16:35||626999500||472501||0.00075241
16:36||627000500||472501||0.00075241
16:37||627000500||472501||0.00075241
16:38||626502500||471387||0.00075241
16:39||625764000||471384||0.00075241
16:40||625028500||471384||0.00075241
16:41||625027500||471384||0.00075241
16:42||626258000||470277||0.00075241
16:43||625501500||470277||0.00075241
16:44||625501500||470277||0.00075241
16:45||625500500||470277||0.00075241
16:46||625500500||470633||0.00075241
16:47||625748500||470633||0.00075241
16:48||625748000||471005||0.00075241
16:49||625747000||471005||0.00075241
16:50||625746000||471005||0.00075241
16:51||625746000||471005||0.00075241
16:52||625744500||471005||0.00075241
16:53||625500500||471005||0.00075241
16:54||625500500||471005||0.00075241
16:55||625378000||470632||0.00075241
16:56||624885000||470256||0.00075241
16:57||625004000||469887||0.00075241
16:58||624586000||469887||0.00075241
16:59||624376000||469887||0.00075241
17:00||624335000||469255||0.00075241
17:01||624330500||470247||0.00075241
17:02||624330500||470247||0.00075241
17:03||624329000||470247||0.00075241
17:04||624327500||470243||0.00075241
17:05||624327500||470243||0.00075241
17:06||624327500||470243||0.00075241
17:07||624327500||470243||0.00075241
17:08||624327500||470243||0.00075241
17:09||624326000||470243||0.00075241
17:10||624326000||469257||0.00075241
17:11||623671000||469257||0.00075241
17:12||623671000||469257||0.00075241
17:13||623671000||469257||0.00075241
17:14||623671000||469257||0.00075241
17:15||623671000||469257||0.00075241
17:16||623671000||469257||0.00075241
17:17||623671000||469257||0.00075241
17:18||623671000||469257||0.00075241
17:19||623671000||469255||0.00075241
17:20||623671000||469255||0.00075241
17:21||623671000||469255||0.00075241
17:22||623671000||469257||0.00075241
17:23||623825000||469256||0.00075241
17:24||624342500||469256||0.00075241
17:25||624388500||469256||0.00075241
17:26||624388500||469256||0.00075241
17:27||624388500||469256||0.00075241
17:28||624388500||469256||0.00075241
17:29||624388500||469256||0.00075241
17:30||624388500||469256||0.00075241
17:31||624388500||469256||0.00075241
17:32||624388500||469256||0.00075241
17:33||624388500||469256||0.00075241
17:34||624398500||469256||0.00075241
17:35||624398500||469256||0.00075241
17:36||625734500||470557||0.00075241
17:37||625734500||470557||0.00075241
17:38||625734500||471007||0.00075241
17:39||626256500||471018||0.00075241
17:40||626998500||471384||0.00075241
17:41||626998500||471384||0.00075241
17:42||626048500||471384||0.00075241
17:43||626197500||470418||0.00075241
17:44||626499500||471760||0.00075241
17:45||626509500||471760||0.00075241
17:46||626509500||471760||0.00075241
17:47||626850000||472136||0.00075241
17:48||626942000||472136||0.00075241
17:49||628509500||473265||0.00075241
17:50||629554000||473265||0.00075241
17:51||629546000||473265||0.00075241
17:52||629570000||473265||0.00075241
17:53||629250000||473265||0.00075241
17:54||628900000||473341||0.00075241
17:55||628700500||473341||0.00075241
17:56||628700500||473040||0.00075241
17:57||627627500||472513||0.00075241
17:58||627521000||472513||0.00075241
17:59||628050000||472513||0.00075241
18:00||627321000||472513||0.00075241
18:01||628050000||472513||0.00075241
18:02||627321000||472513||0.00075241
18:03||627657000||472513||0.00075241
18:04||627657000||472513||0.00075241
18:05||627657000||472513||0.00075241
18:06||627657000||472513||0.00075241
18:07||627807000||472739||0.00075241
18:08||627816500||472011||0.00075241
18:09||627825500||472011||0.00075241
18:10||627817000||472011||0.00075241
18:11||627817000||472011||0.00075241
18:12||627817000||472011||0.00075241
18:13||627667500||472011||0.00075241
18:14||627667500||472011||0.00075241
18:15||627667500||472011||0.00075241
18:16||627817000||472738||0.00075241
18:17||627817000||472738||0.00075241
18:18||627817000||472738||0.00075241
18:19||627817000||472013||0.00075241
18:20||627817000||472013||0.00075241
18:21||627817000||472013||0.00075241
18:22||627826500||472013||0.00075241
18:23||627950000||472013||0.00075241
18:24||628002500||472013||0.00075241
18:25||628048000||472013||0.00075241
18:26||628054000||472013||0.00075241
18:27||628005000||472739||0.00075241
18:28||628005000||472739||0.00075241
18:29||628005000||472739||0.00075241
18:30||628049500||472739||0.00075241
18:31||628055500||472739||0.00075241
18:32||628055500||472739||0.00075241
18:33||628055500||472739||0.00075241
18:34||628751000||473115||0.00075241
18:35||629178000||473341||0.00075241
18:36||629177500||473341||0.00075241
18:37||629177500||473341||0.00075241
18:38||629227500||473490||0.00075241
18:39||629227500||473490||0.00075241
18:40||629227500||473490||0.00075241
18:41||629227500||473642||0.00075241
18:42||629227500||473642||0.00075241
18:43||629227500||473490||0.00075241
18:44||629263500||473490||0.00075241
18:45||629263500||473490||0.00075241
18:46||629263500||473490||0.00075241
18:47||629263500||473490||0.00075241
18:48||629228500||473490||0.00075241
18:49||629228500||473490||0.00075241
18:50||629228500||473490||0.00075241
18:51||629228500||473490||0.00075241
18:52||629228500||473438||0.00075241
18:53||629101000||473437||0.00075241
18:54||629101000||473437||0.00075241
18:55||629101000||473437||0.00075241
18:56||629226500||473437||0.00075241
18:57||629226500||473246||0.00075241
18:58||629226500||473246||0.00075241
18:59||629226500||473435||0.00075241
19:00||629226500||473435||0.00075241
19:01||629226500||473435||0.00075241
19:02||628987000||473246||0.00075241
19:03||628243000||473246||0.00075241
19:04||628243000||473246||0.00075241
19:05||628150000||473246||0.00075241
19:06||628000500||473246||0.00075241
19:07||628000500||473246||0.00075241
19:08||628000500||473246||0.00075241
19:09||628000500||473246||0.00075241
19:10||628149500||472588||0.00075241
19:11||628149500||472588||0.00075241
19:12||628199500||472588||0.00075241
19:13||628402000||472889||0.00075241
19:14||628550500||472964||0.00075241
19:15||628749500||473190||0.00075241
19:16||628549500||473190||0.00075241
19:17||628349500||472663||0.00075241
19:18||628199500||472663||0.00075241
19:19||627657000||472513||0.00075241
19:20||627950000||472513||0.00075241
19:21||627950000||472513||0.00075241
19:22||627950000||472513||0.00075241
19:23||627950000||472513||0.00075241
19:24||627990000||472513||0.00075241
19:25||627995000||472505||0.00075241
19:26||627995000||472505||0.00075241
19:27||627950000||472513||0.00075241
19:28||627950000||472513||0.00075241
19:29||627900500||472513||0.00075241
19:30||627900500||472513||0.00075241
19:31||627607500||471997||0.00075241
19:32||627357000||471997||0.00075241
19:33||627357000||471997||0.00075241
19:34||627314500||471997||0.00075241
19:35||627307500||471986||0.00075241
19:36||627307500||471986||0.00075241
19:37||627307500||471986||0.00075241
19:38||626773500||471761||0.00075241
19:39||626773500||471761||0.00075241
19:40||626547500||471761||0.00075241
19:41||626547500||471761||0.00075241
19:42||625831000||471761||0.00075241
19:43||625831000||471761||0.00075241
19:44||625831000||471761||0.00075241
19:45||625831000||471761||0.00075241
19:46||625931000||471420||0.00075241
19:47||626547500||471420||0.00075241
19:48||626547500||471420||0.00075241
19:49||625969500||471420||0.00075241
19:50||626975500||471420||0.00075241
19:51||626974500||471420||0.00075241
19:52||626974500||471420||0.00075241
19:53||627003500||471420||0.00075241
19:54||627003500||471420||0.00075241
19:55||627002500||471466||0.00075241
19:56||627003500||472060||0.00075241
19:57||627000500||472060||0.00075241
19:58||627000500||471535||0.00075241
19:59||626850500||471535||0.00075241
20:00||626805000||471535||0.00075241
20:01||626804500||471535||0.00075241
20:02||626804500||471761||0.00075241
20:03||626804000||471761||0.00075241
20:04||626804000||471760||0.00075241
20:05||626804000||471760||0.00075241
20:06||626804000||471760||0.00075241
20:07||626804000||471760||0.00075241
20:08||626804000||471760||0.00075241
20:09||626804000||471760||0.00075241
20:10||625515500||470256||0.00075241
20:11||625515500||470256||0.00075241
20:12||625515500||470256||0.00075241
20:13||625515500||470256||0.00075241
20:14||625515000||470256||0.00075241
20:15||625515000||470256||0.00075241
20:16||624026500||469526||0.00075241
20:17||624026500||469526||0.00075241
20:18||624027000||469523||0.00075241
20:19||624026500||469523||0.00075241
20:20||624026500||469523||0.00075241
20:21||623958000||469522||0.00075241
20:22||623958000||469522||0.00075241
20:23||623958500||469522||0.00075241
20:24||623958500||469522||0.00075241
20:25||623958000||469522||0.00075241
20:26||623958000||469522||0.00075241
20:27||623963500||469522||0.00075241
20:28||624298000||469522||0.00075241
20:29||624524500||469898||0.00075241
20:30||624524500||469898||0.00075241
20:31||624524500||469898||0.00075241
20:32||624209000||469898||0.00075241
20:33||623334000||468120||0.00075241
20:34||623336000||468120||0.00075241
20:35||623336000||468120||0.00075241
20:36||623334500||468120||0.00075241
20:37||623792000||468797||0.00075241
20:38||623997500||468977||0.00075241
20:39||623550000||469502||0.00075241
20:40||623749000||469502||0.00075241
20:41||623749000||469502||0.00075241
20:42||623749000||469502||0.00075241
20:43||623500500||469502||0.00075241
20:44||623500500||469502||0.00075241
20:45||623500500||469502||0.00075241
20:46||623500500||469128||0.00075241
20:47||623500500||469127||0.00075241
20:48||623500500||469128||0.00075241
20:49||623500500||469128||0.00075241
20:50||623750000||469502||0.00075241
20:51||623750000||469502||0.00075241
20:52||623750000||469502||0.00075241
20:53||623751500||469502||0.00075241
20:54||623793000||469502||0.00075241
20:55||623793000||469193||0.00075241
20:56||623793000||469193||0.00075241
20:57||623793000||469193||0.00075241
20:58||623793000||469502||0.00075241
20:59||623793000||469502||0.00075241
21:00||623793000||469502||0.00075241
21:01||623793000||469502||0.00075241
21:02||623793000||469502||0.00075241
21:03||623789000||469502||0.00075241
21:04||622699500||469129||0.00075241
21:05||622699500||469129||0.00075241
21:06||620152500||466494||0.00075241
21:07||618725000||465139||0.00075241
21:08||618725000||465139||0.00075241
21:09||618725500||465139||0.00075241
21:10||617231000||464613||0.00075241
21:11||618472000||464613||0.00075241
21:12||618472000||464613||0.00075241
21:13||618442000||464613||0.00075241
21:14||618441500||464239||0.00075241
21:15||618190500||464239||0.00075241
21:16||618190500||464239||0.00075241
21:17||618142500||464239||0.00075241
21:18||618142500||463862||0.00075241
21:19||618109000||463863||0.00075241
21:20||618162500||463863||0.00075241
21:21||617805500||463863||0.00075241
21:22||617805500||463863||0.00075241
21:23||618305000||463863||0.00075241
21:24||618271000||463863||0.00075241
21:25||618340500||463863||0.00075241
21:26||618375000||463863||0.00075241
21:27||618375000||463863||0.00075241
21:28||618342500||463863||0.00075241
21:29||618342000||463863||0.00075241
21:30||618342000||464048||0.00075241
21:31||618342000||464048||0.00075241
21:32||618343500||464048||0.00075241
21:33||619117000||464048||0.00075241
21:34||619018000||464048||0.00075241
21:35||618971000||464048||0.00075241
21:36||618901500||464048||0.00075241
21:37||618862000||464048||0.00075241
21:38||618839000||464048||0.00075241
21:39||618782000||464048||0.00075241
21:40||617881000||464048||0.00075241
21:41||617791000||465615||0.00075241
21:42||617666500||465615||0.00075241
21:43||617573500||465615||0.00075241
21:44||617489500||465615||0.00075241
21:45||617957000||465615||0.00075241
21:46||617900500||464989||0.00075241
21:47||618160000||464989||0.00075241
21:48||617332500||464387||0.00075241
21:49||616262000||463871||0.00075241
21:50||616424500||463871||0.00075241
21:51||613396000||459730||0.00075241
21:52||612006000||459731||0.00075241
21:53||612006000||459731||0.00075241
21:54||612006000||459731||0.00075241
21:55||611989000||461228||0.00075241
21:56||611989000||461228||0.00075241
21:57||612029500||461228||0.00075241
21:58||612379500||461228||0.00075241
21:59||614605500||460474||0.00075241
22:00||614605500||460474||0.00075241
22:01||613960500||460474||0.00075241
22:02||613964500||460474||0.00075241
22:03||614256000||460474||0.00075241
22:04||614500000||460474||0.00075241
22:05||614215000||463800||0.00075241
22:06||614250000||463800||0.00075241
22:07||614254500||463800||0.00075241
22:08||614254500||463800||0.00075241
22:09||614254500||463800||0.00075241
22:10||614254500||460857||0.00075241
22:11||614254500||460857||0.00075241
22:12||615500000||460857||0.00075241
22:13||615004500||460857||0.00075241
22:14||615004500||460857||0.00075241
22:15||615004500||460857||0.00075241
22:16||615004500||460857||0.00075241
22:17||615004500||460857||0.00075241
22:18||615004500||460857||0.00075241
22:19||615004500||460857||0.00075241
22:20||615004500||460857||0.00075241
22:21||615004500||460857||0.00075241
22:22||615007000||460857||0.00075241
22:23||615007000||460857||0.00075241
22:24||615009500||460857||0.00075241
22:25||615010000||460857||0.00075241
22:26||615014500||460857||0.00075241
22:27||615014500||460857||0.00075241
22:28||615014500||460857||0.00075241
22:29||615050000||460857||0.00075241
22:30||615050000||460857||0.00075241
22:31||615054500||460857||0.00075241
22:32||615054500||460857||0.00075241
22:33||615054500||463484||0.00075241
22:34||615054500||463484||0.00075241
22:35||615500000||463484||0.00075241
22:36||615500000||463484||0.00075241
22:37||621994000||466494||0.00075241
22:38||621989500||466494||0.00075241
22:39||621950000||466494||0.00075241
22:40||621750000||466494||0.00075241
22:41||621499500||466494||0.00075241
22:42||619495000||466494||0.00075241
22:43||619995000||466494||0.00075241
22:44||619998500||466494||0.00075241
22:45||620200000||464613||0.00075241
22:46||620200500||468676||0.00075241
22:47||620944000||468676||0.00075241
22:48||620850000||468676||0.00075241
22:49||620300000||468676||0.00075241
22:50||620200000||468676||0.00075241
22:51||620000000||468676||0.00075241
22:52||620000000||468676||0.00075241
22:53||620000000||468676||0.00075241
22:54||620000000||468676||0.00075241
22:55||620004000||468676||0.00075241
22:56||620500000||468676||0.00075241
22:57||620500000||468676||0.00075241
22:58||620500000||467999||0.00075241
22:59||620500000||467999||0.00075241
23:00||620012500||467999||0.00075241
23:01||620012500||467999||0.00075241
23:02||620042500||467999||0.00075241
23:03||620043000||465054||0.00075241
23:04||620043000||465054||0.00075241
23:05||620500500||465054||0.00075241
23:06||621000500||465054||0.00075241
23:07||621000500||465054||0.00075241
23:08||621010000||466494||0.00075241
23:09||621250000||466494||0.00075241
23:10||621250000||466494||0.00075241
23:11||621249000||466870||0.00075241
23:12||621200000||466870||0.00075241
23:13||621200000||466870||0.00075241
23:14||620964500||466870||0.00075241
23:15||620964500||466870||0.00075241
23:16||620505000||466870||0.00075241
23:17||620505000||467232||0.00075241
23:18||619990500||467232||0.00075241
23:19||619990500||467232||0.00075241
23:20||618548000||465741||0.00075241
23:21||619035000||465741||0.00075241
23:22||619981000||465741||0.00075241
23:23||619981000||466465||0.00075241
23:24||619981000||466465||0.00075241
23:25||619981000||466465||0.00075241
23:26||620480500||466465||0.00075241
23:27||620480500||466465||0.00075241
23:28||620470000||466465||0.00075241
23:29||620480500||466465||0.00075241
23:30||620480500||466465||0.00075241
23:31||620955500||467991||0.00075241
23:32||620955500||467991||0.00075241
23:33||620955500||467991||0.00075241
23:34||618473500||466465||0.00075241
23:35||618473500||466465||0.00075241
23:36||618473500||466465||0.00075241
23:37||617978000||466465||0.00075241
23:38||617978000||466465||0.00075241
23:39||617978000||466465||0.00075241
23:40||618020000||466465||0.00075241
23:41||618020000||466465||0.00075241
23:42||618020000||466465||0.00075241
23:43||615301500||463184||0.00075241
23:44||617451000||463184||0.00075241
23:45||617451000||463184||0.00075241
23:46||615002500||463184||0.00075241
23:47||615002500||462734||0.00075241
23:48||615002500||462734||0.00075241
23:49||615002500||462734||0.00075241
23:50||615002500||462734||0.00075241
23:51||615002500||462734||0.00075241
23:52||614006500||462732||0.00075241
23:53||614006500||462732||0.00075241
23:54||614006500||462732||0.00075241
23:55||613990000||461987||0.00075241
23:56||613990000||461231||0.00075241
23:57||613492500||461231||0.00075241
23:58||613492500||461231||0.00075241
23:59||613492500||461231||0.00075241
