00:00||850106500||638828||0.00075241
00:01||850107500||640430||0.00075241
00:02||850107500||640430||0.00075241
00:03||850107500||640430||0.00075241
00:04||850111000||638828||0.00075241
00:05||850110000||638828||0.00075241
00:06||850110000||638828||0.00075241
00:07||850110000||638833||0.00075241
00:08||850110000||638833||0.00075241
00:09||850110000||638833||0.00075241
00:10||850110000||638833||0.00075241
00:11||850131000||638833||0.00075241
00:12||850131000||638833||0.00075241
00:13||850131000||638833||0.00075241
00:14||850131000||638833||0.00075241
00:15||850131000||638865||0.00075241
00:16||850131000||638865||0.00075241
00:17||850131000||638865||0.00075241
00:18||850131000||638865||0.00075241
00:19||850131000||638865||0.00075241
00:20||850131000||638865||0.00075241
00:21||850131000||638865||0.00075241
00:22||850131000||638865||0.00075241
00:23||850296000||640677||0.00075241
00:24||850296000||640677||0.00075241
00:25||850296000||640677||0.00075241
00:26||850296000||640677||0.00075241
00:27||850296000||638865||0.00075241
00:28||850296000||638865||0.00075241
00:29||850296000||638865||0.00075241
00:30||850296000||638865||0.00075241
00:31||850296000||638865||0.00075241
00:32||850295500||638865||0.00075241
00:33||850295500||638865||0.00075241
00:34||850295500||638865||0.00075241
00:35||850295500||638865||0.00075241
00:36||850295500||638865||0.00075241
00:37||850295500||638865||0.00075241
00:38||852001500||640677||0.00075241
00:39||852001500||640677||0.00075241
00:40||852665500||641429||0.00075241
00:41||852665500||641429||0.00075241
00:42||853444000||641805||0.00075241
00:43||853444000||641805||0.00075241
00:44||853444000||641805||0.00075241
00:45||853444000||641805||0.00075241
00:46||853443500||641805||0.00075241
00:47||853443500||641805||0.00075241
00:48||853443500||641805||0.00075241
00:49||853443500||642473||0.00075241
00:50||853443500||641805||0.00075241
00:51||853443500||641805||0.00075241
00:52||853443500||642473||0.00075241
00:53||853443500||642473||0.00075241
00:54||853443500||642473||0.00075241
00:55||853443500||642473||0.00075241
00:56||853443500||641805||0.00075241
00:57||851982500||641805||0.00075241
00:58||851982500||641805||0.00075241
00:59||852031500||641805||0.00075241
01:00||852031500||642473||0.00075241
01:01||852031500||639680||0.00075241
01:02||852031500||639680||0.00075241
01:03||852031500||639680||0.00075241
01:04||852031500||639680||0.00075241
01:05||852031500||639680||0.00075241
01:06||851591000||639680||0.00075241
01:07||851591000||639680||0.00075241
01:08||851591000||639680||0.00075241
01:09||852031500||642473||0.00075241
01:10||852227500||642473||0.00075241
01:11||852227500||642473||0.00075241
01:12||852184000||642473||0.00075241
01:13||852183500||642473||0.00075241
01:14||852183500||642473||0.00075241
01:15||852183500||639975||0.00075241
01:16||852183500||639975||0.00075241
01:17||852183500||639975||0.00075241
01:18||852183500||639975||0.00075241
01:19||852183500||639975||0.00075241
01:20||852183500||639975||0.00075241
01:21||852427500||639975||0.00075241
01:22||852427500||639975||0.00075241
01:23||852427500||640343||0.00075241
01:24||852427500||640343||0.00075241
01:25||852427500||640343||0.00075241
01:26||852427500||640343||0.00075241
01:27||852423000||640343||0.00075241
01:28||852423000||640343||0.00075241
01:29||852423000||640343||0.00075241
01:30||852423000||640343||0.00075241
01:31||852423000||640343||0.00075241
01:32||852423000||640343||0.00075241
01:33||852423000||640343||0.00075241
01:34||852450500||640343||0.00075241
01:35||852450500||640343||0.00075241
01:36||852450500||640343||0.00075241
01:37||852450500||640343||0.00075241
01:38||852450500||640343||0.00075241
01:39||852450500||640343||0.00075241
01:40||852450500||640343||0.00075241
01:41||852450500||640343||0.00075241
01:42||852450500||640343||0.00075241
01:43||852450500||640384||0.00075241
01:44||852450500||640384||0.00075241
01:45||852423000||640384||0.00075241
01:46||852423000||640384||0.00075241
01:47||852423000||640384||0.00075241
01:48||852423000||640384||0.00075241
01:49||852423000||640384||0.00075241
01:50||852422500||640384||0.00075241
01:51||852450000||640384||0.00075241
01:52||852450000||642399||0.00075241
01:53||852450000||642399||0.00075241
01:54||852450000||642399||0.00075241
01:55||852422500||642399||0.00075241
01:56||852422500||642399||0.00075241
01:57||852450000||642399||0.00075241
01:58||852422500||642399||0.00075241
01:59||852422500||642399||0.00075241
02:00||852422500||642399||0.00075241
02:01||852422500||642399||0.00075241
02:02||852422500||642399||0.00075241
02:03||852422500||642399||0.00075241
02:04||852422500||642399||0.00075241
02:05||852422500||642399||0.00075241
02:06||852422500||642399||0.00075241
02:07||852422500||642399||0.00075241
02:08||852422500||642399||0.00075241
02:09||852422500||642399||0.00075241
02:10||852144500||639924||0.00075241
02:11||852144500||639924||0.00075241
02:12||852144500||639924||0.00075241
02:13||852144500||639924||0.00075241
02:14||852144500||639924||0.00075241
02:15||852144500||639924||0.00075241
02:16||852144500||639924||0.00075241
02:17||852144500||642399||0.00075241
02:18||852144500||642399||0.00075241
02:19||852144500||642399||0.00075241
02:20||852144500||642399||0.00075241
02:21||852144500||642399||0.00075241
02:22||852144500||642399||0.00075241
02:23||852144500||642399||0.00075241
02:24||852144500||642399||0.00075241
02:25||852144500||642399||0.00075241
02:26||852144500||642399||0.00075241
02:27||852144500||642399||0.00075241
02:28||852144500||642399||0.00075241
02:29||851894500||642399||0.00075241
02:30||851894500||642399||0.00075241
02:31||851894500||642399||0.00075241
02:32||851894500||642399||0.00075241
02:33||851894500||642399||0.00075241
02:34||851894500||642399||0.00075241
02:35||851894500||642399||0.00075241
02:36||851894500||642399||0.00075241
02:37||851894500||642399||0.00075241
02:38||851894500||642399||0.00075241
02:39||851894500||642399||0.00075241
02:40||851894500||642399||0.00075241
02:41||850500000||642399||0.00075241
02:42||850500000||642399||0.00075241
02:43||850500000||642399||0.00075241
02:44||850500000||642399||0.00075241
02:45||850500000||642399||0.00075241
02:46||850500000||642399||0.00075241
02:47||850500000||642399||0.00075241
02:48||850500000||642399||0.00075241
02:49||850000500||642399||0.00075241
02:50||850000500||642399||0.00075241
02:51||850000500||642399||0.00075241
02:52||850000500||642399||0.00075241
02:53||850000500||642399||0.00075241
02:54||850000500||639548||0.00075241
02:55||850000500||639548||0.00075241
02:56||850000500||639548||0.00075241
02:57||850000500||639548||0.00075241
02:58||850000500||639548||0.00075241
02:59||850000500||639548||0.00075241
03:00||850000500||639548||0.00075241
03:01||850000500||639548||0.00075241
03:02||850000500||639548||0.00075241
03:03||850000500||639548||0.00075241
03:04||850000500||639548||0.00075241
03:05||850000500||639548||0.00075241
03:06||850000500||639548||0.00075241
03:07||850000500||639548||0.00075241
03:08||850000500||639548||0.00075241
03:09||850000500||639548||0.00075241
03:10||850000500||639548||0.00075241
03:11||850000500||639548||0.00075241
03:12||850000500||639548||0.00075241
03:13||850000500||639548||0.00075241
03:14||850000500||639548||0.00075241
03:15||850000500||639548||0.00075241
03:16||850000500||639548||0.00075241
03:17||850000500||639548||0.00075241
03:18||850000500||639548||0.00075241
03:19||850000500||639548||0.00075241
03:20||850000500||639548||0.00075241
03:21||850000500||639548||0.00075241
03:22||850000500||639548||0.00075241
03:23||850000500||639548||0.00075241
03:24||850000500||639548||0.00075241
03:25||849750500||639172||0.00075241
03:26||849750500||639172||0.00075241
03:27||849750500||639172||0.00075241
03:28||849750500||639172||0.00075241
03:29||849750500||639172||0.00075241
03:30||849750000||639172||0.00075241
03:31||849750000||639172||0.00075241
03:32||849745000||639172||0.00075241
03:33||849745000||639172||0.00075241
03:34||849745000||639172||0.00075241
03:35||849745000||639172||0.00075241
03:36||849745000||639172||0.00075241
03:37||848750000||639172||0.00075241
03:38||848750000||639172||0.00075241
03:39||848750000||639172||0.00075241
03:40||848750000||639172||0.00075241
03:41||848750000||639172||0.00075241
03:42||848750000||639172||0.00075241
03:43||848750500||638043||0.00075241
03:44||848750500||638043||0.00075241
03:45||848750500||638044||0.00075241
03:46||848296000||638043||0.00075241
03:47||848296000||638043||0.00075241
03:48||848296000||637360||0.00075241
03:49||848296000||637360||0.00075241
03:50||848281500||637360||0.00075241
03:51||848281500||637360||0.00075241
03:52||848281500||637338||0.00075241
03:53||848281500||637338||0.00075241
03:54||848281500||637338||0.00075241
03:55||848281500||637338||0.00075241
03:56||848281500||637338||0.00075241
03:57||848280500||637338||0.00075241
03:58||848280500||637338||0.00075241
03:59||848280500||637338||0.00075241
04:00||848280500||637338||0.00075241
04:01||847063500||637339||0.00075241
04:02||848249000||637337||0.00075241
04:03||847749000||636538||0.00075241
04:04||847499000||636162||0.00075241
04:05||847450000||636162||0.00075241
04:06||847450000||636162||0.00075241
04:07||847450000||636162||0.00075241
04:08||847450000||636162||0.00075241
04:09||847450000||636162||0.00075241
04:10||847498500||636162||0.00075241
04:11||847498500||636162||0.00075241
04:12||847242500||636151||0.00075241
04:13||847242500||636151||0.00075241
04:14||847242500||636151||0.00075241
04:15||843982500||634282||0.00075241
04:16||843982500||634282||0.00075241
04:17||843982500||634282||0.00075241
04:18||843982500||634282||0.00075241
04:19||843981000||634282||0.00075241
04:20||843001500||634282||0.00075241
04:21||843000500||634282||0.00075241
04:22||843001000||634281||0.00075241
04:23||843001000||634281||0.00075241
04:24||843001000||634281||0.00075241
04:25||843001000||634281||0.00075241
04:26||843001000||634281||0.00075241
04:27||843001000||634281||0.00075241
04:28||843001000||634281||0.00075241
04:29||843001000||634281||0.00075241
04:30||843000500||634281||0.00075241
04:31||843000500||634281||0.00075241
04:32||843000500||634281||0.00075241
04:33||843000500||634281||0.00075241
04:34||843000500||634281||0.00075241
04:35||843000500||634281||0.00075241
04:36||843000500||634281||0.00075241
04:37||843000500||634281||0.00075241
04:38||843000500||634281||0.00075241
04:39||843000500||634281||0.00075241
04:40||843000500||634281||0.00075241
04:41||843000500||634281||0.00075241
04:42||843000500||634281||0.00075241
04:43||843000500||634281||0.00075241
04:44||843000500||634281||0.00075241
04:45||843000500||634281||0.00075241
04:46||843000500||634281||0.00075241
04:47||843000500||634282||0.00075241
04:48||844045500||634379||0.00075241
04:49||847274500||639170||0.00075241
04:50||847274500||639170||0.00075241
04:51||846225500||639170||0.00075241
04:52||846225500||639170||0.00075241
04:53||846225500||639170||0.00075241
04:54||846287000||639170||0.00075241
04:55||846360000||639170||0.00075241
04:56||846360000||639170||0.00075241
04:57||846776500||639170||0.00075241
04:58||846776500||635116||0.00075241
04:59||846776500||635116||0.00075241
05:00||846776500||635116||0.00075241
05:01||846776500||635116||0.00075241
05:02||846776500||635116||0.00075241
05:03||845554500||635116||0.00075241
05:04||845554500||635116||0.00075241
05:05||840238500||632776||0.00075241
05:06||840238500||632204||0.00075241
05:07||840238500||632203||0.00075241
05:08||840238500||632204||0.00075241
05:09||840238500||632204||0.00075241
05:10||840238500||632204||0.00075241
05:11||840238500||632204||0.00075241
05:12||840238500||632204||0.00075241
05:13||840238500||632204||0.00075241
05:14||840238500||632204||0.00075241
05:15||840238500||632204||0.00075241
05:16||840238500||632204||0.00075241
05:17||840238500||632204||0.00075241
05:18||840238500||632204||0.00075241
05:19||840238500||632204||0.00075241
05:20||840238500||632204||0.00075241
05:21||840238500||632204||0.00075241
05:22||840238500||632204||0.00075241
05:23||840238500||632204||0.00075241
05:24||840238500||632204||0.00075241
05:25||840238500||632204||0.00075241
05:26||840238500||632204||0.00075241
05:27||840238500||632204||0.00075241
05:28||840238500||632204||0.00075241
05:29||840238500||632204||0.00075241
05:30||840238500||632203||0.00075241
05:31||840238500||632203||0.00075241
05:32||840231500||632204||0.00075241
05:33||840231500||632204||0.00075241
05:34||840231500||632204||0.00075241
05:35||840231500||632204||0.00075241
05:36||840231500||632192||0.00075241
05:37||840233000||632192||0.00075241
05:38||840196500||632145||0.00075241
05:39||840119500||632024||0.00075241
05:40||839524500||632024||0.00075241
05:41||839644500||632204||0.00075241
05:42||839645500||632204||0.00075241
05:43||839645500||632204||0.00075241
05:44||839648500||631301||0.00075241
05:45||839540500||631301||0.00075241
05:46||839081500||631301||0.00075241
05:47||839081500||631301||0.00075241
05:48||839081500||631332||0.00075241
05:49||839081500||631332||0.00075241
05:50||839081500||631333||0.00075241
05:51||839081500||631333||0.00075241
05:52||839081500||631333||0.00075241
05:53||839081500||631333||0.00075241
05:54||839081500||631333||0.00075241
05:55||839081500||631332||0.00075241
05:56||839081500||631332||0.00075241
05:57||839081500||631333||0.00075241
05:58||839081500||631333||0.00075241
05:59||839081500||631333||0.00075241
06:00||839081500||631333||0.00075241
06:01||839081500||631333||0.00075241
06:02||839081500||631333||0.00075241
06:03||839081500||631333||0.00075241
06:04||839081500||631333||0.00075241
06:05||839081500||631333||0.00075241
06:06||839081500||631323||0.00075241
06:07||839081500||631323||0.00075241
06:08||839081500||631332||0.00075241
06:09||839081500||631333||0.00075241
06:10||839081500||631333||0.00075241
06:11||839081500||631333||0.00075241
06:12||839081500||631333||0.00075241
06:13||839081500||631333||0.00075241
06:14||839081500||631333||0.00075241
06:15||839081500||631333||0.00075241
06:16||839081500||631333||0.00075241
06:17||839081500||631333||0.00075241
06:18||839081500||631333||0.00075241
06:19||839081500||631333||0.00075241
06:20||839081500||631333||0.00075241
06:21||839081500||631333||0.00075241
06:22||839081500||631333||0.00075241
06:23||839081500||631333||0.00075241
06:24||839075000||631324||0.00075241
06:25||839076000||631324||0.00075241
06:26||838600000||631271||0.00075241
06:27||838601000||631271||0.00075241
06:28||838601000||631271||0.00075241
06:29||838375000||630351||0.00075241
06:30||838376000||631271||0.00075241
06:31||838376000||631271||0.00075241
06:32||838376000||631271||0.00075241
06:33||838376000||631271||0.00075241
06:34||838375000||630332||0.00075241
06:35||838400000||630332||0.00075241
06:36||838801000||631271||0.00075241
06:37||838805000||631271||0.00075241
06:38||838800000||630971||0.00075241
06:39||838800000||630971||0.00075241
06:40||838800000||630971||0.00075241
06:41||838800000||630971||0.00075241
06:42||838800000||630972||0.00075241
06:43||838800000||630972||0.00075241
06:44||838802500||630972||0.00075241
06:45||838802500||630972||0.00075241
06:46||838802500||631271||0.00075241
06:47||838802500||631271||0.00075241
06:48||838901000||631271||0.00075241
06:49||838901000||631271||0.00075241
06:50||838902000||631271||0.00075241
06:51||838902000||631271||0.00075241
06:52||838902000||631271||0.00075241
06:53||838950000||631271||0.00075241
06:54||838951000||631271||0.00075241
06:55||838951000||631271||0.00075241
06:56||838999500||631271||0.00075241
06:57||838999500||631271||0.00075241
06:58||838999500||631271||0.00075241
06:59||838999500||631271||0.00075241
07:00||839041000||631332||0.00075241
07:01||839041500||631333||0.00075241
07:02||839041500||631333||0.00075241
07:03||839041500||631271||0.00075241
07:04||839040500||631271||0.00075241
07:05||839040500||631271||0.00075241
07:06||838466000||630406||0.00075241
07:07||838467000||631333||0.00075241
07:08||838468000||631333||0.00075241
07:09||839361000||632201||0.00075241
07:10||839361000||632201||0.00075241
07:11||839361000||632201||0.00075241
07:12||839049500||632165||0.00075241
07:13||838836500||630369||0.00075241
07:14||838713000||630369||0.00075241
07:15||838595000||630332||0.00075241
07:16||838509000||630332||0.00075241
07:17||838417000||631354||0.00075241
07:18||838349000||631354||0.00075241
07:19||838331500||631354||0.00075241
07:20||837754500||631354||0.00075241
07:21||838961000||631354||0.00075241
07:22||838842000||631354||0.00075241
07:23||838350500||631271||0.00075241
07:24||838374500||631271||0.00075241
07:25||837950000||631271||0.00075241
07:26||837950000||631271||0.00075241
07:27||837950000||630444||0.00075241
07:28||837950000||630444||0.00075241
07:29||836275000||629452||0.00075241
07:30||835724500||629014||0.00075241
07:31||835454000||628271||0.00075241
07:32||835408000||628271||0.00075241
07:33||835365500||628801||0.00075241
07:34||834517000||627536||0.00075241
07:35||833999500||627527||0.00075241
07:36||833999500||627507||0.00075241
07:37||833999500||627509||0.00075241
07:38||833999500||627509||0.00075241
07:39||833999500||627509||0.00075241
07:40||833529000||626795||0.00075241
07:41||833520000||626795||0.00075241
07:42||833735500||626795||0.00075241
07:43||833485500||626757||0.00075241
07:44||833485500||626757||0.00075241
07:45||833475500||627486||0.00075241
07:46||834238000||627485||0.00075241
07:47||834235500||627895||0.00075241
07:48||834467000||627884||0.00075241
07:49||834467000||627884||0.00075241
07:50||834436500||627838||0.00075241
07:51||833246500||627489||0.00075241
07:52||827494000||622976||0.00075241
07:53||826004000||621604||0.00075241
07:54||826004500||621491||0.00075241
07:55||825406000||621339||0.00075241
07:56||825287000||620738||0.00075241
07:57||816573500||610964||0.00075241
07:58||821140000||617833||0.00075241
07:59||819570500||617834||0.00075241
08:00||818010500||617834||0.00075241
08:01||819510500||615472||0.00075241
08:02||819696000||615760||0.00075241
08:03||819691500||616748||0.00075241
08:04||820339000||616748||0.00075241
08:05||819995500||616976||0.00075241
08:06||819994500||616976||0.00075241
08:07||816635500||611040||0.00075241
08:08||816032500||611040||0.00075241
08:09||816088500||615847||0.00075241
08:10||816600000||615847||0.00075241
08:11||818003000||615475||0.00075241
08:12||818000500||615473||0.00075241
08:13||818000500||615473||0.00075241
08:14||821000000||619985||0.00075241
08:15||822656500||619985||0.00075241
08:16||822656500||619985||0.00075241
08:17||822661000||619985||0.00075241
08:18||822660500||617970||0.00075241
08:19||824073500||620730||0.00075241
08:20||824077000||621490||0.00075241
08:21||824745500||622243||0.00075241
08:22||824806000||622243||0.00075241
08:23||824825000||622243||0.00075241
08:24||824925000||622995||0.00075241
08:25||827499500||622243||0.00075241
08:26||827998000||622245||0.00075241
08:27||828549000||622995||0.00075241
08:28||829550000||623747||0.00075241
08:29||829551000||624500||0.00075241
08:30||829546000||624500||0.00075241
08:31||829200000||623371||0.00075241
08:32||828163500||622995||0.00075241
08:33||827451000||620739||0.00075241
08:34||826901000||620739||0.00075241
08:35||826901000||620739||0.00075241
08:36||826901000||620739||0.00075241
08:37||830500500||624492||0.00075241
08:38||830500500||624492||0.00075241
08:39||830500500||624492||0.00075241
08:40||830251000||624876||0.00075241
08:41||830251000||624876||0.00075241
08:42||830251000||624876||0.00075241
08:43||830250000||624501||0.00075241
08:44||830191500||624501||0.00075241
08:45||830191000||624501||0.00075241
08:46||830190000||624500||0.00075241
08:47||830287500||624784||0.00075241
08:48||830288500||624783||0.00075241
08:49||830191000||624501||0.00075241
08:50||830190500||624784||0.00075241
08:51||830191000||624784||0.00075241
08:52||830190000||624501||0.00075241
08:53||830192500||624786||0.00075241
08:54||830192500||624786||0.00075241
08:55||830077500||624786||0.00075241
08:56||830077500||624786||0.00075241
08:57||830077500||624786||0.00075241
08:58||830077500||624786||0.00075241
08:59||830077500||624786||0.00075241
09:00||830077500||624613||0.00075241
09:01||830077500||624613||0.00075241
09:02||830077500||624613||0.00075241
09:03||830077500||624613||0.00075241
09:04||830076000||624613||0.00075241
09:05||830076000||624501||0.00075241
09:06||830075000||624501||0.00075241
09:07||830076000||624501||0.00075241
09:08||830076000||624501||0.00075241
09:09||830075500||624613||0.00075241
09:10||830075500||624613||0.00075241
09:11||830149000||624613||0.00075241
09:12||830076500||624613||0.00075241
09:13||830125000||624502||0.00075241
09:14||830075500||624502||0.00075241
09:15||830149000||624611||0.00075241
09:16||830149000||624611||0.00075241
09:17||830149000||624613||0.00075241
09:18||830149000||624613||0.00075241
09:19||830261000||624778||0.00075241
09:20||830336000||624778||0.00075241
09:21||830372500||624778||0.00075241
09:22||830260500||624613||0.00075241
09:23||830200000||624613||0.00075241
09:24||832574000||628260||0.00075241
09:25||832151000||628260||0.00075241
09:26||832152500||628260||0.00075241
09:27||832151500||624615||0.00075241
09:28||832151500||624616||0.00075241
09:29||832155000||624616||0.00075241
09:30||832155000||624616||0.00075241
09:31||833155000||624614||0.00075241
09:32||833151000||624614||0.00075241
09:33||831162000||624614||0.00075241
09:34||830161000||624622||0.00075241
09:35||830161500||624622||0.00075241
09:36||832151500||624622||0.00075241
09:37||832154000||624622||0.00075241
09:38||832154000||624622||0.00075241
09:39||832155500||624622||0.00075241
09:40||832165000||624622||0.00075241
09:41||832165000||624622||0.00075241
09:42||832165000||624652||0.00075241
09:43||832166500||624653||0.00075241
09:44||832167500||624656||0.00075241
09:45||832166000||624656||0.00075241
09:46||832167000||624656||0.00075241
09:47||832167000||624656||0.00075241
09:48||832102000||624653||0.00075241
09:49||831103500||624653||0.00075241
09:50||830603500||624656||0.00075241
09:51||831165000||624656||0.00075241
09:52||831559500||624657||0.00075241
09:53||832559000||625252||0.00075241
09:54||832559000||625252||0.00075241
09:55||833060000||625252||0.00075241
09:56||832557500||625252||0.00075241
09:57||832558500||625252||0.00075241
09:58||832156000||624650||0.00075241
09:59||824566500||620294||0.00075241
10:00||824714500||620523||0.00075241
10:01||824708000||620523||0.00075241
10:02||823985500||627593||0.00075241
10:03||824060500||620523||0.00075241
10:04||824713500||620523||0.00075241
10:05||825357000||620523||0.00075241
10:06||825532000||621492||0.00075241
10:07||825582000||621492||0.00075241
10:08||828029000||624500||0.00075241
10:09||828258000||624500||0.00075241
10:10||828675000||624500||0.00075241
10:11||828832500||624500||0.00075241
10:12||828972500||624500||0.00075241
10:13||829076000||622986||0.00075241
10:14||829169500||622986||0.00075241
10:15||828859000||624500||0.00075241
10:16||828860000||624500||0.00075241
10:17||828860000||624500||0.00075241
10:18||828860000||624500||0.00075241
10:19||828500500||624500||0.00075241
10:20||828500500||624500||0.00075241
10:21||828501500||624500||0.00075241
10:22||828650500||624500||0.00075241
10:23||828786500||622513||0.00075241
10:24||828929500||622513||0.00075241
10:25||829038000||624500||0.00075241
10:26||831901000||624500||0.00075241
10:27||831899000||624500||0.00075241
10:28||831899000||624500||0.00075241
10:29||831899000||624500||0.00075241
10:30||831415000||624500||0.00075241
10:31||831414500||624500||0.00075241
10:32||831413500||624500||0.00075241
10:33||831413500||624500||0.00075241
10:34||831413500||624500||0.00075241
10:35||831413500||624500||0.00075241
10:36||831413500||624500||0.00075241
10:37||831413500||624500||0.00075241
10:38||831413500||624500||0.00075241
10:39||831413500||624500||0.00075241
10:40||829617500||621595||0.00075241
10:41||830094500||621595||0.00075241
10:42||830362500||621595||0.00075241
10:43||830412500||621595||0.00075241
10:44||830412500||621595||0.00075241
10:45||829978500||622347||0.00075241
10:46||829978500||622347||0.00075241
10:47||829979500||622347||0.00075241
10:48||829978000||622347||0.00075241
10:49||829978000||622347||0.00075241
10:50||829976500||622347||0.00075241
10:51||829976500||622347||0.00075241
10:52||828909000||613966||0.00075241
10:53||821017500||613966||0.00075241
10:54||821157000||620738||0.00075241
10:55||824851500||620738||0.00075241
10:56||824851000||620738||0.00075241
10:57||824705500||620738||0.00075241
10:58||824705500||620738||0.00075241
10:59||824705500||620517||0.00075241
11:00||823865500||620516||0.00075241
11:01||820542500||619223||0.00075241
11:02||821029500||619223||0.00075241
11:03||821494000||619223||0.00075241
11:04||823605500||617268||0.00075241
11:05||823605500||619688||0.00075241
11:06||823605500||619688||0.00075241
11:07||823605500||619689||0.00075241
11:08||823605500||619689||0.00075241
11:09||823958500||619689||0.00075241
11:10||824296500||619689||0.00075241
11:11||824296500||619689||0.00075241
11:12||824638000||620723||0.00075241
11:13||824638000||620723||0.00075241
11:14||824645500||620723||0.00075241
11:15||824682000||620723||0.00075241
11:16||824715500||620723||0.00075241
11:17||827400500||624500||0.00075241
11:18||829247500||624498||0.00075241
11:19||828502500||624498||0.00075241
11:20||829247000||624498||0.00075241
11:21||829247000||624498||0.00075241
11:22||829247000||624495||0.00075241
11:23||828502500||624500||0.00075241
11:24||829251000||624500||0.00075241
11:25||829251000||624500||0.00075241
11:26||828502500||623373||0.00075241
11:27||828502500||623373||0.00075241
11:28||828502500||623373||0.00075241
11:29||828502500||623373||0.00075241
11:30||828502500||623373||0.00075241
11:31||828502500||623373||0.00075241
11:32||828502500||623373||0.00075241
11:33||828502500||623373||0.00075241
11:34||828502500||623373||0.00075241
11:35||828502500||623373||0.00075241
11:36||829249500||624499||0.00075241
11:37||829249500||623373||0.00075241
11:38||829249500||623373||0.00075241
11:39||829251000||623373||0.00075241
11:40||829249500||623373||0.00075241
11:41||829250500||624497||0.00075241
11:42||829251500||624499||0.00075241
11:43||829253500||624499||0.00075241
11:44||829253000||624500||0.00075241
11:45||829253000||624500||0.00075241
11:46||829299000||624498||0.00075241
11:47||829315000||623471||0.00075241
11:48||829358500||623471||0.00075241
11:49||829437000||623577||0.00075241
11:50||829520500||624500||0.00075241
11:51||829686500||624500||0.00075241
11:52||829987500||624479||0.00075241
11:53||829987500||624479||0.00075241
11:54||829360000||623516||0.00075241
11:55||829905000||623616||0.00075241
11:56||829999500||624434||0.00075241
11:57||829999500||624500||0.00075241
11:58||829999500||624500||0.00075241
11:59||829386500||624500||0.00075241
12:00||829722500||623759||0.00075241
12:01||829059500||623086||0.00075241
12:02||829172500||623229||0.00075241
12:03||825721000||621723||0.00075241
12:04||825781500||621720||0.00075241
12:05||826305500||621720||0.00075241
12:06||828020000||623747||0.00075241
12:07||828326500||623747||0.00075241
12:08||828427500||623747||0.00075241
12:09||828427500||623317||0.00075241
12:10||829570500||623747||0.00075241
12:11||829623500||623747||0.00075241
12:12||829894000||624498||0.00075241
12:13||829909000||624498||0.00075241
12:14||829996500||624498||0.00075241
12:15||829996500||624498||0.00075241
12:16||829996500||624498||0.00075241
12:17||829996500||624498||0.00075241
12:18||829996500||624498||0.00075241
12:19||829996500||624497||0.00075241
12:20||829996500||624498||0.00075241
12:21||829996500||624497||0.00075241
12:22||829996500||624497||0.00075241
12:23||829996500||624497||0.00075241
12:24||829996500||624498||0.00075241
12:25||829996500||624498||0.00075241
12:26||829996500||624498||0.00075241
12:27||829996500||624498||0.00075241
12:28||829996500||624498||0.00075241
12:29||829996500||624498||0.00075241
12:30||829996500||624498||0.00075241
12:31||829996500||624498||0.00075241
12:32||829996500||624498||0.00075241
12:33||829997000||624498||0.00075241
12:34||829997500||624498||0.00075241
12:35||829997500||624498||0.00075241
12:36||829997500||624498||0.00075241
12:37||829997500||624498||0.00075241
12:38||829997500||624498||0.00075241
12:39||829997500||624498||0.00075241
12:40||829997500||624498||0.00075241
12:41||829997500||624498||0.00075241
12:42||829997500||624498||0.00075241
12:43||829997500||624498||0.00075241
12:44||829997500||624498||0.00075241
12:45||829997500||624498||0.00075241
12:46||829999500||624498||0.00075241
12:47||830510000||625252||0.00075241
12:48||830510000||625252||0.00075241
12:49||830520500||625252||0.00075241
12:50||830520500||625252||0.00075241
12:51||830520500||625252||0.00075241
12:52||830520500||624531||0.00075241
12:53||830520500||624531||0.00075241
12:54||830520500||624531||0.00075241
12:55||830520500||624531||0.00075241
12:56||830520500||624531||0.00075241
12:57||830520500||624531||0.00075241
12:58||830999500||625252||0.00075241
12:59||830999500||625251||0.00075241
13:00||830999500||625252||0.00075241
13:01||830999500||625252||0.00075241
13:02||832994500||628254||0.00075241
13:03||832955000||625251||0.00075241
13:04||830618000||621604||0.00075241
13:05||833510000||623036||0.00075241
13:06||833020500||626772||0.00075241
13:07||831920000||629390||0.00075241
13:08||829022500||629390||0.00075241
13:09||830773000||628789||0.00075241
13:10||830275500||628789||0.00075241
13:11||830999500||628789||0.00075241
13:12||830997500||628789||0.00075241
13:13||830500000||628789||0.00075241
13:14||830499500||628789||0.00075241
13:15||830499500||628789||0.00075241
13:16||830499500||628789||0.00075241
13:17||829671000||625251||0.00075241
13:18||829670500||625251||0.00075241
13:19||829669000||624875||0.00075241
13:20||829043000||623935||0.00075241
13:21||829044000||623935||0.00075241
13:22||828853500||623935||0.00075241
13:23||828853500||623935||0.00075241
13:24||828853500||623935||0.00075241
13:25||828868500||623935||0.00075241
13:26||829059000||623649||0.00075241
13:27||829125000||623649||0.00075241
13:28||829249500||623649||0.00075241
13:29||829249500||623649||0.00075241
13:30||830074000||623935||0.00075241
13:31||830073000||625251||0.00075241
13:32||829874500||625251||0.00075241
13:33||830006000||623757||0.00075241
13:34||830006000||625251||0.00075241
13:35||830006000||625251||0.00075241
13:36||830507000||625251||0.00075241
13:37||832042500||627810||0.00075241
13:38||830265000||627810||0.00075241
13:39||830265000||627810||0.00075241
13:40||832311000||628187||0.00075241
13:41||830300500||628187||0.00075241
13:42||831976500||627699||0.00075241
13:43||830266000||627699||0.00075241
13:44||830266000||627699||0.00075241
13:45||830499000||624875||0.00075241
13:46||830499000||624875||0.00075241
13:47||829751500||623747||0.00075241
13:48||829753000||624876||0.00075241
13:49||829755000||624876||0.00075241
13:50||829755000||624876||0.00075241
13:51||829755000||624876||0.00075241
13:52||829755500||624876||0.00075241
13:53||829763500||624875||0.00075241
13:54||829764500||624875||0.00075241
13:55||829764500||624875||0.00075241
13:56||829764500||624875||0.00075241
13:57||829718500||624875||0.00075241
13:58||829764500||624875||0.00075241
13:59||829764500||624875||0.00075241
14:00||829766000||624875||0.00075241
14:01||829766000||624875||0.00075241
14:02||829767000||624875||0.00075241
14:03||829768500||624876||0.00075241
14:04||831217500||623775||0.00075241
14:05||831696000||623775||0.00075241
14:06||831696000||623775||0.00075241
14:07||831700500||623775||0.00075241
14:08||831706000||627058||0.00075241
14:09||833125000||627058||0.00075241
14:10||833397500||627058||0.00075241
14:11||833397500||627056||0.00075241
14:12||833397500||627056||0.00075241
14:13||833399500||627058||0.00075241
14:14||833447500||627132||0.00075241
14:15||833447500||627132||0.00075241
14:16||833495500||627132||0.00075241
14:17||831898500||627132||0.00075241
14:18||831898500||627132||0.00075241
14:19||831900000||624726||0.00075241
14:20||831900000||624729||0.00075241
14:21||831899500||624726||0.00075241
14:22||831901500||624726||0.00075241
14:23||831902500||627132||0.00075241
14:24||831977000||627132||0.00075241
14:25||832635000||628257||0.00075241
14:26||832462000||627988||0.00075241
14:27||832228000||627798||0.00075241
14:28||832053500||627798||0.00075241
14:29||830707000||627798||0.00075241
14:30||830707000||627798||0.00075241
14:31||830557000||624844||0.00075241
14:32||830557000||624844||0.00075241
14:33||831228000||626005||0.00075241
14:34||830557000||626005||0.00075241
14:35||831229000||626005||0.00075241
14:36||831330000||624996||0.00075241
14:37||831526500||624996||0.00075241
14:38||831998500||624996||0.00075241
14:39||831998500||624996||0.00075241
14:40||831998500||626004||0.00075241
14:41||831998500||626004||0.00075241
14:42||831998500||626004||0.00075241
14:43||831998500||626004||0.00075241
14:44||831998500||626004||0.00075241
14:45||831235000||624922||0.00075241
14:46||831165500||624922||0.00075241
14:47||831164500||626005||0.00075241
14:48||831193500||625938||0.00075241
14:49||831128000||625938||0.00075241
14:50||831068500||625938||0.00075241
14:51||831015000||625652||0.00075241
14:52||830966500||625652||0.00075241
14:53||830915000||625652||0.00075241
14:54||830876500||625652||0.00075241
14:55||830841500||625652||0.00075241
14:56||830810000||625652||0.00075241
14:57||831280000||626004||0.00075241
14:58||831192000||626004||0.00075241
14:59||831148500||626004||0.00075241
15:00||831091500||624951||0.00075241
15:01||831039500||624952||0.00075241
15:02||830601500||625612||0.00075241
15:03||830601000||624953||0.00075241
15:04||830601000||624953||0.00075241
15:05||830601000||624953||0.00075241
15:06||830601000||624953||0.00075241
15:07||830601500||624953||0.00075241
15:08||830601500||624953||0.00075241
15:09||830601500||624953||0.00075241
15:10||830601500||624953||0.00075241
15:11||830260500||624951||0.00075241
15:12||830011500||624951||0.00075241
15:13||829378500||624500||0.00075241
15:14||827423500||622995||0.00075241
15:15||827424500||622767||0.00075241
15:16||827152500||622767||0.00075241
15:17||827152500||622767||0.00075241
15:18||827152500||622767||0.00075241
15:19||827152500||622767||0.00075241
15:20||827572000||622767||0.00075241
15:21||827572000||622989||0.00075241
15:22||827572000||622357||0.00075241
15:23||827152500||622357||0.00075241
15:24||827152500||622357||0.00075241
15:25||827074000||622357||0.00075241
15:26||827003500||622246||0.00075241
15:27||827003500||622246||0.00075241
15:28||827003500||622245||0.00075241
15:29||827003500||622245||0.00075241
15:30||827003500||622246||0.00075241
15:31||827003500||622245||0.00075241
15:32||827003500||622245||0.00075241
15:33||827297500||622689||0.00075241
15:34||827592500||622246||0.00075241
15:35||827597500||622246||0.00075241
15:36||827597500||622246||0.00075241
15:37||827597500||622246||0.00075241
15:38||827597500||622246||0.00075241
15:39||828546000||624124||0.00075241
15:40||828545000||624124||0.00075241
15:41||828325000||624124||0.00075241
15:42||828325000||624124||0.00075241
15:43||828325000||624124||0.00075241
15:44||828325000||624124||0.00075241
15:45||828295000||623747||0.00075241
15:46||828267000||623747||0.00075241
15:47||828223500||623747||0.00075241
15:48||828199500||623618||0.00075241
15:49||828162000||623618||0.00075241
15:50||828074500||623618||0.00075241
15:51||828067500||623046||0.00075241
15:52||828065500||623045||0.00075241
15:53||828052500||623034||0.00075241
15:54||828050500||623034||0.00075241
15:55||828026500||623033||0.00075241
15:56||828002500||623033||0.00075241
15:57||828002500||623033||0.00075241
15:58||828008500||622997||0.00075241
15:59||828012500||622997||0.00075241
16:00||828012500||623004||0.00075241
16:01||828012500||623004||0.00075241
16:02||828012500||623004||0.00075241
16:03||828012500||623004||0.00075241
16:04||828012500||623004||0.00075241
16:05||828012500||623004||0.00075241
16:06||828012500||623004||0.00075241
16:07||828723500||623376||0.00075241
16:08||828723500||623376||0.00075241
16:09||828744000||623376||0.00075241
16:10||829400000||623702||0.00075241
16:11||829883500||623702||0.00075241
16:12||829883500||624416||0.00075241
16:13||829883500||624416||0.00075241
16:14||829949500||624416||0.00075241
16:15||829949500||624416||0.00075241
16:16||829994500||624462||0.00075241
16:17||830001000||624499||0.00075241
16:18||830001500||624499||0.00075241
16:19||829998500||624503||0.00075241
16:20||829527000||624503||0.00075241
16:21||830008000||624503||0.00075241
16:22||829531000||624509||0.00075241
16:23||829756000||624509||0.00075241
16:24||830011500||624509||0.00075241
16:25||830011500||624509||0.00075241
16:26||830874500||624509||0.00075241
16:27||830874000||624509||0.00075241
16:28||831005000||624509||0.00075241
16:29||832150000||626004||0.00075241
16:30||832368500||626753||0.00075241
16:31||832982500||626753||0.00075241
16:32||832974500||626753||0.00075241
16:33||832974500||626753||0.00075241
16:34||832974500||626753||0.00075241
16:35||832360000||625813||0.00075241
16:36||832360000||625813||0.00075241
16:37||831751500||625813||0.00075241
16:38||832282000||625827||0.00075241
16:39||832132000||625827||0.00075241
16:40||832132000||625827||0.00075241
16:41||832079500||625827||0.00075241
16:42||832083000||626306||0.00075241
16:43||832082500||626306||0.00075241
16:44||832082500||626305||0.00075241
16:45||832132500||625829||0.00075241
16:46||832133500||626381||0.00075241
16:47||832133500||626381||0.00075241
16:48||832133500||626381||0.00075241
16:49||832499500||626381||0.00075241
16:50||832499500||626381||0.00075241
16:51||832499500||626381||0.00075241
16:52||832499500||626380||0.00075241
16:53||832499500||626380||0.00075241
16:54||832499500||626380||0.00075241
16:55||832499500||626380||0.00075241
16:56||832800500||626606||0.00075241
16:57||832650000||626606||0.00075241
16:58||832650000||626607||0.00075241
16:59||832650000||626607||0.00075241
17:00||832650000||626380||0.00075241
17:01||832650000||626607||0.00075241
17:02||832289000||626607||0.00075241
17:03||832177000||627509||0.00075241
17:04||832177500||627509||0.00075241
17:05||832177500||626439||0.00075241
17:06||832177500||626439||0.00075241
17:07||832177500||626439||0.00075241
17:08||832177000||625837||0.00075241
17:09||832177000||625837||0.00075241
17:10||832173500||625837||0.00075241
17:11||832285000||625837||0.00075241
17:12||832285000||625837||0.00075241
17:13||833000000||627509||0.00075241
17:14||832945000||627509||0.00075241
17:15||832945000||627509||0.00075241
17:16||833444000||627509||0.00075241
17:17||833806000||627509||0.00075241
17:18||833806000||627509||0.00075241
17:19||833806000||627509||0.00075241
17:20||833883500||627509||0.00075241
17:21||833883500||627509||0.00075241
17:22||833883500||627509||0.00075241
17:23||833883500||627509||0.00075241
17:24||833883500||627509||0.00075241
17:25||833883500||627509||0.00075241
17:26||833883500||627509||0.00075241
17:27||833883500||627509||0.00075241
17:28||833887500||627509||0.00075241
17:29||833887500||627424||0.00075241
17:30||833887500||627424||0.00075241
17:31||833887500||627424||0.00075241
17:32||833887500||627424||0.00075241
17:33||833887500||627425||0.00075241
17:34||833887500||627425||0.00075241
17:35||833887500||627425||0.00075241
17:36||833887500||627425||0.00075241
17:37||833887500||627425||0.00075241
17:38||833887500||627425||0.00075241
17:39||833887500||627425||0.00075241
17:40||833887500||627424||0.00075241
17:41||833887500||627424||0.00075241
17:42||833887500||627424||0.00075241
17:43||833887500||627424||0.00075241
17:44||833887500||627425||0.00075241
17:45||833887500||627424||0.00075241
17:46||833887500||627424||0.00075241
17:47||833887500||627424||0.00075241
17:48||833887500||627424||0.00075241
17:49||833887500||627424||0.00075241
17:50||833887500||627424||0.00075241
17:51||833887500||627425||0.00075241
17:52||833887500||627425||0.00075241
17:53||833887500||627424||0.00075241
17:54||833887500||627424||0.00075241
17:55||833887500||627425||0.00075241
17:56||833887500||627425||0.00075241
17:57||833887500||627425||0.00075241
17:58||833887500||627425||0.00075241
17:59||833887500||627425||0.00075241
18:00||833887500||627424||0.00075241
18:01||833942500||627424||0.00075241
18:02||833998000||627507||0.00075241
18:03||833998500||627509||0.00075241
18:04||833998500||627509||0.00075241
18:05||833998500||627509||0.00075241
18:06||833998500||627509||0.00075241
18:07||833998500||627509||0.00075241
18:08||833998500||627509||0.00075241
18:09||833998000||627507||0.00075241
18:10||833998000||627509||0.00075241
18:11||833998000||627509||0.00075241
18:12||833997500||627509||0.00075241
18:13||833997500||627509||0.00075241
18:14||833997500||627509||0.00075241
18:15||833997500||627509||0.00075241
18:16||833989500||627507||0.00075241
18:17||833985500||627507||0.00075241
18:18||833985500||627507||0.00075241
18:19||832868000||627418||0.00075241
18:20||832868000||627418||0.00075241
18:21||832000500||626005||0.00075241
18:22||832000500||626005||0.00075241
18:23||832000500||626005||0.00075241
18:24||831885000||626005||0.00075241
18:25||831870000||626005||0.00075241
18:26||831780500||625970||0.00075241
18:27||831778500||625838||0.00075241
18:28||831778500||625838||0.00075241
18:29||831778500||625838||0.00075241
18:30||831778500||625838||0.00075241
18:31||831778500||625838||0.00075241
18:32||831778500||625838||0.00075241
18:33||831778500||625838||0.00075241
18:34||831778500||625838||0.00075241
18:35||831778500||625838||0.00075241
18:36||831778500||625838||0.00075241
18:37||831889000||625838||0.00075241
18:38||831889000||626005||0.00075241
18:39||831889000||626005||0.00075241
18:40||831640000||625838||0.00075241
18:41||831638000||625628||0.00075241
18:42||830870000||625809||0.00075241
18:43||830781500||625701||0.00075241
18:44||830702500||624500||0.00075241
18:45||830819000||624500||0.00075241
18:46||830493500||625702||0.00075241
18:47||830494500||625702||0.00075241
18:48||831948500||628253||0.00075241
18:49||831947500||628253||0.00075241
18:50||831947500||628253||0.00075241
18:51||831947500||625965||0.00075241
18:52||831947500||625965||0.00075241
18:53||831947500||625965||0.00075241
18:54||831947500||625965||0.00075241
18:55||831947500||625965||0.00075241
18:56||831947500||625965||0.00075241
18:57||831947500||625965||0.00075241
18:58||831947500||625965||0.00075241
18:59||831949500||625967||0.00075241
19:00||831956000||625967||0.00075241
19:01||833439000||628246||0.00075241
19:02||832099500||628246||0.00075241
19:03||832099000||628246||0.00075241
19:04||832098500||626078||0.00075241
19:05||833449000||628153||0.00075241
19:06||832099500||628153||0.00075241
19:07||832099500||627551||0.00075241
19:08||832023500||625965||0.00075241
19:09||832017500||626070||0.00075241
19:10||830917500||625965||0.00075241
19:11||829493500||624500||0.00075241
19:12||829001500||623748||0.00075241
19:13||829001500||623748||0.00075241
19:14||829001500||623749||0.00075241
19:15||829001500||623749||0.00075241
19:16||829001500||623749||0.00075241
19:17||829001500||623749||0.00075241
19:18||828515500||623747||0.00075241
19:19||828500500||623747||0.00075241
19:20||828500500||623371||0.00075241
19:21||828500500||623372||0.00075241
19:22||828500500||623372||0.00075241
19:23||828500500||623372||0.00075241
19:24||828500500||623372||0.00075241
19:25||828500500||623372||0.00075241
19:26||828500500||623371||0.00075241
19:27||828500500||623372||0.00075241
19:28||828500500||623372||0.00075241
19:29||828005500||623371||0.00075241
19:30||828010000||623371||0.00075241
19:31||828015000||623006||0.00075241
19:32||828011000||622999||0.00075241
19:33||828987500||624461||0.00075241
19:34||829019500||624461||0.00075241
19:35||829165500||623227||0.00075241
19:36||831494500||627509||0.00075241
19:37||833801500||627434||0.00075241
19:38||831297500||627287||0.00075241
19:39||831143000||627074||0.00075241
19:40||832101500||627074||0.00075241
19:41||830637000||626080||0.00075241
19:42||830802500||626080||0.00075241
19:43||833496000||626080||0.00075241
19:44||833496000||626080||0.00075241
19:45||833497500||626755||0.00075241
19:46||833541000||626755||0.00075241
19:47||833497500||626756||0.00075241
19:48||833993500||626756||0.00075241
19:49||833993500||626756||0.00075241
19:50||833993500||627505||0.00075241
19:51||833996500||627505||0.00075241
19:52||833994500||627505||0.00075241
19:53||833995500||627505||0.00075241
19:54||833994500||627505||0.00075241
19:55||833994500||627505||0.00075241
19:56||833993500||627506||0.00075241
19:57||832892500||627504||0.00075241
19:58||832625500||627504||0.00075241
19:59||832370500||627504||0.00075241
20:00||832362500||626284||0.00075241
20:01||832362500||626278||0.00075241
20:02||832362500||626278||0.00075241
20:03||832362500||626277||0.00075241
20:04||832362500||626277||0.00075241
20:05||832362500||626277||0.00075241
20:06||832154000||626277||0.00075241
20:07||832138500||626277||0.00075241
20:08||832097000||626277||0.00075241
20:09||832076500||626277||0.00075241
20:10||831835500||626277||0.00075241
20:11||831798500||626277||0.00075241
20:12||831765000||625628||0.00075241
20:13||831734500||625628||0.00075241
20:14||831703500||625934||0.00075241
20:15||831679500||625905||0.00075241
20:16||831929500||625628||0.00075241
20:17||831987000||625628||0.00075241
20:18||831980500||626277||0.00075241
20:19||831981500||626277||0.00075241
20:20||831981500||626277||0.00075241
20:21||831980500||626277||0.00075241
20:22||831981000||626277||0.00075241
20:23||831938000||625628||0.00075241
20:24||831938000||625628||0.00075241
20:25||831938500||625628||0.00075241
20:26||831902500||626248||0.00075241
20:27||831859000||625628||0.00075241
20:28||831826500||625628||0.00075241
20:29||831785000||626088||0.00075241
20:30||831753000||626088||0.00075241
20:31||831724000||626008||0.00075241
20:32||831935500||626008||0.00075241
20:33||831935500||626008||0.00075241
20:34||831935500||626008||0.00075241
20:35||831935500||625956||0.00075241
20:36||831703000||625628||0.00075241
20:37||831674500||625628||0.00075241
20:38||831642500||625628||0.00075241
20:39||831614000||625628||0.00075241
20:40||831598500||625628||0.00075241
20:41||831584000||625762||0.00075241
20:42||829914500||622995||0.00075241
20:43||828001500||624381||0.00075241
20:44||828001000||622995||0.00075241
20:45||828000500||622995||0.00075241
20:46||828000500||622996||0.00075241
20:47||828000500||622996||0.00075241
20:48||828000500||622996||0.00075241
20:49||828000500||622996||0.00075241
20:50||828000500||622996||0.00075241
20:51||825116000||620926||0.00075241
20:52||824556500||619986||0.00075241
20:53||824358500||620822||0.00075241
20:54||823605500||620822||0.00075241
20:55||827460000||619702||0.00075241
20:56||827310000||619702||0.00075241
20:57||825451000||622449||0.00075241
20:58||825452500||619705||0.00075241
20:59||825452500||619705||0.00075241
21:00||825452500||619705||0.00075241
21:01||825454000||619708||0.00075241
21:02||825383000||622449||0.00075241
21:03||825211500||622449||0.00075241
21:04||825027500||619714||0.00075241
21:05||824915500||619714||0.00075241
21:06||824788000||619716||0.00075241
21:07||824673000||621269||0.00075241
21:08||824654500||619835||0.00075241
21:09||825612000||619835||0.00075241
21:10||825605500||619836||0.00075241
21:11||825565000||619836||0.00075241
21:12||825565000||622475||0.00075241
21:13||824627000||619705||0.00075241
21:14||825922000||617728||0.00075241
21:15||822926500||620305||0.00075241
21:16||821965500||618049||0.00075241
21:17||821965500||618049||0.00075241
21:18||823470500||618868||0.00075241
21:19||823470500||620306||0.00075241
21:20||823765000||620306||0.00075241
21:21||823889000||620306||0.00075241
21:22||824425500||620306||0.00075241
21:23||825926000||622562||0.00075241
21:24||825938500||622562||0.00075241
21:25||825938000||622562||0.00075241
21:26||827428000||622565||0.00075241
21:27||827428000||622565||0.00075241
21:28||827428000||622565||0.00075241
21:29||827428000||622565||0.00075241
21:30||827428000||622565||0.00075241
21:31||827428000||622564||0.00075241
21:32||827428000||622564||0.00075241
21:33||827428000||622564||0.00075241
21:34||825944500||622564||0.00075241
21:35||825465000||619610||0.00075241
21:36||826150000||619610||0.00075241
21:37||821212500||618048||0.00075241
21:38||823853500||622022||0.00075241
21:39||821007500||622022||0.00075241
21:40||821008500||617741||0.00075241
21:41||823700000||621866||0.00075241
21:42||823699000||621866||0.00075241
21:43||823747500||617954||0.00075241
21:44||823499000||617954||0.00075241
21:45||823497500||617728||0.00075241
21:46||823247000||617728||0.00075241
21:47||823010500||621039||0.00075241
21:48||822509500||621039||0.00075241
21:49||823160500||621039||0.00075241
21:50||823161000||621039||0.00075241
21:51||824161000||620963||0.00075241
21:52||824161500||620963||0.00075241
21:53||822925500||617393||0.00075241
21:54||822918000||617393||0.00075241
21:55||822917000||617393||0.00075241
21:56||822917000||617393||0.00075241
21:57||822777000||617393||0.00075241
21:58||822773000||620730||0.00075241
21:59||822773500||620730||0.00075241
22:00||822767500||617395||0.00075241
22:01||822762500||617395||0.00075241
22:02||822726500||617395||0.00075241
22:03||821777500||617393||0.00075241
22:04||821776500||617393||0.00075241
22:05||821501500||619985||0.00075241
22:06||822497000||620720||0.00075241
22:07||821549000||620720||0.00075241
22:08||815998500||610956||0.00075241
22:09||819600500||610956||0.00075241
22:10||818898500||616159||0.00075241
22:11||816277500||616976||0.00075241
22:12||818871500||616100||0.00075241
22:13||817665500||616098||0.00075241
22:14||817665000||615847||0.00075241
22:15||814922000||611709||0.00075241
22:16||816696000||613205||0.00075241
22:17||817749500||614718||0.00075241
22:18||816750000||614344||0.00075241
22:19||813135500||610956||0.00075241
22:20||811994500||610956||0.00075241
22:21||807676000||610956||0.00075241
22:22||809676000||610956||0.00075241
22:23||809676000||610956||0.00075241
22:24||809175500||610956||0.00075241
22:25||809177000||607459||0.00075241
22:26||810996000||607459||0.00075241
22:27||810996000||610956||0.00075241
22:28||810996000||610956||0.00075241
22:29||811245000||610956||0.00075241
22:30||810498500||610956||0.00075241
22:31||811325000||609841||0.00075241
22:32||811999500||610956||0.00075241
22:33||814549000||614717||0.00075241
22:34||814999500||611769||0.00075241
22:35||814575000||611769||0.00075241
22:36||815994500||614717||0.00075241
22:37||815999000||614717||0.00075241
22:38||815499000||611822||0.00075241
22:39||815425500||614606||0.00075241
22:40||816489500||614606||0.00075241
22:41||816489500||614606||0.00075241
22:42||816489500||614606||0.00075241
22:43||816479500||614327||0.00075241
22:44||815501000||614326||0.00075241
22:45||815500000||614326||0.00075241
22:46||815001500||613950||0.00075241
22:47||815001500||613950||0.00075241
22:48||815001500||613215||0.00075241
22:49||815001500||613215||0.00075241
22:50||815001500||613215||0.00075241
22:51||815001500||613215||0.00075241
22:52||815001500||613215||0.00075241
22:53||815001500||613215||0.00075241
22:54||815001500||613215||0.00075241
22:55||815001500||613215||0.00075241
22:56||815001500||613215||0.00075241
22:57||815001500||613214||0.00075241
22:58||814101500||613214||0.00075241
22:59||813208500||613214||0.00075241
23:00||813208500||613214||0.00075241
23:01||811574500||611821||0.00075241
23:02||810009500||611709||0.00075241
23:03||811455500||611708||0.00075241
23:04||811445000||611632||0.00075241
23:05||811444000||609452||0.00075241
23:06||811445000||609452||0.00075241
23:07||810001000||609453||0.00075241
23:08||809980000||609436||0.00075241
23:09||809972500||609436||0.00075241
23:10||809969000||609429||0.00075241
23:11||809963500||607947||0.00075241
23:12||808999000||609421||0.00075241
23:13||809958500||609421||0.00075241
23:14||809958500||609421||0.00075241
23:15||809980500||609437||0.00075241
23:16||808751000||609437||0.00075241
23:17||810495000||609437||0.00075241
23:18||809991500||609452||0.00075241
23:19||809991500||609437||0.00075241
23:20||809991500||609437||0.00075241
23:21||809991500||609452||0.00075241
23:22||809983500||609452||0.00075241
23:23||808491000||609437||0.00075241
23:24||807594000||606442||0.00075241
23:25||807731500||606442||0.00075241
23:26||807984500||606442||0.00075241
23:27||808083000||606442||0.00075241
23:28||808173000||606442||0.00075241
23:29||808190000||608676||0.00075241
23:30||808190000||608676||0.00075241
23:31||808190000||607504||0.00075241
23:32||807484500||608676||0.00075241
23:33||807519000||608676||0.00075241
23:34||808237500||608676||0.00075241
23:35||806966000||608669||0.00075241
23:36||806984000||608615||0.00075241
23:37||806541500||608615||0.00075241
23:38||807672000||608549||0.00075241
23:39||807846500||608548||0.00075241
23:40||807846500||608548||0.00075241
23:41||807974500||607113||0.00075241
23:42||806996000||608323||0.00075241
23:43||807750000||608323||0.00075241
23:44||807145000||608549||0.00075241
23:45||808225000||608549||0.00075241
23:46||807750000||608323||0.00075241
23:47||806745500||608323||0.00075241
23:48||807999500||607946||0.00075241
23:49||806749000||607946||0.00075241
23:50||806121000||606066||0.00075241
23:51||806121000||606066||0.00075241
23:52||804851500||604187||0.00075241
23:53||804851500||604187||0.00075241
23:54||804851500||604187||0.00075241
23:55||804888500||604187||0.00075241
23:56||805590000||606969||0.00075241
23:57||805892500||606969||0.00075241
23:58||806516500||606969||0.00075241
23:59||806516500||607945||0.00075241
