00:00||829505500||626750||0.00075241
00:01||829555500||622243||0.00075241
00:02||829555500||622318||0.00075241
00:03||829550000||622318||0.00075241
00:04||829795000||622686||0.00075241
00:05||829839500||626005||0.00075241
00:06||829931500||626005||0.00075241
00:07||829973500||622956||0.00075241
00:08||829973000||622956||0.00075241
00:09||830018000||622956||0.00075241
00:10||831048500||622956||0.00075241
00:11||830995000||626003||0.00075241
00:12||831540000||625327||0.00075241
00:13||831525000||625327||0.00075241
00:14||831524500||625327||0.00075241
00:15||831524500||625327||0.00075241
00:16||831525000||625327||0.00075241
00:17||831525000||625967||0.00075241
00:18||829769500||625967||0.00075241
00:19||830014500||623054||0.00075241
00:20||830014500||623054||0.00075241
00:21||830014500||623054||0.00075241
00:22||830539000||626756||0.00075241
00:23||830538500||626756||0.00075241
00:24||830534500||626756||0.00075241
00:25||830534500||626750||0.00075241
00:26||830529500||626750||0.00075241
00:27||830529500||626742||0.00075241
00:28||830529500||623054||0.00075241
00:29||830524500||623054||0.00075241
00:30||830583500||623054||0.00075241
00:31||830583500||623054||0.00075241
00:32||830631500||623215||0.00075241
00:33||830681000||623215||0.00075241
00:34||832485000||623215||0.00075241
00:35||832730000||623215||0.00075241
00:36||830720000||623215||0.00075241
00:37||830720000||623364||0.00075241
00:38||830720000||626719||0.00075241
00:39||830719500||626719||0.00075241
00:40||830719500||626719||0.00075241
00:41||830719500||626719||0.00075241
00:42||830719500||626719||0.00075241
00:43||830719500||626719||0.00075241
00:44||832935000||626719||0.00075241
00:45||831012000||623807||0.00075241
00:46||831472500||623807||0.00075241
00:47||831472500||623807||0.00075241
00:48||830972500||626716||0.00075241
00:49||830970500||626716||0.00075241
00:50||831909500||626716||0.00075241
00:51||831908500||625935||0.00075241
00:52||831904500||625935||0.00075241
00:53||832509000||625937||0.00075241
00:54||832317500||626242||0.00075241
00:55||832312500||626243||0.00075241
00:56||832308500||626243||0.00075241
00:57||832303500||626243||0.00075241
00:58||832298500||626243||0.00075241
00:59||832293500||626243||0.00075241
01:00||832293500||626243||0.00075241
01:01||832293500||626243||0.00075241
01:02||832289500||626215||0.00075241
01:03||830199500||626230||0.00075241
01:04||830199500||623070||0.00075241
01:05||830649500||623070||0.00075241
01:06||830649500||623070||0.00075241
01:07||830199500||626230||0.00075241
01:08||830199500||626230||0.00075241
01:09||830199500||623070||0.00075241
01:10||830224500||626230||0.00075241
01:11||830224500||626230||0.00075241
01:12||830265000||626229||0.00075241
01:13||830223500||623170||0.00075241
01:14||830237000||623070||0.00075241
01:15||830195000||623133||0.00075241
01:16||830195000||623070||0.00075241
01:17||830195000||626223||0.00075241
01:18||830195000||626223||0.00075241
01:19||830195000||626223||0.00075241
01:20||830195000||626223||0.00075241
01:21||830645000||626223||0.00075241
01:22||830645000||626223||0.00075241
01:23||828228000||619985||0.00075241
01:24||828310000||620110||0.00075241
01:25||827165000||620110||0.00075241
01:26||827165000||620110||0.00075241
01:27||827550000||620110||0.00075241
01:28||827550000||620110||0.00075241
01:29||827550000||624500||0.00075241
01:30||827550000||624500||0.00075241
01:31||827550000||624500||0.00075241
01:32||827550000||620813||0.00075241
01:33||827500000||624500||0.00075241
01:34||827500000||620738||0.00075241
01:35||826000000||620738||0.00075241
01:36||825250000||620738||0.00075241
01:37||825500000||620738||0.00075241
01:38||825500000||620738||0.00075241
01:39||825500000||620738||0.00075241
01:40||825820000||622726||0.00075241
01:41||825820000||619985||0.00075241
01:42||825621000||621498||0.00075241
01:43||826011000||621498||0.00075241
01:44||826105000||621499||0.00075241
01:45||826107000||621642||0.00075241
01:46||827601000||621642||0.00075241
01:47||827602500||623747||0.00075241
01:48||827602500||623747||0.00075241
01:49||827602500||623747||0.00075241
01:50||827602500||623747||0.00075241
01:51||827601000||621642||0.00075241
01:52||827601000||621642||0.00075241
01:53||827601000||621642||0.00075241
01:54||827602000||623747||0.00075241
01:55||827602000||623747||0.00075241
01:56||827602000||623747||0.00075241
01:57||827602000||623747||0.00075241
01:58||827602000||623747||0.00075241
01:59||827602000||623747||0.00075241
02:00||827602000||623747||0.00075241
02:01||827506000||621499||0.00075241
02:02||827506000||621499||0.00075241
02:03||827505000||621499||0.00075241
02:04||827506500||621499||0.00075241
02:05||827506500||621499||0.00075241
02:06||827506500||621499||0.00075241
02:07||827506500||621501||0.00075241
02:08||827506500||621501||0.00075241
02:09||827506500||621501||0.00075241
02:10||827505000||621499||0.00075241
02:11||827505000||621499||0.00075241
02:12||827505000||621499||0.00075241
02:13||827505000||621499||0.00075241
02:14||827505000||621499||0.00075241
02:15||827505000||621499||0.00075241
02:16||827505000||621498||0.00075241
02:17||827504000||621498||0.00075241
02:18||827504000||621498||0.00075241
02:19||827504000||621498||0.00075241
02:20||827504000||621498||0.00075241
02:21||827504000||621498||0.00075241
02:22||827504000||621498||0.00075241
02:23||827504000||621498||0.00075241
02:24||827504000||621498||0.00075241
02:25||825274000||620060||0.00075241
02:26||825274000||620060||0.00075241
02:27||825273000||620060||0.00075241
02:28||825273000||620060||0.00075241
02:29||825275000||621828||0.00075241
02:30||825275000||621828||0.00075241
02:31||825275000||621828||0.00075241
02:32||825274000||620060||0.00075241
02:33||825275000||621828||0.00075241
02:34||825275000||621828||0.00075241
02:35||825275000||621828||0.00075241
02:36||825274000||620060||0.00075241
02:37||825275000||621828||0.00075241
02:38||825275000||621828||0.00075241
02:39||825275000||621828||0.00075241
02:40||825275000||621828||0.00075241
02:41||825275000||621828||0.00075241
02:42||825775000||621828||0.00075241
02:43||825776000||621828||0.00075241
02:44||825776000||621828||0.00075241
02:45||826127000||621828||0.00075241
02:46||826127000||621828||0.00075241
02:47||827402500||623747||0.00075241
02:48||827402500||623747||0.00075241
02:49||827402500||623747||0.00075241
02:50||827402500||623747||0.00075241
02:51||827402500||623747||0.00075241
02:52||827402500||623747||0.00075241
02:53||827402500||623747||0.00075241
02:54||828577500||623747||0.00075241
02:55||828585000||623110||0.00075241
02:56||830086500||626004||0.00075241
02:57||830086500||626004||0.00075241
02:58||830086500||626004||0.00075241
02:59||830086500||626004||0.00075241
03:00||830088000||626004||0.00075241
03:01||830088000||626004||0.00075241
03:02||830088000||626004||0.00075241
03:03||830088000||626004||0.00075241
03:04||830088000||626004||0.00075241
03:05||830089500||626004||0.00075241
03:06||830089000||626004||0.00075241
03:07||830089000||626004||0.00075241
03:08||830089000||626004||0.00075241
03:09||830089000||626004||0.00075241
03:10||830089000||626004||0.00075241
03:11||830089000||626004||0.00075241
03:12||830089500||623130||0.00075241
03:13||830089500||623130||0.00075241
03:14||830089500||623130||0.00075241
03:15||830089500||623130||0.00075241
03:16||830089500||623130||0.00075241
03:17||830089500||623130||0.00075241
03:18||830089000||623130||0.00075241
03:19||830089000||623130||0.00075241
03:20||830089000||623130||0.00075241
03:21||830089000||623130||0.00075241
03:22||830089000||623130||0.00075241
03:23||830089000||623130||0.00075241
03:24||830089000||623130||0.00075241
03:25||830089000||623130||0.00075241
03:26||830089000||623130||0.00075241
03:27||830089000||623130||0.00075241
03:28||828499500||620738||0.00075241
03:29||828499500||620738||0.00075241
03:30||828707000||620738||0.00075241
03:31||828904500||620738||0.00075241
03:32||828904500||620738||0.00075241
03:33||828904500||620738||0.00075241
03:34||828904500||620738||0.00075241
03:35||828904500||621349||0.00075241
03:36||828904500||621349||0.00075241
03:37||828900500||621349||0.00075241
03:38||828962500||621349||0.00075241
03:39||829258000||621626||0.00075241
03:40||829525500||621626||0.00075241
03:41||829767500||621626||0.00075241
03:42||829814000||622722||0.00075241
03:43||829814000||622722||0.00075241
03:44||829814000||622722||0.00075241
03:45||828903000||622723||0.00075241
03:46||829815000||620963||0.00075241
03:47||829808500||620963||0.00075241
03:48||829768500||620963||0.00075241
03:49||829668500||620963||0.00075241
03:50||828818500||620963||0.00075241
03:51||827818500||620963||0.00075241
03:52||829814000||620963||0.00075241
03:53||828814000||620963||0.00075241
03:54||828813000||620963||0.00075241
03:55||828813000||620963||0.00075241
03:56||828813000||620963||0.00075241
03:57||828813000||620963||0.00075241
03:58||828813000||622723||0.00075241
03:59||828811500||622723||0.00075241
04:00||828811500||622723||0.00075241
04:01||828811500||622723||0.00075241
04:02||828811500||622723||0.00075241
04:03||828811500||622723||0.00075241
04:04||828811500||622723||0.00075241
04:05||828810000||622723||0.00075241
04:06||828810000||622723||0.00075241
04:07||827688000||620964||0.00075241
04:08||827687500||621035||0.00075241
04:09||827637500||621035||0.00075241
04:10||826538500||621035||0.00075241
04:11||826538500||621035||0.00075241
04:12||826563500||621002||0.00075241
04:13||826661000||621002||0.00075241
04:14||826752000||621252||0.00075241
04:15||826855000||621252||0.00075241
04:16||826930000||621252||0.00075241
04:17||827015000||621252||0.00075241
04:18||827092500||621252||0.00075241
04:19||827162500||621252||0.00075241
04:20||827237500||621252||0.00075241
04:21||827282500||621252||0.00075241
04:22||827334500||621252||0.00075241
04:23||827381500||622235||0.00075241
04:24||827424000||622235||0.00075241
04:25||827463500||622235||0.00075241
04:26||827498000||622235||0.00075241
04:27||827529500||622235||0.00075241
04:28||827558000||622235||0.00075241
04:29||827029000||621654||0.00075241
04:30||827105500||621654||0.00075241
04:31||827175000||622826||0.00075241
04:32||827541000||622472||0.00075241
04:33||827567000||622472||0.00075241
04:34||828761000||624487||0.00075241
04:35||828860000||624487||0.00075241
04:36||828972500||624487||0.00075241
04:37||829074500||624487||0.00075241
04:38||829165500||624487||0.00075241
04:39||829232000||624487||0.00075241
04:40||829320500||624481||0.00075241
04:41||829975000||624480||0.00075241
04:42||828714500||624480||0.00075241
04:43||828714500||624482||0.00075241
04:44||828814500||624482||0.00075241
04:45||828908000||624482||0.00075241
04:46||829015500||622910||0.00075241
04:47||829112500||622910||0.00075241
04:48||829198500||624478||0.00075241
04:49||829276500||624476||0.00075241
04:50||829320500||624476||0.00075241
04:51||829383000||624470||0.00075241
04:52||829443500||624470||0.00075241
04:53||829498000||624470||0.00075241
04:54||829547000||624470||0.00075241
04:55||829591500||623902||0.00075241
04:56||829739500||623902||0.00075241
04:57||829756000||624476||0.00075241
04:58||829756000||624476||0.00075241
04:59||829809000||624476||0.00075241
05:00||829809000||624236||0.00075241
05:01||829809000||624236||0.00075241
05:02||829809000||624236||0.00075241
05:03||829651000||624236||0.00075241
05:04||829651000||624238||0.00075241
05:05||829651000||624236||0.00075241
05:06||829650500||624236||0.00075241
05:07||829650500||624237||0.00075241
05:08||829650500||624236||0.00075241
05:09||829650500||624236||0.00075241
05:10||829650500||624236||0.00075241
05:11||829651000||624238||0.00075241
05:12||829651000||624238||0.00075241
05:13||829651000||624236||0.00075241
05:14||829651000||624236||0.00075241
05:15||829651000||624236||0.00075241
05:16||829809000||624236||0.00075241
05:17||829809000||624236||0.00075241
05:18||829813500||624236||0.00075241
05:19||830821000||625999||0.00075241
05:20||829300500||625997||0.00075241
05:21||827847000||625997||0.00075241
05:22||827943000||625997||0.00075241
05:23||828029000||625997||0.00075241
05:24||828734500||625997||0.00075241
05:25||828860500||625997||0.00075241
05:26||829195500||624632||0.00075241
05:27||829294000||624632||0.00075241
05:28||829364000||624632||0.00075241
05:29||829596500||624632||0.00075241
05:30||829511500||624632||0.00075241
05:31||829511500||624632||0.00075241
05:32||826620500||621957||0.00075241
05:33||831409500||625999||0.00075241
05:34||831469000||625999||0.00075241
05:35||831375000||625082||0.00075241
05:36||831375000||625082||0.00075241
05:37||831438000||625082||0.00075241
05:38||831438000||625082||0.00075241
05:39||831438000||625082||0.00075241
05:40||831438000||625082||0.00075241
05:41||831469500||625082||0.00075241
05:42||831513500||625082||0.00075241
05:43||831553000||625308||0.00075241
05:44||831403000||625704||0.00075241
05:45||831427500||625704||0.00075241
05:46||831447500||625470||0.00075241
05:47||831548000||625702||0.00075241
05:48||831594500||625702||0.00075241
05:49||831594500||625700||0.00075241
05:50||831594500||625700||0.00075241
05:51||831594500||625700||0.00075241
05:52||831594500||625700||0.00075241
05:53||831594500||625700||0.00075241
05:54||831286000||625686||0.00075241
05:55||831286000||625686||0.00075241
05:56||831001500||625686||0.00075241
05:57||830513500||625256||0.00075241
05:58||830556500||625256||0.00075241
05:59||830921500||625256||0.00075241
06:00||830921500||625193||0.00075241
06:01||830921500||625193||0.00075241
06:02||831295000||625194||0.00075241
06:03||831328500||625194||0.00075241
06:04||831594500||625194||0.00075241
06:05||831586500||625194||0.00075241
06:06||831585000||625699||0.00075241
06:07||831585000||625699||0.00075241
06:08||831578500||625699||0.00075241
06:09||831578500||625699||0.00075241
06:10||831578500||625688||0.00075241
06:11||831578500||625688||0.00075241
06:12||831578500||625688||0.00075241
06:13||831578500||625688||0.00075241
06:14||831578500||625688||0.00075241
06:15||831578500||625688||0.00075241
06:16||831578500||625688||0.00075241
06:17||831578500||625688||0.00075241
06:18||831578500||625688||0.00075241
06:19||831578500||625688||0.00075241
06:20||831578500||625688||0.00075241
06:21||831578500||625688||0.00075241
06:22||831578500||625688||0.00075241
06:23||831578500||625688||0.00075241
06:24||831578500||625688||0.00075241
06:25||831578500||625688||0.00075241
06:26||831578500||625688||0.00075241
06:27||831578500||625688||0.00075241
06:28||831578500||625688||0.00075241
06:29||831578500||625687||0.00075241
06:30||831578500||625687||0.00075241
06:31||831578500||625687||0.00075241
06:32||831578500||625687||0.00075241
06:33||832166000||626020||0.00075241
06:34||832678000||626719||0.00075241
06:35||832708000||626719||0.00075241
06:36||832736000||626719||0.00075241
06:37||832761500||626719||0.00075241
06:38||832784000||626719||0.00075241
06:39||832809500||626719||0.00075241
06:40||832947000||626719||0.00075241
06:41||832947000||626716||0.00075241
06:42||832947000||626716||0.00075241
06:43||832948000||626718||0.00075241
06:44||832949000||626716||0.00075241
06:45||832949000||626716||0.00075241
06:46||832469500||625999||0.00075241
06:47||832948500||626717||0.00075241
06:48||832948500||626717||0.00075241
06:49||832948500||626719||0.00075241
06:50||832948500||626719||0.00075241
06:51||834469500||627509||0.00075241
06:52||834516500||627560||0.00075241
06:53||834560500||627560||0.00075241
06:54||834594000||627692||0.00075241
06:55||834629500||628208||0.00075241
06:56||834612000||628208||0.00075241
06:57||834581500||628160||0.00075241
06:58||833855000||626718||0.00075241
06:59||833764500||626718||0.00075241
07:00||833681000||626718||0.00075241
07:01||833754000||626718||0.00075241
07:02||833809000||626893||0.00075241
07:03||833773500||626893||0.00075241
07:04||833717500||627710||0.00075241
07:05||833521000||626718||0.00075241
07:06||833473000||626718||0.00075241
07:07||831171500||626718||0.00075241
07:08||831114500||624877||0.00075241
07:09||831300000||624876||0.00075241
07:10||831315000||624876||0.00075241
07:11||831341000||624876||0.00075241
07:12||831364000||625349||0.00075241
07:13||833242000||625704||0.00075241
07:14||833269500||628054||0.00075241
07:15||833385500||628049||0.00075241
07:16||833603000||628209||0.00075241
07:17||834974000||628224||0.00075241
07:18||834999000||628260||0.00075241
07:19||834998500||628262||0.00075241
07:20||834103500||626914||0.00075241
07:21||834105500||628262||0.00075241
07:22||834281500||627181||0.00075241
07:23||834285500||627184||0.00075241
07:24||835147500||628485||0.00075241
07:25||835147500||628485||0.00075241
07:26||835146000||628485||0.00075241
07:27||835146000||628483||0.00075241
07:28||835146000||628483||0.00075241
07:29||835146000||628483||0.00075241
07:30||835146000||628262||0.00075241
07:31||835140500||628262||0.00075241
07:32||835140500||628262||0.00075241
07:33||835000500||628262||0.00075241
07:34||835000500||628262||0.00075241
07:35||834998500||628262||0.00075241
07:36||834223000||627094||0.00075241
07:37||834223000||628260||0.00075241
07:38||834223000||628260||0.00075241
07:39||834287500||627193||0.00075241
07:40||834290000||628260||0.00075241
07:41||834234500||628260||0.00075241
07:42||834206500||628172||0.00075241
07:43||834209000||628172||0.00075241
07:44||834365500||628465||0.00075241
07:45||834286000||627205||0.00075241
07:46||834588000||627205||0.00075241
07:47||834586500||627491||0.00075241
07:48||833993000||627491||0.00075241
07:49||833994000||627491||0.00075241
07:50||833994000||627517||0.00075241
07:51||833994500||627517||0.00075241
07:52||835326000||629515||0.00075241
07:53||835327500||629515||0.00075241
07:54||835327500||627502||0.00075241
07:55||835223000||627500||0.00075241
07:56||835100500||627504||0.00075241
07:57||834990000||629068||0.00075241
07:58||834889500||629068||0.00075241
07:59||834804500||627489||0.00075241
08:00||833975500||627489||0.00075241
08:01||833975500||627491||0.00075241
08:02||833975500||627491||0.00075241
08:03||833975500||627491||0.00075241
08:04||833975500||627491||0.00075241
08:05||833975500||627491||0.00075241
08:06||833259000||627477||0.00075241
08:07||832449500||626585||0.00075241
08:08||832449500||626343||0.00075241
08:09||831679500||626275||0.00075241
08:10||831635500||626275||0.00075241
08:11||831571000||625254||0.00075241
08:12||831002500||625254||0.00075241
08:13||829219000||623747||0.00075241
08:14||829005500||623747||0.00075241
08:15||828488500||622995||0.00075241
08:16||828292000||623434||0.00075241
08:17||828299000||623434||0.00075241
08:18||828028500||623016||0.00075241
08:19||828035500||623027||0.00075241
08:20||828036500||623027||0.00075241
08:21||828084500||623027||0.00075241
08:22||828037500||623018||0.00075241
08:23||828037500||623018||0.00075241
08:24||828196500||623016||0.00075241
08:25||828195500||623268||0.00075241
08:26||828195000||623268||0.00075241
08:27||828196000||623268||0.00075241
08:28||828196000||623020||0.00075241
08:29||828196000||623265||0.00075241
08:30||828042500||623265||0.00075241
08:31||828041500||623020||0.00075241
08:32||832096000||629390||0.00075241
08:33||831627000||623018||0.00075241
08:34||831277000||623020||0.00075241
08:35||831343000||623020||0.00075241
08:36||831140000||623020||0.00075241
08:37||830910000||623585||0.00075241
08:38||830701000||626470||0.00075241
08:39||830511500||623585||0.00075241
08:40||830340500||626027||0.00075241
08:41||830216000||626027||0.00075241
08:42||829441500||623585||0.00075241
08:43||829385500||623585||0.00075241
08:44||829323500||623585||0.00075241
08:45||828902500||623021||0.00075241
08:46||828830000||624246||0.00075241
08:47||828937000||624246||0.00075241
08:48||828845500||623021||0.00075241
08:49||828763000||623021||0.00075241
08:50||828034500||623021||0.00075241
08:51||828034500||623021||0.00075241
08:52||828995500||623021||0.00075241
08:53||828895500||624351||0.00075241
08:54||828825000||624215||0.00075241
08:55||828742500||624116||0.00075241
08:56||828670000||623016||0.00075241
08:57||828604500||623941||0.00075241
08:58||828544500||623016||0.00075241
08:59||827841500||621994||0.00075241
09:00||826840000||621994||0.00075241
09:01||826839000||621994||0.00075241
09:02||826840000||621995||0.00075241
09:03||826840000||622251||0.00075241
09:04||826841000||622251||0.00075241
09:05||828209000||622257||0.00075241
09:06||828111000||622255||0.00075241
09:07||828009500||623747||0.00075241
09:08||828361000||622258||0.00075241
09:09||828360000||622258||0.00075241
09:10||827976000||623758||0.00075241
09:11||827897000||623758||0.00075241
09:12||827879500||623758||0.00075241
09:13||828282500||622258||0.00075241
09:14||828181500||624040||0.00075241
09:15||828087500||622258||0.00075241
09:16||828087500||622258||0.00075241
09:17||828335500||622258||0.00075241
09:18||828205500||622258||0.00075241
09:19||828110500||622258||0.00075241
09:20||828109500||623895||0.00075241
09:21||828337000||622261||0.00075241
09:22||828213000||622261||0.00075241
09:23||828187500||624002||0.00075241
09:24||828845500||623049||0.00075241
09:25||828845500||623258||0.00075241
09:26||828845500||623258||0.00075241
09:27||828835500||623258||0.00075241
09:28||828835500||623987||0.00075241
09:29||828802000||623258||0.00075241
09:30||828079000||623197||0.00075241
09:31||827994000||623197||0.00075241
09:32||826491500||621900||0.00075241
09:33||826245000||621858||0.00075241
09:34||826212000||621809||0.00075241
09:35||826000500||621809||0.00075241
09:36||825790000||621491||0.00075241
09:37||825579500||621174||0.00075241
09:38||825481500||618106||0.00075241
09:39||821749500||621042||0.00075241
09:40||822584500||619729||0.00075241
09:41||820995500||618473||0.00075241
09:42||821981500||618466||0.00075241
09:43||821976500||618465||0.00075241
09:44||821975500||618457||0.00075241
09:45||820929500||618403||0.00075241
09:46||820991000||618403||0.00075241
09:47||820992000||618403||0.00075241
09:48||820992000||618467||0.00075241
09:49||820992000||618467||0.00075241
09:50||822741000||618467||0.00075241
09:51||822741000||619609||0.00075241
09:52||822741000||619609||0.00075241
09:53||822742000||619609||0.00075241
09:54||822741000||619608||0.00075241
09:55||822740500||619607||0.00075241
09:56||822740500||619607||0.00075241
09:57||822740500||619607||0.00075241
09:58||822740500||619607||0.00075241
09:59||822740500||618468||0.00075241
10:00||821998500||617352||0.00075241
10:01||821938000||617353||0.00075241
10:02||821795500||619426||0.00075241
10:03||821741000||619607||0.00075241
10:04||821999500||619607||0.00075241
10:05||821999500||617353||0.00075241
10:06||821999500||617353||0.00075241
10:07||821999000||617353||0.00075241
10:08||821999000||617353||0.00075241
10:09||822624000||619606||0.00075241
10:10||822624000||619606||0.00075241
10:11||822999000||619606||0.00075241
10:12||822999000||619606||0.00075241
10:13||822998000||618857||0.00075241
10:14||823498500||619606||0.00075241
10:15||823498500||619606||0.00075241
10:16||823498500||619608||0.00075241
10:17||823497500||619606||0.00075241
10:18||823497500||619608||0.00075241
10:19||823498000||619606||0.00075241
10:20||823498000||619609||0.00075241
10:21||823498000||619609||0.00075241
10:22||823498000||619606||0.00075241
10:23||823498000||619606||0.00075241
10:24||823498000||619606||0.00075241
10:25||823000000||618857||0.00075241
10:26||822990000||618857||0.00075241
10:27||822500500||618857||0.00075241
10:28||822500500||618857||0.00075241
10:29||822500500||618857||0.00075241
10:30||822500500||618857||0.00075241
10:31||822125500||618292||0.00075241
10:32||821750500||618292||0.00075241
10:33||821500000||618481||0.00075241
10:34||821500000||618481||0.00075241
10:35||822727500||617728||0.00075241
10:36||822742500||618469||0.00075241
10:37||822751000||618469||0.00075241
10:38||822751000||618469||0.00075241
10:39||822707500||618484||0.00075241
10:40||822753500||618486||0.00075241
10:41||822754000||618486||0.00075241
10:42||822754000||619608||0.00075241
10:43||822754000||619608||0.00075241
10:44||823499000||619608||0.00075241
10:45||823499000||619608||0.00075241
10:46||822755000||618488||0.00075241
10:47||822756000||618488||0.00075241
10:48||822756000||619609||0.00075241
10:49||822767500||618490||0.00075241
10:50||822769000||618490||0.00075241
10:51||825800000||619626||0.00075241
10:52||823477500||619626||0.00075241
10:53||823416000||620601||0.00075241
10:54||823416000||618490||0.00075241
10:55||823416000||618490||0.00075241
10:56||823304000||620474||0.00075241
10:57||823196500||620314||0.00075241
10:58||823076500||620314||0.00075241
10:59||822969000||619933||0.00075241
11:00||822872000||618484||0.00075241
11:01||822800000||619655||0.00075241
11:02||822720000||619559||0.00075241
11:03||822659000||619468||0.00075241
11:04||822579500||619468||0.00075241
11:05||822520000||618484||0.00075241
11:06||822475000||618484||0.00075241
11:07||822425000||619146||0.00075241
11:08||822381000||618484||0.00075241
11:09||821610500||618304||0.00075241
11:10||821239000||618272||0.00075241
11:11||821000500||618088||0.00075241
11:12||820743000||617341||0.00075241
11:13||820712500||617702||0.00075241
11:14||820233000||616982||0.00075241
11:15||820226500||617310||0.00075241
11:16||819723500||616226||0.00075241
11:17||819263000||617363||0.00075241
11:18||819282000||615509||0.00075241
11:19||819331000||617359||0.00075241
11:20||819331000||617361||0.00075241
11:21||820730500||617711||0.00075241
11:22||819571000||617709||0.00075241
11:23||820489000||617344||0.00075241
11:24||820502500||617711||0.00075241
11:25||820488500||617711||0.00075241
11:26||820488500||617711||0.00075241
11:27||820435000||617344||0.00075241
11:28||820398500||617344||0.00075241
11:29||820198000||617281||0.00075241
11:30||819734500||616967||0.00075241
11:31||819748500||616933||0.00075241
11:32||819489000||616592||0.00075241
11:33||819477500||616589||0.00075241
11:34||819475500||616581||0.00075241
11:35||819468500||616581||0.00075241
11:36||822029500||620410||0.00075241
11:37||821783500||616596||0.00075241
11:38||821602000||619967||0.00075241
11:39||821395500||619967||0.00075241
11:40||821208500||616598||0.00075241
11:41||820696500||616598||0.00075241
11:42||820343500||616598||0.00075241
11:43||819930000||616599||0.00075241
11:44||819931000||617247||0.00075241
11:45||819930000||617246||0.00075241
11:46||819874500||617246||0.00075241
11:47||820068000||617162||0.00075241
11:48||820119500||616891||0.00075241
11:49||820119500||616891||0.00075241
11:50||819993000||616971||0.00075241
11:51||819987500||616970||0.00075241
11:52||819978500||616961||0.00075241
11:53||819977500||616958||0.00075241
11:54||819977500||616959||0.00075241
11:55||819977500||616959||0.00075241
11:56||819977500||616958||0.00075241
11:57||820005000||616983||0.00075241
11:58||820005000||616982||0.00075241
11:59||822510000||616992||0.00075241
12:00||822267500||616992||0.00075241
12:01||821525000||620167||0.00075241
12:02||821525000||619233||0.00075241
12:03||820825000||619233||0.00075241
12:04||820775000||618103||0.00075241
12:05||820776500||618104||0.00075241
12:06||820776500||618103||0.00075241
12:07||820776500||617017||0.00075241
12:08||820778000||617019||0.00075241
12:09||820778000||617018||0.00075241
12:10||820998500||618102||0.00075241
12:11||821025000||618102||0.00075241
12:12||821123500||617393||0.00075241
12:13||821125000||618101||0.00075241
12:14||821128500||618104||0.00075241
12:15||821174500||618104||0.00075241
12:16||821175500||618104||0.00075241
12:17||821228500||618104||0.00075241
12:18||821230000||618104||0.00075241
12:19||821240000||618104||0.00075241
12:20||821248500||618102||0.00075241
12:21||821248500||617730||0.00075241
12:22||821248500||617730||0.00075241
12:23||821249000||618101||0.00075241
12:24||821249000||618101||0.00075241
12:25||821249000||618101||0.00075241
12:26||821248000||617730||0.00075241
12:27||821249500||618102||0.00075241
12:28||821249500||617730||0.00075241
12:29||821249000||617730||0.00075241
12:30||821251000||618102||0.00075241
12:31||823392500||617732||0.00075241
12:32||823203000||617732||0.00075241
12:33||823070000||617732||0.00075241
12:34||823492500||617732||0.00075241
12:35||823492500||621475||0.00075241
12:36||823494000||617733||0.00075241
12:37||823501000||621483||0.00075241
12:38||823504500||617739||0.00075241
12:39||823506000||617739||0.00075241
12:40||823548500||621486||0.00075241
12:41||825292000||617810||0.00075241
12:42||824890000||617810||0.00075241
12:43||823064500||617819||0.00075241
12:44||823067000||617830||0.00075241
12:45||825309000||620738||0.00075241
12:46||824302500||620738||0.00075241
12:47||823940500||617842||0.00075241
12:48||823667500||617842||0.00075241
12:49||823424000||617844||0.00075241
12:50||822303000||617844||0.00075241
12:51||822305000||617849||0.00075241
12:52||822305000||617849||0.00075241
12:53||822305000||617849||0.00075241
12:55||823523000||621551||0.00075241
12:56||823291000||617849||0.00075241
12:57||823246500||617849||0.00075241
12:58||823246500||620987||0.00075241
12:59||823246500||620987||0.00075241
13:00||823245000||620987||0.00075241
13:01||823041000||617852||0.00075241
13:02||822891000||617852||0.00075241
13:03||822756500||617855||0.00075241
13:04||822599500||620194||0.00075241
13:05||822457000||620194||0.00075241
13:06||822333500||619637||0.00075241
13:07||822308000||617864||0.00075241
13:08||822309500||617864||0.00075241
13:09||822311000||617864||0.00075241
13:10||822310500||617864||0.00075241
13:11||823635500||617873||0.00075241
13:12||823635500||617873||0.00075241
13:13||823635500||617873||0.00075241
13:14||823635500||617873||0.00075241
13:15||823638500||617873||0.00075241
13:16||823638500||617877||0.00075241
13:17||823640000||617879||0.00075241
13:18||823665500||617879||0.00075241
13:19||823665500||617918||0.00075241
13:20||823665500||617918||0.00075241
13:21||823120500||617918||0.00075241
13:22||823671000||621551||0.00075241
13:23||823680000||617938||0.00075241
13:24||823735000||617938||0.00075241
13:25||823739500||621550||0.00075241
13:26||823745000||618035||0.00075241
13:27||824241000||618035||0.00075241
13:28||824316500||618035||0.00075241
13:29||826033500||624462||0.00075241
13:30||825695000||618899||0.00075241
13:31||825388500||618899||0.00075241
13:32||825060000||622667||0.00075241
13:33||824862000||618899||0.00075241
13:34||824737000||618899||0.00075241
13:35||824557000||621974||0.00075241
13:36||824160500||619392||0.00075241
13:37||824245500||619392||0.00075241
13:38||824051000||619687||0.00075241
13:39||824098500||619745||0.00075241
13:40||824143000||620362||0.00075241
13:41||824268500||619988||0.00075241
13:42||824295000||620031||0.00075241
13:43||824319000||620362||0.00075241
13:44||824499500||620361||0.00075241
13:45||824499500||620361||0.00075241
13:46||824499500||620361||0.00075241
13:47||824499500||620361||0.00075241
13:48||824499500||620361||0.00075241
13:49||824499500||620361||0.00075241
13:50||824499500||620362||0.00075241
13:51||824499500||620362||0.00075241
13:52||824499500||620361||0.00075241
13:53||824499500||620362||0.00075241
13:54||824499500||620362||0.00075241
13:55||826036500||620550||0.00075241
13:56||826036500||622242||0.00075241
13:57||826037500||622242||0.00075241
13:58||826260000||620795||0.00075241
13:59||826259000||622240||0.00075241
14:00||826904500||621961||0.00075241
14:01||826916000||622239||0.00075241
14:02||826930000||622135||0.00075241
14:03||826997500||622241||0.00075241
14:04||826997500||622241||0.00075241
14:05||826997500||622240||0.00075241
14:06||826997500||622240||0.00075241
14:07||826997500||622240||0.00075241
14:08||826997500||622240||0.00075241
14:09||826997500||622241||0.00075241
14:10||826997500||622240||0.00075241
14:11||825495000||619979||0.00075241
14:12||825495000||619979||0.00075241
14:13||826019000||620768||0.00075241
14:14||826509000||620768||0.00075241
14:15||826997500||620768||0.00075241
14:16||826997500||622240||0.00075241
14:17||826997500||622240||0.00075241
14:18||826997500||622240||0.00075241
14:19||826997500||622241||0.00075241
14:20||826997500||622241||0.00075241
14:21||826997500||622240||0.00075241
14:22||826997500||622241||0.00075241
14:23||826997500||622241||0.00075241
14:24||826997500||622240||0.00075241
14:25||826997500||622240||0.00075241
14:26||826997500||622240||0.00075241
14:27||826997500||622240||0.00075241
14:28||826997500||622240||0.00075241
14:29||826997500||622240||0.00075241
14:30||826997500||622240||0.00075241
14:31||826997500||622241||0.00075241
14:32||826997500||622240||0.00075241
14:33||826997500||622241||0.00075241
14:34||826251000||622241||0.00075241
14:35||826248000||622241||0.00075241
14:36||826248000||622237||0.00075241
14:37||825790000||621117||0.00075241
14:38||825461000||620175||0.00075241
14:39||825342000||620175||0.00075241
14:40||825232000||621681||0.00075241
14:41||825133000||620175||0.00075241
14:42||824837500||621446||0.00075241
14:43||825301000||620175||0.00075241
14:44||824732000||620175||0.00075241
14:45||824680000||620173||0.00075241
14:46||824634000||620173||0.00075241
14:47||824592500||620173||0.00075241
14:48||824561000||620173||0.00075241
14:49||824527500||620591||0.00075241
14:50||823325000||618820||0.00075241
14:51||823236500||618820||0.00075241
14:52||823156500||618820||0.00075241
14:53||823084000||618820||0.00075241
14:54||823030000||618820||0.00075241
14:55||822342000||617893||0.00075241
14:56||822229500||617893||0.00075241
14:57||822127500||617893||0.00075241
14:58||822035500||619148||0.00075241
14:59||822017500||619095||0.00075241
15:00||822017500||619095||0.00075241
15:01||822017500||619095||0.00075241
15:02||821994000||617894||0.00075241
15:03||822766500||619056||0.00075241
15:04||822767500||619058||0.00075241
15:05||822783500||616976||0.00075241
15:06||822799500||619082||0.00075241
15:07||822799500||619082||0.00075241
15:08||822799500||619082||0.00075241
15:09||824150500||621114||0.00075241
15:10||824125500||619082||0.00075241
15:11||824125500||619082||0.00075241
15:12||824124500||619082||0.00075241
15:13||824124500||619082||0.00075241
15:14||820727500||618093||0.00075241
15:15||819501500||616225||0.00075241
15:16||820229000||618037||0.00075241
15:17||819518000||616261||0.00075241
15:18||819490000||616225||0.00075241
15:19||819259000||616226||0.00075241
15:20||819458000||616612||0.00075241
15:21||819458000||616612||0.00075241
15:22||819474000||616579||0.00075241
15:23||819474500||616579||0.00075241
15:24||821237000||619233||0.00075241
15:25||821486500||619233||0.00075241
15:26||821457000||619233||0.00075241
15:27||821456000||619180||0.00075241
15:28||821388500||619180||0.00075241
15:29||819857500||616861||0.00075241
15:30||819866500||616861||0.00075241
15:31||821494000||619180||0.00075241
15:32||821581000||619180||0.00075241
15:33||821529000||617192||0.00075241
15:34||821640000||617192||0.00075241
15:35||821550500||618769||0.00075241
15:36||821325000||617542||0.00075241
15:37||821266000||617542||0.00075241
15:38||821211500||617542||0.00075241
15:39||821162500||618218||0.00075241
15:40||821120000||618218||0.00075241
15:41||821278500||618050||0.00075241
15:42||821259500||617825||0.00075241
15:43||821242000||617825||0.00075241
15:44||821227000||617991||0.00075241
15:45||821129500||617825||0.00075241
15:46||820942500||617544||0.00075241
15:47||820945000||617544||0.00075241
15:48||821129500||617826||0.00075241
15:49||821129500||617825||0.00075241
15:50||820951000||617826||0.00075241
15:51||821127500||617826||0.00075241
15:52||821318000||618104||0.00075241
15:53||821339000||617844||0.00075241
15:54||821359000||618103||0.00075241
15:55||821375500||617921||0.00075241
15:56||822147000||617926||0.00075241
15:57||824007500||620738||0.00075241
15:58||824086000||618011||0.00075241
15:59||824177000||619422||0.00075241
16:00||824262000||620738||0.00075241
16:01||824337500||619629||0.00075241
16:02||824406000||619805||0.00075241
16:03||824467000||619805||0.00075241
16:04||824511500||619805||0.00075241
16:05||824993500||620732||0.00075241
16:06||824997500||620738||0.00075241
16:07||824999500||620738||0.00075241
16:08||825141000||620952||0.00075241
16:09||825141000||620737||0.00075241
16:10||825202000||621044||0.00075241
16:11||825202000||621044||0.00075241
16:12||824698000||621044||0.00075241
16:13||824713000||621044||0.00075241
16:14||824768000||621044||0.00075241
16:15||824833500||621039||0.00075241
16:16||824903000||621039||0.00075241
16:17||824936000||621039||0.00075241
16:18||824184000||619050||0.00075241
16:19||824329500||619050||0.00075241
16:20||824435500||619050||0.00075241
16:21||824532500||619708||0.00075241
16:22||824593000||621037||0.00075241
16:23||824687000||619917||0.00075241
16:24||824746000||621020||0.00075241
16:25||824810500||620170||0.00075241
16:26||824870000||621020||0.00075241
16:27||824932000||620325||0.00075241
16:28||824979000||620412||0.00075241
16:29||825021500||620412||0.00075241
16:30||825060000||620525||0.00075241
16:31||825095500||621020||0.00075241
16:32||825203000||620738||0.00075241
16:33||825225500||621020||0.00075241
16:34||825347500||621020||0.00075241
16:35||825347500||620999||0.00075241
16:36||825347500||621000||0.00075241
16:37||825347500||621000||0.00075241
16:38||825347500||620999||0.00075241
16:39||825347500||620999||0.00075241
16:40||825347500||620999||0.00075241
16:41||825347500||621000||0.00075241
16:42||825347500||620999||0.00075241
16:43||826306500||622237||0.00075241
16:44||826991500||622236||0.00075241
16:45||826999500||622243||0.00075241
16:46||826999500||622243||0.00075241
16:47||828117000||623924||0.00075241
16:48||828117000||623924||0.00075241
16:49||828117000||623924||0.00075241
16:50||828092000||622242||0.00075241
16:51||828138500||622242||0.00075241
16:52||828043500||622236||0.00075241
16:53||827978000||622236||0.00075241
16:54||827879500||622236||0.00075241
16:55||827807000||622236||0.00075241
16:56||827740000||623385||0.00075241
16:57||827678000||623337||0.00075241
16:58||827607500||623337||0.00075241
16:59||827532000||623337||0.00075241
17:00||826750500||621151||0.00075241
17:01||826803000||621151||0.00075241
17:02||826594000||621151||0.00075241
17:03||826503000||622619||0.00075241
17:04||826574500||621292||0.00075241
17:05||827918000||622649||0.00075241
17:06||827950000||623142||0.00075241
17:07||827977000||622815||0.00075241
17:08||828002500||622815||0.00075241
17:09||828025500||623142||0.00075241
17:10||828047000||623142||0.00075241
17:11||828066000||623142||0.00075241
17:12||828083500||623142||0.00075241
17:13||828098000||623142||0.00075241
17:14||828112000||623006||0.00075241
17:15||828124500||623033||0.00075241
17:16||829246500||623926||0.00075241
17:17||829246500||623932||0.00075241
17:18||829246500||623933||0.00075241
17:19||829246500||623933||0.00075241
17:20||829246500||623932||0.00075241
17:21||829246500||623932||0.00075241
17:22||829246500||623932||0.00075241
17:23||829268500||623965||0.00075241
17:24||829278000||623926||0.00075241
17:25||829283500||623926||0.00075241
17:26||829283500||623957||0.00075241
17:27||829283500||623957||0.00075241
17:28||829283500||623957||0.00075241
17:29||829283500||623957||0.00075241
17:30||829283500||623957||0.00075241
17:31||829283500||623965||0.00075241
17:32||829283500||623957||0.00075241
17:33||829282500||623957||0.00075241
17:34||829283500||623965||0.00075241
17:35||829279000||623958||0.00075241
17:36||829278500||623958||0.00075241
17:37||829278500||623958||0.00075241
17:38||829278500||623957||0.00075241
17:39||829278500||623957||0.00075241
17:40||829278500||623957||0.00075241
17:41||828193500||623957||0.00075241
17:42||828636500||623957||0.00075241
17:43||828637500||623954||0.00075241
17:44||828715000||623075||0.00075241
17:45||828773000||623075||0.00075241
17:46||829272500||623075||0.00075241
17:47||829274500||623954||0.00075241
17:48||829274500||623952||0.00075241
17:49||829274500||623952||0.00075241
17:50||829274500||623954||0.00075241
17:51||829272500||623954||0.00075241
17:52||829274500||623954||0.00075241
17:53||829279000||623957||0.00075241
17:54||829279500||623957||0.00075241
17:55||829279500||623957||0.00075241
17:56||829279500||623957||0.00075241
17:57||829279500||623957||0.00075241
17:58||829279500||623957||0.00075241
17:59||829279500||623958||0.00075241
18:00||829279500||623957||0.00075241
18:01||828640000||623957||0.00075241
18:02||828640000||623957||0.00075241
18:03||829143000||623957||0.00075241
18:04||829140000||623957||0.00075241
18:05||829140000||623957||0.00075241
18:06||829140000||623749||0.00075241
18:07||829140000||623749||0.00075241
18:08||828640000||622995||0.00075241
18:09||828001500||622996||0.00075241
18:10||828679000||623017||0.00075241
18:11||828741000||623017||0.00075241
18:12||828766000||623957||0.00075241
18:13||828596500||622995||0.00075241
18:14||828535500||622995||0.00075241
18:15||828479500||623715||0.00075241
18:16||828229000||622995||0.00075241
18:17||828202500||622995||0.00075241
18:18||828178500||622995||0.00075241
18:19||828157000||622995||0.00075241
18:20||828137000||622995||0.00075241
18:21||827620500||622258||0.00075241
18:22||827580500||622258||0.00075241
18:23||827018500||622257||0.00075241
18:24||827018500||622257||0.00075241
18:25||827018500||622256||0.00075241
18:26||827018500||622256||0.00075241
18:27||827018500||622257||0.00075241
18:28||827018500||622257||0.00075241
18:29||828362500||623206||0.00075241
18:30||828362500||623206||0.00075241
18:31||829277500||623957||0.00075241
18:32||829278500||623958||0.00075241
18:33||829990500||624495||0.00075241
18:34||829991500||624492||0.00075241
18:35||829992500||624492||0.00075241
18:36||829996000||624500||0.00075241
18:37||829996000||624494||0.00075241
18:38||829999500||624494||0.00075241
18:39||831530000||624545||0.00075241
18:40||831590500||626757||0.00075241
18:41||832014500||625276||0.00075241
18:42||832035000||627509||0.00075241
18:43||832350000||626755||0.00075241
18:44||832768000||627237||0.00075241
18:45||832239000||627237||0.00075241
18:46||832000500||626005||0.00075241
18:47||832000500||626005||0.00075241
18:48||832000500||626005||0.00075241
18:49||832000500||626005||0.00075241
18:50||832000500||626005||0.00075241
18:51||832000500||626005||0.00075241
18:52||829501000||622243||0.00075241
18:53||829214000||622243||0.00075241
18:54||828584000||622319||0.00075241
18:55||828645500||622364||0.00075241
18:56||828644500||622457||0.00075241
18:57||828958500||624492||0.00075241
18:58||829989500||622940||0.00075241
18:59||829989500||624492||0.00075241
19:00||828525500||622243||0.00075241
19:01||827736500||623279||0.00075241
19:02||827750000||623281||0.00075241
19:03||827751000||622334||0.00075241
19:04||828662000||623280||0.00075241
19:05||828667500||623280||0.00075241
19:06||828818500||623501||0.00075241
19:07||828929500||623705||0.00075241
19:08||828931500||623704||0.00075241
19:09||830397000||625958||0.00075241
19:10||830222500||625958||0.00075241
19:11||830117500||623686||0.00075241
19:12||829997500||623686||0.00075241
19:13||829910500||623686||0.00075241
19:14||829203500||623686||0.00075241
19:15||828949500||623709||0.00075241
19:16||828949500||623686||0.00075241
19:17||829237000||624124||0.00075241
19:18||829968500||623746||0.00075241
19:19||830057500||625146||0.00075241
19:20||830859500||625147||0.00075241
19:21||831459000||623686||0.00075241
19:22||829961500||623686||0.00075241
19:23||829961000||623687||0.00075241
19:24||829959000||623687||0.00075241
19:25||829959500||623687||0.00075241
19:26||829960000||625251||0.00075241
19:27||829960000||623689||0.00075241
19:28||829960000||623689||0.00075241
19:29||829978500||625251||0.00075241
19:30||830060000||625246||0.00075241
19:31||830138500||623902||0.00075241
19:32||830997500||625251||0.00075241
19:33||830999500||625251||0.00075241
19:34||831250000||625252||0.00075241
19:35||832542000||625628||0.00075241
19:36||832845000||625704||0.00075241
19:37||833600500||627208||0.00075241
19:38||833600500||627208||0.00075241
19:39||833895500||627211||0.00075241
19:40||835424000||628262||0.00075241
19:41||836365500||629014||0.00075241
19:42||836365500||629290||0.00075241
19:43||836365500||629290||0.00075241
19:44||836365500||629290||0.00075241
19:45||836365500||629289||0.00075241
19:46||836365500||629289||0.00075241
19:47||836365500||629290||0.00075241
19:48||836365500||629289||0.00075241
19:49||836365500||629289||0.00075241
19:50||836365500||629290||0.00075241
19:51||836365500||629290||0.00075241
19:52||836365500||629290||0.00075241
19:53||836365500||629290||0.00075241
19:54||836365500||629289||0.00075241
19:55||836365500||629289||0.00075241
19:56||836365500||629289||0.00075241
19:57||836365500||629289||0.00075241
19:58||836365500||629289||0.00075241
19:59||836365500||629289||0.00075241
20:00||837197500||629295||0.00075241
20:01||838137500||630519||0.00075241
20:02||838247500||630627||0.00075241
20:03||838247500||630706||0.00075241
20:04||839223500||631798||0.00075241
20:05||839251000||632024||0.00075241
20:06||837523000||629354||0.00075241
20:07||838169000||629289||0.00075241
20:08||838275000||629498||0.00075241
20:09||837685500||631952||0.00075241
20:10||837685500||630282||0.00075241
20:11||837685500||630282||0.00075241
20:12||837685500||630282||0.00075241
20:13||837685500||630282||0.00075241
20:14||837685500||630282||0.00075241
20:15||837685500||630282||0.00075241
20:16||837685500||630282||0.00075241
20:17||837038500||629308||0.00075241
20:18||837024500||629308||0.00075241
20:19||836937000||630151||0.00075241
20:20||836949500||630151||0.00075241
20:21||836953500||629315||0.00075241
20:22||836400500||629315||0.00075241
20:23||835995000||629014||0.00075241
20:24||835755000||628646||0.00075241
20:25||836300000||629014||0.00075241
20:26||836300000||629466||0.00075241
20:27||836300000||629014||0.00075241
20:28||836284500||629466||0.00075241
20:29||836284500||629466||0.00075241
20:30||836444000||629257||0.00075241
20:31||836566500||629442||0.00075241
20:32||836567000||629439||0.00075241
20:33||836567000||629439||0.00075241
20:34||836319500||629439||0.00075241
20:35||836317500||629442||0.00075241
20:36||834677000||629014||0.00075241
20:37||836085500||629089||0.00075241
20:38||834938000||629442||0.00075241
20:39||836384500||629442||0.00075241
20:40||836206500||629442||0.00075241
20:41||836206500||629165||0.00075241
20:42||836206500||629165||0.00075241
20:43||836207500||629165||0.00075241
20:44||836208500||629166||0.00075241
20:45||836208500||629166||0.00075241
20:46||836207500||629165||0.00075241
20:47||835546000||628262||0.00075241
20:48||835546000||629083||0.00075241
20:49||835067000||627179||0.00075241
20:50||834975000||627179||0.00075241
20:51||835321500||627179||0.00075241
20:52||835598500||629048||0.00075241
20:53||835367500||627342||0.00075241
20:54||835353000||628528||0.00075241
20:55||834566000||627344||0.00075241
20:56||834397000||627345||0.00075241
20:57||834395000||627345||0.00075241
20:58||834714000||627345||0.00075241
20:59||830595500||623966||0.00075241
21:00||830647500||623966||0.00075241
21:01||830749500||624085||0.00075241
21:02||830864500||625929||0.00075241
21:03||830909000||624403||0.00075241
21:04||830936000||624403||0.00075241
21:05||830886500||624480||0.00075241
21:06||830899500||624500||0.00075241
21:07||830899500||624500||0.00075241
21:08||830899500||624500||0.00075241
21:09||830281500||624501||0.00075241
21:10||830282500||624501||0.00075241
21:11||830283500||624926||0.00075241
21:12||830256500||624926||0.00075241
21:13||830256500||624926||0.00075241
21:14||830761500||624926||0.00075241
21:15||830752500||625261||0.00075241
21:16||831011500||625261||0.00075241
21:17||831011500||625260||0.00075241
21:18||831011500||625260||0.00075241
21:19||831011500||625260||0.00075241
21:20||831011500||625260||0.00075241
21:21||831011500||625260||0.00075241
21:22||831011500||625261||0.00075241
21:23||831011500||625261||0.00075241
21:24||831455500||625260||0.00075241
21:25||831892500||625929||0.00075241
21:26||831892500||625929||0.00075241
21:27||831891500||625917||0.00075241
21:28||831443000||625929||0.00075241
21:29||831455500||625929||0.00075241
21:30||831450000||625252||0.00075241
21:31||831893000||627391||0.00075241
21:32||833381000||628089||0.00075241
21:33||833381000||628089||0.00075241
21:34||833371000||628089||0.00075241
21:35||833345500||628089||0.00075241
21:36||833328500||628089||0.00075241
21:37||833326000||628006||0.00075241
21:38||833330000||628006||0.00075241
21:39||833712500||628006||0.00075241
21:40||833712500||628006||0.00075241
21:41||833717500||628006||0.00075241
21:42||833717500||628006||0.00075241
21:43||833716500||626586||0.00075241
21:44||833821500||626586||0.00075241
21:45||833819500||626749||0.00075241
21:46||834643000||627999||0.00075241
21:47||834637500||627988||0.00075241
21:48||834637500||627988||0.00075241
21:49||834637500||627988||0.00075241
21:50||834630500||627979||0.00075241
21:51||834622500||627976||0.00075241
21:52||834622500||627977||0.00075241
21:53||833317500||627977||0.00075241
21:54||833317500||627977||0.00075241
21:55||833317500||627977||0.00075241
21:56||833125000||627977||0.00075241
21:57||833125000||626014||0.00075241
21:58||832587500||627676||0.00075241
21:59||832587500||627676||0.00075241
22:00||832644500||627676||0.00075241
22:01||832656500||627676||0.00075241
22:02||832657500||626060||0.00075241
22:03||833226500||626060||0.00075241
22:04||833716500||627676||0.00075241
22:05||833720500||627676||0.00075241
22:06||833720500||627676||0.00075241
22:07||833719000||626921||0.00075241
22:08||833719000||626921||0.00075241
22:09||833719000||626921||0.00075241
22:10||833747000||626921||0.00075241
22:11||834637000||626965||0.00075241
22:12||834768000||626965||0.00075241
22:13||835509000||629013||0.00075241
22:14||836838500||630278||0.00075241
22:15||836838500||630278||0.00075241
22:16||836833500||630278||0.00075241
22:17||836833500||630278||0.00075241
22:18||836421500||630278||0.00075241
22:19||836421500||630278||0.00075241
22:20||836706000||630283||0.00075241
22:21||836706500||630283||0.00075241
22:22||836706500||628809||0.00075241
22:23||835743500||628811||0.00075241
22:24||835743500||628811||0.00075241
22:25||836708500||630283||0.00075241
22:26||836708500||630283||0.00075241
22:27||836378500||629299||0.00075241
22:28||836378500||629299||0.00075241
22:29||836682500||629766||0.00075241
22:30||836991500||629766||0.00075241
22:31||836984500||629766||0.00075241
22:32||836415500||629752||0.00075241
22:33||836415500||629755||0.00075241
22:34||836413000||629752||0.00075241
22:35||836412500||629752||0.00075241
22:36||836412500||629752||0.00075241
22:37||836412500||629752||0.00075241
22:38||835972000||629752||0.00075241
22:39||835971500||629752||0.00075241
22:40||835973000||628898||0.00075241
22:41||836084500||628898||0.00075241
22:42||836084500||628898||0.00075241
22:43||836085000||628898||0.00075241
22:44||836084000||629065||0.00075241
22:45||835973000||628898||0.00075241
22:46||835973000||629090||0.00075241
22:47||835973000||629090||0.00075241
22:48||835973500||629090||0.00075241
22:49||835974000||628900||0.00075241
22:50||835974000||628900||0.00075241
22:51||837250000||629014||0.00075241
22:52||838100500||629165||0.00075241
22:53||841000000||633529||0.00075241
22:54||840999500||633529||0.00075241
22:55||840495500||633528||0.00075241
22:56||840491500||631266||0.00075241
22:57||841508500||631289||0.00075241
22:58||840491000||632791||0.00075241
22:59||840491000||632791||0.00075241
23:00||839551500||631271||0.00075241
23:01||839552500||632102||0.00075241
23:02||839552000||631272||0.00075241
23:03||839827000||631279||0.00075241
23:04||839826500||632101||0.00075241
23:05||839851500||632101||0.00075241
23:06||839800000||633514||0.00075241
23:07||839009500||630534||0.00075241
23:08||836675000||629165||0.00075241
23:09||838003000||632023||0.00075241
23:10||838001500||631271||0.00075241
23:11||837385000||631271||0.00075241
23:12||840020000||631271||0.00075241
23:13||840999500||631271||0.00075241
23:14||841489500||633529||0.00075241
23:15||842538500||633934||0.00075241
23:16||842999500||634281||0.00075241
23:17||843999500||634281||0.00075241
23:18||844400000||635259||0.00075241
23:19||844400500||635259||0.00075241
23:20||844599500||635410||0.00075241
23:21||844699500||635560||0.00075241
23:22||844699500||635560||0.00075241
23:23||844649500||635484||0.00075241
23:24||841978500||631535||0.00075241
23:25||842529000||635032||0.00075241
23:26||841065500||632821||0.00075241
23:27||841065500||632821||0.00075241
23:28||839566500||632821||0.00075241
23:29||840013500||632033||0.00075241
23:30||840013500||632034||0.00075241
23:31||840021500||632034||0.00075241
23:32||840021500||632034||0.00075241
23:33||841458500||634197||0.00075241
23:34||841488000||634197||0.00075241
23:35||841962000||634197||0.00075241
23:36||841992500||634195||0.00075241
23:37||841442500||632024||0.00075241
23:38||841434500||634195||0.00075241
23:39||841463500||634191||0.00075241
23:40||842021500||634191||0.00075241
23:41||842033500||632900||0.00075241
23:42||842081000||632900||0.00075241
23:43||841453000||632139||0.00075241
23:44||841554000||634055||0.00075241
23:45||841023500||634055||0.00075241
23:46||841272500||634055||0.00075241
23:47||841299000||634055||0.00075241
23:48||841319500||634055||0.00075241
23:49||841345000||632893||0.00075241
23:50||841365000||632937||0.00075241
23:51||841499500||632937||0.00075241
23:52||841499500||633152||0.00075241
23:53||842203000||633213||0.00075241
23:54||842449500||634190||0.00075241
23:55||843357000||634281||0.00075241
23:56||843446000||634281||0.00075241
23:57||843912500||634882||0.00075241
23:58||844799500||635635||0.00075241
23:59||845011500||635786||0.00075241
