00:00||876291000||661683||0.00075241
00:01||874586500||661683||0.00075241
00:02||874586500||661683||0.00075241
00:03||874586500||661683||0.00075241
00:04||874586500||661683||0.00075241
00:05||874586500||661683||0.00075241
00:06||874586500||661683||0.00075241
00:07||874586500||661683||0.00075241
00:08||874586500||661683||0.00075241
00:09||874584000||661683||0.00075241
00:10||874584000||661683||0.00075241
00:11||874584000||661683||0.00075241
00:12||874584000||661683||0.00075241
00:13||874584000||661683||0.00075241
00:14||874584000||661683||0.00075241
00:15||874584000||661683||0.00075241
00:16||876327000||659938||0.00075241
00:17||876327000||659938||0.00075241
00:18||876328000||659938||0.00075241
00:19||876328000||659938||0.00075241
00:20||876328000||659938||0.00075241
00:21||876328000||659938||0.00075241
00:22||876327500||659938||0.00075241
00:23||875843000||659938||0.00075241
00:24||875843000||659938||0.00075241
00:25||875843000||659938||0.00075241
00:26||874584000||658047||0.00075241
00:27||874584000||658047||0.00075241
00:28||874584000||658047||0.00075241
00:29||874583500||658047||0.00075241
00:30||876290500||660615||0.00075241
00:31||876290500||660615||0.00075241
00:32||876290500||660615||0.00075241
00:33||876290500||656842||0.00075241
00:34||875492000||656842||0.00075241
00:35||871906000||654785||0.00075241
00:36||871896000||654785||0.00075241
00:37||871896000||654785||0.00075241
00:38||871505500||654596||0.00075241
00:39||871505500||654596||0.00075241
00:40||873999500||660615||0.00075241
00:41||875496500||660615||0.00075241
00:42||875496500||660615||0.00075241
00:43||875496000||660615||0.00075241
00:44||875496000||660615||0.00075241
00:45||875495500||660615||0.00075241
00:46||875495500||660615||0.00075241
00:47||875493000||660615||0.00075241
00:48||875493000||660615||0.00075241
00:49||874000500||656802||0.00075241
00:50||873751000||656800||0.00075241
00:51||870844500||656800||0.00075241
00:52||870845000||655869||0.00075241
00:53||870847000||660239||0.00075241
00:54||870845500||660239||0.00075241
00:55||870967500||660239||0.00075241
00:56||873872500||655868||0.00075241
00:57||873875000||655868||0.00075241
00:58||873874500||655868||0.00075241
00:59||873874500||655868||0.00075241
01:00||873875000||655868||0.00075241
01:01||874091500||655868||0.00075241
01:02||874099500||655868||0.00075241
01:03||874578500||655844||0.00075241
01:04||874478500||655844||0.00075241
01:05||871675500||660087||0.00075241
01:06||871677500||660087||0.00075241
01:07||871677500||660087||0.00075241
01:08||871195500||655123||0.00075241
01:09||870704500||655123||0.00075241
01:10||870480000||655123||0.00075241
01:11||870256000||655123||0.00075241
01:12||870256000||655123||0.00075241
01:13||870256000||655123||0.00075241
01:14||870255500||655123||0.00075241
01:15||870255500||655123||0.00075241
01:16||870255500||654792||0.00075241
01:17||868222500||651726||0.00075241
01:18||868222500||651726||0.00075241
01:19||868265000||651726||0.00075241
01:20||868305500||651726||0.00075241
01:21||868630000||652339||0.00075241
01:22||869530000||652339||0.00075241
01:23||869530000||652339||0.00075241
01:24||869530000||652339||0.00075241
01:25||869530000||652339||0.00075241
01:26||869530000||652339||0.00075241
01:27||869530000||652339||0.00075241
01:28||869530000||652339||0.00075241
01:29||869530000||652339||0.00075241
01:30||869530000||652339||0.00075241
01:31||869530000||652339||0.00075241
01:32||863501000||650834||0.00075241
01:33||863501000||650834||0.00075241
01:34||863501000||650834||0.00075241
01:35||863501000||650834||0.00075241
01:36||863501000||650834||0.00075241
01:37||863501000||650834||0.00075241
01:38||863501000||650834||0.00075241
01:39||863501000||650834||0.00075241
01:40||863501000||650834||0.00075241
01:41||863501000||650834||0.00075241
01:42||863501000||650834||0.00075241
01:43||863501000||650834||0.00075241
01:44||863501000||650834||0.00075241
01:45||863501000||650834||0.00075241
01:46||863501000||650834||0.00075241
01:47||863501000||650834||0.00075241
01:48||863501000||650834||0.00075241
01:49||863501500||650834||0.00075241
01:50||863501500||650834||0.00075241
01:51||863501500||650834||0.00075241
01:52||867625000||650834||0.00075241
01:53||867625000||654784||0.00075241
01:54||867625000||654784||0.00075241
01:55||867625000||654784||0.00075241
01:56||867625000||654784||0.00075241
01:57||867620000||654784||0.00075241
01:58||867620000||654784||0.00075241
01:59||867620000||654784||0.00075241
02:00||868120000||654784||0.00075241
02:01||868120000||654784||0.00075241
02:02||868120500||654784||0.00075241
02:03||868120500||654784||0.00075241
02:04||868153000||654784||0.00075241
02:05||868153500||654784||0.00075241
02:06||868620000||654784||0.00075241
02:07||868153500||654784||0.00075241
02:08||868153500||654784||0.00075241
02:09||868153500||654784||0.00075241
02:10||868153500||654784||0.00075241
02:11||868153500||654784||0.00075241
02:12||868153500||654784||0.00075241
02:13||868153500||654784||0.00075241
02:14||868153500||654784||0.00075241
02:15||868153500||654784||0.00075241
02:16||868153500||654784||0.00075241
02:17||868153500||654784||0.00075241
02:18||868153500||654784||0.00075241
02:19||868153500||654784||0.00075241
02:20||868153500||654784||0.00075241
02:21||868153500||654784||0.00075241
02:22||868153500||654784||0.00075241
02:23||868153500||654784||0.00075241
02:24||868153500||654784||0.00075241
02:25||868153500||654784||0.00075241
02:26||868153500||654784||0.00075241
02:27||868153500||654784||0.00075241
02:28||868153500||654784||0.00075241
02:29||868153500||654784||0.00075241
02:30||868153500||654784||0.00075241
02:31||868153500||654784||0.00075241
02:32||868153500||654784||0.00075241
02:33||868153500||654784||0.00075241
02:34||868153500||654784||0.00075241
02:35||868159000||654784||0.00075241
02:36||868159000||654784||0.00075241
02:37||868159000||654784||0.00075241
02:38||868159000||654784||0.00075241
02:39||868659000||654784||0.00075241
02:40||868659000||654784||0.00075241
02:41||868659000||654784||0.00075241
02:42||868659000||654784||0.00075241
02:43||868659000||654784||0.00075241
02:44||868659000||654784||0.00075241
02:45||868659000||654784||0.00075241
02:46||868659000||654784||0.00075241
02:47||869125000||654784||0.00075241
02:48||869125000||654784||0.00075241
02:49||869125000||654784||0.00075241
02:50||869125000||654784||0.00075241
02:51||869125000||654784||0.00075241
02:52||869125000||654784||0.00075241
02:53||869125000||654784||0.00075241
02:54||869125000||654784||0.00075241
02:55||869125000||654784||0.00075241
02:56||869125000||654784||0.00075241
02:57||869125000||654784||0.00075241
02:58||869125000||654784||0.00075241
02:59||869125000||654784||0.00075241
03:00||869125000||654784||0.00075241
03:01||869125000||654784||0.00075241
03:02||869125000||654784||0.00075241
03:03||869125000||654784||0.00075241
03:04||869125500||654784||0.00075241
03:05||869125500||654784||0.00075241
03:06||869125500||654784||0.00075241
03:07||869000500||654784||0.00075241
03:08||869125500||654784||0.00075241
03:09||869125500||654784||0.00075241
03:10||869125500||654784||0.00075241
03:11||869125500||654784||0.00075241
03:12||869125500||654784||0.00075241
03:13||870005500||656101||0.00075241
03:14||870005500||656101||0.00075241
03:15||870005500||656101||0.00075241
03:16||874773500||656139||0.00075241
03:17||874773500||656139||0.00075241
03:18||874773500||656139||0.00075241
03:19||874773500||656139||0.00075241
03:20||875273500||656139||0.00075241
03:21||875273500||656139||0.00075241
03:22||875273500||656139||0.00075241
03:23||875273500||656139||0.00075241
03:24||875273500||656139||0.00075241
03:25||875273500||656139||0.00075241
03:26||875273500||656139||0.00075241
03:27||875273500||656139||0.00075241
03:28||875273500||656139||0.00075241
03:29||875276000||656139||0.00075241
03:30||875276000||656139||0.00075241
03:31||875276000||660237||0.00075241
03:32||875275500||660237||0.00075241
03:33||875276000||660237||0.00075241
03:34||875276000||660237||0.00075241
03:35||875298000||660237||0.00075241
03:36||875752500||660236||0.00075241
03:37||875998000||660236||0.00075241
03:38||877248000||660236||0.00075241
03:39||877496500||660236||0.00075241
03:40||877496500||660236||0.00075241
03:41||877747000||660236||0.00075241
03:42||877747000||660236||0.00075241
03:43||877748500||660614||0.00075241
03:44||877748500||660614||0.00075241
03:45||877749500||660615||0.00075241
03:46||877749500||660615||0.00075241
03:47||877749500||660615||0.00075241
03:48||877749500||660615||0.00075241
03:49||877749000||660615||0.00075241
03:50||877749000||660615||0.00075241
03:51||877749000||660615||0.00075241
03:52||877749000||660615||0.00075241
03:53||877749000||660615||0.00075241
03:54||877699500||660540||0.00075241
03:55||877699500||660540||0.00075241
03:56||877700000||660540||0.00075241
03:57||877699500||660540||0.00075241
03:58||877699500||660540||0.00075241
03:59||877699500||660540||0.00075241
04:00||877699500||660539||0.00075241
04:01||877699500||660539||0.00075241
04:02||877695000||660539||0.00075241
04:03||877694500||660539||0.00075241
04:04||877694500||660539||0.00075241
04:05||877694000||660239||0.00075241
04:06||877689500||660239||0.00075241
04:07||877689500||660239||0.00075241
04:08||877689000||660239||0.00075241
04:09||877689000||660239||0.00075241
04:10||877689000||660239||0.00075241
04:11||877689000||660239||0.00075241
04:12||877439500||659863||0.00075241
04:13||877435000||660518||0.00075241
04:14||877425000||660518||0.00075241
04:15||877400000||660518||0.00075241
04:16||877333000||660390||0.00075241
04:17||877300000||660390||0.00075241
04:18||877227500||660315||0.00075241
04:19||877000500||660315||0.00075241
04:20||877000500||660315||0.00075241
04:21||877000500||660315||0.00075241
04:22||877000500||660315||0.00075241
04:23||877000500||660315||0.00075241
04:24||877000500||660315||0.00075241
04:25||877000500||660315||0.00075241
04:26||877000500||660315||0.00075241
04:27||877000500||660315||0.00075241
04:28||877000500||660315||0.00075241
04:29||876501000||659111||0.00075241
04:30||876451000||659111||0.00075241
04:31||876451000||659111||0.00075241
04:32||876451000||659111||0.00075241
04:33||876451000||659111||0.00075241
04:34||876451000||659112||0.00075241
04:35||876451000||659112||0.00075241
04:36||876501000||659112||0.00075241
04:37||876501500||659112||0.00075241
04:38||876501500||659863||0.00075241
04:39||876501500||659863||0.00075241
04:40||876491500||659863||0.00075241
04:41||876491500||659863||0.00075241
04:42||876491500||659863||0.00075241
04:43||876491500||659863||0.00075241
04:44||876491500||659863||0.00075241
04:45||876481000||659832||0.00075241
04:46||876486000||659111||0.00075241
04:47||874182500||657982||0.00075241
04:48||874182500||657982||0.00075241
04:49||873523000||657613||0.00075241
04:50||873523000||657613||0.00075241
04:51||873523000||656896||0.00075241
04:52||871969000||659013||0.00075241
04:53||871401000||659013||0.00075241
04:54||871401000||658158||0.00075241
04:55||871417000||658158||0.00075241
04:56||871467500||658158||0.00075241
04:57||871517000||658158||0.00075241
04:58||873500000||660615||0.00075241
04:59||873500000||660615||0.00075241
05:00||873500000||660615||0.00075241
05:01||873639000||660825||0.00075241
05:02||873639000||660825||0.00075241
05:03||873639000||660825||0.00075241
05:04||873639000||660825||0.00075241
05:05||873639000||660825||0.00075241
05:06||873639000||660825||0.00075241
05:07||873638500||660825||0.00075241
05:08||873639000||660825||0.00075241
05:09||874139000||660825||0.00075241
05:10||874139000||660825||0.00075241
05:11||875000000||662120||0.00075241
05:12||875000000||662120||0.00075241
05:13||877449500||662120||0.00075241
05:14||877450000||662120||0.00075241
05:15||877450000||662120||0.00075241
05:16||877424500||662120||0.00075241
05:17||877428500||662081||0.00075241
05:18||877429500||662081||0.00075241
05:19||875377500||658291||0.00075241
05:20||875377500||658291||0.00075241
05:21||875377500||658291||0.00075241
05:22||875375000||658291||0.00075241
05:23||875873000||658291||0.00075241
05:24||878200000||659739||0.00075241
05:25||877500000||659739||0.00075241
05:26||877500000||659739||0.00075241
05:27||877500000||659863||0.00075241
05:28||877500000||659863||0.00075241
05:29||877500000||660615||0.00075241
05:30||877500000||660615||0.00075241
05:31||877500000||660615||0.00075241
05:32||877500000||660615||0.00075241
05:33||877500000||660615||0.00075241
05:34||877500000||660615||0.00075241
05:35||877500000||660615||0.00075241
05:36||877500000||660615||0.00075241
05:37||878000500||661368||0.00075241
05:38||879671000||663880||0.00075241
05:39||880169500||663880||0.00075241
05:40||881169500||663880||0.00075241
05:41||881000000||663880||0.00075241
05:42||881000000||663880||0.00075241
05:43||881000000||663880||0.00075241
05:44||881045000||663625||0.00075241
05:45||882280000||662188||0.00075241
05:46||882325000||665476||0.00075241
05:47||882339000||665476||0.00075241
05:48||882835000||663023||0.00075241
05:49||883001000||663625||0.00075241
05:50||883001000||663625||0.00075241
05:51||883001000||663625||0.00075241
05:52||883000500||663625||0.00075241
05:53||883000500||663625||0.00075241
05:54||883000000||665128||0.00075241
05:55||882980000||665128||0.00075241
05:56||882980000||663627||0.00075241
05:57||882980000||663627||0.00075241
05:58||882956500||663627||0.00075241
05:59||883455500||665063||0.00075241
06:00||883455500||665063||0.00075241
06:01||883455500||665063||0.00075241
06:02||883000500||665063||0.00075241
06:03||883000500||664378||0.00075241
06:04||882501500||663627||0.00075241
06:05||882502000||663627||0.00075241
06:06||882502000||663627||0.00075241
06:07||882502000||663627||0.00075241
06:08||882502000||663627||0.00075241
06:09||882491500||663627||0.00075241
06:10||882501500||663627||0.00075241
06:11||882491500||663627||0.00075241
06:12||882491500||663627||0.00075241
06:13||882491500||664362||0.00075241
06:14||882491500||664362||0.00075241
06:15||882491500||664362||0.00075241
06:16||882491500||664362||0.00075241
06:17||882491500||664362||0.00075241
06:18||882491500||664362||0.00075241
06:19||882491500||664362||0.00075241
06:20||882491500||664362||0.00075241
06:21||882491500||664362||0.00075241
06:22||882491500||664362||0.00075241
06:23||882491500||664362||0.00075241
06:24||882347000||664145||0.00075241
06:25||882347000||663627||0.00075241
06:26||882347000||664145||0.00075241
06:27||882002500||663627||0.00075241
06:28||882002500||659864||0.00075241
06:29||879502500||659864||0.00075241
06:30||879502500||659864||0.00075241
06:31||879450500||659864||0.00075241
06:32||879057000||659864||0.00075241
06:33||879056000||659864||0.00075241
06:34||880610000||659864||0.00075241
06:35||880610000||662203||0.00075241
06:36||880610000||662203||0.00075241
06:37||880610000||662203||0.00075241
06:38||880610000||662955||0.00075241
06:39||880610000||662955||0.00075241
06:40||880610000||662955||0.00075241
06:41||880610000||662955||0.00075241
06:42||880610000||662955||0.00075241
06:43||880610000||662955||0.00075241
06:44||880610000||662955||0.00075241
06:45||880610000||662955||0.00075241
06:46||880610000||662955||0.00075241
06:47||880610000||662955||0.00075241
06:48||880610000||662955||0.00075241
06:49||878055000||653845||0.00075241
06:50||877555000||653845||0.00075241
06:51||878055000||653845||0.00075241
06:52||874935000||658358||0.00075241
06:53||869505500||654598||0.00075241
06:54||869505500||654598||0.00075241
06:55||869505500||654598||0.00075241
06:56||874504500||662120||0.00075241
06:57||874499500||662120||0.00075241
06:58||874500000||662113||0.00075241
06:59||874500000||662113||0.00075241
07:00||874501000||662113||0.00075241
07:01||874501500||662113||0.00075241
07:02||874502000||662113||0.00075241
07:03||874348000||662045||0.00075241
07:04||874411000||661720||0.00075241
07:05||873676500||661720||0.00075241
07:06||872941500||661720||0.00075241
07:07||874563000||661720||0.00075241
07:08||873093000||661720||0.00075241
07:09||875004500||662045||0.00075241
07:10||874935500||661901||0.00075241
07:11||874846000||661901||0.00075241
07:12||873077500||661901||0.00075241
07:13||871901000||662044||0.00075241
07:14||871901000||662044||0.00075241
07:15||874567500||661217||0.00075241
07:16||875067500||661217||0.00075241
07:17||875067500||661217||0.00075241
07:18||875071500||661217||0.00075241
07:19||875217000||661217||0.00075241
07:20||875217500||661217||0.00075241
07:21||876940000||661217||0.00075241
07:22||875440000||660901||0.00075241
07:23||875440500||660901||0.00075241
07:24||875440500||660901||0.00075241
07:25||875440500||660901||0.00075241
07:26||875500500||660901||0.00075241
07:27||875500500||660901||0.00075241
07:28||875500500||660901||0.00075241
07:29||875500500||660992||0.00075241
07:30||875502500||660992||0.00075241
07:31||875252500||660992||0.00075241
07:32||875254500||660992||0.00075241
07:33||875375500||660992||0.00075241
07:34||875500000||660992||0.00075241
07:35||875500500||660992||0.00075241
07:36||875500500||660992||0.00075241
07:37||875750500||660615||0.00075241
07:38||876750000||660615||0.00075241
07:39||876750500||660615||0.00075241
07:40||876751000||660615||0.00075241
07:41||876900500||661217||0.00075241
07:42||877498500||662111||0.00075241
07:43||877498500||662111||0.00075241
07:44||879987500||662111||0.00075241
07:45||879987500||662111||0.00075241
07:46||879988500||662111||0.00075241
07:47||881444500||664302||0.00075241
07:48||881484000||664302||0.00075241
07:49||881449500||664362||0.00075241
07:50||881449000||664302||0.00075241
07:51||881489500||664302||0.00075241
07:52||881490000||664302||0.00075241
07:53||881040500||663625||0.00075241
07:54||881440500||663625||0.00075241
07:55||882650000||664227||0.00075241
07:56||882740000||664302||0.00075241
07:57||882750000||664362||0.00075241
07:58||882750000||664362||0.00075241
07:59||882000000||665128||0.00075241
08:00||883950500||668064||0.00075241
08:01||885700000||668064||0.00075241
08:02||885656000||667998||0.00075241
08:03||887312000||667998||0.00075241
08:04||885612000||667998||0.00075241
08:05||884754500||666641||0.00075241
08:06||884758500||666641||0.00075241
08:07||886955500||668067||0.00075241
08:08||886231500||668067||0.00075241
08:09||886723000||668067||0.00075241
08:10||886727500||665882||0.00075241
08:11||886729000||668806||0.00075241
08:12||887285500||668808||0.00075241
08:13||887235500||669637||0.00075241
08:14||886443000||668050||0.00075241
08:15||892272000||674568||0.00075241
08:16||891960000||673406||0.00075241
08:17||890492500||670382||0.00075241
08:18||890492500||670382||0.00075241
08:19||890443500||670308||0.00075241
08:20||890445500||670308||0.00075241
08:21||890446000||670308||0.00075241
08:22||890881500||670308||0.00075241
08:23||890881500||670308||0.00075241
08:24||890881500||670308||0.00075241
08:25||890446000||670308||0.00075241
08:26||890446000||670308||0.00075241
08:27||890446000||670308||0.00075241
08:28||890446000||670308||0.00075241
08:29||890984500||671118||0.00075241
08:30||890011500||671118||0.00075241
08:31||890984500||671148||0.00075241
08:32||890980000||671118||0.00075241
08:33||890980000||671118||0.00075241
08:34||890980000||671118||0.00075241
08:35||890519500||671118||0.00075241
08:36||890411000||671118||0.00075241
08:37||890411000||671118||0.00075241
08:38||890411000||671118||0.00075241
08:39||890411000||670262||0.00075241
08:40||890411000||670262||0.00075241
08:41||890001500||670262||0.00075241
08:42||890001500||670262||0.00075241
08:43||890001500||670262||0.00075241
08:44||890001500||669646||0.00075241
08:45||890001500||669646||0.00075241
08:46||890001500||669646||0.00075241
08:47||890001500||669645||0.00075241
08:48||890001500||669645||0.00075241
08:49||890001500||669646||0.00075241
08:50||890001500||669646||0.00075241
08:51||890001500||669646||0.00075241
08:52||890001500||669646||0.00075241
08:53||890001500||669646||0.00075241
08:54||890501000||670396||0.00075241
08:55||890504500||670397||0.00075241
08:56||889777000||668556||0.00075241
08:57||889677000||668556||0.00075241
08:58||889629500||668556||0.00075241
08:59||889629500||668556||0.00075241
09:00||889265000||668560||0.00075241
09:01||889477000||668560||0.00075241
09:02||889527000||668560||0.00075241
09:03||889527000||668560||0.00075241
09:04||889458500||668556||0.00075241
09:05||889458500||668556||0.00075241
09:06||888554500||668556||0.00075241
09:07||888554500||668556||0.00075241
09:08||888570500||668556||0.00075241
09:09||888551500||669870||0.00075241
09:10||888551500||669870||0.00075241
09:11||888425000||668554||0.00075241
09:12||885976000||668554||0.00075241
09:13||888425000||668478||0.00075241
09:14||888400500||668478||0.00075241
09:15||888400500||668478||0.00075241
09:16||888400500||668441||0.00075241
09:17||888400500||668441||0.00075241
09:18||888400500||668441||0.00075241
09:19||888400500||668441||0.00075241
09:20||888400500||668441||0.00075241
09:21||888400500||668441||0.00075241
09:22||888400500||668441||0.00075241
09:23||888400500||668441||0.00075241
09:24||888400500||668441||0.00075241
09:25||888400500||668441||0.00075241
09:26||888400500||668441||0.00075241
09:27||888400500||668441||0.00075241
09:28||888400500||668441||0.00075241
09:29||888400500||668441||0.00075241
09:30||888400500||668441||0.00075241
09:31||888400500||668441||0.00075241
09:32||888400500||668441||0.00075241
09:33||888400500||668441||0.00075241
09:34||888400500||668441||0.00075241
09:35||888725500||668471||0.00075241
09:36||888725500||668471||0.00075241
09:37||889425500||668892||0.00075241
09:38||889425500||668892||0.00075241
09:39||889225500||668892||0.00075241
09:40||889225500||668892||0.00075241
09:41||889260500||668892||0.00075241
09:42||889765500||669644||0.00075241
09:43||889765500||669644||0.00075241
09:44||889765500||669644||0.00075241
09:45||889765500||669644||0.00075241
09:46||889765500||669644||0.00075241
09:47||889765500||669644||0.00075241
09:48||889777500||669644||0.00075241
09:49||889777500||669644||0.00075241
09:50||889777500||669644||0.00075241
09:51||889777500||669310||0.00075241
09:52||889777500||669310||0.00075241
09:53||889900000||669310||0.00075241
09:54||889900000||669644||0.00075241
09:55||889777500||669310||0.00075241
09:56||889777500||669310||0.00075241
09:57||889777500||669310||0.00075241
09:58||889715000||669310||0.00075241
09:59||889715500||669310||0.00075241
10:00||889715000||669310||0.00075241
10:01||889937000||669644||0.00075241
10:02||889937000||669644||0.00075241
10:03||889937000||669644||0.00075241
10:04||890484000||670395||0.00075241
10:05||890484000||670380||0.00075241
10:06||890472500||669637||0.00075241
10:07||889990500||669637||0.00075241
10:08||889990500||669637||0.00075241
10:09||889990500||669637||0.00075241
10:10||889990500||669637||0.00075241
10:11||889990500||669637||0.00075241
10:12||889990500||669638||0.00075241
10:13||889990500||669638||0.00075241
10:14||889990500||669638||0.00075241
10:15||889990500||669638||0.00075241
10:16||889990500||669638||0.00075241
10:17||889990500||669638||0.00075241
10:18||889990500||669638||0.00075241
10:19||889990500||669638||0.00075241
10:20||889990500||669638||0.00075241
10:21||889990500||669638||0.00075241
10:22||889990500||669638||0.00075241
10:23||889990500||669638||0.00075241
10:24||889990500||669638||0.00075241
10:25||889990500||669638||0.00075241
10:26||889990500||669637||0.00075241
10:27||889990500||669638||0.00075241
10:28||889990500||669638||0.00075241
10:29||889990500||669638||0.00075241
10:30||889990500||669638||0.00075241
10:31||889990500||669638||0.00075241
10:32||889990500||669638||0.00075241
10:33||889990500||669638||0.00075241
10:34||889990500||669638||0.00075241
10:35||889990500||669638||0.00075241
10:36||889990500||669638||0.00075241
10:37||889990500||669637||0.00075241
10:38||889990500||669637||0.00075241
10:39||889990500||669637||0.00075241
10:40||889990500||669637||0.00075241
10:41||889990500||669637||0.00075241
10:42||889990500||669637||0.00075241
10:43||889990500||669637||0.00075241
10:44||889990500||669637||0.00075241
10:45||889990500||669637||0.00075241
10:46||889990500||669637||0.00075241
10:47||889995000||669644||0.00075241
10:48||889999500||669644||0.00075241
10:49||890304000||670021||0.00075241
10:50||891886500||671148||0.00075241
10:51||891901500||671148||0.00075241
10:52||891902000||671149||0.00075241
10:53||891902000||671002||0.00075241
10:54||891902000||671149||0.00075241
10:55||891902000||671149||0.00075241
10:56||891902000||671149||0.00075241
10:57||891902000||671002||0.00075241
10:58||893860000||674159||0.00075241
10:59||893860000||674159||0.00075241
11:00||893860000||674159||0.00075241
11:01||895820500||674029||0.00075241
11:02||895820500||674024||0.00075241
11:03||895820500||674024||0.00075241
11:04||895820500||674024||0.00075241
11:05||895820500||674024||0.00075241
11:06||895820500||674024||0.00075241
11:07||895820500||674024||0.00075241
11:08||895820500||674024||0.00075241
11:09||895000500||674011||0.00075241
11:10||895000500||673406||0.00075241
11:11||895000500||673406||0.00075241
11:12||895000500||673406||0.00075241
11:13||895000500||673406||0.00075241
11:14||895000500||673406||0.00075241
11:15||895000500||673406||0.00075241
11:16||895000500||673406||0.00075241
11:17||895000500||673406||0.00075241
11:18||895000500||673406||0.00075241
11:19||895000500||673406||0.00075241
11:20||895000500||673407||0.00075241
11:21||895000500||673407||0.00075241
11:22||895000500||673407||0.00075241
11:23||895000500||673407||0.00075241
11:24||895000500||673407||0.00075241
11:25||895000500||673407||0.00075241
11:26||895000500||673407||0.00075241
11:27||895000500||673407||0.00075241
11:28||895000500||673407||0.00075241
11:29||895000500||673407||0.00075241
11:30||895000500||673406||0.00075241
11:31||895000500||673407||0.00075241
11:32||895000500||673407||0.00075241
11:33||894000500||671902||0.00075241
11:34||894000500||671902||0.00075241
11:35||894000500||671902||0.00075241
11:36||894000500||671902||0.00075241
11:37||893673000||671902||0.00075241
11:38||893637000||671902||0.00075241
11:39||893637500||671902||0.00075241
11:40||893637000||671902||0.00075241
11:41||893000500||671902||0.00075241
11:42||893000500||671902||0.00075241
11:43||893000500||671902||0.00075241
11:44||893000500||671902||0.00075241
11:45||893000500||671902||0.00075241
11:46||893000500||671902||0.00075241
11:47||893000500||671902||0.00075241
11:48||893000500||671902||0.00075241
11:49||893000500||671902||0.00075241
11:50||893000500||671902||0.00075241
11:51||892390000||671884||0.00075241
11:52||891804500||671884||0.00075241
11:53||890787000||669637||0.00075241
11:54||890802500||670809||0.00075241
11:55||890057500||670809||0.00075241
11:56||890818000||670809||0.00075241
11:57||890818000||670809||0.00075241
11:58||890818000||670809||0.00075241
11:59||890864500||670809||0.00075241
12:00||890895000||670809||0.00075241
12:01||890957500||670809||0.00075241
12:02||890959500||670835||0.00075241
12:03||891583500||670835||0.00075241
12:04||891585500||670840||0.00075241
12:05||891780000||670835||0.00075241
12:06||890766000||669637||0.00075241
12:07||890734500||669637||0.00075241
12:08||890240000||670757||0.00075241
12:09||889990500||669638||0.00075241
12:10||889990500||669637||0.00075241
12:11||889990500||669637||0.00075241
12:12||889990500||669637||0.00075241
12:13||889990500||669637||0.00075241
12:14||885585500||662873||0.00075241
12:15||884229000||663008||0.00075241
12:16||884228000||667596||0.00075241
12:17||887864500||666574||0.00075241
12:18||887749500||666574||0.00075241
12:19||887714500||666574||0.00075241
12:20||885919500||666574||0.00075241
12:21||885919500||666574||0.00075241
12:22||885919500||666574||0.00075241
12:23||885919500||666574||0.00075241
12:24||885919500||666574||0.00075241
12:25||885919500||666575||0.00075241
12:26||883514000||662880||0.00075241
12:27||882654000||662880||0.00075241
12:28||882709500||662880||0.00075241
12:29||882709500||662880||0.00075241
12:30||883445500||662880||0.00075241
12:31||883697500||662880||0.00075241
12:32||883870500||662880||0.00075241
12:33||883870500||663781||0.00075241
12:34||883870500||666284||0.00075241
12:35||883870000||666284||0.00075241
12:36||883904000||666284||0.00075241
12:37||884001500||666283||0.00075241
12:38||885532500||666283||0.00075241
12:39||885532500||666283||0.00075241
12:40||885532500||666283||0.00075241
12:41||885532500||666283||0.00075241
12:42||885532500||666283||0.00075241
12:43||885724000||666572||0.00075241
12:44||885724000||666572||0.00075241
12:45||885724000||669493||0.00075241
12:46||889407500||669493||0.00075241
12:47||889407500||669493||0.00075241
12:48||889407500||669493||0.00075241
12:49||889407500||669493||0.00075241
12:50||889407000||669493||0.00075241
12:51||889403000||668904||0.00075241
12:52||885055500||663781||0.00075241
12:53||885055500||667953||0.00075241
12:54||885109500||663977||0.00075241
12:55||883990500||663977||0.00075241
12:56||883990500||663977||0.00075241
12:57||883990500||663977||0.00075241
12:58||883986000||664139||0.00075241
12:59||884063500||664179||0.00075241
13:00||884113000||664179||0.00075241
13:01||884112500||664179||0.00075241
13:02||884160000||666098||0.00075241
13:03||884206000||666098||0.00075241
13:04||884205500||666098||0.00075241
13:05||884205500||666098||0.00075241
13:06||884202500||666098||0.00075241
13:07||884202500||666093||0.00075241
13:08||884202500||666093||0.00075241
13:09||884202500||666093||0.00075241
13:10||884202500||666093||0.00075241
13:11||884202500||666093||0.00075241
13:12||885143000||665887||0.00075241
13:13||885143000||665887||0.00075241
13:14||885143000||665887||0.00075241
13:15||885143000||665887||0.00075241
13:16||885279500||666092||0.00075241
13:17||885279500||666092||0.00075241
13:18||885279500||666092||0.00075241
13:19||885279500||666093||0.00075241
13:20||885868500||666111||0.00075241
13:21||888041000||666111||0.00075241
13:22||889090500||669486||0.00075241
13:23||889090500||669486||0.00075241
13:24||889398500||669486||0.00075241
13:25||889398500||668897||0.00075241
13:26||889398500||669486||0.00075241
13:27||889398500||669486||0.00075241
13:28||889398500||669486||0.00075241
13:29||889393500||669486||0.00075241
13:30||889393500||669486||0.00075241
13:31||889393500||669479||0.00075241
13:32||889008500||669479||0.00075241
13:33||888120000||667533||0.00075241
13:34||885277500||666636||0.00075241
13:35||884779000||666636||0.00075241
13:36||884779000||666636||0.00075241
13:37||884297500||664616||0.00075241
13:38||885134500||664616||0.00075241
13:39||885131000||668884||0.00075241
13:40||885135000||666086||0.00075241
13:41||886899000||668740||0.00075241
13:42||887148000||668740||0.00075241
13:43||886850000||666016||0.00075241
13:44||886850000||666016||0.00075241
13:45||886500000||668140||0.00075241
13:46||886999000||668884||0.00075241
13:47||887178500||668884||0.00075241
13:48||887179000||668884||0.00075241
13:49||887887500||670020||0.00075241
13:50||887775000||670020||0.00075241
13:51||887581500||665876||0.00075241
13:52||886955500||665876||0.00075241
13:53||886867000||665876||0.00075241
13:54||886905500||665876||0.00075241
13:55||886905500||665876||0.00075241
13:56||886905500||665876||0.00075241
13:57||886923500||665880||0.00075241
13:58||886924500||665880||0.00075241
13:59||887225000||665880||0.00075241
14:00||887225500||666334||0.00075241
14:01||887325500||668779||0.00075241
14:02||887376000||668779||0.00075241
14:03||887959500||668831||0.00075241
14:04||887959500||667387||0.00075241
14:05||887959500||667387||0.00075241
14:06||886964000||667387||0.00075241
14:07||887079500||668830||0.00075241
14:08||886621000||666064||0.00075241
14:09||886529000||668064||0.00075241
14:10||885172500||665999||0.00075241
14:11||885092500||665882||0.00075241
14:12||885165500||665880||0.00075241
14:13||881505000||663625||0.00075241
14:14||881505500||663625||0.00075241
14:15||881555500||663625||0.00075241
14:16||881605500||663625||0.00075241
14:17||881999500||663625||0.00075241
14:18||881999500||663625||0.00075241
14:19||881999500||663625||0.00075241
14:20||881999500||663625||0.00075241
14:21||881999500||663624||0.00075241
14:22||881999500||663624||0.00075241
14:23||881999500||663624||0.00075241
14:24||881999500||663624||0.00075241
14:25||881611000||663040||0.00075241
14:26||881507500||662884||0.00075241
14:27||881507500||662884||0.00075241
14:28||881507500||662884||0.00075241
14:29||884325000||666620||0.00075241
14:30||885126500||666620||0.00075241
14:31||885121500||666620||0.00075241
14:32||885118000||666605||0.00075241
14:33||885116000||665336||0.00075241
14:34||885151500||665330||0.00075241
14:35||884350500||666603||0.00075241
14:36||883858000||666484||0.00075241
14:37||884551500||666484||0.00075241
14:38||884648000||666484||0.00075241
14:39||884648500||666484||0.00075241
14:40||884648500||666484||0.00075241
14:41||884391500||666484||0.00075241
14:42||884781500||666484||0.00075241
14:43||884836000||666484||0.00075241
14:44||883347500||662884||0.00075241
14:45||882690000||662884||0.00075241
14:46||882668500||662884||0.00075241
14:47||882668500||662884||0.00075241
14:48||883302000||666325||0.00075241
14:49||883303000||666325||0.00075241
14:50||883303000||666325||0.00075241
14:51||883353000||666325||0.00075241
14:52||883353500||666325||0.00075241
14:53||883353500||666325||0.00075241
14:54||883353500||666325||0.00075241
14:55||883411000||666325||0.00075241
14:56||882943000||663124||0.00075241
14:57||882992500||663248||0.00075241
14:58||883015500||663248||0.00075241
14:59||883043000||663248||0.00075241
15:00||883048000||663248||0.00075241
15:01||883058000||663248||0.00075241
15:02||883743000||663248||0.00075241
15:03||883746500||664378||0.00075241
15:04||883937000||665496||0.00075241
15:05||883937000||665496||0.00075241
15:06||884419000||666259||0.00075241
15:07||884397000||666259||0.00075241
15:08||884238500||664393||0.00075241
15:09||884434000||666319||0.00075241
15:10||885536000||666285||0.00075241
15:11||884434000||666285||0.00075241
15:12||884176000||666285||0.00075241
15:13||884176000||666285||0.00075241
15:14||884169500||666285||0.00075241
15:15||884013500||666285||0.00075241
15:16||883806000||665887||0.00075241
15:17||883989500||665887||0.00075241
15:18||883989500||665887||0.00075241
15:19||883938000||665887||0.00075241
15:20||883938000||664669||0.00075241
15:21||883644000||664669||0.00075241
15:22||883700000||664669||0.00075241
15:23||884499500||666258||0.00075241
15:24||884984500||666257||0.00075241
15:25||884984500||666257||0.00075241
15:26||884984500||666257||0.00075241
15:27||884974000||666257||0.00075241
15:28||884471500||666257||0.00075241
15:29||884471500||665485||0.00075241
15:30||884471500||665485||0.00075241
15:31||884471500||665485||0.00075241
15:32||884471500||665485||0.00075241
15:33||884471500||665485||0.00075241
15:34||884984500||666257||0.00075241
15:35||884985000||666257||0.00075241
15:36||884985000||666257||0.00075241
15:37||885086000||666409||0.00075241
15:38||885086000||666409||0.00075241
15:39||885086000||666409||0.00075241
15:40||885343000||666409||0.00075241
15:41||885372000||666409||0.00075241
15:42||885372000||666409||0.00075241
15:43||885058500||665927||0.00075241
15:44||884472500||665485||0.00075241
15:45||884761000||665485||0.00075241
15:46||884761000||665485||0.00075241
15:47||884761000||665485||0.00075241
15:48||885086000||666409||0.00075241
15:49||885073500||666409||0.00075241
15:50||884480500||666409||0.00075241
15:51||884472500||666409||0.00075241
15:52||884472500||666409||0.00075241
15:53||884472500||666409||0.00075241
15:54||884472500||666409||0.00075241
15:55||884472500||666409||0.00075241
15:56||884472500||666409||0.00075241
15:57||883646500||665486||0.00075241
15:58||883068000||665486||0.00075241
15:59||883020000||665486||0.00075241
16:00||883004000||664378||0.00075241
16:01||882210500||664378||0.00075241
16:02||882205500||664378||0.00075241
16:03||882205500||664378||0.00075241
16:04||881705500||663784||0.00075241
16:05||881681000||662986||0.00075241
16:06||881614000||662884||0.00075241
16:07||881601500||663765||0.00075241
16:08||881296500||663765||0.00075241
16:09||881085500||663765||0.00075241
16:10||881081500||663765||0.00075241
16:11||881048500||662884||0.00075241
16:12||881000500||662874||0.00075241
16:13||879700000||661368||0.00075241
16:14||878963500||661368||0.00075241
16:15||878963500||661368||0.00075241
16:16||878755500||661368||0.00075241
16:17||878755500||661368||0.00075241
16:18||878756000||661368||0.00075241
16:19||878779500||660281||0.00075241
16:20||878781500||660284||0.00075241
16:21||878891500||660284||0.00075241
16:22||877930000||666409||0.00075241
16:23||881928500||660845||0.00075241
16:24||881663000||666076||0.00075241
16:25||881095500||666076||0.00075241
16:26||881095500||666076||0.00075241
16:27||880850500||660845||0.00075241
16:28||880850500||660845||0.00075241
16:29||879567000||660845||0.00075241
16:30||879567000||660845||0.00075241
16:31||879578000||660845||0.00075241
16:32||880825000||664637||0.00075241
16:33||880605500||664307||0.00075241
16:34||880605500||664307||0.00075241
16:35||881453000||664307||0.00075241
16:36||880252500||660314||0.00075241
16:37||882453000||660314||0.00075241
16:38||882500000||664378||0.00075241
16:39||882500000||664378||0.00075241
16:40||882747500||664378||0.00075241
16:41||882745000||664378||0.00075241
16:42||882745000||664378||0.00075241
16:43||882745000||664378||0.00075241
16:44||882500000||663625||0.00075241
16:45||882500000||663625||0.00075241
16:46||882490000||663625||0.00075241
16:47||882477500||663625||0.00075241
16:48||882477500||663625||0.00075241
16:49||882953500||663625||0.00075241
16:50||882953500||663625||0.00075241
16:51||882953500||663625||0.00075241
16:52||882953500||663625||0.00075241
16:53||882953500||663625||0.00075241
16:54||882953500||663625||0.00075241
16:55||882953500||663625||0.00075241
16:56||880281500||660366||0.00075241
16:57||880270500||660366||0.00075241
16:58||880169500||660366||0.00075241
16:59||880070000||660366||0.00075241
17:00||879220000||660366||0.00075241
17:01||879220000||660427||0.00075241
17:02||879220000||660427||0.00075241
17:03||879220000||660427||0.00075241
17:04||879220000||660427||0.00075241
17:05||879220000||660427||0.00075241
17:06||879233500||662639||0.00075241
17:07||879220000||660427||0.00075241
17:08||879233500||662639||0.00075241
17:09||879233500||662639||0.00075241
17:10||879233500||662639||0.00075241
17:11||879233500||662639||0.00075241
17:12||879233500||662639||0.00075241
17:13||879233500||660448||0.00075241
17:14||875608500||659261||0.00075241
17:15||875608500||659259||0.00075241
17:16||875255000||659259||0.00075241
17:17||875230500||659259||0.00075241
17:18||875147000||658358||0.00075241
17:19||873586500||656102||0.00075241
17:20||873470000||656101||0.00075241
17:21||871662500||655593||0.00075241
17:22||871662500||655593||0.00075241
17:23||871663500||656101||0.00075241
17:24||871663500||656101||0.00075241
17:25||871663500||656101||0.00075241
17:26||871663500||655595||0.00075241
17:27||873213000||655595||0.00075241
17:28||873548000||655595||0.00075241
17:29||873548000||655595||0.00075241
17:30||873684500||658433||0.00075241
17:31||873684500||658433||0.00075241
17:32||874565000||658433||0.00075241
17:33||874565000||658433||0.00075241
17:34||874310000||658433||0.00075241
17:35||874290500||658433||0.00075241
17:36||874290500||658433||0.00075241
17:37||874290500||657600||0.00075241
17:38||874290500||657600||0.00075241
17:39||873429500||657600||0.00075241
17:40||873429500||657600||0.00075241
17:41||872268500||656303||0.00075241
17:42||872134500||656303||0.00075241
17:43||871999500||656101||0.00075241
17:44||871999500||656100||0.00075241
17:45||871999500||656100||0.00075241
17:46||871999500||656100||0.00075241
17:47||871999500||656100||0.00075241
17:48||871999500||656101||0.00075241
17:49||871999500||656101||0.00075241
17:50||871999500||656100||0.00075241
17:51||871995500||656100||0.00075241
17:52||871995500||656097||0.00075241
17:53||871991000||656088||0.00075241
17:54||871983500||656089||0.00075241
17:55||871971500||656089||0.00075241
17:56||871983000||656089||0.00075241
17:57||871587500||655484||0.00075241
17:58||871340500||656097||0.00075241
17:59||871340500||656097||0.00075241
18:00||871350000||655725||0.00075241
18:01||871350000||655725||0.00075241
18:02||871750000||655725||0.00075241
18:03||876009000||659117||0.00075241
18:04||876011000||659118||0.00075241
18:05||877397000||659120||0.00075241
18:06||879999500||662120||0.00075241
18:07||879999500||662120||0.00075241
18:08||879999500||662120||0.00075241
18:09||879994500||662120||0.00075241
18:10||879994500||662120||0.00075241
18:11||879994500||662120||0.00075241
18:12||883263000||666544||0.00075241
18:13||883263000||666544||0.00075241
18:14||884990000||666544||0.00075241
18:15||884096500||665202||0.00075241
18:16||884096000||665202||0.00075241
18:17||884096000||665202||0.00075241
18:18||884088500||665202||0.00075241
18:19||884072500||665202||0.00075241
18:20||884072500||665202||0.00075241
18:21||884072500||665202||0.00075241
18:22||884072500||665202||0.00075241
18:23||884072500||665191||0.00075241
18:24||879531000||665177||0.00075241
18:25||878590000||663523||0.00075241
18:26||878590000||663523||0.00075241
18:27||878672000||663523||0.00075241
18:28||881432000||663523||0.00075241
18:29||881432000||663523||0.00075241
18:30||881000500||663523||0.00075241
18:31||881000500||662873||0.00075241
18:32||881000500||662873||0.00075241
18:33||881000500||662873||0.00075241
18:34||881000500||662873||0.00075241
18:35||881000500||662873||0.00075241
18:36||881000500||662873||0.00075241
18:37||880975500||662873||0.00075241
18:38||880975500||662873||0.00075241
18:39||880975500||662873||0.00075241
18:40||880975000||662873||0.00075241
18:41||880975000||662873||0.00075241
18:42||881000500||662873||0.00075241
18:43||881000500||662873||0.00075241
18:44||881000500||662873||0.00075241
18:45||881000500||663625||0.00075241
18:46||881632500||663625||0.00075241
18:47||881632500||663625||0.00075241
18:48||882672500||663625||0.00075241
18:49||882672500||663625||0.00075241
18:50||883680500||666635||0.00075241
18:51||884775000||664791||0.00075241
18:52||884414500||667718||0.00075241
18:53||887220000||663073||0.00075241
18:54||886442500||663159||0.00075241
18:55||883737000||663159||0.00075241
18:56||884975000||666635||0.00075241
18:57||884950500||666635||0.00075241
18:58||884975000||665845||0.00075241
18:59||884975000||665845||0.00075241
19:00||884950500||665845||0.00075241
19:01||884950500||665845||0.00075241
19:02||884950500||665845||0.00075241
19:03||884950500||665845||0.00075241
19:04||884950500||665845||0.00075241
19:05||884950500||665845||0.00075241
19:06||884950500||665845||0.00075241
19:07||883506000||665845||0.00075241
19:08||883696500||665845||0.00075241
19:09||883697000||665802||0.00075241
19:10||883697000||665802||0.00075241
19:11||883721000||665802||0.00075241
19:12||883721000||665802||0.00075241
19:13||883721000||665802||0.00075241
19:14||883721000||665802||0.00075241
19:15||883750500||664082||0.00075241
19:16||883796500||665802||0.00075241
19:17||883796000||665802||0.00075241
19:18||882894000||665802||0.00075241
19:19||882999500||665802||0.00075241
19:20||882999500||665802||0.00075241
19:21||882999500||665802||0.00075241
19:22||882999500||665802||0.00075241
19:23||882999500||665802||0.00075241
19:24||882999500||665802||0.00075241
19:25||882999500||664377||0.00075241
19:26||882999500||664377||0.00075241
19:27||882999500||664377||0.00075241
19:28||882999500||664377||0.00075241
19:29||882999500||664377||0.00075241
19:30||882999500||664377||0.00075241
19:31||882999500||664377||0.00075241
19:32||882999500||664377||0.00075241
19:33||882999500||664377||0.00075241
19:34||882999500||664377||0.00075241
19:35||882999500||664377||0.00075241
19:36||882999500||664385||0.00075241
19:37||882999500||664378||0.00075241
19:38||882999500||664378||0.00075241
19:39||882999500||664378||0.00075241
19:40||882999500||664378||0.00075241
19:41||882999500||664378||0.00075241
19:42||882999500||664378||0.00075241
19:43||882999500||664378||0.00075241
19:44||882999500||664378||0.00075241
19:45||882999500||664378||0.00075241
19:46||882999500||664378||0.00075241
19:47||882999500||664378||0.00075241
19:48||883005000||664378||0.00075241
19:49||883005000||664378||0.00075241
19:50||883006500||664387||0.00075241
19:51||883005500||664387||0.00075241
19:52||883005500||664387||0.00075241
19:53||883005500||664387||0.00075241
19:54||883005500||664387||0.00075241
19:55||883006500||664387||0.00075241
19:56||883975500||665845||0.00075241
19:57||883975500||665845||0.00075241
19:58||883975000||665845||0.00075241
20:00||883750000||665845||0.00075241
20:01||883750000||665506||0.00075241
20:02||880488000||662837||0.00075241
20:03||880480500||662837||0.00075241
20:04||880480500||662837||0.00075241
20:05||880261000||662837||0.00075241
20:06||880261000||662837||0.00075241
20:07||880104000||662837||0.00075241
20:08||880005500||662837||0.00075241
20:09||880005500||662837||0.00075241
20:10||877937500||662120||0.00075241
20:11||877974000||659072||0.00075241
20:12||876964500||662120||0.00075241
20:13||877895000||658944||0.00075241
20:14||877996000||658944||0.00075241
20:15||877997000||658944||0.00075241
20:16||878447500||662120||0.00075241
20:17||878447500||662120||0.00075241
20:18||877999500||662120||0.00075241
20:19||877999500||662120||0.00075241
20:20||877999500||662120||0.00075241
20:21||878000000||662120||0.00075241
20:22||878000500||662120||0.00075241
20:23||878001000||662120||0.00075241
20:24||878001000||662120||0.00075241
20:25||877002000||662120||0.00075241
20:26||877002000||662120||0.00075241
20:27||877002000||660617||0.00075241
20:28||877001500||660617||0.00075241
20:29||877001500||660617||0.00075241
20:30||877795000||660617||0.00075241
20:31||877795000||660617||0.00075241
20:32||877500500||660617||0.00075241
20:33||877500500||660616||0.00075241
20:34||877500500||660616||0.00075241
20:35||877500500||660616||0.00075241
20:36||877500500||660616||0.00075241
20:37||877997000||660616||0.00075241
20:38||877997000||660616||0.00075241
20:39||880001000||660617||0.00075241
20:40||880001000||660617||0.00075241
20:41||882101500||664378||0.00075241
20:42||883950500||664378||0.00075241
20:43||883077000||665845||0.00075241
20:44||883077000||665845||0.00075241
20:45||883969500||665845||0.00075241
20:46||883974500||665845||0.00075241
20:47||883974500||664376||0.00075241
20:48||883974000||664376||0.00075241
20:49||883499000||664376||0.00075241
20:50||883100500||664465||0.00075241
20:51||883101500||664465||0.00075241
20:52||883543000||665129||0.00075241
20:53||883082500||664444||0.00075241
20:54||883035500||664444||0.00075241
20:55||883035500||664444||0.00075241
20:56||883035500||664444||0.00075241
20:57||883035000||664444||0.00075241
20:58||883104500||664444||0.00075241
20:59||883494000||664460||0.00075241
21:00||883494500||665130||0.00075241
21:01||883536500||665130||0.00075241
21:02||883536500||665130||0.00075241
21:03||883536500||665130||0.00075241
21:04||883536500||665130||0.00075241
21:05||883536500||665130||0.00075241
21:06||883536500||665130||0.00075241
21:07||883536500||665130||0.00075241
21:08||883536500||665130||0.00075241
21:09||883491000||665130||0.00075241
21:10||883491000||665130||0.00075241
21:11||883090500||665130||0.00075241
21:12||883031000||664432||0.00075241
21:13||883031000||664432||0.00075241
21:14||883050000||664398||0.00075241
21:15||883050000||664398||0.00075241
21:16||883048000||664396||0.00075241
21:17||882955000||664432||0.00075241
21:18||882036500||664432||0.00075241
21:19||882036500||664432||0.00075241
21:20||882036500||664432||0.00075241
21:21||882451000||662873||0.00075241
21:22||881000500||662120||0.00075241
21:23||881000500||662120||0.00075241
21:24||880427000||663625||0.00075241
21:25||880429000||662764||0.00075241
21:26||881430000||662121||0.00075241
21:27||881000500||663625||0.00075241
21:28||881000000||663625||0.00075241
21:29||881000000||663625||0.00075241
21:30||881000500||662121||0.00075241
21:31||881000500||662121||0.00075241
21:32||880999500||662121||0.00075241
21:33||880999500||663624||0.00075241
21:34||880506000||661384||0.00075241
21:35||879511500||662122||0.00075241
21:36||879511500||662122||0.00075241
21:37||879511500||662122||0.00075241
21:38||879511500||662122||0.00075241
21:39||879511500||661384||0.00075241
21:40||876011000||661384||0.00075241
21:41||876014000||661384||0.00075241
21:42||876018500||656859||0.00075241
21:43||874459500||659022||0.00075241
21:44||874472500||659025||0.00075241
21:45||876029000||659025||0.00075241
21:46||876037500||661366||0.00075241
21:47||875537500||660614||0.00075241
21:48||875547500||660614||0.00075241
21:49||875535000||656908||0.00075241
21:50||875755500||660355||0.00075241
21:51||877000500||654634||0.00075241
21:52||875575000||662120||0.00075241
21:53||875307000||662120||0.00075241
21:54||875000000||662120||0.00075241
21:55||874536500||662120||0.00075241
21:56||875018500||659863||0.00075241
21:57||875002000||656853||0.00075241
21:58||875249500||659862||0.00075241
21:59||874500500||657230||0.00075241
22:00||875490500||657230||0.00075241
22:01||874500500||656101||0.00075241
22:02||874450500||659863||0.00075241
22:03||873500500||659111||0.00075241
22:04||873452500||658283||0.00075241
22:05||873438500||658283||0.00075241
22:06||873032500||656105||0.00075241
22:07||873013500||656105||0.00075241
22:08||873013500||657606||0.00075241
22:09||873005000||656105||0.00075241
22:10||873002500||656105||0.00075241
22:11||872939000||656105||0.00075241
22:12||872939500||656105||0.00075241
22:13||872011500||656106||0.00075241
22:14||873007000||657604||0.00075241
22:15||873998000||657605||0.00075241
22:16||873308500||657605||0.00075241
22:17||873029500||657605||0.00075241
22:18||873999500||657605||0.00075241
22:19||873030500||656147||0.00075241
22:20||872737000||656147||0.00075241
22:21||872734000||657164||0.00075241
22:22||873386500||657164||0.00075241
22:23||873393000||657164||0.00075241
22:24||873393000||657164||0.00075241
22:25||872730000||657164||0.00075241
22:26||872730000||657164||0.00075241
22:27||872730000||657164||0.00075241
22:28||872910000||657164||0.00075241
22:29||872924500||657153||0.00075241
22:30||872924500||657153||0.00075241
22:31||872924000||657153||0.00075241
22:32||872923500||657153||0.00075241
22:33||872923500||657153||0.00075241
22:34||872923500||657153||0.00075241
22:35||872923500||657153||0.00075241
22:36||872925500||657153||0.00075241
22:37||872451500||657153||0.00075241
22:38||872451500||657153||0.00075241
22:39||872451500||657153||0.00075241
22:40||872451500||656441||0.00075241
22:41||865386500||652340||0.00075241
22:42||865388500||651410||0.00075241
22:43||865388500||651410||0.00075241
22:44||865388500||651410||0.00075241
22:45||865383000||647297||0.00075241
22:46||863035500||647303||0.00075241
22:47||862653500||647303||0.00075241
22:48||857782000||644062||0.00075241
22:49||855267000||643518||0.00075241
22:50||857789000||643503||0.00075241
22:51||857649000||647299||0.00075241
22:52||859994500||643534||0.00075241
22:53||859999500||643534||0.00075241
22:54||859999500||647072||0.00075241
22:55||859999500||647072||0.00075241
22:56||859999500||647072||0.00075241
22:57||859999500||647072||0.00075241
22:58||857695500||643534||0.00075241
22:59||855494500||643685||0.00075241
23:00||855501500||643686||0.00075241
23:01||855506500||643687||0.00075241
23:02||857750000||647071||0.00075241
23:03||857749500||647071||0.00075241
23:04||857840500||647071||0.00075241
23:05||860151500||647298||0.00075241
23:06||862696500||647298||0.00075241
23:07||862696000||647298||0.00075241
23:08||863126500||650833||0.00075241
23:09||865761500||651410||0.00075241
23:10||869752500||651410||0.00075241
23:11||869690000||651410||0.00075241
23:12||869431500||655078||0.00075241
23:13||868702500||655078||0.00075241
23:14||868512500||655078||0.00075241
23:15||868223500||653695||0.00075241
23:16||862658500||650769||0.00075241
23:17||862702500||650769||0.00075241
23:18||862706000||650769||0.00075241
23:19||862706000||650769||0.00075241
23:20||862706000||650769||0.00075241
23:21||862706000||650769||0.00075241
23:22||862106000||650769||0.00075241
23:23||867803000||655950||0.00075241
23:24||867801500||655950||0.00075241
23:25||869275500||655950||0.00075241
23:26||869172500||655950||0.00075241
23:27||868342500||655870||0.00075241
23:28||868343000||655870||0.00075241
23:29||867434500||647305||0.00075241
23:30||862754500||654596||0.00075241
23:31||862755500||650840||0.00075241
23:32||862755000||650840||0.00075241
23:33||857997000||647297||0.00075241
23:34||858103500||647297||0.00075241
23:35||856851500||647459||0.00075241
23:36||856856000||645579||0.00075241
23:37||863844500||645579||0.00075241
23:38||863789500||645579||0.00075241
23:39||863507000||645579||0.00075241
23:40||861424500||645579||0.00075241
23:41||864859000||645553||0.00075241
23:42||859433500||650727||0.00075241
23:43||858985000||650727||0.00075241
23:44||858987000||648552||0.00075241
23:45||858952000||644062||0.00075241
23:46||856848000||645567||0.00075241
23:47||856848000||645567||0.00075241
23:48||856848000||645567||0.00075241
23:49||856848000||645567||0.00075241
23:50||857425000||645567||0.00075241
23:51||857425000||645567||0.00075241
23:52||857425000||645567||0.00075241
23:53||857425000||645567||0.00075241
23:54||857425000||645567||0.00075241
23:55||857425000||645567||0.00075241
23:56||857425000||645567||0.00075241
23:57||856848000||645567||0.00075241
23:58||856848000||645567||0.00075241
23:59||857425000||645567||0.00075241
