00:00||613492500||461231||0.00075241
00:01||614022500||461231||0.00075241
00:02||614004000||461231||0.00075241
00:03||613984000||461231||0.00075241
00:04||613984000||461231||0.00075241
00:05||613984000||461231||0.00075241
00:06||613984000||461231||0.00075241
00:07||614023500||461231||0.00075241
00:08||613984500||461231||0.00075241
00:09||613984500||462704||0.00075241
00:10||613984000||462704||0.00075241
00:11||613984500||462704||0.00075241
00:12||613984000||462704||0.00075241
00:13||613984000||462704||0.00075241
00:14||613984000||462704||0.00075241
00:15||613984000||462704||0.00075241
00:16||613984000||462704||0.00075241
00:17||613984000||462704||0.00075241
00:18||613984000||462704||0.00075241
00:19||613984000||462704||0.00075241
00:20||613984000||462704||0.00075241
00:21||613984000||462704||0.00075241
00:22||612030500||460550||0.00075241
00:23||611793000||460464||0.00075241
00:24||613000000||459722||0.00075241
00:25||610944000||459722||0.00075241
00:26||610944000||459722||0.00075241
00:27||610944000||459722||0.00075241
00:28||612944000||459638||0.00075241
00:29||612944000||459638||0.00075241
00:30||612944000||459638||0.00075241
00:31||612944000||459638||0.00075241
00:32||612944000||462732||0.00075241
00:33||612944000||462732||0.00075241
00:34||612944000||462732||0.00075241
00:35||612944000||462732||0.00075241
00:36||612944000||462732||0.00075241
00:37||612944000||462732||0.00075241
00:38||612944000||462732||0.00075241
00:39||611944000||462732||0.00075241
00:40||611944000||462732||0.00075241
00:41||611944000||462732||0.00075241
00:42||611944000||462732||0.00075241
00:43||611944000||462732||0.00075241
00:44||610750000||458970||0.00075241
00:45||610750000||458970||0.00075241
00:46||610750000||458970||0.00075241
00:47||605075500||456713||0.00075241
00:48||605075500||456713||0.00075241
00:49||605038000||455208||0.00075241
00:50||602769500||455265||0.00075241
00:51||605038000||455265||0.00075241
00:52||605038000||455265||0.00075241
00:53||602819000||455208||0.00075241
00:54||600516000||451868||0.00075241
00:55||600516000||451868||0.00075241
00:56||603755500||453327||0.00075241
00:57||603755500||455208||0.00075241
00:58||603000500||453703||0.00075241
00:59||604012500||453703||0.00075241
01:00||603026500||453723||0.00075241
01:01||604179500||453723||0.00075241
01:02||607592000||455265||0.00075241
01:03||607592000||455265||0.00075241
01:04||607592000||455265||0.00075241
01:05||607592000||455265||0.00075241
01:06||607592000||455265||0.00075241
01:07||607592000||455265||0.00075241
01:08||607640500||455265||0.00075241
01:09||607640500||455265||0.00075241
01:10||607640500||455265||0.00075241
01:11||610140500||455265||0.00075241
01:12||610140500||455265||0.00075241
01:13||610140500||455265||0.00075241
01:14||610100000||460474||0.00075241
01:15||611080000||460474||0.00075241
01:16||615305000||462734||0.00075241
01:17||616801500||463110||0.00075241
01:18||616801500||463110||0.00075241
01:19||616801500||463110||0.00075241
01:20||616801500||464987||0.00075241
01:21||616801000||464987||0.00075241
01:22||616801000||464987||0.00075241
01:23||616800000||464987||0.00075241
01:24||616799000||464987||0.00075241
01:25||616303000||464987||0.00075241
01:26||616303000||464236||0.00075241
01:27||615606500||464236||0.00075241
01:28||615606500||464236||0.00075241
01:29||615606500||463188||0.00075241
01:30||612056000||463188||0.00075241
01:31||612056000||463188||0.00075241
01:32||611570500||463188||0.00075241
01:33||611041500||463188||0.00075241
01:34||610559500||463188||0.00075241
01:35||610559500||463188||0.00075241
01:36||611068500||463188||0.00075241
01:37||611144500||463188||0.00075241
01:38||612051500||463188||0.00075241
01:39||611052500||463188||0.00075241
01:40||611041500||463188||0.00075241
01:41||608292500||463188||0.00075241
01:42||609196000||459722||0.00075241
01:43||610500000||459722||0.00075241
01:44||610510000||459722||0.00075241
01:45||610531000||459722||0.00075241
01:46||606202000||459722||0.00075241
01:47||608345500||459722||0.00075241
01:48||609233000||459722||0.00075241
01:49||610500000||459722||0.00075241
01:50||610500000||459722||0.00075241
01:51||612068500||459722||0.00075241
01:52||614504500||461979||0.00075241
01:53||612607500||461979||0.00075241
01:54||612264500||461979||0.00075241
01:55||611497000||460474||0.00075241
01:56||611497000||460474||0.00075241
01:57||611005000||460474||0.00075241
01:58||611005000||460474||0.00075241
01:59||611005000||460474||0.00075241
02:00||611005000||460474||0.00075241
02:01||611981000||460474||0.00075241
02:02||612480000||460474||0.00075241
02:03||611005000||461212||0.00075241
02:04||612000000||461212||0.00075241
02:05||612619500||461212||0.00075241
02:06||612500000||461212||0.00075241
02:07||612490000||461212||0.00075241
02:08||611506000||461212||0.00075241
02:09||611980000||461212||0.00075241
02:10||611005000||461212||0.00075241
02:11||611000500||461212||0.00075241
02:12||611005000||461212||0.00075241
02:13||610412000||459120||0.00075241
02:14||607684000||458970||0.00075241
02:15||605321000||455707||0.00075241
02:16||604468000||455680||0.00075241
02:17||605122500||455680||0.00075241
02:18||605133500||455680||0.00075241
02:19||605627500||455680||0.00075241
02:20||605292000||455679||0.00075241
02:21||605291000||455679||0.00075241
02:22||605291000||455679||0.00075241
02:23||605291000||455679||0.00075241
02:24||605297000||455679||0.00075241
02:25||605297000||455679||0.00075241
02:26||605297000||455679||0.00075241
02:27||605297000||455679||0.00075241
02:28||608532000||455645||0.00075241
02:29||608932500||455645||0.00075241
02:30||609089500||455645||0.00075241
02:31||609089500||455645||0.00075241
02:32||609300000||455645||0.00075241
02:33||609487500||455645||0.00075241
02:34||609705000||459722||0.00075241
02:35||612546500||460474||0.00075241
02:36||608939000||460474||0.00075241
02:37||609337000||460474||0.00075241
02:38||609680000||460474||0.00075241
02:39||610036500||460474||0.00075241
02:40||610268000||460474||0.00075241
02:41||611018500||460474||0.00075241
02:42||611317000||460474||0.00075241
02:43||611570000||460474||0.00075241
02:44||611767000||460474||0.00075241
02:45||611954500||460474||0.00075241
02:46||612099000||460474||0.00075241
02:47||612172500||461200||0.00075241
02:48||612172500||461200||0.00075241
02:49||612172500||461200||0.00075241
02:50||612172500||460008||0.00075241
02:51||608475500||460008||0.00075241
02:52||608569500||460008||0.00075241
02:53||609954000||460008||0.00075241
02:54||610112500||460008||0.00075241
02:55||610284000||460008||0.00075241
02:56||610387000||460008||0.00075241
02:57||610473000||460008||0.00075241
02:58||610545000||460008||0.00075241
02:59||610689000||460008||0.00075241
03:00||607411000||458845||0.00075241
03:01||607537500||458845||0.00075241
03:02||607641500||458845||0.00075241
03:03||607809000||458845||0.00075241
03:04||611140000||458254||0.00075241
03:05||611412500||458254||0.00075241
03:06||611631000||458254||0.00075241
03:07||611814000||458254||0.00075241
03:08||611885000||458254||0.00075241
03:09||611885000||458254||0.00075241
03:10||611885000||459586||0.00075241
03:11||608078500||459586||0.00075241
03:12||608170500||459586||0.00075241
03:13||607948500||459586||0.00075241
03:14||607752000||459586||0.00075241
03:15||605560000||456168||0.00075241
03:16||605490000||455208||0.00075241
03:17||604725000||455208||0.00075241
03:18||608581500||455162||0.00075241
03:19||608110500||455162||0.00075241
03:20||607693000||455162||0.00075241
03:21||607863500||455162||0.00075241
03:22||608007500||455162||0.00075241
03:23||607848500||455162||0.00075241
03:24||607876500||455162||0.00075241
03:25||607695000||455162||0.00075241
03:26||607534000||455162||0.00075241
03:27||605358500||456209||0.00075241
03:28||602488500||453703||0.00075241
03:29||602508500||453703||0.00075241
03:30||602498500||453703||0.00075241
03:31||607391000||453700||0.00075241
03:32||606868000||453700||0.00075241
03:33||600099000||451721||0.00075241
03:34||600299500||451446||0.00075241
03:35||600299500||451446||0.00075241
03:36||600299500||451446||0.00075241
03:37||600299500||451446||0.00075241
03:38||600299500||451446||0.00075241
03:39||600299500||451446||0.00075241
03:40||600299500||451446||0.00075241
03:41||600299500||451446||0.00075241
03:42||600299500||451446||0.00075241
03:43||600299500||451446||0.00075241
03:44||600299500||451446||0.00075241
03:45||600299500||451446||0.00075241
03:46||600299500||451896||0.00075241
03:47||600299500||451896||0.00075241
03:48||600299500||451896||0.00075241
03:49||600299500||451446||0.00075241
03:50||600299500||451446||0.00075241
03:51||600299500||451446||0.00075241
03:52||600299500||451446||0.00075241
03:53||600299500||451446||0.00075241
03:54||600299500||451446||0.00075241
03:55||600299500||451446||0.00075241
03:56||600299500||451446||0.00075241
03:57||600299500||451446||0.00075241
03:58||600299500||451446||0.00075241
03:59||600299500||451446||0.00075241
04:00||600299500||451446||0.00075241
04:01||600299500||451446||0.00075241
04:02||600299500||451446||0.00075241
04:03||599300500||449941||0.00075241
04:04||599251000||449941||0.00075241
04:05||599251000||449941||0.00075241
04:06||597756000||447691||0.00075241
04:07||597756000||447691||0.00075241
04:08||597756000||447691||0.00075241
04:09||597756000||447691||0.00075241
04:10||597756000||447691||0.00075241
04:11||597756000||447691||0.00075241
04:12||597756000||447691||0.00075241
04:13||597755500||447691||0.00075241
04:14||597755500||447691||0.00075241
04:15||597755500||447691||0.00075241
04:16||597755500||447691||0.00075241
04:17||597755500||447691||0.00075241
04:18||597755500||447692||0.00075241
04:19||597755500||447692||0.00075241
04:20||597805500||447692||0.00075241
04:21||594744500||443085||0.00075241
04:22||595091500||443436||0.00075241
04:23||595202500||443436||0.00075241
04:24||595920000||443436||0.00075241
04:25||596460500||443436||0.00075241
04:26||600598500||443436||0.00075241
04:27||600598500||443436||0.00075241
04:28||600598500||443436||0.00075241
04:29||600598500||443436||0.00075241
04:30||600598500||443436||0.00075241
04:31||600598500||443436||0.00075241
04:32||607262500||451898||0.00075241
04:33||607263000||451898||0.00075241
04:34||607377500||451898||0.00075241
04:35||607377500||451898||0.00075241
04:36||607377500||451898||0.00075241
04:37||606900500||451898||0.00075241
04:38||606899000||451898||0.00075241
04:39||606898500||451898||0.00075241
04:40||606898000||451898||0.00075241
04:41||606898000||451898||0.00075241
04:42||606895500||451898||0.00075241
04:43||606895500||451898||0.00075241
04:44||606895500||451898||0.00075241
04:45||607389500||451898||0.00075241
04:46||608163000||451898||0.00075241
04:47||608867000||460467||0.00075241
04:48||609050500||460467||0.00075241
04:49||609051500||460467||0.00075241
04:50||609051500||460467||0.00075241
04:51||609051500||460467||0.00075241
04:52||601883000||443983||0.00075241
04:53||608978500||443983||0.00075241
04:54||608978500||443983||0.00075241
04:55||608978500||443983||0.00075241
04:56||609158000||443983||0.00075241
04:57||609158000||443983||0.00075241
04:58||609157500||456215||0.00075241
04:59||603576000||456215||0.00075241
05:00||605120000||456215||0.00075241
05:01||604866500||456215||0.00075241
05:02||605540500||455270||0.00075241
05:03||600131500||455270||0.00075241
05:04||601115000||455270||0.00075241
05:05||602017000||455270||0.00075241
05:06||602687500||455270||0.00075241
05:07||602742000||455270||0.00075241
05:08||603511000||453721||0.00075241
05:09||604508500||454455||0.00075241
05:10||603109000||455208||0.00075241
05:11||603337500||455208||0.00075241
05:12||603741500||455208||0.00075241
05:13||604045500||455208||0.00075241
05:14||604345500||453416||0.00075241
05:15||604178500||456076||0.00075241
05:16||604568500||456076||0.00075241
05:17||604895500||456076||0.00075241
05:18||604879500||456712||0.00075241
05:19||605241500||456712||0.00075241
05:20||604879500||456712||0.00075241
05:21||604798500||456712||0.00075241
05:22||600060000||449188||0.00075241
05:23||602506500||452950||0.00075241
05:24||601530000||452950||0.00075241
05:25||601703500||452950||0.00075241
05:26||601372000||452950||0.00075241
05:27||601040500||452198||0.00075241
05:28||601683500||453703||0.00075241
05:29||601591500||453703||0.00075241
05:30||601784000||451794||0.00075241
05:31||601531000||451794||0.00075241
05:32||601501000||451794||0.00075241
05:33||601500000||451794||0.00075241
05:34||601500000||451794||0.00075241
05:35||601500000||451794||0.00075241
05:36||600500000||451794||0.00075241
05:37||600500000||451794||0.00075241
05:38||600750000||451794||0.00075241
05:39||600750000||451794||0.00075241
05:40||600750000||451794||0.00075241
05:41||601598000||452198||0.00075241
05:42||601250000||452198||0.00075241
05:43||601625000||452198||0.00075241
05:44||601625000||452950||0.00075241
05:45||601550000||452950||0.00075241
05:46||601550000||452950||0.00075241
05:47||601050000||451446||0.00075241
05:48||599800000||448521||0.00075241
05:49||599123500||448521||0.00075241
05:50||599550000||449219||0.00075241
05:51||599551000||449219||0.00075241
05:52||598801000||449640||0.00075241
05:53||596560000||447684||0.00075241
05:54||596730500||448030||0.00075241
05:55||595731500||448030||0.00075241
05:56||597105000||447698||0.00075241
05:57||597306000||449197||0.00075241
05:58||597100000||449188||0.00075241
05:59||593878500||447683||0.00075241
06:00||594119000||449181||0.00075241
06:01||594387500||445338||0.00075241
06:02||594309000||445801||0.00075241
06:03||594544000||448510||0.00075241
06:04||594698000||446218||0.00075241
06:05||594549000||446218||0.00075241
06:06||594762000||446218||0.00075241
06:07||593509000||446194||0.00075241
06:08||594527500||446931||0.00075241
06:09||593983500||446931||0.00075241
06:10||595653500||448436||0.00075241
06:11||598898000||449641||0.00075241
06:12||598803500||449856||0.00075241
06:13||599683000||451174||0.00075241
06:14||596820000||451427||0.00075241
06:15||598560500||449324||0.00075241
06:16||599500000||449324||0.00075241
06:17||599500000||451446||0.00075241
06:18||599500000||451446||0.00075241
06:19||599500000||451446||0.00075241
06:20||599500000||451446||0.00075241
06:21||599500000||451446||0.00075241
06:22||599500000||451446||0.00075241
06:23||600249500||451446||0.00075241
06:24||600000500||451446||0.00075241
06:25||600000500||451446||0.00075241
06:26||600000500||451446||0.00075241
06:27||600000500||451446||0.00075241
06:28||600000500||451446||0.00075241
06:29||598041000||449188||0.00075241
06:30||597216500||448610||0.00075241
06:31||595999000||447685||0.00075241
06:32||592097500||441815||0.00075241
06:33||591916000||441815||0.00075241
06:34||593197000||444899||0.00075241
06:35||593619500||444899||0.00075241
06:36||593119500||444899||0.00075241
06:37||593305000||444899||0.00075241
06:38||593624000||444899||0.00075241
06:39||593500000||447683||0.00075241
06:40||593675500||444895||0.00075241
06:41||593250000||444895||0.00075241
06:42||592051500||444751||0.00075241
06:43||592216500||444751||0.00075241
06:44||592364500||444751||0.00075241
06:45||592081500||444751||0.00075241
06:46||589500000||443921||0.00075241
06:47||589500500||443921||0.00075241
06:48||589500500||443921||0.00075241
06:49||589500500||443921||0.00075241
06:50||589490500||443921||0.00075241
06:51||589500500||443921||0.00075241
06:52||589500500||443921||0.00075241
06:53||589500500||443921||0.00075241
06:54||589000500||443170||0.00075241
06:55||589000500||443169||0.00075241
06:56||591000000||443921||0.00075241
06:57||591501000||446931||0.00075241
06:58||591665000||446931||0.00075241
06:59||591563500||443924||0.00075241
07:00||591501000||446930||0.00075241
07:01||591045000||446930||0.00075241
07:02||591045000||446930||0.00075241
07:03||591045000||446930||0.00075241
07:04||591045000||446930||0.00075241
07:05||591048500||446930||0.00075241
07:06||591600000||443989||0.00075241
07:07||591598500||443989||0.00075241
07:08||591598500||443989||0.00075241
07:09||591599500||445424||0.00075241
07:10||591599500||445424||0.00075241
07:11||591599500||445424||0.00075241
07:12||595400000||447683||0.00075241
07:13||595400000||447683||0.00075241
07:14||595400000||448058||0.00075241
07:15||596997500||449188||0.00075241
07:16||596997500||449187||0.00075241
07:17||598248000||451069||0.00075241
07:18||598248000||451069||0.00075241
07:19||598248000||451069||0.00075241
07:20||598248000||451069||0.00075241
07:21||598248000||451069||0.00075241
07:22||598248000||451069||0.00075241
07:23||598248000||451069||0.00075241
07:24||598248000||451069||0.00075241
07:25||598248000||451069||0.00075241
07:26||598248000||451069||0.00075241
07:27||598749500||451069||0.00075241
07:28||598749500||451067||0.00075241
07:29||598749500||451067||0.00075241
07:30||598749500||451067||0.00075241
07:31||598749500||451067||0.00075241
07:32||598749500||451067||0.00075241
07:33||598700000||451067||0.00075241
07:34||598002500||451067||0.00075241
07:35||596597000||449941||0.00075241
07:36||597163500||447912||0.00075241
07:37||595304500||447912||0.00075241
07:38||595304500||447912||0.00075241
07:39||593727500||447912||0.00075241
07:40||593729000||447912||0.00075241
07:41||593728000||445591||0.00075241
07:42||592607500||445591||0.00075241
07:43||591544000||444824||0.00075241
07:44||591548500||444674||0.00075241
07:45||591544000||443996||0.00075241
07:46||590544000||443996||0.00075241
07:47||590545000||444674||0.00075241
07:48||590545000||444674||0.00075241
07:49||590545000||444674||0.00075241
07:50||590545000||444674||0.00075241
07:51||590545000||444674||0.00075241
07:52||593609000||444674||0.00075241
07:53||592956500||444674||0.00075241
07:54||592955500||444674||0.00075241
07:55||592955500||443991||0.00075241
07:56||593989500||449977||0.00075241
07:57||593833000||449977||0.00075241
07:58||593833000||449977||0.00075241
07:59||593834500||449977||0.00075241
08:00||593837500||449977||0.00075241
08:01||593669000||449977||0.00075241
08:02||594653500||449977||0.00075241
08:03||594654500||449977||0.00075241
08:04||594654500||449977||0.00075241
08:05||594654500||449977||0.00075241
08:06||594654500||449977||0.00075241
08:07||594654500||449977||0.00075241
08:08||595104500||449977||0.00075241
08:09||595104500||449977||0.00075241
08:10||599050500||449984||0.00075241
08:11||599050500||449984||0.00075241
08:12||599050500||449984||0.00075241
08:13||602851000||452950||0.00075241
08:14||602851000||452950||0.00075241
08:15||602851000||452950||0.00075241
08:16||602851500||453703||0.00075241
08:17||603500000||454455||0.00075241
08:18||603999500||454455||0.00075241
08:19||607453000||459647||0.00075241
08:20||607423500||459647||0.00075241
08:21||607900500||459571||0.00075241
08:22||607802500||459571||0.00075241
08:23||607508500||459571||0.00075241
08:24||607253500||459571||0.00075241
08:25||607008500||458578||0.00075241
08:26||607006500||458578||0.00075241
08:27||607007000||458578||0.00075241
08:28||607066000||458578||0.00075241
08:29||607491000||458578||0.00075241
08:30||607516000||458578||0.00075241
08:31||607515500||458578||0.00075241
08:32||607564500||458578||0.00075241
08:33||607562000||456073||0.00075241
08:34||607561500||456073||0.00075241
08:35||607560000||456073||0.00075241
08:36||607555000||456073||0.00075241
08:37||607555000||456073||0.00075241
08:38||607553500||456073||0.00075241
08:39||607553500||456073||0.00075241
08:40||607552000||456073||0.00075241
08:41||607553000||458181||0.00075241
08:42||607552500||458181||0.00075241
08:43||607552000||458181||0.00075241
08:44||607552500||458181||0.00075241
08:45||608322500||459338||0.00075241
08:46||608325000||459338||0.00075241
08:47||608324000||456080||0.00075241
08:48||608747500||456080||0.00075241
08:49||608749000||456080||0.00075241
08:50||608753000||456080||0.00075241
08:51||608758000||456080||0.00075241
08:52||608814500||459328||0.00075241
08:53||608780000||459328||0.00075241
08:54||608838000||459335||0.00075241
08:55||608745000||459335||0.00075241
08:56||608745000||459335||0.00075241
08:57||608744500||459335||0.00075241
08:58||608744500||459335||0.00075241
08:59||608745500||456862||0.00075241
09:00||608920000||456862||0.00075241
09:01||608877500||456862||0.00075241
09:02||609100000||459119||0.00075241
09:03||609201000||459119||0.00075241
09:04||609151000||459120||0.00075241
09:05||609200500||459120||0.00075241
09:06||609200500||459120||0.00075241
09:07||609180500||459120||0.00075241
09:08||608202500||459120||0.00075241
09:09||609150500||459120||0.00075241
09:10||609150500||459120||0.00075241
09:11||609150500||459120||0.00075241
09:12||609150500||459120||0.00075241
09:13||609150500||459120||0.00075241
09:14||609150500||459120||0.00075241
09:15||609150500||459120||0.00075241
09:16||609150000||459120||0.00075241
09:17||609100500||459120||0.00075241
09:18||609111500||459120||0.00075241
09:19||609111500||458969||0.00075241
09:20||609149500||458969||0.00075241
09:21||609499500||458969||0.00075241
09:22||609997000||458969||0.00075241
09:23||609995500||458969||0.00075241
09:24||609995500||458967||0.00075241
09:25||609995500||458967||0.00075241
09:26||609995500||458967||0.00075241
09:27||609500000||458966||0.00075241
09:28||609499500||458225||0.00075241
09:29||609485000||458225||0.00075241
09:30||609485000||458225||0.00075241
09:31||609485000||458225||0.00075241
09:32||609485000||458225||0.00075241
09:33||609500500||458593||0.00075241
09:34||609500500||458593||0.00075241
09:35||609500500||458593||0.00075241
09:36||609254500||458593||0.00075241
09:37||608861500||457634||0.00075241
09:38||608863000||457636||0.00075241
09:39||608864500||457640||0.00075241
09:40||608864500||457640||0.00075241
09:41||608865000||457640||0.00075241
09:42||609484000||458586||0.00075241
09:43||608860500||458578||0.00075241
09:44||609472500||458573||0.00075241
09:45||609472500||458573||0.00075241
09:46||609481000||458579||0.00075241
09:47||608870500||458579||0.00075241
09:48||608870500||458579||0.00075241
09:49||608870500||458586||0.00075241
09:50||608870500||458586||0.00075241
09:51||608876500||458586||0.00075241
09:52||608876500||458586||0.00075241
09:53||608876500||458586||0.00075241
09:54||608878000||458586||0.00075241
09:55||608878000||458586||0.00075241
09:56||608878000||458586||0.00075241
09:57||608878000||458586||0.00075241
09:58||608878000||458586||0.00075241
09:59||608878000||458586||0.00075241
10:00||608878000||458586||0.00075241
10:01||608866000||458586||0.00075241
10:02||608878000||458586||0.00075241
10:03||608878000||458586||0.00075241
10:04||608878000||458586||0.00075241
10:05||608878000||458586||0.00075241
10:06||608878000||458586||0.00075241
10:07||608878000||458586||0.00075241
10:08||608878000||458586||0.00075241
10:09||608878000||458586||0.00075241
10:10||608878000||458586||0.00075241
10:11||608878000||458586||0.00075241
10:12||608896000||458586||0.00075241
10:13||608995000||458586||0.00075241
10:14||608995000||457841||0.00075241
10:15||608996000||457841||0.00075241
10:16||608996000||457841||0.00075241
10:17||608996000||457841||0.00075241
10:18||608995500||457841||0.00075241
10:19||608995500||457841||0.00075241
10:20||608995500||457841||0.00075241
10:21||608995000||458584||0.00075241
10:22||608995000||457841||0.00075241
10:23||608994000||457841||0.00075241
10:24||608994000||457841||0.00075241
10:25||608994000||457841||0.00075241
10:26||609019000||457841||0.00075241
10:27||609019000||457841||0.00075241
10:28||609019000||457880||0.00075241
10:29||609019000||457880||0.00075241
10:30||609019000||457880||0.00075241
10:31||609015000||457880||0.00075241
10:32||609015000||457880||0.00075241
10:33||609015000||457880||0.00075241
10:34||609015000||457880||0.00075241
10:35||609012500||458575||0.00075241
10:36||609012500||458575||0.00075241
10:37||609012500||458575||0.00075241
10:38||609012500||458575||0.00075241
10:39||609011000||458575||0.00075241
10:40||609011000||458575||0.00075241
10:41||609005000||458575||0.00075241
10:42||609003500||458575||0.00075241
10:43||609003500||458575||0.00075241
10:44||609006500||458575||0.00075241
10:45||609006500||458575||0.00075241
10:46||609006500||458575||0.00075241
10:47||609006500||458575||0.00075241
10:48||609006500||457885||0.00075241
10:49||609006500||457885||0.00075241
10:50||609005000||457885||0.00075241
10:51||609005000||457885||0.00075241
10:52||609276000||458557||0.00075241
10:53||609400500||458557||0.00075241
10:54||609400500||458557||0.00075241
10:55||609400500||458557||0.00075241
10:56||609300500||458518||0.00075241
10:57||609137000||458368||0.00075241
10:58||608733500||458042||0.00075241
10:59||608567500||457916||0.00075241
11:00||608567500||457916||0.00075241
11:01||608774500||457916||0.00075241
11:02||608778500||458217||0.00075241
11:03||608558500||458217||0.00075241
11:04||608558500||457841||0.00075241
11:05||608044000||457531||0.00075241
11:06||607293000||457164||0.00075241
11:07||607293000||457164||0.00075241
11:08||607293000||457164||0.00075241
11:09||607764000||457862||0.00075241
11:10||607245000||457862||0.00075241
11:11||607748500||456712||0.00075241
11:12||607714000||456712||0.00075241
11:13||608754500||458203||0.00075241
11:14||607996000||458203||0.00075241
11:15||607994500||458210||0.00075241
11:16||607994500||458210||0.00075241
11:17||608243500||458210||0.00075241
11:18||608293500||458210||0.00075241
11:19||608293500||458210||0.00075241
11:20||608299500||458206||0.00075241
11:21||608298500||457174||0.00075241
11:22||608296000||457174||0.00075241
11:23||608296000||457174||0.00075241
11:24||608298000||457174||0.00075241
11:25||608298000||458201||0.00075241
11:26||608490000||458201||0.00075241
11:27||608977500||458201||0.00075241
11:28||608977500||458201||0.00075241
11:29||608983000||458209||0.00075241
11:30||608233500||458155||0.00075241
11:31||608119000||458155||0.00075241
11:32||606453000||456712||0.00075241
11:33||605555500||456082||0.00075241
11:34||605499000||456082||0.00075241
11:35||605499000||456082||0.00075241
11:36||606168000||456082||0.00075241
11:37||606031500||455230||0.00075241
11:38||606215000||455230||0.00075241
11:39||606215000||457014||0.00075241
11:40||606098500||457014||0.00075241
11:41||606216000||457014||0.00075241
11:42||606216000||457014||0.00075241
11:43||606145000||457014||0.00075241
11:44||606032500||457014||0.00075241
11:45||605912500||457014||0.00075241
11:46||606213500||457014||0.00075241
11:47||606213500||457014||0.00075241
11:48||606213500||457014||0.00075241
11:49||606213500||457014||0.00075241
11:50||606499000||457014||0.00075241
11:51||606949000||457014||0.00075241
11:52||607299000||457014||0.00075241
11:53||607349000||457014||0.00075241
11:54||607349000||457014||0.00075241
11:55||607299000||456938||0.00075241
11:56||607299000||456938||0.00075241
11:57||607299000||456938||0.00075241
11:58||607288000||456938||0.00075241
11:59||607278000||456938||0.00075241
12:00||607044500||456785||0.00075241
12:01||607038500||456785||0.00075241
12:02||606850000||456637||0.00075241
12:03||606849000||456637||0.00075241
12:04||606897500||456637||0.00075241
12:05||606897500||456637||0.00075241
12:06||606897500||456637||0.00075241
12:07||606897500||456636||0.00075241
12:08||606897500||456636||0.00075241
12:09||606897500||456636||0.00075241
12:10||606897500||456636||0.00075241
12:11||606897500||456636||0.00075241
12:12||606897500||456636||0.00075241
12:13||606897500||456636||0.00075241
12:14||606897500||456636||0.00075241
12:15||606897500||456636||0.00075241
12:16||606897500||456635||0.00075241
12:17||606897500||456635||0.00075241
12:18||606897500||456636||0.00075241
12:19||607399500||457013||0.00075241
12:20||607400500||457014||0.00075241
12:21||607400500||457014||0.00075241
12:22||607400500||457014||0.00075241
12:23||607400500||457014||0.00075241
12:24||607149000||456635||0.00075241
12:25||607149000||457014||0.00075241
12:26||607149000||457014||0.00075241
12:27||607200500||457014||0.00075241
12:28||607200000||456712||0.00075241
12:29||607148500||456712||0.00075241
12:30||607148500||456712||0.00075241
12:31||607549500||457691||0.00075241
12:32||607599000||457691||0.00075241
12:33||607599000||457691||0.00075241
12:34||607599000||457691||0.00075241
12:35||607599000||457690||0.00075241
12:36||607450000||457690||0.00075241
12:37||607350000||456635||0.00075241
12:38||607045500||456635||0.00075241
12:39||606949000||456635||0.00075241
12:40||604965000||455208||0.00075241
12:41||604846500||455208||0.00075241
12:42||603256000||455208||0.00075241
12:43||603256000||454077||0.00075241
12:44||603256000||454077||0.00075241
12:45||603254500||453711||0.00075241
12:46||605006500||453711||0.00075241
12:47||605006500||453711||0.00075241
12:48||605006500||453711||0.00075241
12:49||605006500||453711||0.00075241
12:50||604893000||453711||0.00075241
12:51||604853500||453711||0.00075241
12:52||604853500||453711||0.00075241
12:53||604858500||453711||0.00075241
12:54||604858500||453711||0.00075241
12:55||604863500||456414||0.00075241
12:56||604814500||456414||0.00075241
12:57||604814500||456414||0.00075241
12:58||604814500||453797||0.00075241
12:59||605061500||453797||0.00075241
13:00||605061500||453797||0.00075241
13:01||605061500||453797||0.00075241
13:02||604836000||453797||0.00075241
13:03||604946500||453797||0.00075241
13:04||604733000||453797||0.00075241
13:05||604544000||453797||0.00075241
13:06||603113000||453797||0.00075241
13:07||603113000||453797||0.00075241
13:08||603113000||453795||0.00075241
13:09||603113000||453795||0.00075241
13:10||605014000||453795||0.00075241
13:11||604830500||453795||0.00075241
13:12||604732500||453795||0.00075241
13:13||604730000||453795||0.00075241
13:14||604615500||453795||0.00075241
13:15||604616500||453795||0.00075241
13:16||604593500||453795||0.00075241
13:17||604593500||456164||0.00075241
13:18||604699500||456164||0.00075241
13:19||604699500||453801||0.00075241
13:20||604699500||453801||0.00075241
13:21||604702000||453711||0.00075241
13:22||605030000||453711||0.00075241
13:23||604302000||453711||0.00075241
13:24||605436500||454910||0.00075241
13:25||605135500||454910||0.00075241
13:26||605632500||454910||0.00075241
13:27||605602500||456159||0.00075241
13:28||605002500||456159||0.00075241
13:29||605401500||455809||0.00075241
13:30||605634000||455209||0.00075241
13:31||606263500||456157||0.00075241
13:32||606263500||456157||0.00075241
13:33||606263500||456159||0.00075241
13:34||606499500||456164||0.00075241
13:35||606381500||456164||0.00075241
13:36||606381500||456164||0.00075241
13:37||606385000||456164||0.00075241
13:38||606499500||456164||0.00075241
13:39||606499500||456164||0.00075241
13:40||606549500||456411||0.00075241
13:41||606549500||456411||0.00075241
13:42||606549500||456411||0.00075241
13:43||606549500||456411||0.00075241
13:44||606549500||456411||0.00075241
13:45||604974000||453963||0.00075241
13:46||605295000||453963||0.00075241
13:47||605296000||453963||0.00075241
13:48||605297000||453963||0.00075241
13:49||605297000||453963||0.00075241
13:50||605297000||453963||0.00075241
13:51||605543000||453963||0.00075241
13:52||605792000||455208||0.00075241
13:53||605792000||455208||0.00075241
13:54||605792500||455208||0.00075241
13:55||605791000||455208||0.00075241
13:56||605791000||455208||0.00075241
13:57||605791000||455208||0.00075241
13:58||605789500||455208||0.00075241
13:59||605789500||455208||0.00075241
14:00||606039000||455208||0.00075241
14:01||606039500||455208||0.00075241
14:02||606289000||455208||0.00075241
14:03||606289000||455208||0.00075241
14:04||606040500||455208||0.00075241
14:05||605503500||455208||0.00075241
14:06||606039500||456395||0.00075241
14:07||605537000||454832||0.00075241
14:08||605534500||454832||0.00075241
14:09||605534500||454832||0.00075241
14:10||605535000||454832||0.00075241
14:11||605535000||454832||0.00075241
14:12||605535000||454832||0.00075241
14:13||605535000||454832||0.00075241
14:14||605535000||454832||0.00075241
14:15||605533500||456385||0.00075241
14:16||605533500||456385||0.00075241
14:17||605533500||456385||0.00075241
14:18||605533500||456385||0.00075241
14:19||605532000||456385||0.00075241
14:20||605532000||456385||0.00075241
14:21||605532000||456385||0.00075241
14:22||605532000||456385||0.00075241
14:23||605532500||456383||0.00075241
14:24||605532500||456383||0.00075241
14:25||605532500||456382||0.00075241
14:26||605534000||456382||0.00075241
14:27||605534000||456382||0.00075241
14:28||605534000||456382||0.00075241
14:29||605533500||456382||0.00075241
14:30||605532500||456382||0.00075241
14:31||605534500||456382||0.00075241
14:32||605534500||456382||0.00075241
14:33||605383500||456382||0.00075241
14:34||605383500||456382||0.00075241
14:35||605383500||454840||0.00075241
14:36||605383500||454840||0.00075241
14:37||605383500||454840||0.00075241
14:38||606255500||454840||0.00075241
14:39||606255500||454840||0.00075241
14:40||606255500||454840||0.00075241
14:41||606255500||456152||0.00075241
14:42||606255500||456152||0.00075241
14:43||606255500||456153||0.00075241
14:44||606255500||456691||0.00075241
14:45||607025000||456712||0.00075241
14:46||607099000||456788||0.00075241
14:47||607768000||457715||0.00075241
14:48||607917500||457715||0.00075241
14:49||608332500||457715||0.00075241
14:50||608872000||457715||0.00075241
14:51||608872000||457715||0.00075241
14:52||609942000||458970||0.00075241
14:53||609701500||458520||0.00075241
14:54||609704500||458970||0.00075241
14:55||609709500||458970||0.00075241
14:56||609710000||458970||0.00075241
14:57||610690500||459645||0.00075241
14:58||612697000||462729||0.00075241
14:59||612698000||459338||0.00075241
15:00||612650500||459338||0.00075241
15:01||612503500||459338||0.00075241
15:02||611458500||461558||0.00075241
15:03||612175500||460474||0.00075241
15:04||610687000||459722||0.00075241
15:05||610669000||459722||0.00075241
15:06||610656000||459580||0.00075241
15:07||609956500||459338||0.00075241
15:08||609927500||459338||0.00075241
15:09||609890500||459338||0.00075241
15:10||609855500||458593||0.00075241
15:11||609500500||458594||0.00075241
15:12||609958000||458594||0.00075241
15:13||609928500||459268||0.00075241
15:14||609891500||459268||0.00075241
15:15||609892500||459268||0.00075241
15:16||610001000||459268||0.00075241
15:17||609991000||459268||0.00075241
15:18||609991000||459268||0.00075241
15:19||609939000||459268||0.00075241
15:20||609883500||459268||0.00075241
15:21||609502500||459268||0.00075241
15:22||609739000||459268||0.00075241
15:23||609706500||458595||0.00075241
15:24||608139500||456793||0.00075241
15:25||608649000||457089||0.00075241
15:26||608512500||457089||0.00075241
15:27||608700500||457089||0.00075241
15:28||608249500||457089||0.00075241
15:29||608299000||458215||0.00075241
15:30||608300000||457166||0.00075241
15:31||608396500||457315||0.00075241
15:32||608397500||457390||0.00075241
15:33||608336500||457390||0.00075241
15:34||607550000||457165||0.00075241
15:35||607549000||457089||0.00075241
15:36||607597500||457162||0.00075241
15:37||607597500||457162||0.00075241
15:38||607597500||457162||0.00075241
15:39||607598500||457162||0.00075241
15:40||607598500||457163||0.00075241
15:41||607598500||457163||0.00075241
15:42||607598500||457163||0.00075241
15:43||607598500||457163||0.00075241
15:44||607598500||457163||0.00075241
15:45||607598500||457163||0.00075241
15:46||607598500||457163||0.00075241
15:47||607598500||457163||0.00075241
15:48||607743000||457374||0.00075241
15:49||607743000||457374||0.00075241
15:50||607743000||457162||0.00075241
15:51||607743000||457162||0.00075241
15:52||607743000||457162||0.00075241
15:53||607743000||457162||0.00075241
15:54||607744000||457164||0.00075241
15:55||607897500||457381||0.00075241
15:56||607897500||457381||0.00075241
15:57||607844500||457381||0.00075241
15:58||607036500||456718||0.00075241
15:59||606749000||456414||0.00075241
16:00||606894500||456414||0.00075241
16:01||606894500||456633||0.00075241
16:02||607350500||456633||0.00075241
16:03||607395500||456633||0.00075241
16:04||607000500||456712||0.00075241
16:05||606797500||456712||0.00075241
16:06||606343500||456336||0.00075241
16:07||605859500||456152||0.00075241
16:08||605854500||455669||0.00075241
16:09||605954500||455661||0.00075241
16:10||605854500||455661||0.00075241
16:11||605635000||455661||0.00075241
16:12||605095500||455661||0.00075241
16:13||605095500||455646||0.00075241
16:14||604856500||454478||0.00075241
16:15||604956500||454703||0.00075241
16:16||604957500||454779||0.00075241
16:17||604944000||454779||0.00075241
16:18||604332500||454779||0.00075241
16:19||604332500||454779||0.00075241
16:20||604332500||454706||0.00075241
16:21||604941000||454706||0.00075241
16:22||604941500||454705||0.00075241
16:23||604944500||454705||0.00075241
16:24||605025500||454705||0.00075241
16:25||605549500||454705||0.00075241
16:26||605549500||454705||0.00075241
16:27||605549500||454705||0.00075241
16:28||605549500||454705||0.00075241
16:29||605549500||454705||0.00075241
16:30||605549500||454705||0.00075241
16:31||605549500||454705||0.00075241
16:32||606274500||455621||0.00075241
16:33||605806000||455621||0.00075241
16:34||606274000||455621||0.00075241
16:35||606274000||455621||0.00075241
16:36||606274000||455621||0.00075241
16:37||606274000||455621||0.00075241
16:38||606449500||455621||0.00075241
16:39||606350000||455621||0.00075241
16:40||606250000||455621||0.00075241
16:41||606250000||455621||0.00075241
16:42||606250000||455621||0.00075241
16:43||606245000||455621||0.00075241
16:44||605929000||455960||0.00075241
16:45||605827500||455885||0.00075241
16:46||605750500||455734||0.00075241
16:47||605750500||455734||0.00075241
16:48||606049000||455734||0.00075241
16:49||606047500||455734||0.00075241
16:50||606049000||456335||0.00075241
16:51||606049000||456335||0.00075241
16:52||606090000||456411||0.00075241
16:53||606090000||456411||0.00075241
16:54||606090000||456411||0.00075241
16:55||606090000||456411||0.00075241
16:56||606090000||456411||0.00075241
16:57||606090000||456411||0.00075241
16:58||606090000||456396||0.00075241
16:59||606090000||456396||0.00075241
17:00||606139500||456396||0.00075241
17:01||606139500||456396||0.00075241
17:02||606139500||456396||0.00075241
17:03||606139500||456396||0.00075241
17:04||606139500||456396||0.00075241
17:05||606139500||456396||0.00075241
17:06||606139500||456396||0.00075241
17:07||606139500||456396||0.00075241
17:08||606139500||456396||0.00075241
17:09||606139500||456396||0.00075241
17:10||606140500||456396||0.00075241
17:11||606140500||456396||0.00075241
17:12||606140500||456396||0.00075241
17:13||606140500||456396||0.00075241
17:14||606140500||456396||0.00075241
17:15||606140500||456396||0.00075241
17:16||606140500||456396||0.00075241
17:17||606140500||456396||0.00075241
17:18||606140500||455736||0.00075241
17:19||606140500||455736||0.00075241
17:20||606140500||455736||0.00075241
17:21||606140500||455736||0.00075241
17:22||606140500||455736||0.00075241
17:23||606140500||455736||0.00075241
17:24||606140500||455736||0.00075241
17:25||606131500||455736||0.00075241
17:26||606131500||455736||0.00075241
17:27||606122500||455736||0.00075241
17:28||605641500||455659||0.00075241
17:29||605189500||455659||0.00075241
17:30||605189500||455659||0.00075241
17:31||605189500||455659||0.00075241
17:32||605189500||455659||0.00075241
17:33||605189500||455659||0.00075241
17:34||605189500||455659||0.00075241
17:35||605189500||455659||0.00075241
17:36||605184500||455659||0.00075241
17:37||605184500||455659||0.00075241
17:38||605187000||455134||0.00075241
17:39||603740500||454455||0.00075241
17:40||603722500||454232||0.00075241
17:41||603764500||454156||0.00075241
17:42||604609500||454232||0.00075241
17:43||603393000||453964||0.00075241
17:44||602739500||453904||0.00075241
17:45||602332000||453224||0.00075241
17:46||601106000||453105||0.00075241
17:47||603675000||453105||0.00075241
17:48||603414500||454804||0.00075241
17:49||603294500||453181||0.00075241
17:50||603182500||453331||0.00075241
17:51||603040000||453406||0.00075241
17:52||602943000||453331||0.00075241
17:53||602846000||453331||0.00075241
17:54||602781000||453331||0.00075241
17:55||603499000||453331||0.00075241
17:56||603385000||453627||0.00075241
17:57||603499000||454343||0.00075241
17:58||603499000||454343||0.00075241
17:59||603449000||453627||0.00075241
18:00||603449000||453627||0.00075241
18:01||603449500||453627||0.00075241
18:02||603449500||453627||0.00075241
18:03||603449500||453627||0.00075241
18:04||603351000||453627||0.00075241
18:05||603351000||454307||0.00075241
18:06||603251000||454307||0.00075241
18:07||602901500||454307||0.00075241
18:08||602901500||454307||0.00075241
18:09||602901500||453628||0.00075241
18:10||602901500||453628||0.00075241
18:11||602901500||453628||0.00075241
18:12||602901500||453629||0.00075241
18:13||602901500||453629||0.00075241
18:14||602901500||453629||0.00075241
18:15||602901500||453629||0.00075241
18:16||603438500||453629||0.00075241
18:17||603438500||453629||0.00075241
18:18||603438500||453629||0.00075241
18:19||603438500||453629||0.00075241
18:20||603427500||453628||0.00075241
18:21||603231000||453628||0.00075241
18:22||603230500||453628||0.00075241
18:23||603232000||454135||0.00075241
18:24||603177000||454042||0.00075241
18:25||603000500||454042||0.00075241
18:26||603000500||454042||0.00075241
18:27||603000500||454042||0.00075241
18:28||603000500||454042||0.00075241
18:29||603000500||454042||0.00075241
18:30||602951500||453629||0.00075241
18:31||602836500||453627||0.00075241
18:32||601816500||452202||0.00075241
18:33||601741000||452348||0.00075241
18:34||601741000||452348||0.00075241
18:35||601688500||453161||0.00075241
18:36||601618500||453161||0.00075241
18:37||600587000||451450||0.00075241
18:38||600493000||451450||0.00075241
18:39||600432000||451450||0.00075241
18:40||600370500||451450||0.00075241
18:41||600324000||451450||0.00075241
18:42||600281500||451450||0.00075241
18:43||601015500||451450||0.00075241
18:44||600894500||451450||0.00075241
18:45||600831500||451450||0.00075241
18:46||600776000||451450||0.00075241
18:47||600776000||451450||0.00075241
18:48||600776000||451450||0.00075241
18:49||601100000||452312||0.00075241
18:50||601101500||451748||0.00075241
18:51||601103000||451749||0.00075241
18:52||601103000||451749||0.00075241
18:53||600755500||451749||0.00075241
18:54||600756500||451749||0.00075241
18:55||600756500||452275||0.00075241
18:56||600756500||452275||0.00075241
18:57||600756500||452275||0.00075241
18:58||600733000||452275||0.00075241
18:59||600742000||452275||0.00075241
19:00||600756500||452275||0.00075241
19:01||600756000||451755||0.00075241
19:02||600756000||451755||0.00075241
19:03||600756000||451754||0.00075241
19:04||600800500||451754||0.00075241
19:05||600850500||451754||0.00075241
19:06||600850500||451822||0.00075241
19:07||600850000||451822||0.00075241
19:08||601050000||452198||0.00075241
19:09||601049500||452198||0.00075241
19:10||601000500||452198||0.00075241
19:11||600900500||452123||0.00075241
19:12||600900500||452123||0.00075241
19:13||600900500||452123||0.00075241
19:14||600900500||452123||0.00075241
19:15||600900500||452123||0.00075241
19:16||600900500||452123||0.00075241
19:17||600900500||452123||0.00075241
19:18||600900500||452123||0.00075241
19:19||601002000||452123||0.00075241
19:20||601002000||452123||0.00075241
19:21||601002000||452123||0.00075241
19:22||601052500||452123||0.00075241
19:23||601499500||452277||0.00075241
19:24||601499500||452277||0.00075241
19:25||601624500||452198||0.00075241
19:26||601624500||452198||0.00075241
19:27||601624500||452198||0.00075241
19:28||601999500||452950||0.00075241
19:29||601999500||452950||0.00075241
19:30||601999500||452950||0.00075241
19:31||601999500||452950||0.00075241
19:32||601999500||452950||0.00075241
19:33||601999500||452950||0.00075241
19:34||601999500||452950||0.00075241
19:35||601999500||452950||0.00075241
19:36||601999500||452950||0.00075241
19:37||601999500||452950||0.00075241
19:38||601999500||452950||0.00075241
19:39||601999500||452950||0.00075241
19:40||602246500||453321||0.00075241
19:41||602246500||453321||0.00075241
19:42||602246500||453321||0.00075241
19:43||602246500||453321||0.00075241
19:44||602350000||453321||0.00075241
19:45||602349500||453321||0.00075241
19:46||602396500||453321||0.00075241
19:47||602413000||453321||0.00075241
19:48||602412500||453321||0.00075241
19:49||602412500||453321||0.00075241
19:50||602491500||453321||0.00075241
19:51||602491500||453321||0.00075241
19:52||602491500||453321||0.00075241
19:53||602412500||453321||0.00075241
19:54||602493500||453320||0.00075241
19:55||602493500||453321||0.00075241
19:56||602999500||453627||0.00075241
19:57||603498500||453703||0.00075241
19:58||603997500||454453||0.00075241
19:59||603498500||454453||0.00075241
20:00||603495000||453702||0.00075241
20:01||603938500||454380||0.00075241
20:02||603440500||454380||0.00075241
20:03||603000500||454366||0.00075241
20:04||603100500||453779||0.00075241
20:05||603599500||454304||0.00075241
20:06||603799500||454004||0.00075241
20:07||603799500||454305||0.00075241
20:08||603947500||454380||0.00075241
20:09||605218500||455252||0.00075241
20:10||605689000||455499||0.00075241
20:11||605999500||455960||0.00075241
20:12||606444500||456628||0.00075241
20:13||606000000||455961||0.00075241
20:14||606442000||456624||0.00075241
20:15||606949500||456636||0.00075241
20:16||605701500||456714||0.00075241
20:17||605703000||456713||0.00075241
20:18||605724500||454760||0.00075241
20:19||605997500||454760||0.00075241
20:20||606496000||455961||0.00075241
20:21||606744500||456336||0.00075241
20:22||606302000||456338||0.00075241
20:23||606986000||456701||0.00075241
20:24||606244500||454831||0.00075241
20:25||605502000||455585||0.00075241
20:26||605502000||455585||0.00075241
20:27||605745000||455585||0.00075241
20:28||604950500||454749||0.00075241
20:29||605005500||454831||0.00075241
20:30||605005500||455591||0.00075241
20:31||605005500||454833||0.00075241
20:32||605510000||455591||0.00075241
20:33||605509500||455591||0.00075241
20:34||605055500||455591||0.00075241
20:35||605055000||454908||0.00075241
20:36||604443000||454831||0.00075241
20:37||604443000||454830||0.00075241
20:38||604443000||454830||0.00075241
20:39||604443000||454830||0.00075241
20:40||604443000||454830||0.00075241
20:41||604443000||454747||0.00075241
20:42||604499000||454830||0.00075241
20:43||604444000||454830||0.00075241
20:44||604444000||454747||0.00075241
20:45||604616000||454747||0.00075241
20:46||604616000||454747||0.00075241
20:47||603463000||454267||0.00075241
20:48||603475000||454266||0.00075241
20:50||603751000||454269||0.00075241
20:51||604510500||454269||0.00075241
20:52||604418500||455338||0.00075241
20:53||604406000||455338||0.00075241
20:54||604406000||455338||0.00075241
20:55||604407500||455338||0.00075241
20:56||604385500||455208||0.00075241
20:57||604499000||455208||0.00075241
20:58||604499000||455208||0.00075241
20:59||604499000||455208||0.00075241
21:00||604720500||455538||0.00075241
21:01||605500500||455592||0.00075241
21:02||605501500||455959||0.00075241
21:03||606134000||456621||0.00075241
21:04||606134000||456621||0.00075241
21:05||606177500||456703||0.00075241
21:06||606135000||456703||0.00075241
21:07||605950000||456703||0.00075241
21:08||606196500||456703||0.00075241
21:09||606246500||456703||0.00075241
21:10||606246500||456703||0.00075241
21:11||606003000||455588||0.00075241
21:12||606003500||455588||0.00075241
21:13||606005000||455593||0.00075241
21:14||606198500||456712||0.00075241
21:15||606265500||456712||0.00075241
21:16||606268000||456712||0.00075241
21:17||606497500||456707||0.00075241
21:18||606497500||455961||0.00075241
21:19||606497500||455961||0.00075241
21:20||606500000||455961||0.00075241
21:21||606500000||455961||0.00075241
21:22||606390000||455961||0.00075241
21:23||606662000||455961||0.00075241
21:24||606556500||455961||0.00075241
21:25||606544500||456253||0.00075241
21:26||606543500||456253||0.00075241
21:27||606543500||456253||0.00075241
21:28||606543500||456253||0.00075241
21:29||606543000||456252||0.00075241
21:30||606543000||456485||0.00075241
21:31||606549000||456261||0.00075241
21:32||606548500||456261||0.00075241
21:33||606548500||456261||0.00075241
21:34||606548500||456702||0.00075241
21:35||606698000||456702||0.00075241
21:36||606698500||456701||0.00075241
21:37||606720000||456701||0.00075241
21:38||606720000||456701||0.00075241
21:39||606726000||456701||0.00075241
21:40||606726000||456701||0.00075241
21:41||606731000||456701||0.00075241
21:42||606731000||456319||0.00075241
21:43||606740000||456701||0.00075241
21:44||606985500||456701||0.00075241
21:45||607242000||456713||0.00075241
21:46||606987500||457087||0.00075241
21:47||606987500||456703||0.00075241
21:48||606994500||456712||0.00075241
21:49||606992500||456703||0.00075241
21:50||606992500||456711||0.00075241
21:51||606987500||456711||0.00075241
21:52||606188000||456252||0.00075241
21:53||605690500||455960||0.00075241
21:54||605451000||455617||0.00075241
21:55||605443000||455617||0.00075241
21:56||604696500||454533||0.00075241
21:57||604677500||454539||0.00075241
21:58||604646000||454539||0.00075241
21:59||604613500||455208||0.00075241
22:00||604578500||455208||0.00075241
22:01||604577500||455208||0.00075241
22:02||604582500||455208||0.00075241
22:03||604583000||455208||0.00075241
22:04||604583500||455167||0.00075241
22:05||604945500||455167||0.00075241
22:06||605972500||455167||0.00075241
22:07||605972500||456712||0.00075241
22:08||606249000||456712||0.00075241
22:09||606251500||455211||0.00075241
22:10||606254000||457086||0.00075241
22:11||606254000||457088||0.00075241
22:12||606255500||457088||0.00075241
22:13||606255000||457088||0.00075241
22:14||606252500||457088||0.00075241
22:15||606212000||457088||0.00075241
22:16||607399500||457013||0.00075241
22:17||607399500||457013||0.00075241
22:18||607443500||457013||0.00075241
22:19||607399500||457013||0.00075241
22:20||607399500||457013||0.00075241
22:21||607399500||457013||0.00075241
22:22||607399500||457013||0.00075241
22:23||607399500||457013||0.00075241
22:24||606703000||457013||0.00075241
22:25||606671500||457013||0.00075241
22:26||606656500||455966||0.00075241
22:27||606901500||455966||0.00075241
22:28||606902000||455966||0.00075241
22:29||606904000||457088||0.00075241
22:30||607249000||457381||0.00075241
22:31||607694500||458132||0.00075241
22:32||607752000||458208||0.00075241
22:33||607755500||458208||0.00075241
22:34||607755500||458208||0.00075241
22:35||609893000||458893||0.00075241
22:36||609893000||458893||0.00075241
22:37||608954500||458970||0.00075241
22:38||609007000||458970||0.00075241
22:39||609009000||458970||0.00075241
22:40||610493000||459712||0.00075241
22:41||610986500||459712||0.00075241
22:42||610986500||459712||0.00075241
22:43||612245500||460474||0.00075241
22:44||612490500||460474||0.00075241
22:45||612732500||461208||0.00075241
22:46||613998500||461208||0.00075241
22:47||612979000||461212||0.00075241
22:48||612979500||461212||0.00075241
22:49||612979500||461212||0.00075241
22:50||612979500||461212||0.00075241
22:51||612979500||461212||0.00075241
22:52||612979500||461212||0.00075241
22:53||612979500||461212||0.00075241
22:54||612979500||461212||0.00075241
22:55||613483500||461212||0.00075241
22:56||613989000||461970||0.00075241
22:57||613989500||461970||0.00075241
22:58||613989500||461972||0.00075241
22:59||614495000||462732||0.00075241
23:00||614501000||462732||0.00075241
23:01||614754000||462732||0.00075241
23:02||614999500||462732||0.00075241
23:03||614999500||462732||0.00075241
23:04||616225500||464236||0.00075241
23:05||616480000||464989||0.00075241
23:06||616496000||464989||0.00075241
23:07||615617500||462920||0.00075241
23:08||615484000||463460||0.00075241
23:09||615597500||463460||0.00075241
23:10||615598000||463460||0.00075241
23:11||615944500||463460||0.00075241
23:12||615944500||463460||0.00075241
23:13||616509500||463484||0.00075241
23:14||618255000||464996||0.00075241
23:15||618749500||465364||0.00075241
23:16||618982000||466494||0.00075241
23:17||620999500||467245||0.00075241
23:18||619503500||467246||0.00075241
23:19||619503000||467246||0.00075241
23:20||619003500||467246||0.00075241
23:21||619003500||466494||0.00075241
23:22||619003000||466493||0.00075241
23:23||619002500||466492||0.00075241
23:24||619002500||466492||0.00075241
23:25||619002000||466492||0.00075241
23:26||618998000||466489||0.00075241
23:27||618995000||466489||0.00075241
23:28||618999000||466489||0.00075241
23:29||618994000||466489||0.00075241
23:30||618859000||466489||0.00075241
23:31||618808500||466489||0.00075241
23:32||618807500||466489||0.00075241
23:33||618020500||466489||0.00075241
23:34||618010500||466489||0.00075241
23:35||618010000||464990||0.00075241
23:36||618018500||464990||0.00075241
23:37||618020500||465004||0.00075241
23:38||618020500||465005||0.00075241
23:39||618020500||465005||0.00075241
23:40||618049500||465027||0.00075241
23:41||618049500||465027||0.00075241
23:42||618049500||465027||0.00075241
23:43||618049500||465027||0.00075241
23:44||619497500||465027||0.00075241
23:45||619497500||465027||0.00075241
23:46||619497500||465027||0.00075241
23:47||619497500||465027||0.00075241
23:48||619497500||465027||0.00075241
23:49||619497500||465027||0.00075241
23:50||619497500||465027||0.00075241
23:51||619497500||465027||0.00075241
23:52||619497500||465027||0.00075241
23:53||619497500||465027||0.00075241
23:54||619497500||465027||0.00075241
23:55||619497500||465027||0.00075241
23:56||619497500||465027||0.00075241
23:57||619497500||466116||0.00075241
23:58||619497500||466116||0.00075241
23:59||619497500||466116||0.00075241
