00:00||829040500||623770||0.00075241
00:01||829040500||623770||0.00075241
00:02||829040500||623770||0.00075241
00:03||829040500||623778||0.00075241
00:04||829040500||623778||0.00075241
00:05||829040500||623778||0.00075241
00:06||829040500||623778||0.00075241
00:07||829040500||623778||0.00075241
00:08||829040500||623778||0.00075241
00:09||829040500||623778||0.00075241
00:10||829040500||623778||0.00075241
00:11||829040500||623778||0.00075241
00:12||829040500||623778||0.00075241
00:13||829040500||623778||0.00075241
00:14||829040500||623778||0.00075241
00:15||829040500||623778||0.00075241
00:16||829040500||623778||0.00075241
00:17||829040500||623778||0.00075241
00:18||829040500||623778||0.00075241
00:19||829040500||623778||0.00075241
00:20||829040500||623778||0.00075241
00:21||829040500||623777||0.00075241
00:22||829040500||623777||0.00075241
00:23||829040500||623778||0.00075241
00:24||829040500||623778||0.00075241
00:25||829040500||623778||0.00075241
00:26||829040500||623778||0.00075241
00:27||829040500||623778||0.00075241
00:28||829040500||623778||0.00075241
00:29||829040500||623778||0.00075241
00:30||829040500||623778||0.00075241
00:31||829040500||623778||0.00075241
00:32||829040500||623778||0.00075241
00:33||829040500||623778||0.00075241
00:34||829040500||623778||0.00075241
00:35||829040500||623778||0.00075241
00:36||829040500||623778||0.00075241
00:37||829040500||623778||0.00075241
00:38||829040500||623778||0.00075241
00:39||829040500||623778||0.00075241
00:40||829040500||623778||0.00075241
00:41||829040500||623778||0.00075241
00:42||829040500||623778||0.00075241
00:43||829040500||623778||0.00075241
00:44||829040500||623778||0.00075241
00:45||829040500||623778||0.00075241
00:46||829040500||623778||0.00075241
00:47||829040500||623778||0.00075241
00:48||829047500||623778||0.00075241
00:49||829054500||623778||0.00075241
00:50||829059500||623778||0.00075241
00:51||829060500||623788||0.00075241
00:52||829098000||623788||0.00075241
00:53||829098000||623788||0.00075241
00:54||829098000||623788||0.00075241
00:55||829122500||623788||0.00075241
00:56||829122500||623788||0.00075241
00:57||829122000||623788||0.00075241
00:58||829122000||623788||0.00075241
00:59||829122000||623788||0.00075241
01:00||829122000||623788||0.00075241
01:01||829122000||623788||0.00075241
01:02||829122000||623788||0.00075241
01:03||829189500||623788||0.00075241
01:04||829194500||623788||0.00075241
01:05||829194500||623788||0.00075241
01:06||829194500||623788||0.00075241
01:07||829194500||623788||0.00075241
01:08||829194500||623788||0.00075241
01:09||829194500||623788||0.00075241
01:10||829194500||623890||0.00075241
01:11||829194500||623890||0.00075241
01:12||829194500||623890||0.00075241
01:13||829194500||623890||0.00075241
01:14||829194500||623890||0.00075241
01:15||829194500||623890||0.00075241
01:16||829194500||623890||0.00075241
01:17||829194500||623890||0.00075241
01:18||829194500||623890||0.00075241
01:19||829194500||623890||0.00075241
01:20||829194500||623890||0.00075241
01:21||829194500||623890||0.00075241
01:22||829194500||623890||0.00075241
01:23||829194500||623890||0.00075241
01:24||829194500||623890||0.00075241
01:25||829194500||623890||0.00075241
01:26||829194500||623890||0.00075241
01:27||829194500||623890||0.00075241
01:28||829194500||623890||0.00075241
01:29||829594500||624500||0.00075241
01:30||829594500||624500||0.00075241
01:31||829594500||624500||0.00075241
01:32||829594500||624500||0.00075241
01:33||829594500||624500||0.00075241
01:34||829594500||624500||0.00075241
01:35||829594500||624500||0.00075241
01:36||829594500||624500||0.00075241
01:37||829594500||624500||0.00075241
01:38||829594500||624500||0.00075241
01:39||829594500||624500||0.00075241
01:40||829594500||624500||0.00075241
01:41||829894500||624500||0.00075241
01:42||829894500||624500||0.00075241
01:43||829894500||624500||0.00075241
01:44||829894500||624500||0.00075241
01:45||829894500||624500||0.00075241
01:46||829894500||624500||0.00075241
01:47||829894500||624500||0.00075241
01:48||829894500||624500||0.00075241
01:49||829894500||624500||0.00075241
01:50||829947500||624500||0.00075241
01:51||829594500||624500||0.00075241
01:52||829947500||624500||0.00075241
01:53||829947500||624500||0.00075241
01:54||829947500||624500||0.00075241
01:55||829947500||624500||0.00075241
01:56||829722000||624500||0.00075241
01:57||829722000||624500||0.00075241
01:58||829995500||624500||0.00075241
01:59||829994500||624490||0.00075241
02:00||829994500||624490||0.00075241
02:01||829994500||624490||0.00075241
02:02||829994500||624490||0.00075241
02:03||829994500||624490||0.00075241
02:04||829994500||624490||0.00075241
02:05||829992500||624489||0.00075241
02:06||829991500||624489||0.00075241
02:07||829991500||624489||0.00075241
02:08||829991500||624489||0.00075241
02:09||829991500||624489||0.00075241
02:10||829999500||624489||0.00075241
02:11||829999500||624489||0.00075241
02:12||829991500||624489||0.00075241
02:13||829991500||624489||0.00075241
02:14||829585000||624486||0.00075241
02:15||829594500||624486||0.00075241
02:16||829594500||624486||0.00075241
02:17||829594500||624486||0.00075241
02:18||829594500||624500||0.00075241
02:19||829594500||624500||0.00075241
02:20||829594500||624500||0.00075241
02:21||829586500||624500||0.00075241
02:22||829586500||624500||0.00075241
02:23||829586500||624500||0.00075241
02:24||829586500||624500||0.00075241
02:25||829586500||624500||0.00075241
02:26||829586500||624500||0.00075241
02:27||829586500||624500||0.00075241
02:28||829586500||624500||0.00075241
02:29||829586500||624500||0.00075241
02:30||829586500||624500||0.00075241
02:31||829594500||624500||0.00075241
02:32||829594500||624500||0.00075241
02:33||829594500||624500||0.00075241
02:34||829599500||624500||0.00075241
02:35||829599500||624500||0.00075241
02:36||829587000||624500||0.00075241
02:37||829587000||624500||0.00075241
02:38||829587000||624481||0.00075241
02:39||829587000||624481||0.00075241
02:40||829576500||624481||0.00075241
02:41||829486500||624481||0.00075241
02:42||829492500||624481||0.00075241
02:43||829492500||624481||0.00075241
02:44||829785500||624481||0.00075241
02:45||829791500||624348||0.00075241
02:46||829791500||624348||0.00075241
02:47||829791500||624348||0.00075241
02:48||829791500||624348||0.00075241
02:49||829791500||624348||0.00075241
02:50||829791500||624348||0.00075241
02:51||829892500||624500||0.00075241
02:52||829990500||624500||0.00075241
02:53||829990500||624500||0.00075241
02:54||829990500||624500||0.00075241
02:55||829990500||624500||0.00075241
02:56||829990500||624500||0.00075241
02:57||829990500||624500||0.00075241
02:58||829990500||624500||0.00075241
02:59||829990500||624500||0.00075241
03:00||829990500||624500||0.00075241
03:01||829990500||624500||0.00075241
03:02||829990500||624500||0.00075241
03:03||829991500||624500||0.00075241
03:04||829990500||624500||0.00075241
03:05||829991500||624500||0.00075241
03:06||829991500||624500||0.00075241
03:07||829991500||624500||0.00075241
03:08||829991500||624500||0.00075241
03:09||830402000||624500||0.00075241
03:10||830332500||624500||0.00075241
03:11||830332500||624500||0.00075241
03:12||830984500||628262||0.00075241
03:13||832610500||628262||0.00075241
03:14||832613500||628262||0.00075241
03:15||832613500||628262||0.00075241
03:16||832613500||628262||0.00075241
03:17||832613500||628262||0.00075241
03:18||832613500||628262||0.00075241
03:19||832613500||628262||0.00075241
03:20||832614000||624742||0.00075241
03:21||832615000||624742||0.00075241
03:22||832615000||624742||0.00075241
03:23||832615000||624742||0.00075241
03:24||832615000||628191||0.00075241
03:25||832615000||628191||0.00075241
03:26||832615000||628191||0.00075241
03:27||832615000||628191||0.00075241
03:28||832615000||628191||0.00075241
03:29||832615000||628191||0.00075241
03:30||833190500||628191||0.00075241
03:31||833190500||628191||0.00075241
03:32||833255500||628191||0.00075241
03:33||833255500||628191||0.00075241
03:34||833255500||628191||0.00075241
03:35||833219500||628191||0.00075241
03:36||833219500||628191||0.00075241
03:37||833219500||628191||0.00075241
03:38||833293000||628137||0.00075241
03:39||833293000||628137||0.00075241
03:40||833049500||628137||0.00075241
03:41||833049500||628137||0.00075241
03:42||833049500||628137||0.00075241
03:43||833049500||628137||0.00075241
03:44||833049500||628137||0.00075241
03:45||833049500||628137||0.00075241
03:46||833049500||628137||0.00075241
03:47||833049500||628137||0.00075241
03:48||833049500||628137||0.00075241
03:49||833049500||628137||0.00075241
03:50||833049500||628137||0.00075241
03:51||833049500||628137||0.00075241
03:52||833049500||628137||0.00075241
03:53||831996000||628137||0.00075241
03:54||831996000||628137||0.00075241
03:55||831996000||628137||0.00075241
03:56||832001000||628137||0.00075241
03:57||832001000||628137||0.00075241
03:58||832001000||628137||0.00075241
03:59||832001000||628137||0.00075241
04:00||832001000||628137||0.00075241
04:01||832001000||628137||0.00075241
04:02||832001000||628137||0.00075241
04:03||832001000||628137||0.00075241
04:04||832901000||626193||0.00075241
04:05||832901000||626193||0.00075241
04:06||832901000||626193||0.00075241
04:07||832901000||626193||0.00075241
04:08||832901000||626193||0.00075241
04:09||832901000||626193||0.00075241
04:10||832901000||626193||0.00075241
04:11||832888000||626194||0.00075241
04:12||832319000||626458||0.00075241
04:13||832254500||626458||0.00075241
04:14||831976000||626194||0.00075241
04:15||831976000||626194||0.00075241
04:16||831977000||626194||0.00075241
04:17||831977000||626155||0.00075241
04:18||831972500||625820||0.00075241
04:19||831972500||625820||0.00075241
04:20||831972500||626148||0.00075241
04:21||831754500||626148||0.00075241
04:22||831754500||625820||0.00075241
04:23||831754500||625820||0.00075241
04:24||831754500||625820||0.00075241
04:25||831754500||625820||0.00075241
04:26||831754500||625820||0.00075241
04:27||831255500||625818||0.00075241
04:28||830758000||625071||0.00075241
04:29||831257000||625071||0.00075241
04:30||830176500||624744||0.00075241
04:31||830176500||624744||0.00075241
04:32||830323500||624744||0.00075241
04:33||831040000||624744||0.00075241
04:34||831040000||624744||0.00075241
04:35||831040000||624744||0.00075241
04:36||831040000||624744||0.00075241
04:37||831040000||624744||0.00075241
04:38||831040000||624744||0.00075241
04:39||831040000||624744||0.00075241
04:40||831040000||624744||0.00075241
04:41||831040000||624744||0.00075241
04:42||831040000||624744||0.00075241
04:43||831040000||624744||0.00075241
04:44||831040000||624744||0.00075241
04:45||831040000||624744||0.00075241
04:46||831039500||624744||0.00075241
04:47||831041000||625820||0.00075241
04:48||831041000||625820||0.00075241
04:49||831040000||625820||0.00075241
04:50||831040000||625820||0.00075241
04:51||831041500||625820||0.00075241
04:52||831041500||625820||0.00075241
04:53||831041500||625820||0.00075241
04:54||831041500||625820||0.00075241
04:55||830998000||625797||0.00075241
04:56||831021000||625797||0.00075241
04:57||830966500||625797||0.00075241
04:58||830907500||625797||0.00075241
04:59||830793000||624747||0.00075241
05:00||830768500||624747||0.00075241
05:01||830690000||624747||0.00075241
05:02||830691000||624748||0.00075241
05:03||830330500||624750||0.00075241
05:04||830330500||624750||0.00075241
05:05||830330500||624750||0.00075241
05:06||830330500||624750||0.00075241
05:07||830330500||624750||0.00075241
05:08||830330500||624750||0.00075241
05:09||830330500||624750||0.00075241
05:10||830330500||624750||0.00075241
05:11||830330500||624750||0.00075241
05:12||830330500||624750||0.00075241
05:13||830330500||624750||0.00075241
05:14||830330500||624750||0.00075241
05:15||830330500||624750||0.00075241
05:16||830330500||624749||0.00075241
05:17||829537000||624500||0.00075241
05:18||826812000||622883||0.00075241
05:19||826812000||622598||0.00075241
05:20||826812000||622598||0.00075241
05:21||826812000||622598||0.00075241
05:22||826812000||622598||0.00075241
05:23||826781000||622598||0.00075241
05:24||826781000||622598||0.00075241
05:25||826744500||622598||0.00075241
05:26||826744500||622598||0.00075241
05:27||826826000||622598||0.00075241
05:28||826326000||621605||0.00075241
05:29||826326500||621605||0.00075241
05:30||826326500||621605||0.00075241
05:31||826323000||621605||0.00075241
05:32||826323000||621605||0.00075241
05:33||826323000||621605||0.00075241
05:34||826239500||621605||0.00075241
05:35||826239500||621605||0.00075241
05:36||826239500||621605||0.00075241
05:37||826239500||621605||0.00075241
05:38||826239500||621735||0.00075241
05:39||826239500||621735||0.00075241
05:40||826239500||621735||0.00075241
05:41||826239500||621735||0.00075241
05:42||826239500||621735||0.00075241
05:43||826239500||621735||0.00075241
05:44||826239500||621735||0.00075241
05:45||826239500||621735||0.00075241
05:46||826239500||621735||0.00075241
05:47||826239500||621735||0.00075241
05:48||826239500||621735||0.00075241
05:49||826153500||621605||0.00075241
05:50||826153500||621606||0.00075241
05:51||826153500||621605||0.00075241
05:52||826153500||621605||0.00075241
05:53||826153500||621605||0.00075241
05:54||826153500||621605||0.00075241
05:55||826153500||621606||0.00075241
05:56||826153500||621606||0.00075241
05:57||826153500||621606||0.00075241
05:58||826153500||621606||0.00075241
05:59||826153500||621606||0.00075241
06:00||826153500||621606||0.00075241
06:01||826153500||621606||0.00075241
06:02||826153500||621606||0.00075241
06:03||826153500||621606||0.00075241
06:04||826153500||621606||0.00075241
06:05||826153500||621605||0.00075241
06:06||826153500||621606||0.00075241
06:07||826153500||621606||0.00075241
06:08||826153500||621606||0.00075241
06:09||826153500||621606||0.00075241
06:10||826153500||621606||0.00075241
06:11||826153500||621606||0.00075241
06:12||826326500||621866||0.00075241
06:13||826326500||621866||0.00075241
06:14||826327000||621866||0.00075241
06:15||826327000||621866||0.00075241
06:16||826326500||621866||0.00075241
06:17||826326500||621605||0.00075241
06:18||826326500||621605||0.00075241
06:19||826323000||621605||0.00075241
06:20||826323000||621605||0.00075241
06:21||826323000||621605||0.00075241
06:22||826323000||621605||0.00075241
06:23||826323000||621605||0.00075241
06:24||826323000||621605||0.00075241
06:25||826323500||621605||0.00075241
06:26||826323500||621605||0.00075241
06:27||826323500||621605||0.00075241
06:28||826323500||621605||0.00075241
06:29||826323500||621605||0.00075241
06:30||826327000||621605||0.00075241
06:31||826327500||621605||0.00075241
06:32||826327500||621605||0.00075241
06:33||826327500||621605||0.00075241
06:34||826814000||622619||0.00075241
06:35||826814000||622598||0.00075241
06:36||826814000||622598||0.00075241
06:37||826814000||622598||0.00075241
06:38||826814000||622598||0.00075241
06:39||826827500||622598||0.00075241
06:40||826827500||622598||0.00075241
06:41||826827500||622598||0.00075241
06:42||826827500||622598||0.00075241
06:43||826827500||622619||0.00075241
06:44||826827500||622619||0.00075241
06:45||826827500||622619||0.00075241
06:46||826827500||622619||0.00075241
06:47||826827500||622619||0.00075241
06:48||826827500||622619||0.00075241
06:49||826827500||622619||0.00075241
06:50||826827500||622619||0.00075241
06:51||826827500||622619||0.00075241
06:52||826827500||622619||0.00075241
06:53||826827500||622619||0.00075241
06:54||826827500||622619||0.00075241
06:55||826827500||622619||0.00075241
06:56||826827500||622619||0.00075241
06:57||826827500||622619||0.00075241
06:58||826830000||622619||0.00075241
06:59||826780000||622619||0.00075241
07:00||826830000||622619||0.00075241
07:01||826830000||622619||0.00075241
07:02||826832500||622619||0.00075241
07:03||826832000||622619||0.00075241
07:04||826832000||622619||0.00075241
07:05||826833500||622619||0.00075241
07:06||826833500||622619||0.00075241
07:07||827499500||622618||0.00075241
07:08||827499500||622618||0.00075241
07:09||827499500||622619||0.00075241
07:10||827499500||622619||0.00075241
07:11||827499500||622619||0.00075241
07:12||827499500||622618||0.00075241
07:13||827499500||622618||0.00075241
07:14||827499500||622618||0.00075241
07:15||827499500||622618||0.00075241
07:16||828904500||622619||0.00075241
07:17||828914500||622619||0.00075241
07:18||828919500||624726||0.00075241
07:19||828941000||624749||0.00075241
07:20||828943500||624749||0.00075241
07:21||828945000||624749||0.00075241
07:22||828946000||624749||0.00075241
07:23||828954500||624749||0.00075241
07:24||828956500||624749||0.00075241
07:25||828959000||624749||0.00075241
07:26||829014500||624748||0.00075241
07:27||829016500||624748||0.00075241
07:28||829017500||624748||0.00075241
07:29||829025000||624749||0.00075241
07:30||829025000||624749||0.00075241
07:31||829025000||624749||0.00075241
07:32||830330500||624749||0.00075241
07:33||830330500||624749||0.00075241
07:34||830330500||624749||0.00075241
07:35||831166000||624749||0.00075241
07:36||831411000||626005||0.00075241
07:37||831562000||626005||0.00075241
07:38||831562500||626005||0.00075241
07:39||831794000||626493||0.00075241
07:40||831825000||626493||0.00075241
07:41||831829000||626493||0.00075241
07:42||831834000||626493||0.00075241
07:43||832649500||626493||0.00075241
07:44||832824000||626494||0.00075241
07:45||832824500||626494||0.00075241
07:46||832996500||626494||0.00075241
07:47||832996500||626494||0.00075241
07:48||832996500||626494||0.00075241
07:49||832996500||626754||0.00075241
07:50||832996500||626754||0.00075241
07:51||832996500||626754||0.00075241
07:52||832996500||626754||0.00075241
07:53||832996500||626754||0.00075241
07:54||832996500||626754||0.00075241
07:55||832996500||626754||0.00075241
07:56||832998000||626755||0.00075241
07:57||832999000||626756||0.00075241
07:58||832999000||626757||0.00075241
07:59||832998500||626757||0.00075241
08:00||832999500||626757||0.00075241
08:01||832999500||626757||0.00075241
08:02||832999500||626757||0.00075241
08:03||832999500||626757||0.00075241
08:04||832999500||626757||0.00075241
08:05||832999500||626756||0.00075241
08:06||832999500||626757||0.00075241
08:07||832999500||626757||0.00075241
08:08||833500000||626757||0.00075241
08:09||833500000||626757||0.00075241
08:10||833500500||626757||0.00075241
08:11||833997500||626757||0.00075241
08:12||833997500||627508||0.00075241
08:13||833998500||627509||0.00075241
08:14||833998000||627509||0.00075241
08:15||833998000||627509||0.00075241
08:16||833998500||627509||0.00075241
08:17||833998000||627509||0.00075241
08:18||833998000||627509||0.00075241
08:19||833999500||627509||0.00075241
08:20||833999500||627509||0.00075241
08:21||833999500||627509||0.00075241
08:22||833999500||627509||0.00075241
08:23||833999500||627509||0.00075241
08:24||833999500||627509||0.00075241
08:25||833999500||627509||0.00075241
08:26||833999500||627509||0.00075241
08:27||833999500||627509||0.00075241
08:28||833999500||627509||0.00075241
08:29||834199500||627509||0.00075241
08:30||834199500||627509||0.00075241
08:31||834199500||627509||0.00075241
08:32||834199500||627509||0.00075241
08:33||834199500||627810||0.00075241
08:34||834450500||628187||0.00075241
08:35||834451000||628187||0.00075241
08:36||834451000||628186||0.00075241
08:37||834455500||628187||0.00075241
08:38||834989500||628187||0.00075241
08:39||834989500||628254||0.00075241
08:40||834989500||628254||0.00075241
08:41||835495500||629012||0.00075241
08:42||836414000||630396||0.00075241
08:43||835918500||630396||0.00075241
08:44||837960000||632023||0.00075241
08:45||836001000||630519||0.00075241
08:46||836002000||630519||0.00075241
08:47||836003500||630519||0.00075241
08:48||836003000||630516||0.00075241
08:49||836008500||630516||0.00075241
08:50||837008500||632021||0.00075241
08:51||837499500||632022||0.00075241
08:52||837500500||632022||0.00075241
08:53||837498500||632022||0.00075241
08:54||836506000||632022||0.00075241
08:55||837497500||632022||0.00075241
08:56||837500500||632009||0.00075241
08:57||835561500||632009||0.00075241
08:58||837531000||632001||0.00075241
08:59||837512000||632001||0.00075241
09:00||837463000||632001||0.00075241
09:01||837514500||628358||0.00075241
09:02||836151000||628358||0.00075241
09:03||836667500||628358||0.00075241
09:04||836968500||631971||0.00075241
09:05||838459500||631964||0.00075241
09:06||838449500||629766||0.00075241
09:07||838439500||631934||0.00075241
09:08||838424500||629766||0.00075241
09:09||838399500||631904||0.00075241
09:10||839002500||631274||0.00075241
09:11||838000500||629766||0.00075241
09:12||838000500||629766||0.00075241
09:13||838345500||631798||0.00075241
09:14||839301000||631798||0.00075241
09:15||839201000||631798||0.00075241
09:16||839002500||631274||0.00075241
09:17||839002500||631274||0.00075241
09:18||839002500||631274||0.00075241
09:19||839002500||631274||0.00075241
09:20||839002500||631274||0.00075241
09:21||839400000||631273||0.00075241
09:22||839396000||631273||0.00075241
09:23||839396000||631866||0.00075241
09:24||839396000||631271||0.00075241
09:25||839396000||631271||0.00075241
09:26||839396000||631866||0.00075241
09:27||838402000||629773||0.00075241
09:28||838402000||631866||0.00075241
09:29||838508000||629269||0.00075241
09:30||839275500||633904||0.00075241
09:31||840714500||629265||0.00075241
09:32||840646000||630844||0.00075241
09:33||838969000||629266||0.00075241
09:34||839595000||633979||0.00075241
09:35||839796000||635034||0.00075241
09:36||840529500||635033||0.00075241
09:37||840385000||635034||0.00075241
09:38||840140000||629903||0.00075241
09:39||839893000||629907||0.00075241
09:40||839724000||633979||0.00075241
09:41||840880500||635034||0.00075241
09:42||841900500||635677||0.00075241
09:43||842485500||635649||0.00075241
09:44||842629500||632357||0.00075241
09:45||844807500||632514||0.00075241
09:46||844806000||632514||0.00075241
09:47||844800500||635636||0.00075241
09:48||844806500||635635||0.00075241
09:49||844808000||635635||0.00075241
09:50||844408000||635410||0.00075241
09:51||842983000||632889||0.00075241
09:52||842224500||634506||0.00075241
09:53||842224500||634506||0.00075241
09:54||842225500||634506||0.00075241
09:55||842225500||634506||0.00075241
09:56||842225500||634506||0.00075241
09:57||842226000||634506||0.00075241
09:58||843408000||634506||0.00075241
09:59||843408000||634506||0.00075241
10:00||843408000||634506||0.00075241
10:01||843408000||634506||0.00075241
10:02||843408000||634506||0.00075241
10:03||843750000||636162||0.00075241
10:04||843751000||636162||0.00075241
10:05||843751000||636162||0.00075241
10:06||843752500||636162||0.00075241
10:07||843751500||636162||0.00075241
10:08||843756000||636162||0.00075241
10:09||843756000||636162||0.00075241
10:10||845299000||636162||0.00075241
10:11||845298000||636162||0.00075241
10:12||845298000||636162||0.00075241
10:13||843574500||635860||0.00075241
10:14||843527500||633570||0.00075241
10:15||844548000||633573||0.00075241
10:16||844548000||633573||0.00075241
10:17||843542500||635107||0.00075241
10:18||843630500||633639||0.00075241
10:19||844079500||633639||0.00075241
10:20||843675000||635784||0.00075241
10:21||843676500||635784||0.00075241
10:22||843950000||635784||0.00075241
10:23||843891500||634283||0.00075241
10:24||843043000||634283||0.00075241
10:25||843000500||634283||0.00075241
10:26||843000500||634282||0.00075241
10:27||843000500||634281||0.00075241
10:28||843000500||634281||0.00075241
10:29||842698500||634272||0.00075241
10:30||842521500||633570||0.00075241
10:31||842521500||633570||0.00075241
10:32||842521500||633570||0.00075241
10:33||842509500||633570||0.00075241
10:34||842518500||633570||0.00075241
10:35||842522500||633572||0.00075241
10:36||842522500||633572||0.00075241
10:37||842522500||633572||0.00075241
10:38||842522500||633572||0.00075241
10:39||842514500||633572||0.00075241
10:40||842524000||633572||0.00075241
10:41||842514000||633572||0.00075241
10:42||842514000||633572||0.00075241
10:43||842514000||633572||0.00075241
10:44||842514000||634257||0.00075241
10:45||842514000||633574||0.00075241
10:46||842486500||633532||0.00075241
10:47||842486500||633532||0.00075241
10:48||842445500||634210||0.00075241
10:49||842398500||634210||0.00075241
10:50||842356000||633532||0.00075241
10:51||842005500||633532||0.00075241
10:52||841596500||632931||0.00075241
10:53||841553500||632930||0.00075241
10:54||841515000||633409||0.00075241
10:55||841480500||632930||0.00075241
10:56||841443000||632930||0.00075241
10:57||841415000||633289||0.00075241
10:58||841390000||633289||0.00075241
10:59||841367500||633289||0.00075241
11:00||841204500||632930||0.00075241
11:01||841204500||632930||0.00075241
11:02||841204500||632930||0.00075241
11:03||841204500||632931||0.00075241
11:04||841204500||632931||0.00075241
11:05||841204500||632931||0.00075241
11:06||841204500||632931||0.00075241
11:07||841204500||632931||0.00075241
11:08||841150500||632930||0.00075241
11:09||841150500||632930||0.00075241
11:10||841150500||632930||0.00075241
11:11||841150500||632889||0.00075241
11:12||840789000||632357||0.00075241
11:13||840780000||632866||0.00075241
11:14||840780000||632866||0.00075241
11:15||840780000||632866||0.00075241
11:16||840744000||632890||0.00075241
11:17||840702500||632890||0.00075241
11:18||840663500||632890||0.00075241
11:19||840627500||632890||0.00075241
11:20||840589500||632280||0.00075241
11:21||840566500||632280||0.00075241
11:22||840745000||632280||0.00075241
11:23||840745000||632280||0.00075241
11:24||840745000||632280||0.00075241
11:25||840745000||632280||0.00075241
11:26||840694500||632814||0.00075241
11:27||840694500||632814||0.00075241
11:28||840699500||632814||0.00075241
11:29||840704500||632814||0.00075241
11:30||840704500||632814||0.00075241
11:31||840704500||632814||0.00075241
11:32||840706000||632814||0.00075241
11:33||840708500||632814||0.00075241
11:34||840711000||632814||0.00075241
11:35||840789000||632930||0.00075241
11:36||840789000||632930||0.00075241
11:37||842640500||635786||0.00075241
11:38||842571000||632400||0.00075241
11:39||842367500||635268||0.00075241
11:40||839329000||630940||0.00075241
11:41||838846000||630371||0.00075241
11:42||838762000||631846||0.00075241
11:43||840717000||629780||0.00075241
11:44||839520000||629767||0.00075241
11:45||839272000||629767||0.00075241
11:46||837458000||629743||0.00075241
11:47||837437000||629743||0.00075241
11:48||837426500||629743||0.00075241
11:49||837426500||629768||0.00075241
11:50||837426500||629768||0.00075241
11:51||837425500||629767||0.00075241
11:52||837425500||629767||0.00075241
11:53||837425500||629767||0.00075241
11:54||837499000||633152||0.00075241
11:55||837499000||633152||0.00075241
11:56||837499000||633152||0.00075241
11:57||837499000||633152||0.00075241
11:58||837449000||630486||0.00075241
11:59||836981000||630486||0.00075241
12:00||836981000||630486||0.00075241
12:01||836982500||629740||0.00075241
12:02||836981500||629740||0.00075241
12:03||836981500||629740||0.00075241
12:04||836981500||629740||0.00075241
12:05||836982500||629740||0.00075241
12:06||836982500||629740||0.00075241
12:07||836982500||629740||0.00075241
12:08||836984000||629740||0.00075241
12:09||836997500||629740||0.00075241
12:10||839526000||629767||0.00075241
12:11||839497500||629767||0.00075241
12:12||840565500||629767||0.00075241
12:13||840565500||629767||0.00075241
12:14||838871500||629955||0.00075241
12:15||839772000||629955||0.00075241
12:16||839772000||632024||0.00075241
12:17||839772000||632024||0.00075241
12:18||839772000||632024||0.00075241
12:19||839772000||632024||0.00075241
12:20||839772000||632022||0.00075241
12:21||839772000||632022||0.00075241
12:22||839772000||632022||0.00075241
12:23||839771000||632022||0.00075241
12:24||842266500||635786||0.00075241
12:25||844666000||635539||0.00075241
12:26||844663500||635539||0.00075241
12:27||844663500||635539||0.00075241
12:28||844874500||635523||0.00075241
12:29||845250000||636162||0.00075241
12:30||845248500||635786||0.00075241
12:31||845001000||635787||0.00075241
12:32||845008500||635786||0.00075241
12:33||845008500||635786||0.00075241
12:34||845008500||635786||0.00075241
12:35||845007500||635786||0.00075241
12:36||845001000||635786||0.00075241
12:37||845000500||635786||0.00075241
12:38||845000500||635786||0.00075241
12:39||845000500||635787||0.00075241
12:40||845000500||635787||0.00075241
12:41||845000500||635787||0.00075241
12:42||845000500||635786||0.00075241
12:43||845000500||635787||0.00075241
12:44||845000500||635787||0.00075241
12:45||845000500||635787||0.00075241
12:46||845000500||635787||0.00075241
12:47||845000500||635786||0.00075241
12:48||844992500||635786||0.00075241
12:49||844991500||635786||0.00075241
12:50||844991500||635786||0.00075241
12:51||844991500||635786||0.00075241
12:52||844991500||635785||0.00075241
12:53||844991000||635785||0.00075241
12:54||844984500||635785||0.00075241
12:55||845000000||635785||0.00075241
12:56||845000000||635787||0.00075241
12:57||845000000||635787||0.00075241
12:58||845000000||635787||0.00075241
12:59||844999500||635787||0.00075241
13:00||844999500||635787||0.00075241
13:01||844999500||635787||0.00075241
13:02||844999500||635787||0.00075241
13:03||844999500||635785||0.00075241
13:04||844999500||635785||0.00075241
13:05||844999500||635785||0.00075241
13:06||844999500||635785||0.00075241
13:07||844999500||635785||0.00075241
13:08||844999500||635786||0.00075241
13:09||844999500||635786||0.00075241
13:10||844999500||635785||0.00075241
13:11||844999500||635785||0.00075241
13:12||844999500||635785||0.00075241
13:13||844999500||635786||0.00075241
13:14||844999500||635786||0.00075241
13:15||844999500||635785||0.00075241
13:16||844999500||635785||0.00075241
13:17||844999500||635785||0.00075241
13:18||844999500||635785||0.00075241
13:19||845001000||635786||0.00075241
13:20||845001000||635786||0.00075241
13:21||845001000||635786||0.00075241
13:22||844749500||635787||0.00075241
13:23||844549500||635787||0.00075241
13:24||844549500||635484||0.00075241
13:25||844751000||635785||0.00075241
13:26||844749500||635411||0.00075241
13:27||844749500||635411||0.00075241
13:28||844749500||635411||0.00075241
13:29||844749500||635411||0.00075241
13:30||844501000||635411||0.00075241
13:31||842810500||632815||0.00075241
13:32||842807500||632815||0.00075241
13:33||844199000||632815||0.00075241
13:34||844099000||632815||0.00075241
13:35||844099000||632815||0.00075241
13:36||844099000||635184||0.00075241
13:37||842780000||633049||0.00075241
13:38||842780000||633049||0.00075241
13:39||842780000||635183||0.00075241
13:40||844199000||635183||0.00075241
13:41||842784500||635184||0.00075241
13:42||843185500||635787||0.00075241
13:43||844000000||635787||0.00075241
13:44||844001000||634283||0.00075241
13:45||844081500||634283||0.00075241
13:46||844085500||634283||0.00075241
13:47||844085500||634283||0.00075241
13:48||844085500||634283||0.00075241
13:49||844085500||634283||0.00075241
13:50||844085500||634283||0.00075241
13:51||845099000||635860||0.00075241
13:52||845099000||635861||0.00075241
13:53||845099000||635861||0.00075241
13:54||845099000||635861||0.00075241
13:55||845099000||635861||0.00075241
13:56||845099000||635860||0.00075241
13:57||845099000||635860||0.00075241
13:58||845099000||635861||0.00075241
13:59||845099000||635861||0.00075241
14:00||845098500||635861||0.00075241
14:01||845098500||635861||0.00075241
14:02||845098500||635861||0.00075241
14:03||845098500||635861||0.00075241
14:04||845098500||635860||0.00075241
14:05||845098500||635860||0.00075241
14:06||845098500||635860||0.00075241
14:07||845098500||635860||0.00075241
14:08||845098500||635860||0.00075241
14:09||845098500||635860||0.00075241
14:10||844150500||634433||0.00075241
14:11||844343500||636151||0.00075241
14:12||844342500||636151||0.00075241
14:13||844346500||636151||0.00075241
14:14||844347500||636151||0.00075241
14:15||844345500||636151||0.00075241
14:16||843605000||635034||0.00075241
14:17||843101000||634432||0.00075241
14:18||844241000||636147||0.00075241
14:19||844488500||636147||0.00075241
14:20||844488500||636147||0.00075241
14:21||844488500||636143||0.00075241
14:22||844488000||636140||0.00075241
14:23||844560500||634660||0.00075241
14:24||844560500||634772||0.00075241
14:25||844560500||634772||0.00075241
14:26||844550000||634772||0.00075241
14:27||844720000||636117||0.00075241
14:28||844002500||635036||0.00075241
14:29||844002500||635036||0.00075241
14:30||844737000||636141||0.00075241
14:31||845862500||636501||0.00075241
14:32||850264500||639548||0.00075241
14:33||851999000||641053||0.00075241
14:34||852996500||641051||0.00075241
14:35||854022000||643561||0.00075241
14:36||854040000||643561||0.00075241
14:37||854000500||642618||0.00075241
14:38||853749500||642181||0.00075241
14:39||852739000||641075||0.00075241
14:40||852796000||641075||0.00075241
14:41||853446500||642142||0.00075241
14:42||852811000||642142||0.00075241
14:43||852813500||642142||0.00075241
14:44||852813500||642142||0.00075241
14:45||852813500||641190||0.00075241
14:46||852812000||641186||0.00075241
14:47||852812000||642140||0.00075241
14:48||852816500||642140||0.00075241
14:49||852814500||642140||0.00075241
14:50||853163000||642136||0.00075241
14:51||853243500||642257||0.00075241
14:52||852951500||641053||0.00075241
14:53||853074500||641993||0.00075241
14:54||853070500||641993||0.00075241
14:55||853079000||641984||0.00075241
14:56||853092000||641765||0.00075241
14:57||852940000||641757||0.00075241
14:58||852940000||641757||0.00075241
14:59||852940000||641763||0.00075241
15:00||852940500||641762||0.00075241
15:01||853087500||641762||0.00075241
15:02||853086000||641759||0.00075241
15:03||853084000||641759||0.00075241
15:04||853084000||641759||0.00075241
15:05||852475500||641061||0.00075241
15:06||852485000||641075||0.00075241
15:07||852686000||641971||0.00075241
15:08||852741500||641971||0.00075241
15:09||852781000||641299||0.00075241
15:10||852827500||641299||0.00075241
15:11||852837000||641299||0.00075241
15:12||850768500||640677||0.00075241
15:13||850814500||639624||0.00075241
15:14||851792500||639624||0.00075241
15:15||851933000||639624||0.00075241
15:16||852563000||639624||0.00075241
15:17||852850000||639624||0.00075241
15:18||852850000||641429||0.00075241
15:19||852950000||641429||0.00075241
15:20||852902000||641730||0.00075241
15:21||852701500||641429||0.00075241
15:22||852250000||641429||0.00075241
15:23||852249000||641429||0.00075241
15:24||852250000||641429||0.00075241
15:25||852452500||641734||0.00075241
15:26||852598500||641953||0.00075241
15:27||852603500||641961||0.00075241
15:28||852604500||641961||0.00075241
15:29||852605000||641054||0.00075241
15:30||853603000||642558||0.00075241
15:31||854089500||642558||0.00075241
15:32||854088000||642558||0.00075241
15:33||854088000||641964||0.00075241
15:34||854107000||643310||0.00075241
15:35||853686500||643310||0.00075241
15:36||853686500||643310||0.00075241
15:37||854181500||643310||0.00075241
15:38||854999500||643309||0.00075241
15:39||854999500||643310||0.00075241
15:40||855177500||643578||0.00075241
15:41||855177500||643578||0.00075241
15:42||855355000||643578||0.00075241
15:43||855151000||643531||0.00075241
15:44||855001500||643311||0.00075241
15:45||855000500||643311||0.00075241
15:46||854999500||643309||0.00075241
15:47||854999500||643309||0.00075241
15:48||854999500||643309||0.00075241
15:49||854999500||643309||0.00075241
15:50||854999500||643310||0.00075241
15:51||854999500||643310||0.00075241
15:52||854999500||643310||0.00075241
15:53||854999500||643310||0.00075241
15:54||854999500||643310||0.00075241
15:55||854999500||643310||0.00075241
15:56||854999500||643310||0.00075241
15:57||854999500||643310||0.00075241
15:58||854999500||643310||0.00075241
15:59||854999500||643310||0.00075241
16:00||854999500||643309||0.00075241
16:01||854999500||643310||0.00075241
16:02||854999500||643310||0.00075241
16:03||854999500||643310||0.00075241
16:04||854999500||643310||0.00075241
16:05||854943000||643309||0.00075241
16:06||853582500||641966||0.00075241
16:07||853582500||642521||0.00075241
16:08||852589000||641053||0.00075241
16:09||852225500||640139||0.00075241
16:10||851801500||640139||0.00075241
16:11||851802500||641132||0.00075241
16:12||852102500||641132||0.00075241
16:13||852102500||641132||0.00075241
16:14||853305000||642933||0.00075241
16:15||853305000||642933||0.00075241
16:16||853305000||642932||0.00075241
16:17||853308000||642932||0.00075241
16:18||853735500||642932||0.00075241
16:19||853730500||642915||0.00075241
16:20||853731000||642911||0.00075241
16:21||854119000||642904||0.00075241
16:22||852980000||640677||0.00075241
16:23||852688000||640677||0.00075241
16:24||852686500||640677||0.00075241
16:25||852207500||640677||0.00075241
16:26||852207500||642455||0.00075241
16:27||852210000||642455||0.00075241
16:28||852210500||642455||0.00075241
16:29||852215500||639976||0.00075241
16:30||852321500||642455||0.00075241
16:31||852323000||642455||0.00075241
16:32||852842500||642452||0.00075241
16:33||853852500||642452||0.00075241
16:34||853851500||642443||0.00075241
16:35||853755000||642443||0.00075241
16:36||854246000||643234||0.00075241
16:37||854240000||643234||0.00075241
16:38||854286000||643234||0.00075241
16:39||854307000||642328||0.00075241
16:40||853777500||642328||0.00075241
16:41||853777500||642360||0.00075241
16:42||853744500||642360||0.00075241
16:43||853744500||642360||0.00075241
16:44||853744500||642360||0.00075241
16:45||853743500||642360||0.00075241
16:46||853744500||642371||0.00075241
16:47||853745500||642371||0.00075241
16:48||853745500||642371||0.00075241
16:49||853745500||642374||0.00075241
16:50||853745500||642374||0.00075241
16:51||853745500||642374||0.00075241
16:52||853739500||642360||0.00075241
16:53||853739500||642360||0.00075241
16:54||853739500||642360||0.00075241
16:55||853739500||642360||0.00075241
16:56||853738500||642360||0.00075241
16:57||853743500||643212||0.00075241
16:58||853737500||642361||0.00075241
16:59||853737500||642361||0.00075241
17:00||853737500||642361||0.00075241
17:01||853737500||642361||0.00075241
17:02||853737500||642361||0.00075241
17:03||853737500||642361||0.00075241
17:04||853737500||642361||0.00075241
17:05||853737500||642361||0.00075241
17:06||853737500||642361||0.00075241
17:07||853737500||642361||0.00075241
17:08||853737500||642361||0.00075241
17:09||853737500||642361||0.00075241
17:10||853737500||642361||0.00075241
17:11||853737500||642361||0.00075241
17:12||853737500||642361||0.00075241
17:13||853737500||642361||0.00075241
17:14||853737500||642361||0.00075241
17:15||853737500||642360||0.00075241
17:16||853737500||642361||0.00075241
17:17||853737500||642361||0.00075241
17:18||853737500||642361||0.00075241
17:19||853737500||642361||0.00075241
17:20||853737500||642361||0.00075241
17:21||853737500||642360||0.00075241
17:22||853737500||642360||0.00075241
17:23||853737500||642360||0.00075241
17:24||853737500||642360||0.00075241
17:25||853720000||642333||0.00075241
17:26||853720000||642333||0.00075241
17:27||853720000||642333||0.00075241
17:28||854284000||642361||0.00075241
17:29||851952500||640218||0.00075241
17:30||852945500||643310||0.00075241
17:31||853998500||643310||0.00075241
17:32||853998500||643310||0.00075241
17:33||854020500||643310||0.00075241
17:34||854175000||643310||0.00075241
17:35||854175000||643310||0.00075241
17:36||854200000||642106||0.00075241
17:37||854200000||643310||0.00075241
17:38||854200000||643310||0.00075241
17:39||853950000||643310||0.00075241
17:40||854200000||643310||0.00075241
17:41||854200000||643310||0.00075241
17:42||854500000||642558||0.00075241
17:43||854500500||643310||0.00075241
17:44||854500500||642558||0.00075241
17:45||852000500||639548||0.00075241
17:46||851500500||639548||0.00075241
17:47||851499500||639548||0.00075241
17:48||850750000||639548||0.00075241
17:49||850750000||639548||0.00075241
17:50||850750000||639548||0.00075241
17:51||850750000||640677||0.00075241
17:52||850765000||640677||0.00075241
17:53||852274000||641804||0.00075241
17:54||852699000||641804||0.00075241
17:55||852699000||641804||0.00075241
17:56||852699000||641804||0.00075241
17:57||852699000||641804||0.00075241
17:58||852699000||641804||0.00075241
17:59||852699000||641804||0.00075241
18:00||852699000||641804||0.00075241
18:01||852699000||641804||0.00075241
18:02||852550000||641354||0.00075241
18:03||852475000||641354||0.00075241
18:04||852549500||641354||0.00075241
18:05||852549500||641354||0.00075241
18:06||852549500||641354||0.00075241
18:07||852549500||641354||0.00075241
18:08||852549500||641354||0.00075241
18:09||852549500||641354||0.00075241
18:10||852549500||641467||0.00075241
18:11||853274500||642558||0.00075241
18:12||853274500||642558||0.00075241
18:13||853274500||642558||0.00075241
18:14||853277500||642558||0.00075241
18:15||853280000||642558||0.00075241
18:16||853280500||642558||0.00075241
18:17||853280500||642558||0.00075241
18:18||853510000||642558||0.00075241
18:19||854494500||643303||0.00075241
18:20||854494500||643303||0.00075241
18:21||854529500||642591||0.00075241
18:22||854999500||643310||0.00075241
18:23||855510000||643309||0.00075241
18:24||856994500||644807||0.00075241
18:25||856525000||645560||0.00075241
18:26||856650500||645560||0.00075241
18:27||857495000||645560||0.00075241
18:28||857994500||645560||0.00075241
18:29||857994500||645567||0.00075241
18:30||857998500||645567||0.00075241
18:31||857998500||645567||0.00075241
18:32||857999000||645567||0.00075241
18:33||857998500||645567||0.00075241
18:34||857998500||645567||0.00075241
18:35||857998500||645566||0.00075241
18:36||857500000||645566||0.00075241
18:37||857501000||645566||0.00075241
18:38||857999500||645567||0.00075241
18:39||857999500||645567||0.00075241
18:40||857999500||645567||0.00075241
18:41||857999500||645567||0.00075241
18:42||857500500||645567||0.00075241
18:43||857003500||645567||0.00075241
18:44||857001500||644816||0.00075241
18:45||857500000||644815||0.00075241
18:46||857650000||644815||0.00075241
18:47||857495500||644815||0.00075241
18:48||857451000||644816||0.00075241
18:49||857460500||645492||0.00075241
18:50||857022000||644832||0.00075241
18:51||857022000||644832||0.00075241
18:52||857021500||644832||0.00075241
18:53||857021500||644831||0.00075241
18:54||857011500||644831||0.00075241
18:55||857011500||644831||0.00075241
18:56||857011500||644831||0.00075241
18:57||857011500||644831||0.00075241
18:58||857011500||644831||0.00075241
18:59||857267000||644831||0.00075241
19:00||857267000||644816||0.00075241
19:01||857106000||644816||0.00075241
19:02||857211000||644973||0.00075241
19:03||857215500||644974||0.00075241
19:04||857107000||644816||0.00075241
19:05||857109000||644977||0.00075241
19:06||857201500||644977||0.00075241
19:07||857186000||644956||0.00075241
19:08||857185000||644956||0.00075241
19:09||857202000||644981||0.00075241
19:10||857206000||644981||0.00075241
19:11||857206000||644981||0.00075241
19:12||857206000||644981||0.00075241
19:13||857206000||644981||0.00075241
19:14||857206000||644981||0.00075241
19:15||857206000||644981||0.00075241
19:16||857202000||644981||0.00075241
19:17||857202000||644981||0.00075241
19:18||857202000||644981||0.00075241
19:19||857440500||645340||0.00075241
19:20||857440500||644953||0.00075241
19:21||857183500||644953||0.00075241
19:22||857002500||644953||0.00075241
19:23||857002500||644953||0.00075241
19:24||857002500||644816||0.00075241
19:25||857002500||644816||0.00075241
19:26||856651500||644288||0.00075241
19:27||856651500||644288||0.00075241
19:28||856367000||644288||0.00075241
19:29||855967000||643686||0.00075241
19:30||855967000||643686||0.00075241
19:31||855873000||643686||0.00075241
19:32||855873000||643545||0.00075241
19:33||855312500||643546||0.00075241
19:34||855312500||643545||0.00075241
19:35||855312500||643546||0.00075241
19:36||855312500||643546||0.00075241
19:37||855312500||643546||0.00075241
19:38||855312000||643546||0.00075241
19:39||855312000||643546||0.00075241
19:40||855312000||643546||0.00075241
19:41||855312000||643546||0.00075241
19:42||855312000||643546||0.00075241
19:43||855312000||643546||0.00075241
19:44||855312000||643544||0.00075241
19:45||855312000||643544||0.00075241
19:46||855312000||643544||0.00075241
19:47||855312000||643544||0.00075241
19:48||855312000||643544||0.00075241
19:49||855312000||643544||0.00075241
19:50||855312000||643544||0.00075241
19:51||855312000||643544||0.00075241
19:52||855312000||643546||0.00075241
19:53||855312000||643546||0.00075241
19:54||855312000||643546||0.00075241
19:55||855312000||643546||0.00075241
19:56||855312000||643546||0.00075241
19:57||855235000||643423||0.00075241
19:58||855154500||643423||0.00075241
19:59||855154500||643423||0.00075241
20:00||855154500||643423||0.00075241
20:01||855154500||643423||0.00075241
20:02||855155500||643431||0.00075241
20:03||855155500||643431||0.00075241
20:04||855155500||643431||0.00075241
20:05||855155500||643431||0.00075241
20:06||855155500||643431||0.00075241
20:07||855155500||643431||0.00075241
20:08||855150500||643431||0.00075241
20:09||855077500||643313||0.00075241
20:10||855009500||643313||0.00075241
20:11||855009500||643313||0.00075241
20:12||855009500||643313||0.00075241
20:13||855009500||643313||0.00075241
20:14||855009500||643313||0.00075241
20:15||855009500||643313||0.00075241
20:16||855009500||643313||0.00075241
20:17||855082500||643424||0.00075241
20:18||855082500||643424||0.00075241
20:19||855082500||643424||0.00075241
20:20||855082500||643424||0.00075241
20:21||855082500||643424||0.00075241
20:22||855082500||643424||0.00075241
20:23||855082500||643424||0.00075241
20:24||855082500||643424||0.00075241
20:25||855082500||643424||0.00075241
20:26||855082500||643321||0.00075241
20:27||855082500||643321||0.00075241
20:28||855082500||643321||0.00075241
20:29||855082500||643321||0.00075241
20:30||855082500||643321||0.00075241
20:31||855082500||643321||0.00075241
20:32||855082500||643424||0.00075241
20:33||855150500||643424||0.00075241
20:34||855082500||643321||0.00075241
20:35||855014500||643321||0.00075241
20:36||855083000||643424||0.00075241
20:37||855083000||643424||0.00075241
20:38||855082500||643321||0.00075241
20:39||855082000||643423||0.00075241
20:40||854126500||643461||0.00075241
20:41||853054500||643461||0.00075241
20:42||854127000||643461||0.00075241
20:43||853977500||643461||0.00075241
20:44||853527500||642558||0.00075241
20:45||853054000||641845||0.00075241
20:46||853053500||641845||0.00075241
20:47||853053500||641845||0.00075241
20:48||852700000||641805||0.00075241
20:49||852700000||641805||0.00075241
20:50||852700000||641354||0.00075241
20:51||851800000||639999||0.00075241
20:52||850600500||639999||0.00075241
20:53||850600500||639999||0.00075241
20:54||850600500||640000||0.00075241
20:55||850600500||640000||0.00075241
20:56||852800000||640000||0.00075241
20:57||851750000||639999||0.00075241
20:58||851100000||639999||0.00075241
20:59||851100000||639999||0.00075241
21:00||851100000||639999||0.00075241
21:01||851100000||639999||0.00075241
21:02||851082500||639973||0.00075241
21:03||851082500||639973||0.00075241
21:04||850607500||639973||0.00075241
21:05||850607500||639973||0.00075241
21:06||850607500||639973||0.00075241
21:07||850607500||639973||0.00075241
21:08||850565500||639974||0.00075241
21:09||850565500||639973||0.00075241
21:10||850565500||639973||0.00075241
21:11||850565500||639974||0.00075241
21:12||850555500||639973||0.00075241
21:13||850555500||639966||0.00075241
21:14||850555500||639966||0.00075241
21:15||850555500||639966||0.00075241
21:16||850555500||639966||0.00075241
21:17||850555500||639966||0.00075241
21:18||850555500||639966||0.00075241
21:19||850555500||639966||0.00075241
21:20||850555500||639966||0.00075241
21:21||850555500||639966||0.00075241
21:22||850555500||639966||0.00075241
21:23||850555500||639966||0.00075241
21:24||850555500||639966||0.00075241
21:25||850555500||639966||0.00075241
21:26||850555500||639966||0.00075241
21:27||850555500||639966||0.00075241
21:28||850555500||639966||0.00075241
21:29||850555500||639966||0.00075241
21:30||850555500||639966||0.00075241
21:31||850555500||639966||0.00075241
21:32||850555500||639966||0.00075241
21:33||850555500||639966||0.00075241
21:34||850555500||639966||0.00075241
21:35||850555500||639966||0.00075241
21:36||850555500||639966||0.00075241
21:37||850555500||639966||0.00075241
21:38||850520500||639962||0.00075241
21:39||850510500||639939||0.00075241
21:40||850510500||639939||0.00075241
21:41||850250000||639925||0.00075241
21:42||850250000||639548||0.00075241
21:43||850270000||639548||0.00075241
21:44||850130000||639548||0.00075241
21:45||850060000||639548||0.00075241
21:46||850270000||639638||0.00075241
21:47||850270000||639548||0.00075241
21:48||850270000||639548||0.00075241
21:49||850270000||639548||0.00075241
21:50||850270000||639548||0.00075241
21:51||850278000||639966||0.00075241
21:52||850278000||639966||0.00075241
21:53||850278000||639966||0.00075241
21:54||850278500||639966||0.00075241
21:55||850328500||639966||0.00075241
21:56||850333000||639973||0.00075241
21:57||850700500||640526||0.00075241
21:58||850700500||640526||0.00075241
21:59||850700500||640526||0.00075241
22:00||850702000||639627||0.00075241
22:01||850702000||640525||0.00075241
22:02||850702000||639627||0.00075241
22:03||850702000||639627||0.00075241
22:04||850702000||639627||0.00075241
22:05||850707000||640525||0.00075241
22:06||850707000||640525||0.00075241
22:07||850707000||640525||0.00075241
22:08||850702500||639635||0.00075241
22:09||850702500||639635||0.00075241
22:10||850702500||639635||0.00075241
22:11||850745000||639635||0.00075241
22:12||850745000||639635||0.00075241
22:13||850745000||639635||0.00075241
22:14||850745000||639635||0.00075241
22:15||850745000||640519||0.00075241
22:16||850770000||640519||0.00075241
22:17||850823000||640519||0.00075241
22:18||850828000||640526||0.00075241
22:19||850828000||640526||0.00075241
22:20||850828000||640526||0.00075241
22:21||850828000||640526||0.00075241
22:22||850833000||640526||0.00075241
22:23||850608000||640188||0.00075241
22:24||850608000||640188||0.00075241
22:25||850608000||640188||0.00075241
22:26||850849500||640188||0.00075241
22:27||851074000||640525||0.00075241
22:28||851074000||640525||0.00075241
22:29||851074000||640525||0.00075241
22:30||851074000||640525||0.00075241
22:31||851074000||640525||0.00075241
22:32||851074000||640525||0.00075241
22:33||851074000||640525||0.00075241
22:34||851074000||640525||0.00075241
22:35||851074000||640525||0.00075241
22:36||851074000||640187||0.00075241
22:37||851074000||640187||0.00075241
22:38||851074000||640187||0.00075241
22:39||850604500||640187||0.00075241
22:40||851632500||641730||0.00075241
22:41||851632500||641730||0.00075241
22:42||851637500||641730||0.00075241
22:43||851637500||639830||0.00075241
22:44||851637500||639830||0.00075241
22:45||851637500||639830||0.00075241
22:46||851637500||639830||0.00075241
22:47||851637000||639830||0.00075241
22:48||851637000||639830||0.00075241
22:49||851636500||639830||0.00075241
22:50||851636500||639830||0.00075241
22:51||851636500||639830||0.00075241
22:52||851636500||639830||0.00075241
22:53||851636500||639830||0.00075241
22:54||851636000||639830||0.00075241
22:55||851636000||639830||0.00075241
22:56||851636000||639830||0.00075241
22:57||851636000||639830||0.00075241
22:58||851636000||639830||0.00075241
22:59||851636000||639830||0.00075241
23:00||851636000||639830||0.00075241
23:01||851598500||639830||0.00075241
23:02||851575000||639830||0.00075241
23:03||851575000||639830||0.00075241
23:04||851575000||639830||0.00075241
23:05||851575000||639830||0.00075241
23:06||851575000||639830||0.00075241
23:07||852250000||639830||0.00075241
23:08||852242500||640865||0.00075241
23:09||852242500||640865||0.00075241
23:10||852242500||640865||0.00075241
23:11||852242500||640865||0.00075241
23:12||852242500||640865||0.00075241
23:13||852241500||640865||0.00075241
23:14||852241500||640865||0.00075241
23:15||852366500||640865||0.00075241
23:16||852366500||640865||0.00075241
23:17||852366500||640865||0.00075241
23:18||852366500||640865||0.00075241
23:19||852366500||641604||0.00075241
23:20||852241500||641604||0.00075241
23:21||852241500||640865||0.00075241
23:22||852241500||640865||0.00075241
23:23||852241500||640865||0.00075241
23:24||852241500||640865||0.00075241
23:25||850816500||639548||0.00075241
23:26||850700000||639548||0.00075241
23:27||850699500||639548||0.00075241
23:28||850699500||639548||0.00075241
23:29||850699500||639548||0.00075241
23:30||850699500||639548||0.00075241
23:31||850699500||639548||0.00075241
23:32||850699500||639548||0.00075241
23:33||850699500||641428||0.00075241
23:34||850699500||641428||0.00075241
23:35||850699500||638720||0.00075241
23:36||849835500||637338||0.00075241
23:37||849162000||637420||0.00075241
23:38||849162000||637420||0.00075241
23:39||849162000||637420||0.00075241
23:40||849162000||637420||0.00075241
23:41||849202500||637420||0.00075241
23:42||849202500||637420||0.00075241
23:43||850097500||637420||0.00075241
23:44||850097500||637420||0.00075241
23:45||850097500||637420||0.00075241
23:46||850097500||637420||0.00075241
23:47||850097500||637420||0.00075241
23:48||850097500||637420||0.00075241
23:49||850097500||637420||0.00075241
23:50||850097500||637420||0.00075241
23:51||850107500||638828||0.00075241
23:52||850107500||638828||0.00075241
23:53||850107500||638828||0.00075241
23:54||850107500||638828||0.00075241
23:55||850107500||638828||0.00075241
23:56||850107500||638828||0.00075241
23:57||850086000||638828||0.00075241
23:58||850107500||638828||0.00075241
23:59||850106500||638828||0.00075241
