00:00||699881500||527392||0.00075241
00:01||699907500||527392||0.00075241
00:02||699907500||527392||0.00075241
00:03||699990500||527392||0.00075241
00:04||700307500||527392||0.00075241
00:05||700307500||526782||0.00075241
00:06||700307500||526782||0.00075241
00:07||700307500||526782||0.00075241
00:08||700307500||526782||0.00075241
00:09||700307500||526782||0.00075241
00:10||700307500||526782||0.00075241
00:11||699945000||526181||0.00075241
00:12||699991000||526181||0.00075241
00:13||700011500||527054||0.00075241
00:14||700053500||527054||0.00075241
00:15||700100000||527054||0.00075241
00:16||700142000||527054||0.00075241
00:17||700180500||527054||0.00075241
00:18||700208500||526611||0.00075241
00:19||700233000||526611||0.00075241
00:20||699664500||526688||0.00075241
00:21||699693000||526686||0.00075241
00:22||699568000||526686||0.00075241
00:23||699568000||526686||0.00075241
00:24||699438500||526686||0.00075241
00:25||699438500||526264||0.00075241
00:26||699438500||526264||0.00075241
00:27||699438500||526264||0.00075241
00:28||699438500||526264||0.00075241
00:29||699438500||526264||0.00075241
00:30||699955500||526264||0.00075241
00:31||700472500||526264||0.00075241
00:32||700472500||526264||0.00075241
00:33||700472500||526264||0.00075241
00:34||700472500||526264||0.00075241
00:35||700472500||526264||0.00075241
00:36||700472500||527042||0.00075241
00:37||700472500||527042||0.00075241
00:38||700472500||527042||0.00075241
00:39||700472500||527042||0.00075241
00:40||700472500||527042||0.00075241
00:41||700472500||527042||0.00075241
00:42||699481000||525550||0.00075241
00:43||699480500||525550||0.00075241
00:44||699478500||525550||0.00075241
00:45||699478500||525550||0.00075241
00:46||699478500||525550||0.00075241
00:47||699478500||525550||0.00075241
00:48||700462500||525550||0.00075241
00:49||700462500||525550||0.00075241
00:50||700462500||527035||0.00075241
00:51||700462500||527035||0.00075241
00:52||700462500||527035||0.00075241
00:53||700462500||527034||0.00075241
00:54||700462500||527035||0.00075241
00:55||700462500||527035||0.00075241
00:56||700462500||527035||0.00075241
00:57||700462500||527035||0.00075241
00:58||700462500||527035||0.00075241
00:59||700462500||527035||0.00075241
01:00||700462500||527035||0.00075241
01:01||700462500||527035||0.00075241
01:02||700462500||527035||0.00075241
01:03||700462500||527035||0.00075241
01:04||700462500||527035||0.00075241
01:05||700462500||527035||0.00075241
01:06||700462500||527035||0.00075241
01:07||700462500||527035||0.00075241
01:08||700462500||527035||0.00075241
01:09||700462500||527035||0.00075241
01:10||700462500||527034||0.00075241
01:11||700462500||527034||0.00075241
01:12||700462500||527035||0.00075241
01:13||700462500||527035||0.00075241
01:14||700462500||527035||0.00075241
01:15||700462500||527035||0.00075241
01:16||700462500||527035||0.00075241
01:17||700462500||527035||0.00075241
01:18||700462500||527035||0.00075241
01:19||700462500||527035||0.00075241
01:20||700462500||527035||0.00075241
01:21||700462500||527035||0.00075241
01:22||700462500||527035||0.00075241
01:23||700462500||527035||0.00075241
01:24||700462500||527035||0.00075241
01:25||700462500||527035||0.00075241
01:26||700462500||527035||0.00075241
01:27||700462500||527035||0.00075241
01:28||700462500||527035||0.00075241
01:29||700462500||527035||0.00075241
01:30||700462500||527035||0.00075241
01:31||700462500||527035||0.00075241
01:32||700462500||527035||0.00075241
01:33||700462500||527035||0.00075241
01:34||700462500||527035||0.00075241
01:35||700462500||527035||0.00075241
01:36||700462500||527035||0.00075241
01:37||700462500||527035||0.00075241
01:38||700462500||527035||0.00075241
01:39||700462500||527035||0.00075241
01:40||700462500||527035||0.00075241
01:41||700462500||527035||0.00075241
01:42||700462500||527035||0.00075241
01:43||700462500||527035||0.00075241
01:44||700462500||527035||0.00075241
01:45||700462500||527035||0.00075241
01:46||699475000||525550||0.00075241
01:47||699476000||525550||0.00075241
01:48||699474500||525550||0.00075241
01:49||698745000||527030||0.00075241
01:50||698745000||527030||0.00075241
01:51||698767500||527030||0.00075241
01:52||698774000||527030||0.00075241
01:53||698795500||527030||0.00075241
01:54||698810500||527030||0.00075241
01:55||698810500||527030||0.00075241
01:56||698810500||527030||0.00075241
01:57||698622500||527030||0.00075241
01:58||698622500||527030||0.00075241
01:59||698160000||525164||0.00075241
02:00||698160000||525164||0.00075241
02:01||698160000||525164||0.00075241
02:02||698160000||525164||0.00075241
02:03||698160000||525164||0.00075241
02:04||698209000||525164||0.00075241
02:05||698226000||525649||0.00075241
02:06||698244500||525649||0.00075241
02:07||698828500||525650||0.00075241
02:08||698833000||525650||0.00075241
02:09||698833000||525650||0.00075241
02:10||698842000||525650||0.00075241
02:11||698858000||525650||0.00075241
02:12||698872000||525650||0.00075241
02:13||698887000||525650||0.00075241
02:14||698898500||525650||0.00075241
02:15||698911500||525650||0.00075241
02:16||698922000||525650||0.00075241
02:17||698928500||525820||0.00075241
02:18||698942500||525820||0.00075241
02:19||698952500||525820||0.00075241
02:20||698961500||525820||0.00075241
02:21||698998500||525820||0.00075241
02:22||698998500||525820||0.00075241
02:23||698998500||525820||0.00075241
02:24||699822500||525935||0.00075241
02:25||699888000||525935||0.00075241
02:26||700216500||526310||0.00075241
02:27||700722500||527054||0.00075241
02:28||700741500||527054||0.00075241
02:29||700760500||527378||0.00075241
02:30||700766500||527364||0.00075241
02:31||700784000||527364||0.00075241
02:32||700794000||527364||0.00075241
02:33||700700500||527364||0.00075241
02:34||700700500||527364||0.00075241
02:35||700700500||527364||0.00075241
02:36||700700500||527364||0.00075241
02:37||700700500||527364||0.00075241
02:38||700700500||527364||0.00075241
02:39||700700500||527364||0.00075241
02:40||700700500||527364||0.00075241
02:41||700700500||527364||0.00075241
02:42||700700500||527214||0.00075241
02:43||700700500||527214||0.00075241
02:44||700700500||527214||0.00075241
02:45||700700500||527214||0.00075241
02:46||700700500||527214||0.00075241
02:47||700700500||527214||0.00075241
02:48||700700500||527214||0.00075241
02:49||700700500||527214||0.00075241
02:50||700700500||527214||0.00075241
02:51||700700500||527214||0.00075241
02:52||700700500||527214||0.00075241
02:53||700700500||527214||0.00075241
02:54||700700500||527214||0.00075241
02:55||700700500||527214||0.00075241
02:56||700700500||527214||0.00075241
02:57||700700500||527214||0.00075241
02:58||700700500||527214||0.00075241
02:59||700700500||527214||0.00075241
03:00||700700500||527214||0.00075241
03:01||700700500||527214||0.00075241
03:02||700700500||527214||0.00075241
03:03||700700500||527214||0.00075241
03:04||700700500||527214||0.00075241
03:05||700700500||527214||0.00075241
03:06||700700500||527214||0.00075241
03:07||700700500||527214||0.00075241
03:08||698994000||527213||0.00075241
03:09||699377000||527213||0.00075241
03:10||699378000||527213||0.00075241
03:11||699328000||527213||0.00075241
03:12||699328000||527213||0.00075241
03:13||699328000||527213||0.00075241
03:14||699328000||527213||0.00075241
03:15||699328000||527213||0.00075241
03:16||699328000||527213||0.00075241
03:17||699328000||527213||0.00075241
03:18||699328000||527213||0.00075241
03:19||698789000||524413||0.00075241
03:20||698789000||524413||0.00075241
03:21||698789000||524413||0.00075241
03:22||698933000||524413||0.00075241
03:23||699098000||524413||0.00075241
03:24||699158500||524413||0.00075241
03:25||699227000||524413||0.00075241
03:26||699331000||524413||0.00075241
03:27||699355500||525336||0.00075241
03:28||699355500||525336||0.00075241
03:29||699355500||525336||0.00075241
03:30||698744000||524414||0.00075241
03:31||698744000||527067||0.00075241
03:32||698740000||527067||0.00075241
03:33||698740000||527067||0.00075241
03:34||698740000||527067||0.00075241
03:35||698740000||527067||0.00075241
03:36||698740000||527067||0.00075241
03:37||698740000||527067||0.00075241
03:38||698946000||527067||0.00075241
03:39||698946000||527067||0.00075241
03:40||698946000||527067||0.00075241
03:41||698946000||527067||0.00075241
03:42||698946000||527067||0.00075241
03:43||696499500||524270||0.00075241
03:44||696499500||524270||0.00075241
03:45||696499500||524053||0.00075241
03:46||696499500||524053||0.00075241
03:47||696499500||524053||0.00075241
03:48||698438000||524053||0.00075241
03:49||698439000||524053||0.00075241
03:50||698440500||524053||0.00075241
03:51||698343500||524053||0.00075241
03:52||698232500||524053||0.00075241
03:53||698133000||524053||0.00075241
03:54||698059500||524053||0.00075241
03:55||697991500||524053||0.00075241
03:56||697929000||524053||0.00075241
03:57||697857500||524053||0.00075241
03:58||697817000||524053||0.00075241
03:59||697780000||524053||0.00075241
04:00||697780000||524053||0.00075241
04:01||697457000||524053||0.00075241
04:02||697457000||524053||0.00075241
04:03||697457000||524053||0.00075241
04:04||697457000||524053||0.00075241
04:05||697457000||524939||0.00075241
04:06||697451500||524607||0.00075241
04:07||697426000||524607||0.00075241
04:08||697403000||524607||0.00075241
04:09||697382000||524607||0.00075241
04:10||697236500||524607||0.00075241
04:11||697236500||524607||0.00075241
04:12||696869000||524608||0.00075241
04:13||696868000||524608||0.00075241
04:14||696868000||524608||0.00075241
04:15||696868000||524608||0.00075241
04:16||696868000||524608||0.00075241
04:17||696868000||524608||0.00075241
04:18||696868000||524608||0.00075241
04:19||696868000||524608||0.00075241
04:20||696868000||524608||0.00075241
04:21||696868000||524608||0.00075241
04:22||696868000||524608||0.00075241
04:23||696868000||524608||0.00075241
04:24||696868000||524608||0.00075241
04:25||696868000||524608||0.00075241
04:26||697090500||524941||0.00075241
04:27||697089500||524941||0.00075241
04:28||697089500||524941||0.00075241
04:29||697089500||524941||0.00075241
04:30||697089500||524941||0.00075241
04:31||697089500||524941||0.00075241
04:32||697089500||524941||0.00075241
04:33||697089500||524941||0.00075241
04:34||697127500||524941||0.00075241
04:35||697185500||524198||0.00075241
04:36||697237500||524198||0.00075241
04:37||697284500||524198||0.00075241
04:38||697326000||524198||0.00075241
04:39||697357000||524198||0.00075241
04:40||697387000||524941||0.00075241
04:41||697408000||525021||0.00075241
04:42||699226500||525021||0.00075241
04:43||699353000||525021||0.00075241
04:44||699446000||525021||0.00075241
04:45||699553000||525021||0.00075241
04:46||699591500||525021||0.00075241
04:47||699684500||525021||0.00075241
04:48||699734500||525021||0.00075241
04:49||700553000||527136||0.00075241
04:50||699719500||527136||0.00075241
04:51||699770000||527212||0.00075241
04:52||699770000||527212||0.00075241
04:53||699770000||527212||0.00075241
04:54||699770000||527212||0.00075241
04:55||699770000||527212||0.00075241
04:56||699770000||527212||0.00075241
04:57||699770000||527212||0.00075241
04:58||699770000||527212||0.00075241
04:59||699770000||527212||0.00075241
05:00||699770000||527212||0.00075241
05:01||699770000||527212||0.00075241
05:02||699770000||527212||0.00075241
05:03||699770000||527212||0.00075241
05:04||699770000||527212||0.00075241
05:05||699770000||527212||0.00075241
05:06||700271500||527212||0.00075241
05:07||700273000||527212||0.00075241
05:08||700273000||527212||0.00075241
05:09||700275500||527212||0.00075241
05:10||700275500||527212||0.00075241
05:11||700349500||527212||0.00075241
05:12||700350500||527212||0.00075241
05:13||700350500||527212||0.00075241
05:14||700350500||527212||0.00075241
05:15||700350500||527212||0.00075241
05:16||700350500||527212||0.00075241
05:17||700698500||527212||0.00075241
05:18||700698500||527212||0.00075241
05:19||700698500||527212||0.00075241
05:20||700698500||527212||0.00075241
05:21||695598500||519539||0.00075241
05:22||695250000||519539||0.00075241
05:23||695500000||519539||0.00075241
05:24||696500000||519539||0.00075241
05:25||697000000||519539||0.00075241
05:26||697008500||519539||0.00075241
05:27||697248500||519539||0.00075241
05:28||697998500||526683||0.00075241
05:29||698007500||526687||0.00075241
05:30||698095000||526687||0.00075241
05:31||698095000||526687||0.00075241
05:32||698201000||526687||0.00075241
05:33||698202500||526687||0.00075241
05:34||698206000||526687||0.00075241
05:35||698501000||526687||0.00075241
05:36||698300000||524128||0.00075241
05:37||698450000||524207||0.00075241
05:38||698600000||524207||0.00075241
05:39||698288500||524207||0.00075241
05:40||698188500||524207||0.00075241
05:41||698374500||524207||0.00075241
05:42||698374500||525463||0.00075241
05:43||698374500||525463||0.00075241
05:44||699188500||525465||0.00075241
05:45||699203500||525467||0.00075241
05:46||699499000||525467||0.00075241
05:47||699499000||525467||0.00075241
05:48||699997500||526682||0.00075241
05:49||698254500||524053||0.00075241
05:50||698254500||524053||0.00075241
05:51||698755000||527214||0.00075241
05:52||699101500||527214||0.00075241
05:53||699490500||527378||0.00075241
05:54||700530000||527378||0.00075241
05:55||700976500||527422||0.00075241
05:56||700976500||527421||0.00075241
05:57||698739500||520682||0.00075241
05:58||700973500||520682||0.00075241
05:59||700973500||527419||0.00075241
06:00||700976500||527422||0.00075241
06:01||700976500||527421||0.00075241
06:02||700979500||527423||0.00075241
06:03||700984500||527426||0.00075241
06:04||701238500||527431||0.00075241
06:05||701487500||527439||0.00075241
06:06||701493000||527808||0.00075241
06:07||701496500||527813||0.00075241
06:08||701496500||527812||0.00075241
06:09||701496500||527813||0.00075241
06:10||701496500||527813||0.00075241
06:11||702348500||528341||0.00075241
06:12||702497500||528565||0.00075241
06:13||703278500||528565||0.00075241
06:14||703714500||525444||0.00075241
06:15||703714500||529171||0.00075241
06:16||703733000||529789||0.00075241
06:17||704124500||529205||0.00075241
06:18||704124500||529790||0.00075241
06:19||704124500||529789||0.00075241
06:20||704124500||529789||0.00075241
06:21||704124500||529789||0.00075241
06:22||704124500||529790||0.00075241
06:23||704124500||529789||0.00075241
06:24||704124500||529406||0.00075241
06:25||703915500||529790||0.00075241
06:26||704117500||529784||0.00075241
06:27||704117500||529784||0.00075241
06:28||704117500||529784||0.00075241
06:29||704117500||529784||0.00075241
06:30||704117500||529784||0.00075241
06:31||704117500||529784||0.00075241
06:32||703208500||528343||0.00075241
06:33||703997500||528569||0.00075241
06:34||703997500||529694||0.00075241
06:35||703999500||529695||0.00075241
06:36||703999500||529695||0.00075241
06:37||703999500||529695||0.00075241
06:38||703587500||529068||0.00075241
06:39||703649500||529093||0.00075241
06:40||703997500||529084||0.00075241
06:41||703997500||529695||0.00075241
06:42||703997500||529694||0.00075241
06:43||703997500||529694||0.00075241
06:44||703997500||529694||0.00075241
06:45||703999500||529695||0.00075241
06:46||704057500||529696||0.00075241
06:47||704114500||529695||0.00075241
06:48||704117500||529784||0.00075241
06:49||704117500||529784||0.00075241
06:50||704117500||529785||0.00075241
06:51||704117500||529785||0.00075241
06:52||704129500||529792||0.00075241
06:53||704123500||528267||0.00075241
06:54||704131500||529795||0.00075241
06:55||704131500||529795||0.00075241
06:56||704131500||529795||0.00075241
06:57||704131500||529795||0.00075241
06:58||704131500||529795||0.00075241
06:59||704131500||529795||0.00075241
07:00||703954500||529320||0.00075241
07:01||704009000||529395||0.00075241
07:02||703916000||529470||0.00075241
07:03||703933500||529497||0.00075241
07:04||703940000||529502||0.00075241
07:05||704130500||529794||0.00075241
07:06||704131500||529795||0.00075241
07:07||704131500||529795||0.00075241
07:08||704131500||529795||0.00075241
07:09||704567500||529795||0.00075241
07:10||704648000||529801||0.00075241
07:11||704750500||529801||0.00075241
07:12||704997500||530447||0.00075241
07:13||704997500||530447||0.00075241
07:14||704997500||530447||0.00075241
07:15||704997500||530447||0.00075241
07:16||704997500||530447||0.00075241
07:17||704997500||530447||0.00075241
07:18||704997500||530447||0.00075241
07:19||704997500||530447||0.00075241
07:20||704997500||530446||0.00075241
07:21||704997500||530446||0.00075241
07:22||704997500||530446||0.00075241
07:23||704997500||530446||0.00075241
07:24||704997500||530446||0.00075241
07:25||704997500||530446||0.00075241
07:26||704997500||530447||0.00075241
07:27||704997500||530447||0.00075241
07:28||704997500||530446||0.00075241
07:29||704557500||530114||0.00075241
07:30||704428500||529612||0.00075241
07:31||704224500||529615||0.00075241
07:32||704222500||529553||0.00075241
07:33||704218500||529619||0.00075241
07:34||703505000||530102||0.00075241
07:35||703505500||528944||0.00075241
07:36||703501500||528944||0.00075241
07:37||703500000||528944||0.00075241
07:38||703500000||528944||0.00075241
07:39||703001000||527966||0.00075241
07:40||702399000||527972||0.00075241
07:41||702446500||528115||0.00075241
07:42||702501000||528192||0.00075241
07:43||702643500||528192||0.00075241
07:44||702823000||528192||0.00075241
07:45||702509000||528932||0.00075241
07:46||702610000||528215||0.00075241
07:47||702698000||528215||0.00075241
07:48||702981500||528929||0.00075241
07:49||702981500||528929||0.00075241
07:50||702989500||528935||0.00075241
07:51||702989500||528936||0.00075241
07:52||703448500||528936||0.00075241
07:53||703002500||528946||0.00075241
07:54||704253500||529701||0.00075241
07:55||704498500||530072||0.00075241
07:56||704498500||530071||0.00075241
07:57||704498500||530072||0.00075241
07:58||704498500||530071||0.00075241
07:59||704498500||530071||0.00075241
08:00||704498500||530071||0.00075241
08:01||704498500||530071||0.00075241
08:02||704498500||530071||0.00075241
08:03||704498500||530071||0.00075241
08:04||704498500||530071||0.00075241
08:05||704498500||530071||0.00075241
08:06||704498500||530071||0.00075241
08:07||704498500||530072||0.00075241
08:08||704498500||530072||0.00075241
08:09||704498500||530072||0.00075241
08:10||704498500||530072||0.00075241
08:11||704498500||530071||0.00075241
08:12||704498500||530071||0.00075241
08:13||704498500||530071||0.00075241
08:14||704498500||530071||0.00075241
08:15||704498500||530071||0.00075241
08:16||704498500||530071||0.00075241
08:17||704498500||530071||0.00075241
08:18||704498500||530071||0.00075241
08:19||704498500||530071||0.00075241
08:20||704498500||530071||0.00075241
08:21||704498500||530071||0.00075241
08:22||704520000||530072||0.00075241
08:23||704555500||530114||0.00075241
08:24||704779000||530449||0.00075241
08:25||705476000||530449||0.00075241
08:26||705949500||532179||0.00075241
08:27||707599500||532405||0.00075241
08:28||707599500||532405||0.00075241
08:29||707599500||532405||0.00075241
08:30||707599500||532404||0.00075241
08:31||707699500||532479||0.00075241
08:32||707999500||532668||0.00075241
08:33||708319000||532947||0.00075241
08:34||709998500||534209||0.00075241
08:35||709998500||534210||0.00075241
08:36||709998500||534210||0.00075241
08:37||709998500||534210||0.00075241
08:38||709234500||534209||0.00075241
08:39||709191500||533126||0.00075241
08:40||709531500||534038||0.00075241
08:41||709776500||534032||0.00075241
08:42||709790500||534053||0.00075241
08:43||710245000||534581||0.00075241
08:44||710245000||534581||0.00075241
08:45||710499500||534587||0.00075241
08:46||710499500||534587||0.00075241
08:47||710499500||534587||0.00075241
08:48||710499500||534587||0.00075241
08:49||710499500||534587||0.00075241
08:50||710356000||534212||0.00075241
08:51||710706500||534212||0.00075241
08:52||710706500||534742||0.00075241
08:53||710706500||534742||0.00075241
08:54||710706500||534742||0.00075241
08:55||710706500||534742||0.00075241
08:56||710355000||534216||0.00075241
08:57||710256000||534218||0.00075241
08:58||710497500||534585||0.00075241
08:59||710497500||534585||0.00075241
09:00||710497500||534585||0.00075241
09:01||709787500||533511||0.00075241
09:02||710497500||533841||0.00075241
09:03||710497500||534585||0.00075241
09:04||710497500||530449||0.00075241
09:05||709498500||532707||0.00075241
09:06||709798500||533535||0.00075241
09:07||710192000||533535||0.00075241
09:08||710252000||533216||0.00075241
09:09||709338000||533216||0.00075241
09:10||709750000||533533||0.00075241
09:11||709760500||533843||0.00075241
09:12||709318500||533542||0.00075241
09:13||708459000||532515||0.00075241
09:14||709079500||532921||0.00075241
09:15||708781000||533088||0.00075241
09:16||709530000||534140||0.00075241
09:17||709995500||532706||0.00075241
09:18||709995500||534207||0.00075241
09:19||709995500||534207||0.00075241
09:20||709503500||533465||0.00075241
09:21||709512000||533482||0.00075241
09:22||709409500||533533||0.00075241
09:23||709553000||533563||0.00075241
09:24||709429000||533457||0.00075241
09:25||709201000||533383||0.00075241
09:26||709218500||532894||0.00075241
09:27||709026000||533417||0.00075241
09:28||709299000||533462||0.00075241
09:29||709351000||533578||0.00075241
09:30||709499500||533834||0.00075241
09:31||709384000||533082||0.00075241
09:32||709489500||533826||0.00075241
09:33||709995500||533836||0.00075241
09:34||709995500||534207||0.00075241
09:35||709995500||534207||0.00075241
09:36||709999500||534211||0.00075241
09:37||710070500||534264||0.00075241
09:38||710070500||534264||0.00075241
09:39||710070500||534264||0.00075241
09:40||710070500||534264||0.00075241
09:41||710070500||534263||0.00075241
09:42||710283500||534583||0.00075241
09:43||710193000||534263||0.00075241
09:44||709129000||532706||0.00075241
09:45||709249500||533162||0.00075241
09:46||709497500||533833||0.00075241
09:47||710151500||534202||0.00075241
09:48||710110000||534226||0.00075241
09:49||710198500||534360||0.00075241
09:50||710198500||534360||0.00075241
09:51||710198500||534360||0.00075241
09:52||710302000||534439||0.00075241
09:53||710998500||534962||0.00075241
09:54||711222500||535715||0.00075241
09:55||713485000||537973||0.00075241
09:56||714502500||537599||0.00075241
09:57||715016000||537995||0.00075241
09:58||715029500||537995||0.00075241
09:59||715029500||537995||0.00075241
10:00||715016000||537973||0.00075241
10:01||715002500||537975||0.00075241
10:02||715000500||537974||0.00075241
10:03||715000500||537973||0.00075241
10:04||715000500||537973||0.00075241
10:05||715000500||537973||0.00075241
10:06||715000500||537973||0.00075241
10:07||715000500||537973||0.00075241
10:08||715000500||537973||0.00075241
10:09||714751500||537973||0.00075241
10:10||714504500||537599||0.00075241
10:11||714502500||537598||0.00075241
10:12||714502500||537598||0.00075241
10:13||714502500||537599||0.00075241
10:14||714502500||537599||0.00075241
10:15||714752000||537599||0.00075241
10:16||714038500||537598||0.00075241
10:17||714008500||536903||0.00075241
10:18||713577500||536902||0.00075241
10:19||713577500||536731||0.00075241
10:20||713577500||536902||0.00075241
10:21||713577500||536903||0.00075241
10:22||714295000||536903||0.00075241
10:23||714443500||536903||0.00075241
10:24||714996500||536903||0.00075241
10:25||714996500||537970||0.00075241
10:26||714996500||537970||0.00075241
10:27||714996500||537970||0.00075241
10:28||714996500||537970||0.00075241
10:29||714996500||537970||0.00075241
10:30||714996500||537970||0.00075241
10:31||714996500||537970||0.00075241
10:32||714996500||537970||0.00075241
10:33||714996500||537970||0.00075241
10:34||714996500||537970||0.00075241
10:35||714996500||537970||0.00075241
10:36||714996500||537970||0.00075241
10:37||714996500||537970||0.00075241
10:38||714996500||537970||0.00075241
10:39||714996500||537970||0.00075241
10:40||714996500||537970||0.00075241
10:41||714996500||537970||0.00075241
10:42||714996500||537970||0.00075241
10:43||714996500||537970||0.00075241
10:44||714996500||537970||0.00075241
10:45||715709500||538597||0.00075241
10:46||716413500||539475||0.00075241
10:47||716915000||540230||0.00075241
10:48||716950000||540230||0.00075241
10:49||716950000||540155||0.00075241
10:50||716950000||540155||0.00075241
10:51||717000000||540155||0.00075241
10:52||717000500||538801||0.00075241
10:53||717044000||540146||0.00075241
10:54||717568000||540146||0.00075241
10:55||717887500||540146||0.00075241
10:56||717887500||540146||0.00075241
10:57||717887500||540146||0.00075241
10:58||717887500||540145||0.00075241
10:59||717887500||540146||0.00075241
11:00||717887500||540146||0.00075241
11:01||717887500||540146||0.00075241
11:02||717944500||540230||0.00075241
11:03||717999500||540230||0.00075241
11:04||718101500||540307||0.00075241
11:05||718101500||540307||0.00075241
11:06||718301500||540606||0.00075241
11:07||718300500||540307||0.00075241
11:08||718300500||540307||0.00075241
11:09||718300500||540307||0.00075241
11:10||718300500||540307||0.00075241
11:11||718300500||540307||0.00075241
11:12||718103500||540308||0.00075241
11:13||718103500||540308||0.00075241
11:14||718103500||540308||0.00075241
11:15||718103500||540308||0.00075241
11:16||718103500||540308||0.00075241
11:17||718103500||540308||0.00075241
11:18||718103500||540308||0.00075241
11:19||718103500||540307||0.00075241
11:20||718103500||540308||0.00075241
11:21||718052500||540307||0.00075241
11:22||718052000||540307||0.00075241
11:23||718052000||540307||0.00075241
11:24||718051000||540307||0.00075241
11:25||718052000||540307||0.00075241
11:26||718052000||540307||0.00075241
11:27||718052500||540231||0.00075241
11:28||718052500||540308||0.00075241
11:29||718052500||540308||0.00075241
11:30||718103500||540308||0.00075241
11:31||718103500||540307||0.00075241
11:32||718103500||540307||0.00075241
11:33||718103500||540308||0.00075241
11:34||718103500||540308||0.00075241
11:35||718103500||540307||0.00075241
11:36||718103500||540307||0.00075241
11:37||718103500||540308||0.00075241
11:38||718103500||540308||0.00075241
11:39||718103500||540307||0.00075241
11:40||718103500||540307||0.00075241
11:41||718103500||540308||0.00075241
11:42||718103500||540307||0.00075241
11:43||718103500||540307||0.00075241
11:44||718103500||540307||0.00075241
11:45||718103500||540308||0.00075241
11:46||718103500||540308||0.00075241
11:47||718397000||540308||0.00075241
11:48||718397000||540308||0.00075241
11:49||718398000||540606||0.00075241
11:50||718598000||540907||0.00075241
11:51||718893000||540907||0.00075241
11:52||718896000||541351||0.00075241
11:53||718898000||541358||0.00075241
11:54||718898000||541358||0.00075241
11:55||718898000||541358||0.00075241
11:56||719498500||541358||0.00075241
11:57||719193000||541357||0.00075241
11:58||719193000||541356||0.00075241
11:59||719193500||541356||0.00075241
12:00||719193000||541356||0.00075241
12:01||719192500||540899||0.00075241
12:02||719193000||540899||0.00075241
12:03||719194000||541355||0.00075241
12:04||719191500||541355||0.00075241
12:05||719490500||541355||0.00075241
12:06||719490500||541352||0.00075241
12:07||719490500||541352||0.00075241
12:08||719490500||541352||0.00075241
12:09||719490500||541352||0.00075241
12:10||719490500||541352||0.00075241
12:11||719490500||541352||0.00075241
12:12||719490500||541352||0.00075241
12:13||719490500||541352||0.00075241
12:14||719490500||541352||0.00075241
12:15||719490500||541352||0.00075241
12:16||719490500||541351||0.00075241
12:17||719490500||541352||0.00075241
12:18||719490500||541352||0.00075241
12:19||719192000||540898||0.00075241
12:20||719192000||540898||0.00075241
12:21||719190000||540898||0.00075241
12:22||719193500||541351||0.00075241
12:23||719487500||541351||0.00075241
12:24||719050000||541349||0.00075241
12:25||719193500||541349||0.00075241
12:26||719193000||540906||0.00075241
12:27||719193500||540906||0.00075241
12:28||719194500||540906||0.00075241
12:29||719293500||540906||0.00075241
12:30||719191500||540906||0.00075241
12:31||719190500||540906||0.00075241
12:32||719479500||541343||0.00075241
12:33||719479500||541343||0.00075241
12:34||719479500||541343||0.00075241
12:35||719479500||541343||0.00075241
12:36||719479500||541343||0.00075241
12:37||719479500||541343||0.00075241
12:38||719479500||541343||0.00075241
12:39||719479500||541343||0.00075241
12:40||719479500||541343||0.00075241
12:41||719479500||541343||0.00075241
12:42||719479500||541343||0.00075241
12:43||719739000||541734||0.00075241
12:44||719997500||541734||0.00075241
12:45||719997500||541734||0.00075241
12:46||719997500||541734||0.00075241
12:47||719997500||541733||0.00075241
12:48||719997500||541733||0.00075241
12:49||719997500||541733||0.00075241
12:50||719997500||541733||0.00075241
12:51||719997500||541733||0.00075241
12:52||719997500||541732||0.00075241
12:53||719997500||541733||0.00075241
12:54||719997500||541732||0.00075241
12:55||719997500||541733||0.00075241
12:56||719997500||541733||0.00075241
12:57||719997500||541733||0.00075241
12:58||719997500||541733||0.00075241
12:59||719997500||541732||0.00075241
13:00||719997500||541732||0.00075241
13:01||719997500||541733||0.00075241
13:02||719998500||541735||0.00075241
13:03||719997500||541735||0.00075241
13:04||719997500||541733||0.00075241
13:05||719997500||541732||0.00075241
13:06||719997500||541732||0.00075241
13:07||719997500||541732||0.00075241
13:08||719997500||541733||0.00075241
13:09||719997500||541733||0.00075241
13:10||719997500||541733||0.00075241
13:11||719997500||541733||0.00075241
13:12||719997500||541732||0.00075241
13:13||719997500||541732||0.00075241
13:14||719997500||541732||0.00075241
13:15||719997500||541732||0.00075241
13:16||719997500||541732||0.00075241
13:17||719738500||541732||0.00075241
13:18||719529000||541732||0.00075241
13:19||719479500||541732||0.00075241
13:20||719738000||541732||0.00075241
13:21||719739500||541732||0.00075241
13:22||719736500||541343||0.00075241
13:23||719734500||541729||0.00075241
13:24||719735500||541343||0.00075241
13:25||719730500||541720||0.00075241
13:26||719730500||541720||0.00075241
13:27||719735000||541727||0.00075241
13:28||719735500||541727||0.00075241
13:29||719736000||541727||0.00075241
13:30||719735500||541726||0.00075241
13:31||719481500||541344||0.00075241
13:32||719481500||541345||0.00075241
13:33||719481500||541345||0.00075241
13:34||719481500||541345||0.00075241
13:35||719481500||541345||0.00075241
13:36||719481500||541345||0.00075241
13:37||719481500||541344||0.00075241
13:38||719481500||541344||0.00075241
13:39||719481500||541344||0.00075241
13:40||719481500||541344||0.00075241
13:41||719481500||541345||0.00075241
13:42||719481500||541344||0.00075241
13:43||719481500||541344||0.00075241
13:44||719481500||541344||0.00075241
13:45||719481500||541344||0.00075241
13:46||719481500||541345||0.00075241
13:47||719481500||541344||0.00075241
13:48||719481500||541344||0.00075241
13:49||719481500||541344||0.00075241
13:50||719481500||541344||0.00075241
13:51||719481500||541344||0.00075241
13:52||719481500||541344||0.00075241
13:53||719481500||541345||0.00075241
13:54||719481500||541345||0.00075241
13:55||719481500||541345||0.00075241
13:56||719481500||541345||0.00075241
13:57||719481500||541345||0.00075241
13:58||719481500||541345||0.00075241
13:59||719481500||541345||0.00075241
14:00||719481500||541345||0.00075241
14:01||719481500||541345||0.00075241
14:02||719481500||541345||0.00075241
14:03||719481500||541345||0.00075241
14:04||719481500||541345||0.00075241
14:05||719481500||541345||0.00075241
14:06||719481500||541345||0.00075241
14:07||719481500||541344||0.00075241
14:08||719481500||541344||0.00075241
14:09||719481500||541344||0.00075241
14:10||719481500||541344||0.00075241
14:11||719481500||541344||0.00075241
14:12||719481500||541344||0.00075241
14:13||719481500||541345||0.00075241
14:14||719481500||541345||0.00075241
14:15||719481500||541345||0.00075241
14:16||719481500||541345||0.00075241
14:17||719481500||541345||0.00075241
14:18||719481500||541345||0.00075241
14:19||719481500||541345||0.00075241
14:20||719481500||541345||0.00075241
14:21||719481500||541345||0.00075241
14:22||719481500||541345||0.00075241
14:23||719481500||541344||0.00075241
14:24||719481500||541344||0.00075241
14:25||719481500||541344||0.00075241
14:26||719481500||541344||0.00075241
14:27||719481500||541344||0.00075241
14:28||719481500||541344||0.00075241
14:29||719481500||541344||0.00075241
14:30||719481500||541344||0.00075241
14:31||719481500||541344||0.00075241
14:32||719481500||541345||0.00075241
14:33||719481500||541345||0.00075241
14:34||719481500||541344||0.00075241
14:35||719191500||540908||0.00075241
14:36||719190500||541345||0.00075241
14:37||719190500||540908||0.00075241
14:38||719189500||540908||0.00075241
14:39||719189500||540908||0.00075241
14:40||719189500||540908||0.00075241
14:41||719189000||540908||0.00075241
14:42||719195000||540908||0.00075241
14:43||719194500||541339||0.00075241
14:44||719194000||541339||0.00075241
14:45||719193000||541338||0.00075241
14:46||719194500||541338||0.00075241
14:47||719194000||541337||0.00075241
14:48||719193000||540921||0.00075241
14:49||719196000||540921||0.00075241
14:50||719000500||540908||0.00075241
14:51||718998500||540908||0.00075241
14:52||718998500||541053||0.00075241
14:53||718950500||540981||0.00075241
14:54||718993500||540979||0.00075241
14:55||718993500||540978||0.00075241
14:56||718993500||540977||0.00075241
14:57||718993500||540978||0.00075241
14:58||718993500||540978||0.00075241
14:59||718993500||540978||0.00075241
15:00||718993500||540978||0.00075241
15:01||718993500||540978||0.00075241
15:02||718993500||540978||0.00075241
15:03||718993500||540978||0.00075241
15:04||718993500||540978||0.00075241
15:05||718993500||540978||0.00075241
15:06||718993500||540978||0.00075241
15:07||718993500||540978||0.00075241
15:08||718993500||540977||0.00075241
15:09||718993500||540977||0.00075241
15:10||718993500||540978||0.00075241
15:11||718993500||540977||0.00075241
15:12||718993500||540978||0.00075241
15:13||718993500||540978||0.00075241
15:14||718993500||540978||0.00075241
15:15||718993500||540977||0.00075241
15:16||718993500||540977||0.00075241
15:17||718993500||540978||0.00075241
15:18||718993500||540977||0.00075241
15:19||718993500||540977||0.00075241
15:20||718993500||540977||0.00075241
15:21||718993500||540977||0.00075241
15:22||718993500||540977||0.00075241
15:23||718993500||540977||0.00075241
15:24||718993500||540977||0.00075241
15:25||718993500||540977||0.00075241
15:26||718993500||540978||0.00075241
15:27||718993500||540978||0.00075241
15:28||718993500||540978||0.00075241
15:29||719447000||540978||0.00075241
15:30||719450000||540978||0.00075241
15:31||719451500||541659||0.00075241
15:32||719899500||541659||0.00075241
15:33||719899500||541659||0.00075241
15:34||719463500||540997||0.00075241
15:35||719026000||541003||0.00075241
15:36||719026000||541003||0.00075241
15:37||719464000||541003||0.00075241
15:38||719509000||541659||0.00075241
15:39||719512500||541726||0.00075241
15:40||719514500||541726||0.00075241
15:41||719514500||541726||0.00075241
15:42||719985500||541013||0.00075241
15:43||719985500||541013||0.00075241
15:44||719985500||541723||0.00075241
15:45||719987500||541726||0.00075241
15:46||719986500||541726||0.00075241
15:47||719986500||541725||0.00075241
15:48||719987500||541727||0.00075241
15:49||719986500||541727||0.00075241
15:50||719517500||541016||0.00075241
15:51||719517500||541016||0.00075241
15:52||719518500||541727||0.00075241
15:53||719519000||541018||0.00075241
15:54||719520000||541727||0.00075241
15:55||719521500||541727||0.00075241
15:56||719989500||541727||0.00075241
15:57||719989500||541727||0.00075241
15:58||719989500||541727||0.00075241
15:59||719566000||541088||0.00075241
16:00||719579500||541720||0.00075241
16:01||719979500||541720||0.00075241
16:02||719984500||541720||0.00075241
16:03||719986000||541727||0.00075241
16:04||719989500||541726||0.00075241
16:05||719989500||541726||0.00075241
16:06||719989500||541726||0.00075241
16:07||719987000||541726||0.00075241
16:08||719989500||541726||0.00075241
16:09||719989500||541727||0.00075241
16:10||719989500||541727||0.00075241
16:11||719985500||541719||0.00075241
16:12||719989000||541726||0.00075241
16:13||719989000||541726||0.00075241
16:14||719597500||541727||0.00075241
16:15||719594000||541137||0.00075241
16:16||719594000||541137||0.00075241
16:17||719594000||541137||0.00075241
16:18||719594500||541137||0.00075241
16:19||719595500||541723||0.00075241
16:20||719598000||541137||0.00075241
16:21||719599000||541137||0.00075241
16:22||719599000||541137||0.00075241
16:23||719634500||541137||0.00075241
16:24||719989500||541204||0.00075241
16:25||719989500||541727||0.00075241
16:26||719989500||541727||0.00075241
16:27||719989500||541727||0.00075241
16:28||719989500||541727||0.00075241
16:29||719989500||541727||0.00075241
16:30||719989500||541726||0.00075241
16:31||719989500||541726||0.00075241
16:32||719999500||541735||0.00075241
16:33||720183000||541784||0.00075241
16:34||720828000||542885||0.00075241
16:35||720912500||541727||0.00075241
16:36||720912500||541727||0.00075241
16:37||720912500||541727||0.00075241
16:38||720912500||541727||0.00075241
16:39||720912500||541727||0.00075241
16:40||721024000||541727||0.00075241
16:41||721133000||541727||0.00075241
16:42||721526500||541727||0.00075241
16:43||721526500||541727||0.00075241
16:44||721526500||542884||0.00075241
16:45||721526500||542883||0.00075241
16:46||721526500||542883||0.00075241
16:47||721526500||542883||0.00075241
16:48||721526500||542883||0.00075241
16:49||721526500||542883||0.00075241
16:50||721526500||542883||0.00075241
16:51||721526500||542883||0.00075241
16:52||721526500||542884||0.00075241
16:53||721526500||542884||0.00075241
16:54||721526500||542884||0.00075241
16:55||721526500||542884||0.00075241
16:56||721526500||542883||0.00075241
16:57||721526500||542883||0.00075241
16:58||721526500||542884||0.00075241
16:59||721526500||542884||0.00075241
17:00||721526500||542884||0.00075241
17:01||721526500||542884||0.00075241
17:02||721526500||542884||0.00075241
17:03||721526500||542884||0.00075241
17:04||721526500||542884||0.00075241
17:05||721526500||542884||0.00075241
17:06||721526500||542884||0.00075241
17:07||721526500||542883||0.00075241
17:08||721526500||542883||0.00075241
17:09||721526500||542883||0.00075241
17:10||721526500||542883||0.00075241
17:11||721526500||542883||0.00075241
17:12||721526500||542883||0.00075241
17:13||721526500||542883||0.00075241
17:14||721526500||542883||0.00075241
17:15||721526500||542883||0.00075241
17:16||721526500||542883||0.00075241
17:17||721526500||542883||0.00075241
17:18||721757500||542885||0.00075241
17:19||721999500||543164||0.00075241
17:20||721999500||543164||0.00075241
17:21||721999500||543239||0.00075241
17:22||721999500||543239||0.00075241
17:23||721999500||543239||0.00075241
17:24||721999500||543239||0.00075241
17:25||721999500||543240||0.00075241
17:26||721999500||543239||0.00075241
17:27||721999500||543239||0.00075241
17:28||722147000||543461||0.00075241
17:29||722147000||543461||0.00075241
17:30||722147000||543239||0.00075241
17:31||722147000||543461||0.00075241
17:32||722249500||543239||0.00075241
17:33||722249500||543239||0.00075241
17:34||722249000||543239||0.00075241
17:35||723213000||542883||0.00075241
17:36||723297000||542887||0.00075241
17:37||723299000||542887||0.00075241
17:38||723299000||545540||0.00075241
17:39||723299000||545540||0.00075241
17:40||723301000||545540||0.00075241
17:41||723307500||545540||0.00075241
17:42||723527500||545540||0.00075241
17:43||724525000||545540||0.00075241
17:44||725025000||545534||0.00075241
17:45||725020000||545489||0.00075241
17:46||724800000||545489||0.00075241
17:47||724800000||545489||0.00075241
17:48||725025000||545489||0.00075241
17:49||725025000||545534||0.00075241
17:50||725049500||545534||0.00075241
17:51||725049500||545534||0.00075241
17:52||725052500||545534||0.00075241
17:53||725052500||545538||0.00075241
17:54||725054500||545538||0.00075241
17:55||725056000||545540||0.00075241
17:56||726029000||546750||0.00075241
17:57||726027000||545540||0.00075241
17:58||725977500||545540||0.00075241
17:59||725054500||545538||0.00075241
18:00||725978000||545538||0.00075241
18:01||725057500||545538||0.00075241
18:02||723071500||542916||0.00075241
18:03||723719500||542916||0.00075241
18:04||723719500||542916||0.00075241
18:05||723714000||543909||0.00075241
18:06||722892500||543911||0.00075241
18:08||722891500||543911||0.00075241
18:09||722890500||543911||0.00075241
18:10||722890500||543911||0.00075241
18:11||722890500||543910||0.00075241
18:12||723764500||543911||0.00075241
18:13||723764500||543993||0.00075241
18:14||723764500||543993||0.00075241
18:15||723749500||543993||0.00075241
18:16||723749500||543993||0.00075241
18:17||723749500||545119||0.00075241
18:18||723749500||545119||0.00075241
18:19||723749500||545119||0.00075241
18:20||723749500||545119||0.00075241
18:21||723749500||545119||0.00075241
18:22||723749500||545119||0.00075241
18:23||723749000||545119||0.00075241
18:24||723749000||545119||0.00075241
18:25||723752000||545119||0.00075241
18:26||723752000||545119||0.00075241
18:27||723752500||545118||0.00075241
18:28||723752000||545118||0.00075241
18:29||723751500||545118||0.00075241
18:30||723756500||545118||0.00075241
18:31||723756500||545116||0.00075241
18:32||723754500||545116||0.00075241
18:33||723757500||545116||0.00075241
18:34||723755500||545116||0.00075241
18:35||723491000||544362||0.00075241
18:36||723491500||544361||0.00075241
18:37||723491500||544361||0.00075241
18:38||723491500||544361||0.00075241
18:39||723491500||544361||0.00075241
18:40||723491500||544361||0.00075241
18:41||723491500||544361||0.00075241
18:42||723491500||544361||0.00075241
18:43||723491500||544361||0.00075241
18:44||723491500||544361||0.00075241
18:45||723491500||544361||0.00075241
18:46||723491500||544361||0.00075241
18:47||723491500||544362||0.00075241
18:48||724014500||544362||0.00075241
18:49||725137000||545540||0.00075241
18:50||726001000||545540||0.00075241
18:51||726002500||545540||0.00075241
18:52||726002500||546625||0.00075241
18:53||726451000||546625||0.00075241
18:54||726450000||546625||0.00075241
18:55||726700500||546625||0.00075241
18:56||726845500||546850||0.00075241
18:57||726891500||546926||0.00075241
18:58||726891500||546926||0.00075241
18:59||726891500||546920||0.00075241
19:00||726891500||546920||0.00075241
19:01||726891500||546920||0.00075241
19:02||726891500||546920||0.00075241
19:03||726891500||546920||0.00075241
19:04||726891500||546920||0.00075241
19:05||726891500||546920||0.00075241
19:06||726891500||546920||0.00075241
19:07||726891500||546920||0.00075241
19:08||726891500||546920||0.00075241
19:09||726891500||546920||0.00075241
19:10||726891500||546920||0.00075241
19:11||726891500||546920||0.00075241
19:12||726891500||546920||0.00075241
19:13||726891500||546920||0.00075241
19:14||726891500||546920||0.00075241
19:15||726891500||546920||0.00075241
19:16||726891500||546920||0.00075241
19:17||726891500||546920||0.00075241
19:18||726891500||546920||0.00075241
19:19||726891500||546920||0.00075241
19:20||726891500||546920||0.00075241
19:21||726891500||546920||0.00075241
19:22||726891500||546920||0.00075241
19:23||726891500||546920||0.00075241
19:24||726891500||546920||0.00075241
19:25||726891500||546920||0.00075241
19:26||726891500||546920||0.00075241
19:27||726891500||546920||0.00075241
19:28||726891500||546920||0.00075241
19:29||726891500||546920||0.00075241
19:30||726891500||546920||0.00075241
19:31||726891500||546920||0.00075241
19:32||726891500||546920||0.00075241
19:33||726891500||546920||0.00075241
19:34||726891500||546920||0.00075241
19:35||726891500||546920||0.00075241
19:36||726891500||546920||0.00075241
19:37||726891500||546920||0.00075241
19:38||726891500||546920||0.00075241
19:39||726891500||546920||0.00075241
19:40||726891500||546920||0.00075241
19:41||726891500||546920||0.00075241
19:42||726891500||546920||0.00075241
19:43||726891500||546920||0.00075241
19:44||726891500||546920||0.00075241
19:45||726891500||546920||0.00075241
19:46||726891500||546920||0.00075241
19:47||726891500||546920||0.00075241
19:48||726891500||546920||0.00075241
19:49||726891500||546920||0.00075241
19:50||726891500||546920||0.00075241
19:51||726891500||546920||0.00075241
19:52||726891500||546920||0.00075241
19:53||726891500||546920||0.00075241
19:54||726891500||546920||0.00075241
19:55||726891500||546920||0.00075241
19:56||726891500||546920||0.00075241
19:57||726891500||546920||0.00075241
19:58||726891500||546920||0.00075241
19:59||726891500||546920||0.00075241
20:00||726891500||546920||0.00075241
20:01||726891500||546920||0.00075241
20:02||726891500||546920||0.00075241
20:03||726891500||546920||0.00075241
20:04||726891500||546920||0.00075241
20:05||726891500||546920||0.00075241
20:06||726891500||546920||0.00075241
20:07||726442000||546845||0.00075241
20:08||726002500||546318||0.00075241
20:09||725797000||545942||0.00075241
20:10||725796000||546251||0.00075241
20:11||725592500||546251||0.00075241
20:12||725592500||546251||0.00075241
20:13||725242000||545942||0.00075241
20:14||725241500||545415||0.00075241
20:15||724506000||545415||0.00075241
20:16||724492500||545415||0.00075241
20:17||724093500||544815||0.00075241
20:18||724093500||544815||0.00075241
20:19||724093500||544815||0.00075241
20:20||724093500||544815||0.00075241
20:21||724093500||544814||0.00075241
20:22||724093500||544814||0.00075241
20:23||724093500||544815||0.00075241
20:24||724093500||544815||0.00075241
20:25||724093500||544815||0.00075241
20:26||724093500||544814||0.00075241
20:27||724093500||544814||0.00075241
20:28||724093500||544814||0.00075241
20:29||724093500||544814||0.00075241
20:30||724093500||544815||0.00075241
20:31||724093500||544815||0.00075241
20:32||724093500||544815||0.00075241
20:33||724093500||544815||0.00075241
20:34||724841000||545940||0.00075241
20:35||724841500||545940||0.00075241
20:36||725586500||545940||0.00075241
20:37||725586500||545938||0.00075241
20:38||725586500||545938||0.00075241
20:39||725586500||545938||0.00075241
20:40||725586500||545938||0.00075241
20:41||725586500||545938||0.00075241
20:42||725586500||545938||0.00075241
20:43||724843500||545943||0.00075241
20:44||724843500||545938||0.00075241
20:45||724845000||545935||0.00075241
20:46||725498500||545935||0.00075241
20:47||725498500||544827||0.00075241
20:48||725498500||545872||0.00075241
20:49||725498500||545872||0.00075241
20:50||725498500||545872||0.00075241
20:51||725498500||545872||0.00075241
20:52||725498500||545872||0.00075241
20:53||725498500||545872||0.00075241
20:54||725498500||545872||0.00075241
20:55||725498500||545872||0.00075241
20:56||725498500||545872||0.00075241
20:57||725498500||545872||0.00075241
20:58||725498500||545872||0.00075241
20:59||725498500||545872||0.00075241
21:00||725498500||545872||0.00075241
21:01||725498500||545872||0.00075241
21:02||724841500||544886||0.00075241
21:03||724841500||544886||0.00075241
21:04||724841500||544886||0.00075241
21:05||724840500||545868||0.00075241
21:06||724839000||545865||0.00075241
21:07||724836500||545865||0.00075241
21:08||724834000||544893||0.00075241
21:09||724831500||545847||0.00075241
21:10||724830500||545847||0.00075241
21:11||724829000||545847||0.00075241
21:12||724829000||545847||0.00075241
21:13||724829000||545847||0.00075241
21:14||724828000||545847||0.00075241
21:15||724826500||545847||0.00075241
21:16||724853500||545847||0.00075241
21:17||725453500||545838||0.00075241
21:18||725453500||545838||0.00075241
21:19||725453500||545838||0.00075241
21:20||725453500||545838||0.00075241
21:21||725453500||545838||0.00075241
21:22||725453500||545838||0.00075241
21:23||725453500||545838||0.00075241
21:24||725453500||545838||0.00075241
21:25||725453500||545838||0.00075241
21:26||725453500||545838||0.00075241
21:27||725453500||545838||0.00075241
21:28||725453500||545838||0.00075241
21:29||725453500||545838||0.00075241
21:30||725453500||545838||0.00075241
21:31||725453500||545838||0.00075241
21:32||719613500||541735||0.00075241
21:33||719621000||541735||0.00075241
21:34||719075000||541735||0.00075241
21:35||719093500||540343||0.00075241
21:36||719075000||540371||0.00075241
21:37||719094500||540343||0.00075241
21:38||719117500||541735||0.00075241
21:39||719099500||541735||0.00075241
21:40||719099000||541735||0.00075241
21:41||719999500||541734||0.00075241
21:42||719999500||541734||0.00075241
21:43||719117500||541735||0.00075241
21:44||719789000||541734||0.00075241
21:45||719788000||541734||0.00075241
21:46||719996500||541732||0.00075241
21:47||721001500||541735||0.00075241
21:48||721001500||541735||0.00075241
21:49||721001000||541735||0.00075241
21:50||720998500||541735||0.00075241
21:51||721499000||541735||0.00075241
21:52||721498500||541735||0.00075241
21:53||721498500||541735||0.00075241
21:54||721498000||541735||0.00075241
21:55||721497000||541735||0.00075241
21:56||721494000||541735||0.00075241
21:57||721492500||541735||0.00075241
21:58||722968500||541735||0.00075241
21:59||721484500||541735||0.00075241
22:00||720001000||541735||0.00075241
22:01||720000500||541735||0.00075241
22:02||719064500||541418||0.00075241
22:03||718807500||541418||0.00075241
22:04||718807000||540316||0.00075241
22:05||718807000||541358||0.00075241
22:06||718821500||541358||0.00075241
22:07||719498500||541358||0.00075241
22:08||719498500||541358||0.00075241
22:09||718807000||540316||0.00075241
22:10||720423500||543164||0.00075241
22:11||720423500||540943||0.00075241
22:12||720458000||540943||0.00075241
22:13||720308500||540996||0.00075241
22:14||720059500||542562||0.00075241
22:15||720059500||542562||0.00075241
22:16||720011000||542562||0.00075241
22:17||720011000||540999||0.00075241
22:18||720011000||540999||0.00075241
22:19||719022500||540999||0.00075241
22:20||719022500||540999||0.00075241
22:21||719022500||540999||0.00075241
22:22||720553500||542480||0.00075241
22:23||721317500||543616||0.00075241
22:24||720844500||543615||0.00075241
22:25||721249500||543615||0.00075241
22:26||721250000||543615||0.00075241
22:27||721250000||543615||0.00075241
22:28||721000500||543615||0.00075241
22:29||721000000||543615||0.00075241
22:30||721499500||543239||0.00075241
22:31||721499500||543239||0.00075241
22:32||721499000||543239||0.00075241
22:33||720950500||541735||0.00075241
22:34||720943500||541735||0.00075241
22:35||720935000||541735||0.00075241
22:36||720925000||541735||0.00075241
22:37||719694000||541650||0.00075241
22:38||719694000||541650||0.00075241
22:39||719505000||541650||0.00075241
22:40||719503500||541650||0.00075241
22:41||719503500||541650||0.00075241
22:42||719122500||541650||0.00075241
22:43||718888500||540982||0.00075241
22:44||718888500||540898||0.00075241
22:45||718888500||540898||0.00075241
22:46||718888500||540898||0.00075241
22:47||718888500||540898||0.00075241
22:48||718888500||540898||0.00075241
22:49||718888500||540898||0.00075241
22:50||719232500||540898||0.00075241
22:51||719232500||540146||0.00075241
22:52||718694500||540146||0.00075241
22:53||718694500||540146||0.00075241
22:54||718694500||540146||0.00075241
22:55||718150000||539477||0.00075241
22:56||718149500||539477||0.00075241
22:57||715601500||538725||0.00075241
22:58||715601500||538425||0.00075241
22:59||715601500||538425||0.00075241
23:00||715601500||538426||0.00075241
23:01||715065000||537596||0.00075241
23:02||714664000||537596||0.00075241
23:03||714664500||537822||0.00075241
23:04||714457000||537822||0.00075241
23:05||714464000||537822||0.00075241
23:06||714464000||537317||0.00075241
23:07||714653000||537317||0.00075241
23:08||714799500||537821||0.00075241
23:09||714799500||537821||0.00075241
23:10||714400000||537821||0.00075241
23:11||714400000||537822||0.00075241
23:12||714400000||537822||0.00075241
23:13||714400000||537822||0.00075241
23:14||714400000||537822||0.00075241
23:15||714400000||537822||0.00075241
23:16||713924500||536478||0.00075241
23:17||714408000||536478||0.00075241
23:18||714408000||536478||0.00075241
23:19||714383000||536478||0.00075241
23:20||714383000||536478||0.00075241
23:21||714383000||536478||0.00075241
23:22||714383000||536478||0.00075241
23:23||714383000||536478||0.00075241
23:24||714383000||536478||0.00075241
23:25||714383000||536478||0.00075241
23:26||714383000||536478||0.00075241
23:27||714383000||537232||0.00075241
23:28||714383000||537232||0.00075241
23:29||714383000||537232||0.00075241
23:30||714383000||537785||0.00075241
23:31||714383000||537785||0.00075241
23:32||714383000||537785||0.00075241
23:33||714383000||537785||0.00075241
23:34||714383000||537785||0.00075241
23:35||714416000||537822||0.00075241
23:36||714415500||537822||0.00075241
23:37||714415500||537822||0.00075241
23:38||714415500||537821||0.00075241
23:39||714652500||537821||0.00075241
23:40||714399500||537821||0.00075241
23:41||714399500||537821||0.00075241
23:42||714399500||537821||0.00075241
23:43||714400000||537822||0.00075241
23:44||714400000||537822||0.00075241
23:45||714250000||537822||0.00075241
23:46||714015500||537822||0.00075241
23:47||714015500||537822||0.00075241
23:48||714015500||537822||0.00075241
23:49||714015500||537822||0.00075241
23:50||714000500||537220||0.00075241
23:51||713508000||536479||0.00075241
23:52||713523000||536479||0.00075241
23:53||713522000||536478||0.00075241
23:54||713756500||536478||0.00075241
23:55||713756500||536478||0.00075241
23:56||713806500||536478||0.00075241
23:57||713820500||536478||0.00075241
23:58||713820500||536478||0.00075241
23:59||715219500||537822||0.00075241
