00:00||647857000||487712||0.00075241
00:01||647857000||487712||0.00075241
00:02||647850000||487712||0.00075241
00:03||647850000||487712||0.00075241
00:04||647857000||487712||0.00075241
00:05||648199500||487712||0.00075241
00:06||648199500||487712||0.00075241
00:07||649050000||488991||0.00075241
00:08||649050500||488991||0.00075241
00:09||649089500||489049||0.00075241
00:10||649088500||487712||0.00075241
00:11||649089000||489049||0.00075241
00:12||649089500||489049||0.00075241
00:13||649099500||489049||0.00075241
00:14||649099500||489049||0.00075241
00:15||649100000||489049||0.00075241
00:16||650111000||489066||0.00075241
00:17||650500000||490571||0.00075241
00:18||650750000||490571||0.00075241
00:19||650975000||488690||0.00075241
00:20||651000000||488690||0.00075241
00:21||650980000||490571||0.00075241
00:22||650980000||490571||0.00075241
00:23||650980000||490541||0.00075241
00:24||651480000||490541||0.00075241
00:25||651480500||490541||0.00075241
00:26||651480500||490541||0.00075241
00:27||651368000||490541||0.00075241
00:28||651368000||490371||0.00075241
00:29||650501000||489066||0.00075241
00:30||650500000||489066||0.00075241
00:31||650524500||489818||0.00075241
00:32||650524500||489818||0.00075241
00:33||650515000||489104||0.00075241
00:34||650247500||488701||0.00075241
00:35||650247500||489803||0.00075241
00:36||650247500||489803||0.00075241
00:37||650247500||489803||0.00075241
00:38||650007500||489803||0.00075241
00:39||650007500||489442||0.00075241
00:40||650610000||488701||0.00075241
00:41||650610000||488701||0.00075241
00:42||650610000||490349||0.00075241
00:43||650610000||490349||0.00075241
00:44||650610000||490349||0.00075241
00:45||650588000||490316||0.00075241
00:46||650557500||490316||0.00075241
00:47||650487500||490316||0.00075241
00:48||650487500||490316||0.00075241
00:49||650487500||490165||0.00075241
00:50||650242500||490165||0.00075241
00:51||650242500||489796||0.00075241
00:52||650257500||489796||0.00075241
00:53||650257500||489796||0.00075241
00:54||650257500||489796||0.00075241
00:55||650482500||490157||0.00075241
00:56||650482500||490157||0.00075241
00:57||650483000||490157||0.00075241
00:58||650483500||490157||0.00075241
00:59||650483500||490157||0.00075241
01:00||650483500||488703||0.00075241
01:01||650725000||488703||0.00075241
01:02||650725000||490157||0.00075241
01:03||650725000||490157||0.00075241
01:04||650750000||490157||0.00075241
01:05||650750000||490157||0.00075241
01:06||650750000||490157||0.00075241
01:07||650750000||490157||0.00075241
01:08||650750000||490157||0.00075241
01:09||650750000||490157||0.00075241
01:10||650750000||489104||0.00075241
01:11||650749500||489104||0.00075241
01:12||650749500||489104||0.00075241
01:13||650749500||490156||0.00075241
01:14||650749500||490156||0.00075241
01:15||650749500||490156||0.00075241
01:16||650749500||490156||0.00075241
01:17||650749500||490156||0.00075241
01:18||650749500||490156||0.00075241
01:19||650749500||490156||0.00075241
01:20||650749500||490156||0.00075241
01:21||650749500||490156||0.00075241
01:22||650749500||490156||0.00075241
01:23||650749000||490156||0.00075241
01:24||650749000||490155||0.00075241
01:25||650749000||490155||0.00075241
01:26||650749000||490155||0.00075241
01:27||650749000||490155||0.00075241
01:28||650749000||490155||0.00075241
01:29||650749000||490155||0.00075241
01:30||650749000||490155||0.00075241
01:31||650754500||490164||0.00075241
01:32||650754500||490164||0.00075241
01:33||650754500||490164||0.00075241
01:34||650755000||489104||0.00075241
01:35||650755000||489104||0.00075241
01:36||650755000||489104||0.00075241
01:37||650755000||489104||0.00075241
01:38||650754500||489104||0.00075241
01:39||650754500||489104||0.00075241
01:40||650754500||489104||0.00075241
01:41||650754500||489104||0.00075241
01:42||650754500||489104||0.00075241
01:43||650754500||489104||0.00075241
01:44||650754500||489104||0.00075241
01:45||650754500||490164||0.00075241
01:46||650754500||490164||0.00075241
01:47||650754500||490164||0.00075241
01:48||650754500||490164||0.00075241
01:49||650754500||490164||0.00075241
01:50||650754500||490164||0.00075241
01:51||651104500||490164||0.00075241
01:52||651104500||490164||0.00075241
01:53||651105000||490164||0.00075241
01:54||651309000||490571||0.00075241
01:55||652824500||490571||0.00075241
01:56||652824500||490571||0.00075241
01:57||652824500||491812||0.00075241
01:58||653324500||491323||0.00075241
01:59||653324500||491812||0.00075241
02:00||653324500||491812||0.00075241
02:01||653324500||491812||0.00075241
02:02||653324500||491812||0.00075241
02:03||653324500||491812||0.00075241
02:04||653324500||491812||0.00075241
02:05||653324500||491812||0.00075241
02:06||653325000||491812||0.00075241
02:07||653325000||491812||0.00075241
02:08||653325000||491812||0.00075241
02:09||653325000||491812||0.00075241
02:10||653325000||491812||0.00075241
02:11||653325000||491812||0.00075241
02:12||653648500||491812||0.00075241
02:13||653648500||491812||0.00075241
02:14||653648500||491812||0.00075241
02:15||653648500||491812||0.00075241
02:16||653648500||491812||0.00075241
02:17||653648500||491812||0.00075241
02:18||653648500||491812||0.00075241
02:19||653714000||491910||0.00075241
02:20||654898000||491991||0.00075241
02:21||654574000||491991||0.00075241
02:22||654574000||493204||0.00075241
02:23||655750000||493580||0.00075241
02:24||655750000||493580||0.00075241
02:25||655750000||493204||0.00075241
02:26||654800500||491811||0.00075241
02:27||654678000||491811||0.00075241
02:28||654065500||491811||0.00075241
02:29||654065500||492439||0.00075241
02:30||654074000||492439||0.00075241
02:31||654324000||492439||0.00075241
02:32||654324000||492439||0.00075241
02:33||654699000||492828||0.00075241
02:34||654824000||492828||0.00075241
02:35||654923500||492828||0.00075241
02:36||654678000||492828||0.00075241
02:37||654574000||492828||0.00075241
02:38||654574000||492828||0.00075241
02:39||654574500||493204||0.00075241
02:40||654574500||493204||0.00075241
02:41||654574500||493204||0.00075241
02:42||654574500||493204||0.00075241
02:43||654699500||493392||0.00075241
02:44||654699500||493392||0.00075241
02:45||654699500||493392||0.00075241
02:46||654824500||493580||0.00075241
02:47||654824500||493580||0.00075241
02:48||654824500||493580||0.00075241
02:49||654801000||493580||0.00075241
02:50||654801000||493580||0.00075241
02:51||654824500||493580||0.00075241
02:52||654824500||493580||0.00075241
02:53||654824500||493580||0.00075241
02:54||654824500||493580||0.00075241
02:55||654824500||493580||0.00075241
02:56||654824500||493580||0.00075241
02:57||654824500||493580||0.00075241
02:58||654824500||493580||0.00075241
02:59||654824500||493580||0.00075241
03:00||654824500||493580||0.00075241
03:01||654824500||493580||0.00075241
03:02||654824500||491812||0.00075241
03:03||655000500||493580||0.00075241
03:04||655100000||493730||0.00075241
03:05||655150000||492076||0.00075241
03:06||654625500||492076||0.00075241
03:07||654625500||492076||0.00075241
03:08||654625500||492076||0.00075241
03:09||654625500||492076||0.00075241
03:10||654625500||492076||0.00075241
03:11||654625500||492076||0.00075241
03:12||654625500||492076||0.00075241
03:13||654625500||492940||0.00075241
03:14||654625500||492940||0.00075241
03:15||654625500||492940||0.00075241
03:16||654625500||492940||0.00075241
03:17||654625500||492940||0.00075241
03:18||654625500||492940||0.00075241
03:19||654625500||492940||0.00075241
03:20||654625500||492940||0.00075241
03:21||654625500||492152||0.00075241
03:22||654625500||492152||0.00075241
03:23||654625500||492152||0.00075241
03:24||654625500||492152||0.00075241
03:25||654625500||492152||0.00075241
03:26||654625500||492152||0.00075241
03:27||654625500||492152||0.00075241
03:28||654625500||492152||0.00075241
03:29||654625500||492152||0.00075241
03:30||654625500||492152||0.00075241
03:31||654625500||492152||0.00075241
03:32||654625500||492152||0.00075241
03:33||654625500||492152||0.00075241
03:34||654625500||492152||0.00075241
03:35||654626000||492941||0.00075241
03:36||654626000||492941||0.00075241
03:37||654626000||492152||0.00075241
03:38||654626000||492152||0.00075241
03:39||654626000||492152||0.00075241
03:40||654626000||492152||0.00075241
03:41||654626000||492152||0.00075241
03:42||654626000||492152||0.00075241
03:43||654626000||492152||0.00075241
03:44||654626000||492152||0.00075241
03:45||655150500||493730||0.00075241
03:46||655150500||493730||0.00075241
03:47||655150500||492152||0.00075241
03:48||655150500||492152||0.00075241
03:49||655150500||492152||0.00075241
03:50||655150500||492152||0.00075241
03:51||655150500||492152||0.00075241
03:52||655150500||492152||0.00075241
03:53||655150500||492152||0.00075241
03:54||655150500||492152||0.00075241
03:55||655150500||492152||0.00075241
03:56||655150500||492152||0.00075241
03:57||655150500||493730||0.00075241
03:58||655150500||493730||0.00075241
03:59||655150500||493730||0.00075241
04:00||655150500||492152||0.00075241
04:01||655150500||492152||0.00075241
04:02||655150500||492152||0.00075241
04:03||655150500||492152||0.00075241
04:04||655150500||492152||0.00075241
04:05||655150500||493730||0.00075241
04:06||655150500||493730||0.00075241
04:07||655150500||493730||0.00075241
04:08||655150500||493730||0.00075241
04:09||655150500||493730||0.00075241
04:10||655150500||493730||0.00075241
04:11||655149500||493730||0.00075241
04:12||655149500||493730||0.00075241
04:13||655150500||493730||0.00075241
04:14||655150500||493730||0.00075241
04:15||654627000||493730||0.00075241
04:16||654626000||493730||0.00075241
04:17||654626000||493730||0.00075241
04:18||654593500||493730||0.00075241
04:19||654521500||492858||0.00075241
04:20||654301000||492858||0.00075241
04:21||654301500||492450||0.00075241
04:22||654202000||492450||0.00075241
04:23||654202000||492450||0.00075241
04:24||655147000||493723||0.00075241
04:25||655148500||493723||0.00075241
04:26||655148500||493723||0.00075241
04:27||655148500||493723||0.00075241
04:28||656550000||493731||0.00075241
04:29||656550000||494257||0.00075241
04:30||656725500||494257||0.00075241
04:31||655304500||492156||0.00075241
04:32||655503000||492156||0.00075241
04:33||655509500||492156||0.00075241
04:34||655512000||492170||0.00075241
04:35||655514500||492170||0.00075241
04:36||655514500||492170||0.00075241
04:37||655514000||492170||0.00075241
04:38||655513500||494254||0.00075241
04:39||655515000||494254||0.00075241
04:40||655518500||494254||0.00075241
04:41||655521000||494254||0.00075241
04:42||655523500||494254||0.00075241
04:43||655548500||494254||0.00075241
04:44||655598500||494254||0.00075241
04:45||655598500||494254||0.00075241
04:46||655598500||494254||0.00075241
04:47||655256000||494254||0.00075241
04:48||655256000||494254||0.00075241
04:49||655257500||494254||0.00075241
04:50||655257500||494254||0.00075241
04:51||655257500||493731||0.00075241
04:52||655256500||493731||0.00075241
04:53||655700500||494257||0.00075241
04:54||655700500||494257||0.00075241
04:55||655703000||494257||0.00075241
04:56||655949500||494257||0.00075241
04:57||655950500||494257||0.00075241
04:58||655950500||494257||0.00075241
04:59||656500500||494257||0.00075241
05:00||656500500||494257||0.00075241
05:01||656506500||494257||0.00075241
05:02||656475000||493666||0.00075241
05:03||656675000||493666||0.00075241
05:04||656712500||493666||0.00075241
05:05||656712500||493666||0.00075241
05:06||656737500||493666||0.00075241
05:07||656745000||493666||0.00075241
05:08||656747500||493666||0.00075241
05:09||656747500||494143||0.00075241
05:10||656747500||494143||0.00075241
05:11||656823500||494257||0.00075241
05:12||656824500||494256||0.00075241
05:13||656841000||494256||0.00075241
05:14||656895500||494258||0.00075241
05:15||656895500||494258||0.00075241
05:16||656899500||494258||0.00075241
05:17||656899500||494258||0.00075241
05:18||656899500||494258||0.00075241
05:19||656899500||494258||0.00075241
05:20||656899500||494258||0.00075241
05:21||656899500||494257||0.00075241
05:22||656899500||494257||0.00075241
05:23||656899500||494258||0.00075241
05:24||656899500||494258||0.00075241
05:25||656899500||494258||0.00075241
05:26||656899500||494257||0.00075241
05:27||656491000||494257||0.00075241
05:28||656179000||494257||0.00075241
05:29||656178500||494257||0.00075241
05:30||655481500||492830||0.00075241
05:31||655243500||492377||0.00075241
05:32||655242500||492377||0.00075241
05:33||655242500||492377||0.00075241
05:34||655242500||492377||0.00075241
05:35||652770000||491753||0.00075241
05:36||652754000||490572||0.00075241
05:37||652707000||490572||0.00075241
05:38||652676000||490572||0.00075241
05:39||652636000||491544||0.00075241
05:40||652594000||490571||0.00075241
05:41||652556000||490571||0.00075241
05:42||652555000||490571||0.00075241
05:43||652555000||490571||0.00075241
05:44||652556000||489708||0.00075241
05:45||652557000||489708||0.00075241
05:46||652557000||489708||0.00075241
05:47||652557000||489708||0.00075241
05:48||652557000||489708||0.00075241
05:49||652557000||489708||0.00075241
05:50||652557000||491404||0.00075241
05:51||652557000||491404||0.00075241
05:52||652557000||490575||0.00075241
05:53||652558500||490578||0.00075241
05:54||652805000||490578||0.00075241
05:55||652805000||490578||0.00075241
05:56||652955000||491404||0.00075241
05:57||652956500||491404||0.00075241
05:58||652954500||491175||0.00075241
05:59||652939000||491175||0.00075241
06:00||652915000||491175||0.00075241
06:01||652911000||491175||0.00075241
06:02||652911000||491175||0.00075241
06:03||652956000||491404||0.00075241
06:04||652955000||491177||0.00075241
06:05||652955500||491177||0.00075241
06:06||652958000||491404||0.00075241
06:07||652958000||491404||0.00075241
06:08||652958000||491404||0.00075241
06:09||652932000||491177||0.00075241
06:10||651549500||490575||0.00075241
06:11||651549500||490575||0.00075241
06:12||651549500||490575||0.00075241
06:13||651549500||490575||0.00075241
06:14||651549500||490575||0.00075241
06:15||651549500||490531||0.00075241
06:16||651549500||490531||0.00075241
06:17||651523000||489931||0.00075241
06:18||651475000||489931||0.00075241
06:19||651284000||489709||0.00075241
06:20||651197500||489709||0.00075241
06:21||651131500||489709||0.00075241
06:22||651078500||490079||0.00075241
06:23||651044000||489706||0.00075241
06:24||651044000||489706||0.00075241
06:25||651119000||489706||0.00075241
06:26||651098000||489978||0.00075241
06:27||651070500||489820||0.00075241
06:28||651063000||489820||0.00075241
06:29||651042000||489820||0.00075241
06:30||650443500||489606||0.00075241
06:31||650387000||489606||0.00075241
06:32||650344500||489201||0.00075241
06:33||650337000||489201||0.00075241
06:34||650337000||489201||0.00075241
06:35||650479500||489201||0.00075241
06:36||651739500||489427||0.00075241
06:37||651662500||489427||0.00075241
06:38||651500500||489427||0.00075241
06:39||651240500||489427||0.00075241
06:40||651189500||489427||0.00075241
06:41||651200000||489427||0.00075241
06:42||652487500||492753||0.00075241
06:43||651703500||489444||0.00075241
06:44||651455000||490991||0.00075241
06:45||651700000||490991||0.00075241
06:46||651950000||490991||0.00075241
06:47||651952500||490872||0.00075241
06:48||651957500||490872||0.00075241
06:49||651958500||490872||0.00075241
06:50||652051000||490872||0.00075241
06:51||652101000||490947||0.00075241
06:52||652102500||490947||0.00075241
06:53||652104000||490947||0.00075241
06:54||652104000||490947||0.00075241
06:55||652106000||490947||0.00075241
06:56||652106000||490947||0.00075241
06:57||652106000||490947||0.00075241
06:58||652106000||490947||0.00075241
06:59||652107500||490947||0.00075241
07:00||652113500||490947||0.00075241
07:01||652126000||490947||0.00075241
07:02||652177500||491022||0.00075241
07:03||652201000||491022||0.00075241
07:04||652599500||491022||0.00075241
07:05||652204000||490426||0.00075241
07:06||651903500||490426||0.00075241
07:07||651906000||490570||0.00075241
07:08||652204500||490570||0.00075241
07:09||652206000||490570||0.00075241
07:10||651275500||490947||0.00075241
07:11||651295500||489107||0.00075241
07:12||651250500||489141||0.00075241
07:13||651540500||490863||0.00075241
07:14||651640500||490863||0.00075241
07:15||651801000||490863||0.00075241
07:16||652801000||491135||0.00075241
07:17||653550000||492151||0.00075241
07:18||653541000||490947||0.00075241
07:19||653538500||490947||0.00075241
07:20||652752500||490198||0.00075241
07:21||652773000||490200||0.00075241
07:22||652773500||490239||0.00075241
07:23||652574000||491818||0.00075241
07:24||651962500||490253||0.00075241
07:25||651191000||489442||0.00075241
07:26||650870000||489159||0.00075241
07:27||650737000||489161||0.00075241
07:28||650737000||489161||0.00075241
07:29||651316500||489162||0.00075241
07:30||651320500||490952||0.00075241
07:31||651317500||490952||0.00075241
07:32||651325000||489173||0.00075241
07:33||651549000||489173||0.00075241
07:34||651598500||489668||0.00075241
07:35||651600000||489593||0.00075241
07:36||651925500||491284||0.00075241
07:37||652546000||491284||0.00075241
07:38||652544500||491284||0.00075241
07:39||652544500||491284||0.00075241
07:40||652419000||491280||0.00075241
07:41||652419000||491280||0.00075241
07:42||652597500||491022||0.00075241
07:43||652599500||491022||0.00075241
07:44||652599500||491022||0.00075241
07:45||652599500||491022||0.00075241
07:46||652599500||491022||0.00075241
07:47||652622500||491057||0.00075241
07:48||652623500||491057||0.00075241
07:49||652647500||491057||0.00075241
07:50||653492000||491286||0.00075241
07:51||653493500||491325||0.00075241
07:52||653982500||492062||0.00075241
07:53||653567000||491435||0.00075241
07:54||653597500||491437||0.00075241
07:55||653790000||492063||0.00075241
07:56||653788500||492061||0.00075241
07:57||653599500||492061||0.00075241
07:58||653599500||492061||0.00075241
07:59||653599500||492061||0.00075241
08:00||653788500||492061||0.00075241
08:01||653488500||491322||0.00075241
08:02||653489500||491775||0.00075241
08:03||653897500||491775||0.00075241
08:04||653285500||491022||0.00075241
08:05||653291000||491086||0.00075241
08:06||653291000||491088||0.00075241
08:07||653292500||491090||0.00075241
08:08||653295000||491090||0.00075241
08:09||653321000||491137||0.00075241
08:10||653322500||491137||0.00075241
08:11||653330000||491991||0.00075241
08:12||653332500||491155||0.00075241
08:13||653342500||491170||0.00075241
08:14||653370000||491210||0.00075241
08:15||653374500||491218||0.00075241
08:16||653376000||491218||0.00075241
08:17||653334000||491223||0.00075241
08:18||653339000||491223||0.00075241
08:19||653340500||489818||0.00075241
08:20||652675000||489820||0.00075241
08:21||652727500||490234||0.00075241
08:22||652728500||490315||0.00075241
08:23||652733500||490324||0.00075241
08:24||652779000||490384||0.00075241
08:25||652090000||490407||0.00075241
08:26||652952000||490873||0.00075241
08:27||652701000||490873||0.00075241
08:28||652998500||491321||0.00075241
08:29||653399500||491323||0.00075241
08:30||653649000||491699||0.00075241
08:31||653198500||490879||0.00075241
08:32||655026000||492151||0.00075241
08:33||655650500||493429||0.00075241
08:34||656025000||493580||0.00075241
08:35||654777500||493579||0.00075241
08:36||654698000||491889||0.00075241
08:37||654499000||492076||0.00075241
08:38||654498500||492113||0.00075241
08:39||653946000||491072||0.00075241
08:40||653800000||491365||0.00075241
08:41||654694000||492742||0.00075241
08:42||654441000||491888||0.00075241
08:43||654372500||491888||0.00075241
08:44||654369000||492627||0.00075241
08:45||654369000||492079||0.00075241
08:46||654355500||492084||0.00075241
08:47||653883000||491890||0.00075241
08:48||653706500||491626||0.00075241
08:49||653401000||491323||0.00075241
08:50||653401000||491624||0.00075241
08:51||653801000||491398||0.00075241
08:52||653847500||491398||0.00075241
08:53||653873500||492450||0.00075241
08:54||653903500||491558||0.00075241
08:55||654026000||491559||0.00075241
08:56||654045500||491624||0.00075241
08:57||654091500||491635||0.00075241
08:58||654099500||491718||0.00075241
08:59||654183500||491851||0.00075241
09:00||653711500||491851||0.00075241
09:01||654343000||492571||0.00075241
09:02||655099000||492641||0.00075241
09:03||655498000||493204||0.00075241
09:04||655624500||492097||0.00075241
09:05||655676000||493392||0.00075241
09:06||655609000||492189||0.00075241
09:07||654894500||492205||0.00075241
09:08||654925000||492264||0.00075241
09:09||655075000||492489||0.00075241
09:10||655200000||492678||0.00075241
09:11||655306000||492678||0.00075241
09:12||655310000||492837||0.00075241
09:13||655311000||492847||0.00075241
09:14||655317000||492851||0.00075241
09:15||655186500||493129||0.00075241
09:16||655200000||493052||0.00075241
09:17||655193000||493049||0.00075241
09:18||655113500||492913||0.00075241
09:19||655113500||492914||0.00075241
09:20||655113500||492913||0.00075241
09:21||655194000||492915||0.00075241
09:22||655184000||492915||0.00075241
09:23||655171000||492999||0.00075241
09:24||655153000||492915||0.00075241
09:25||655121500||492920||0.00075241
09:26||655121500||492919||0.00075241
09:27||655187500||491741||0.00075241
09:28||654624000||492077||0.00075241
09:29||654710000||492234||0.00075241
09:30||654231000||492235||0.00075241
09:31||653425000||491022||0.00075241
09:32||653392500||492237||0.00075241
09:33||652090000||489594||0.00075241
09:34||652095000||489743||0.00075241
09:35||651943500||491267||0.00075241
09:36||651799000||489823||0.00075241
09:37||651675000||489827||0.00075241
09:38||651536000||489829||0.00075241
09:39||651536500||489831||0.00075241
09:40||651539500||489838||0.00075241
09:41||651541000||489841||0.00075241
09:42||651533500||490611||0.00075241
09:43||649780500||487979||0.00075241
09:44||650797500||488020||0.00075241
09:45||649705000||488045||0.00075241
09:46||650119000||488156||0.00075241
09:47||649349000||488169||0.00075241
09:48||650619500||490925||0.00075241
09:49||649340500||488257||0.00075241
09:50||649345500||488295||0.00075241
09:51||650840000||488411||0.00075241
09:52||650577500||490168||0.00075241
09:53||650443500||489937||0.00075241
09:54||650480000||488991||0.00075241
09:55||651137000||489068||0.00075241
09:56||651297000||489329||0.00075241
09:57||651443000||490623||0.00075241
09:58||651057000||490547||0.00075241
09:59||651063500||489265||0.00075241
10:00||650247500||489253||0.00075241
10:01||650460000||488318||0.00075241
10:02||648277500||487185||0.00075241
10:03||649938500||487618||0.00075241
10:04||650316500||488314||0.00075241
10:05||649224000||486809||0.00075241
10:06||649150500||489029||0.00075241
10:07||649515000||488026||0.00075241
10:08||650871000||489028||0.00075241
10:09||651000500||489818||0.00075241
10:10||651001000||489820||0.00075241
10:11||651001500||489820||0.00075241
10:12||651001500||489819||0.00075241
10:13||651001500||489820||0.00075241
10:14||651001500||489819||0.00075241
10:15||651001500||489818||0.00075241
10:16||651001500||489819||0.00075241
10:17||651395500||489820||0.00075241
10:18||651401000||490420||0.00075241
10:19||651798500||490420||0.00075241
10:20||651798500||490420||0.00075241
10:21||651798500||490419||0.00075241
10:22||651798500||490420||0.00075241
10:23||651798500||490419||0.00075241
10:24||651799500||490420||0.00075241
10:25||651799500||490420||0.00075241
10:26||651970500||490420||0.00075241
10:27||652095000||490549||0.00075241
10:28||652113000||490734||0.00075241
10:29||652159500||490577||0.00075241
10:30||652298000||490736||0.00075241
10:31||652379500||490856||0.00075241
10:32||652381000||490857||0.00075241
10:33||652381500||490857||0.00075241
10:34||652381500||490858||0.00075241
10:35||652381500||490858||0.00075241
10:36||652381500||490857||0.00075241
10:37||652416500||490857||0.00075241
10:38||652416000||490857||0.00075241
10:39||652422000||490857||0.00075241
10:40||652444500||490871||0.00075241
10:41||652444500||490906||0.00075241
10:42||652444500||490905||0.00075241
10:43||652444500||490906||0.00075241
10:44||652444500||490905||0.00075241
10:45||652444500||490905||0.00075241
10:46||652444500||490905||0.00075241
10:47||652444500||490906||0.00075241
10:48||652824000||490906||0.00075241
10:49||652823000||491473||0.00075241
10:50||652824500||491471||0.00075241
10:51||652826500||491474||0.00075241
10:52||652828500||491474||0.00075241
10:53||652829000||491474||0.00075241
10:54||653354500||492262||0.00075241
10:55||653357500||492262||0.00075241
10:56||653747000||492262||0.00075241
10:57||653746000||492262||0.00075241
10:58||653745000||492255||0.00075241
10:59||653726000||492249||0.00075241
11:00||653721000||492226||0.00075241
11:01||653720000||492217||0.00075241
11:02||653249500||491513||0.00075241
11:03||653623000||491511||0.00075241
11:04||653646500||491511||0.00075241
11:05||653693500||491511||0.00075241
11:06||653693500||492064||0.00075241
11:07||653694500||492066||0.00075241
11:08||653697000||492066||0.00075241
11:09||653695500||491629||0.00075241
11:10||653702500||492065||0.00075241
11:11||653705500||492067||0.00075241
11:12||653701500||491628||0.00075241
11:13||653702000||492073||0.00075241
11:14||653701000||491628||0.00075241
11:15||653603500||492070||0.00075241
11:16||653552500||491629||0.00075241
11:18||653406500||491629||0.00075241
11:20||653406500||491629||0.00075241
11:20||653406500||491629||0.00075241
11:20||653406500||491629||0.00075241
11:21||653406500||491629||0.00075241
11:22||653565000||491848||0.00075241
11:23||653694500||491848||0.00075241
11:24||653696500||491847||0.00075241
11:25||653696500||491847||0.00075241
11:26||653696500||491848||0.00075241
11:27||653697500||491848||0.00075241
11:28||653697500||491848||0.00075241
11:29||653697500||491848||0.00075241
11:30||653697500||491848||0.00075241
11:31||653697500||491848||0.00075241
11:32||653697500||491848||0.00075241
11:33||653697500||491848||0.00075241
11:34||653697500||491848||0.00075241
11:35||653697500||491848||0.00075241
11:36||653799500||492000||0.00075241
11:37||653798000||491848||0.00075241
11:38||653898000||491998||0.00075241
11:39||653898000||492000||0.00075241
11:40||653897500||491998||0.00075241
11:41||653798000||491999||0.00075241
11:42||653798000||491999||0.00075241
11:43||653797500||491999||0.00075241
11:44||653896500||491998||0.00075241
11:45||653896500||491997||0.00075241
11:46||653896500||491998||0.00075241
11:47||654711000||492262||0.00075241
11:48||654921000||493648||0.00075241
11:49||654922500||493580||0.00075241
11:50||655751000||493580||0.00075241
11:51||655751000||493580||0.00075241
11:52||655999500||493580||0.00075241
11:53||655999500||493580||0.00075241
11:54||655999500||493580||0.00075241
11:55||655999500||493580||0.00075241
11:56||655999500||493580||0.00075241
11:57||655999500||493580||0.00075241
11:58||655999500||493580||0.00075241
11:59||655999500||493580||0.00075241
12:00||655999500||493580||0.00075241
12:01||655999500||493580||0.00075241
12:02||655999500||493580||0.00075241
12:03||655999500||493580||0.00075241
12:04||655999500||493580||0.00075241
12:05||655999500||493580||0.00075241
12:06||655999500||493580||0.00075241
12:07||655999500||493580||0.00075241
12:08||655999500||493580||0.00075241
12:09||655999500||493580||0.00075241
12:10||655999500||493580||0.00075241
12:11||656200500||493881||0.00075241
12:12||656200500||493881||0.00075241
12:13||656200500||493881||0.00075241
12:14||656200500||493881||0.00075241
12:15||656200500||493581||0.00075241
12:16||656200500||493581||0.00075241
12:17||656200500||493881||0.00075241
12:18||656200500||493581||0.00075241
12:19||656200500||493881||0.00075241
12:20||656200500||493881||0.00075241
12:21||656200500||493581||0.00075241
12:22||656200500||493581||0.00075241
12:23||656200500||493581||0.00075241
12:24||656202000||493881||0.00075241
12:25||656203500||493881||0.00075241
12:26||656204000||493586||0.00075241
12:27||656204000||493586||0.00075241
12:28||656204000||493880||0.00075241
12:29||656397500||493880||0.00075241
12:30||656399500||493881||0.00075241
12:31||656399500||493881||0.00075241
12:32||656648500||493881||0.00075241
12:33||656649500||494258||0.00075241
12:34||656649500||494258||0.00075241
12:35||656649500||494258||0.00075241
12:36||656651000||494258||0.00075241
12:37||656903500||494709||0.00075241
12:38||656953500||494709||0.00075241
12:39||656953500||494709||0.00075241
12:40||656955000||494709||0.00075241
12:41||656955000||494709||0.00075241
12:42||656954000||493889||0.00075241
12:43||656954000||494708||0.00075241
12:44||656952500||494708||0.00075241
12:45||656952500||493889||0.00075241
12:46||656998500||493889||0.00075241
12:47||657026500||494000||0.00075241
12:48||657027500||494002||0.00075241
12:49||657030000||494704||0.00075241
12:50||657030000||494704||0.00075241
12:51||657031000||494705||0.00075241
12:52||657098500||494705||0.00075241
12:53||657097500||494109||0.00075241
12:54||657125000||494708||0.00075241
12:55||657129000||494154||0.00075241
12:56||657250000||494708||0.00075241
12:57||657250000||494708||0.00075241
12:58||657250000||494708||0.00075241
12:59||657250000||494708||0.00075241
13:00||657250000||494708||0.00075241
13:01||657249000||494334||0.00075241
13:02||657497500||494706||0.00075241
13:03||657497500||494706||0.00075241
13:04||657560000||494800||0.00075241
13:05||657620500||494800||0.00075241
13:06||658086500||495151||0.00075241
13:07||658086500||495151||0.00075241
13:08||658086500||495151||0.00075241
13:09||658498500||495460||0.00075241
13:10||658498500||495461||0.00075241
13:11||658498500||495461||0.00075241
13:12||658499000||495461||0.00075241
13:13||658499500||495461||0.00075241
13:14||658499500||495461||0.00075241
13:15||658499500||495461||0.00075241
13:16||658499500||495461||0.00075241
13:17||658499500||495461||0.00075241
13:18||658499500||495461||0.00075241
13:19||658499500||495461||0.00075241
13:20||658499500||495461||0.00075241
13:21||658499500||495461||0.00075241
13:22||658499500||495461||0.00075241
13:23||658499500||495461||0.00075241
13:24||658499500||495461||0.00075241
13:25||658499500||495461||0.00075241
13:26||658839500||495838||0.00075241
13:27||658925000||496088||0.00075241
13:28||659332500||496088||0.00075241
13:29||659662000||496583||0.00075241
13:30||659663000||496583||0.00075241
13:31||660668500||498095||0.00075241
13:32||660932000||496590||0.00075241
13:33||660876000||497933||0.00075241
13:34||661769500||497822||0.00075241
13:35||661999500||498020||0.00075241
13:36||662600000||498473||0.00075241
13:37||662698500||498621||0.00075241
13:38||662799500||498622||0.00075241
13:39||662701500||499072||0.00075241
13:40||662999000||499072||0.00075241
13:41||663000000||499071||0.00075241
13:42||662197500||497719||0.00075241
13:43||661001000||496590||0.00075241
13:44||660005500||498095||0.00075241
13:45||660996500||498087||0.00075241
13:46||660552500||498087||0.00075241
13:47||660554000||497416||0.00075241
13:48||660800500||497416||0.00075241
13:49||660800500||497416||0.00075241
13:50||661540000||498080||0.00075241
13:51||661240500||496969||0.00075241
13:52||661241000||496969||0.00075241
13:53||661242000||498078||0.00075241
13:54||661389500||498095||0.00075241
13:55||661519500||497176||0.00075241
13:56||661756000||498095||0.00075241
13:57||661999500||498095||0.00075241
13:58||661999500||498095||0.00075241
13:59||661999500||498094||0.00075241
14:00||661999500||498095||0.00075241
14:01||661999500||498095||0.00075241
14:02||662399500||498396||0.00075241
14:03||663220000||498854||0.00075241
14:04||663279500||498854||0.00075241
14:05||664100500||499600||0.00075241
14:06||664851000||500202||0.00075241
14:07||664899500||499057||0.00075241
14:08||664949500||500352||0.00075241
14:09||664950500||500352||0.00075241
14:10||664949500||500352||0.00075241
14:11||664949500||500351||0.00075241
14:12||664997500||500351||0.00075241
14:13||665139500||500563||0.00075241
14:14||665141000||500563||0.00075241
14:15||665142000||500563||0.00075241
14:16||665277500||500561||0.00075241
14:17||665277500||500563||0.00075241
14:18||665283500||500562||0.00075241
14:19||665279500||500563||0.00075241
14:20||665277500||500561||0.00075241
14:21||665277500||500561||0.00075241
14:22||665277500||500561||0.00075241
14:23||665277500||500561||0.00075241
14:24||664999500||500354||0.00075241
14:25||664997500||500352||0.00075241
14:26||664997500||500351||0.00075241
14:27||664997500||500351||0.00075241
14:28||664997500||500351||0.00075241
14:29||665137000||500351||0.00075241
14:30||665138000||500561||0.00075241
14:31||665138000||500561||0.00075241
14:32||665137500||500559||0.00075241
14:33||665274500||500559||0.00075241
14:34||665274500||500559||0.00075241
14:35||665274500||500559||0.00075241
14:36||665274500||500558||0.00075241
14:37||665288500||500578||0.00075241
14:38||665299500||500561||0.00075241
14:39||665299500||500578||0.00075241
14:40||665398500||500728||0.00075241
14:41||665398500||500725||0.00075241
14:42||665398500||500725||0.00075241
14:43||665498500||500728||0.00075241
14:44||665499500||500728||0.00075241
14:45||665499500||500728||0.00075241
14:46||665499500||500728||0.00075241
14:47||665776000||500879||0.00075241
14:48||665776000||500879||0.00075241
14:49||665849500||500879||0.00075241
14:50||665849500||500992||0.00075241
14:51||665000500||500353||0.00075241
14:52||664046000||500350||0.00075241
14:53||664012500||499057||0.00075241
14:54||664012500||499057||0.00075241
14:55||664018000||499057||0.00075241
14:56||664575000||499066||0.00075241
14:57||664619000||500992||0.00075241
14:58||665875000||501029||0.00075241
14:59||664648500||499148||0.00075241
15:00||664648500||499148||0.00075241
15:01||664648500||499148||0.00075241
15:02||665898500||501029||0.00075241
15:03||665898500||501029||0.00075241
15:04||664949500||501029||0.00075241
15:05||664954000||499607||0.00075241
15:06||664932500||499648||0.00075241
15:07||665149500||499648||0.00075241
15:08||665250000||500879||0.00075241
15:09||665254000||500879||0.00075241
15:10||665255000||500879||0.00075241
15:11||665294500||500938||0.00075241
15:12||664730000||500202||0.00075241
15:13||664730000||500126||0.00075241
15:14||664431500||499948||0.00075241
15:15||664431500||499948||0.00075241
15:16||664582000||500172||0.00075241
15:17||664582000||500172||0.00075241
15:18||664578500||500172||0.00075241
15:19||664578500||500166||0.00075241
15:20||663509000||499321||0.00075241
15:21||663509000||499321||0.00075241
15:22||662655500||499057||0.00075241
15:23||661524000||498094||0.00075241
15:24||661524000||497493||0.00075241
15:25||661249000||497567||0.00075241
15:26||661250000||497493||0.00075241
15:27||662784000||499877||0.00075241
15:28||662382000||499877||0.00075241
15:29||662400000||499073||0.00075241
15:30||662823500||497719||0.00075241
15:31||662801000||499669||0.00075241
15:32||662775500||499629||0.00075241
15:33||662724500||499590||0.00075241
15:34||661513000||499552||0.00075241
15:35||661513000||499552||0.00075241
15:36||662750000||499590||0.00075241
15:37||662751000||499590||0.00075241
15:38||662753000||497733||0.00075241
15:39||662609500||497733||0.00075241
15:40||662482500||497738||0.00075241
15:41||662385000||497738||0.00075241
15:42||662757500||497741||0.00075241
15:43||663062000||499629||0.00075241
15:44||663249500||499629||0.00075241
15:45||663403500||499629||0.00075241
15:46||664038500||499629||0.00075241
15:47||664038500||499629||0.00075241
15:48||662794500||497756||0.00075241
15:49||663620000||499629||0.00075241
15:50||663702500||499750||0.00075241
15:51||663701500||499750||0.00075241
15:52||663694000||499735||0.00075241
15:53||663694000||499735||0.00075241
15:54||663654500||499005||0.00075241
15:55||663800000||499005||0.00075241
15:56||663883500||499750||0.00075241
15:57||664103000||499604||0.00075241
15:58||664751000||499600||0.00075241
15:59||664648000||500197||0.00075241
16:00||664649500||500197||0.00075241
16:01||664602000||500123||0.00075241
16:02||664605000||500123||0.00075241
16:03||664640500||500123||0.00075241
16:04||664669000||500123||0.00075241
16:05||664640500||500123||0.00075241
16:06||664640500||500082||0.00075241
16:07||664640500||500082||0.00075241
16:08||664640500||500082||0.00075241
16:09||664640500||500082||0.00075241
16:10||664640500||500082||0.00075241
16:11||664009500||500081||0.00075241
16:12||664009500||500062||0.00075241
16:13||663402500||499151||0.00075241
16:14||663402500||499151||0.00075241
16:15||663402500||499151||0.00075241
16:16||663402500||499151||0.00075241
16:17||663402500||499150||0.00075241
16:18||662896500||498998||0.00075241
16:19||662857500||498932||0.00075241
16:20||662823000||498889||0.00075241
16:21||662791000||498546||0.00075241
16:22||662748500||498548||0.00075241
16:23||662712000||498546||0.00075241
16:24||662687500||498695||0.00075241
16:25||662741500||498695||0.00075241
16:26||663678000||500062||0.00075241
16:27||663889500||500061||0.00075241
16:28||664032000||500062||0.00075241
16:29||664033000||500062||0.00075241
16:30||664033000||500062||0.00075241
16:31||664033000||500062||0.00075241
16:32||664036000||500062||0.00075241
16:33||664049000||500089||0.00075241
16:34||664053500||500089||0.00075241
16:35||664053500||500089||0.00075241
16:36||664160500||500089||0.00075241
16:37||664267500||500089||0.00075241
16:38||664431500||500202||0.00075241
16:39||664799500||500202||0.00075241
16:40||664901000||500352||0.00075241
16:41||664901000||500352||0.00075241
16:42||664901000||500352||0.00075241
16:43||664901000||500352||0.00075241
16:44||664901000||500352||0.00075241
16:45||664901000||500352||0.00075241
16:46||664901000||500352||0.00075241
16:47||664999500||500351||0.00075241
16:48||664895000||500351||0.00075241
16:49||664799500||500201||0.00075241
16:50||664799500||500201||0.00075241
16:51||664799500||500201||0.00075241
16:52||664799500||500202||0.00075241
16:53||664287500||500201||0.00075241
16:54||664287500||500199||0.00075241
16:55||664069500||500199||0.00075241
16:56||663994000||500019||0.00075241
16:57||663926500||500019||0.00075241
16:58||663858000||500019||0.00075241
16:59||663806500||499190||0.00075241
17:00||663729500||499190||0.00075241
17:01||663692500||499190||0.00075241
17:02||663660000||499190||0.00075241
17:03||663455500||499190||0.00075241
17:04||663455500||499190||0.00075241
17:05||663455500||499190||0.00075241
17:06||663355000||499065||0.00075241
17:07||663352500||499163||0.00075241
17:08||663415500||499160||0.00075241
17:09||663415500||499160||0.00075241
17:10||663415500||499160||0.00075241
17:11||663196500||498859||0.00075241
17:12||663173500||498859||0.00075241
17:13||663222500||498859||0.00075241
17:14||663265000||498923||0.00075241
17:17||663430500||499172||0.00075241
17:17||663430500||499172||0.00075241
17:18||663430500||499172||0.00075241
17:19||663818000||499172||0.00075241
17:19||663818000||499172||0.00075241
17:21||664949500||500277||0.00075241
17:22||665594000||500804||0.00075241
17:20||663826000||500804||0.00075241
17:24||665599500||500804||0.00075241
17:25||665599500||500804||0.00075241
17:26||664680500||500623||0.00075241
17:26||664600500||500623||0.00075241
17:27||663612000||499515||0.00075241
17:28||663914000||499901||0.00075241
17:29||663764000||499169||0.00075241
17:30||663700000||499600||0.00075241
17:31||663700000||499600||0.00075241
17:32||663464000||499169||0.00075241
17:33||663650000||499524||0.00075241
17:34||663650000||499449||0.00075241
17:35||664000000||499976||0.00075241
17:36||664250000||499976||0.00075241
17:37||664300000||499976||0.00075241
17:38||664300000||499976||0.00075241
17:39||664300000||499976||0.00075241
17:40||664499500||499975||0.00075241
17:41||664499500||500050||0.00075241
17:42||664649500||500202||0.00075241
17:43||664649500||500202||0.00075241
17:44||664649500||500202||0.00075241
17:45||664699500||500277||0.00075241
17:46||664749000||500351||0.00075241
17:47||664749000||500351||0.00075241
17:48||664999500||500352||0.00075241
17:49||664999500||500352||0.00075241
17:50||664999500||500351||0.00075241
17:51||664999500||500352||0.00075241
17:52||664999500||500352||0.00075241
17:53||664999500||500352||0.00075241
17:54||664999500||500352||0.00075241
17:55||664999500||500352||0.00075241
17:56||664999500||500352||0.00075241
17:57||664999500||500351||0.00075241
17:58||664999500||500351||0.00075241
17:59||664999500||500351||0.00075241
18:00||664999500||500351||0.00075241
18:01||664999500||500352||0.00075241
18:02||664999500||500352||0.00075241
18:03||664999500||500351||0.00075241
18:04||664999500||500352||0.00075241
18:05||664955000||500352||0.00075241
18:06||664954500||500351||0.00075241
18:07||664955000||500352||0.00075241
18:08||664955000||500352||0.00075241
18:09||665050000||500352||0.00075241
18:10||665050500||500352||0.00075241
18:11||665050500||500427||0.00075241
18:12||665050500||500427||0.00075241
18:13||665050500||500427||0.00075241
18:14||665050500||500353||0.00075241
18:15||665098500||500427||0.00075241
18:16||665098500||500427||0.00075241
18:17||665098500||500427||0.00075241
18:18||665098500||500427||0.00075241
18:19||665099000||500427||0.00075241
18:20||665099000||500426||0.00075241
18:21||665150000||500427||0.00075241
18:22||665150000||500427||0.00075241
18:23||665150000||500503||0.00075241
18:24||665150000||500503||0.00075241
18:25||665150000||500503||0.00075241
18:26||665150000||500503||0.00075241
18:27||665150000||500503||0.00075241
18:28||665150000||500503||0.00075241
18:29||665149500||500503||0.00075241
18:30||665149500||500427||0.00075241
18:31||665148500||500426||0.00075241
18:32||665148500||500502||0.00075241
18:33||665144000||500495||0.00075241
18:34||665098500||500495||0.00075241
18:35||665098500||500427||0.00075241
18:36||665098500||500427||0.00075241
18:37||665098500||500426||0.00075241
18:38||665098500||500426||0.00075241
18:39||665098500||500427||0.00075241
18:40||665049500||500427||0.00075241
18:41||665000500||500427||0.00075241
18:42||665000500||500353||0.00075241
18:43||665000500||500353||0.00075241
18:44||665000500||500353||0.00075241
18:45||665000500||500495||0.00075241
18:46||665095000||500495||0.00075241
18:47||665095000||500495||0.00075241
18:48||665050000||500352||0.00075241
18:49||664950500||500277||0.00075241
18:50||664950500||500353||0.00075241
18:51||664850500||500278||0.00075241
18:52||664900500||500353||0.00075241
18:53||664900000||500352||0.00075241
18:54||664900000||500202||0.00075241
18:55||664900000||500352||0.00075241
18:56||664810000||500217||0.00075241
18:57||664811000||500217||0.00075241
18:58||664851000||500277||0.00075241
18:59||664827000||500277||0.00075241
19:00||664827000||500228||0.00075241
19:01||664827000||500216||0.00075241
19:02||664819500||500216||0.00075241
19:03||664819500||500216||0.00075241
19:04||664819500||500216||0.00075241
19:05||664819500||500217||0.00075241
19:06||664819500||500217||0.00075241
19:07||664819500||500217||0.00075241
19:08||664827000||500228||0.00075241
19:09||664909500||500352||0.00075241
19:10||664909500||500352||0.00075241
19:11||664909500||500352||0.00075241
19:12||664909500||500216||0.00075241
19:13||664909500||500216||0.00075241
19:14||664869000||500291||0.00075241
19:15||664909500||500352||0.00075241
19:16||664909500||500352||0.00075241
19:17||665050000||500427||0.00075241
19:18||664950500||500203||0.00075241
19:19||664901000||500203||0.00075241
19:20||664901000||500352||0.00075241
19:21||664901000||500352||0.00075241
19:22||664901000||500352||0.00075241
19:23||664901500||500352||0.00075241
19:24||664901500||500204||0.00075241
19:25||664902000||500352||0.00075241
19:26||664902000||500352||0.00075241
19:27||664902500||500352||0.00075241
19:28||664805500||500352||0.00075241
19:29||664902500||500352||0.00075241
19:30||664902500||500352||0.00075241
19:31||664902500||500205||0.00075241
19:32||665049500||500352||0.00075241
19:33||665000500||500352||0.00075241
19:34||665049500||500427||0.00075241
19:35||665049500||500427||0.00075241
19:36||665049500||500352||0.00075241
19:37||665098500||500427||0.00075241
19:38||665098500||500427||0.00075241
19:39||665098500||500427||0.00075241
19:40||665098500||500426||0.00075241
19:41||665124000||500426||0.00075241
19:42||665124500||500427||0.00075241
19:43||665110000||500442||0.00075241
19:44||665109500||500442||0.00075241
19:45||665109500||500442||0.00075241
19:46||665117500||500442||0.00075241
19:47||665118000||500440||0.00075241
19:48||665117500||500440||0.00075241
19:49||665117500||500441||0.00075241
19:50||665118000||500442||0.00075241
19:51||665118500||500442||0.00075241
19:52||665118500||500441||0.00075241
19:53||665118000||500440||0.00075241
19:54||665117500||500440||0.00075241
19:55||665117500||500440||0.00075241
19:56||665117500||500441||0.00075241
19:57||665117500||500441||0.00075241
19:58||665117500||500441||0.00075241
19:59||665114000||500441||0.00075241
20:00||665108500||500427||0.00075241
20:01||665109500||500441||0.00075241
20:02||665109500||500441||0.00075241
20:03||665109500||500441||0.00075241
20:04||665110000||500441||0.00075241
20:05||665111500||500441||0.00075241
20:06||665112000||500441||0.00075241
20:07||665106500||500432||0.00075241
20:08||665106500||500432||0.00075241
20:09||665106500||500432||0.00075241
20:10||665112000||500441||0.00075241
20:11||665112500||500441||0.00075241
20:12||665112000||500441||0.00075241
20:13||665106500||500441||0.00075241
20:14||665106500||500432||0.00075241
20:15||665112500||500432||0.00075241
20:16||665112500||500433||0.00075241
20:17||665283000||500495||0.00075241
20:18||665639500||500834||0.00075241
20:19||666079500||501105||0.00075241
20:20||666407000||501481||0.00075241
20:21||666149500||501217||0.00075241
20:22||666354000||501330||0.00075241
20:23||667165500||501857||0.00075241
20:24||667240500||502045||0.00075241
20:25||667566000||502535||0.00075241
20:26||667515500||502535||0.00075241
20:27||667231500||502032||0.00075241
20:28||667231500||502032||0.00075241
20:29||667231500||502032||0.00075241
20:30||667231500||502031||0.00075241
20:31||667231500||502032||0.00075241
20:32||667231500||502032||0.00075241
20:33||667231500||502032||0.00075241
20:34||667231500||502031||0.00075241
20:35||666772000||502031||0.00075241
20:36||666771500||501340||0.00075241
20:37||666326000||501349||0.00075241
20:38||666772500||502023||0.00075241
20:39||666772500||502021||0.00075241
20:40||666772500||502021||0.00075241
20:41||666772500||502021||0.00075241
20:42||666860000||502021||0.00075241
20:43||666951000||502021||0.00075241
20:44||667000000||502006||0.00075241
20:45||667000000||502006||0.00075241
20:46||667000000||502006||0.00075241
20:47||667197500||502006||0.00075241
20:48||667199500||502007||0.00075241
20:49||667199500||502007||0.00075241
20:50||667666500||502308||0.00075241
20:51||667818500||502534||0.00075241
20:52||668473500||503362||0.00075241
20:53||668486000||503362||0.00075241
20:54||668989500||503366||0.00075241
20:55||668974500||503366||0.00075241
20:56||668974500||503343||0.00075241
20:57||668973500||503341||0.00075241
20:58||668974500||503341||0.00075241
20:59||668974500||503343||0.00075241
21:00||668974500||503343||0.00075241
21:01||668974500||503343||0.00075241
21:02||668974500||503343||0.00075241
21:03||668154500||503143||0.00075241
21:04||668154500||503143||0.00075241
21:05||668204500||502384||0.00075241
21:06||668205500||503143||0.00075241
21:07||668173000||502385||0.00075241
21:08||668162500||503078||0.00075241
21:09||668051000||503078||0.00075241
21:10||668202000||503078||0.00075241
21:11||668450500||502910||0.00075241
21:12||668687000||503110||0.00075241
21:13||669391000||503967||0.00075241
21:14||669804500||503964||0.00075241
21:15||669999500||505243||0.00075241
21:16||670687000||505243||0.00075241
21:17||670491000||505243||0.00075241
21:18||670050000||504188||0.00075241
21:19||669999500||504114||0.00075241
21:20||669806500||504101||0.00075241
21:21||670122000||504490||0.00075241
21:22||669901000||503968||0.00075241
21:23||669946000||503968||0.00075241
21:24||670100000||504189||0.00075241
21:25||670150000||504265||0.00075241
21:26||670149000||504263||0.00075241
21:27||670147000||504260||0.00075241
21:28||670193500||504260||0.00075241
21:29||670193500||504260||0.00075241
21:30||670193500||504259||0.00075241
21:31||670193500||504260||0.00075241
21:32||670193500||504260||0.00075241
21:33||670193500||504259||0.00075241
21:34||670046500||504184||0.00075241
21:35||670097000||504260||0.00075241
21:36||670045000||504114||0.00075241
21:37||670045000||504114||0.00075241
21:38||670045000||504114||0.00075241
21:39||670045000||504182||0.00075241
21:40||670045000||504182||0.00075241
21:41||670045000||504182||0.00075241
21:42||670096000||504260||0.00075241
21:43||670251000||504340||0.00075241
21:44||670499500||504490||0.00075241
21:45||670555500||504566||0.00075241
21:46||670555500||504566||0.00075241
21:47||670599500||504566||0.00075241
21:48||670599500||504566||0.00075241
21:49||670842000||504791||0.00075241
21:50||671027500||505092||0.00075241
21:51||671258500||505431||0.00075241
21:52||671311500||505431||0.00075241
21:53||671286500||505393||0.00075241
21:54||672151000||505619||0.00075241
21:55||672123500||505803||0.00075241
21:56||672122500||505803||0.00075241
21:57||672122500||505619||0.00075241
21:58||672122500||505803||0.00075241
21:59||672244500||505803||0.00075241
22:00||672222500||505803||0.00075241
22:01||672100500||505770||0.00075241
22:02||672016000||505766||0.00075241
22:03||671374500||505803||0.00075241
22:04||671374500||505803||0.00075241
22:05||671374500||505803||0.00075241
22:06||671441500||505807||0.00075241
22:07||672249500||505845||0.00075241
22:08||672274500||505845||0.00075241
22:09||672273500||505845||0.00075241
22:10||672274500||505845||0.00075241
22:11||672274500||505845||0.00075241
22:12||672627500||505995||0.00075241
22:13||672677500||506183||0.00075241
22:14||673098000||506484||0.00075241
22:15||673149500||506406||0.00075241
22:16||673149500||506484||0.00075241
22:17||673225000||506560||0.00075241
22:18||673225000||506522||0.00075241
22:19||673225000||506560||0.00075241
22:20||673225000||506560||0.00075241
22:21||673225000||506560||0.00075241
22:22||673246500||506557||0.00075241
22:23||673246500||506557||0.00075241
22:24||673246500||506557||0.00075241
22:25||673246500||506557||0.00075241
22:26||673246500||506557||0.00075241
22:27||673246500||506557||0.00075241
22:28||673299500||506559||0.00075241
22:29||673299500||506559||0.00075241
22:30||673349500||506710||0.00075241
22:31||673499500||506748||0.00075241
22:32||673373000||505806||0.00075241
22:33||672874500||506748||0.00075241
22:34||672747500||506557||0.00075241
22:35||672624500||506557||0.00075241
22:36||672624500||506371||0.00075241
22:37||672650000||505806||0.00075241
22:38||672900000||505845||0.00075241
22:39||672900000||505845||0.00075241
22:40||672900000||505845||0.00075241
22:41||672900000||505845||0.00075241
22:42||672900000||505845||0.00075241
22:43||673400000||506748||0.00075241
22:44||673400000||506748||0.00075241
22:45||673400000||506597||0.00075241
22:46||673400000||506597||0.00075241
22:47||673400000||506748||0.00075241
22:48||673300500||506597||0.00075241
22:49||673374500||506709||0.00075241
22:50||673374500||506709||0.00075241
22:51||673375000||506710||0.00075241
22:52||673375000||506710||0.00075241
22:53||673375000||506597||0.00075241
22:54||673375000||506597||0.00075241
22:55||673375000||506597||0.00075241
22:56||673375000||506597||0.00075241
22:57||672380000||505092||0.00075241
22:58||672325000||505092||0.00075241
22:59||672175000||505100||0.00075241
23:00||672175000||505100||0.00075241
23:01||672674500||505100||0.00075241
23:02||672625000||505882||0.00075241
23:03||672625000||505882||0.00075241
23:04||671850000||505882||0.00075241
23:05||671100000||504791||0.00075241
23:06||671100000||505092||0.00075241
23:07||671100000||505092||0.00075241
23:08||670975000||505092||0.00075241
23:09||670975000||505092||0.00075241
23:10||670975000||504904||0.00075241
23:11||670975000||504791||0.00075241
23:12||670770000||504897||0.00075241
23:13||670770000||504904||0.00075241
23:14||670751000||504867||0.00075241
23:15||670751000||504867||0.00075241
23:16||670751000||504490||0.00075241
23:17||671917500||506183||0.00075241
23:18||672111000||506183||0.00075241
23:19||672234500||506181||0.00075241
23:20||673024000||506597||0.00075241
23:21||673025000||506597||0.00075241
23:22||673000000||506597||0.00075241
23:23||673000000||506560||0.00075241
23:24||673040000||506627||0.00075241
23:25||673190000||506627||0.00075241
23:26||673271000||506627||0.00075241
23:27||673251000||506627||0.00075241
23:28||673171000||506597||0.00075241
23:29||673041000||506403||0.00075241
23:30||671771000||504490||0.00075241
23:31||671771000||504490||0.00075241
23:32||671771000||504490||0.00075241
23:33||671771000||504492||0.00075241
23:34||671771000||504492||0.00075241
23:35||671771000||504492||0.00075241
23:36||671771000||504492||0.00075241
23:37||671771000||504492||0.00075241
23:38||671771000||504492||0.00075241
23:39||671771000||504492||0.00075241
23:40||671820000||504492||0.00075241
23:41||671820000||504492||0.00075241
23:42||671820000||504492||0.00075241
23:43||671820000||504492||0.00075241
23:44||671820000||504492||0.00075241
23:45||671820000||504492||0.00075241
23:46||671820000||504492||0.00075241
23:47||671820000||504492||0.00075241
23:48||671820000||504492||0.00075241
23:49||671820000||504492||0.00075241
23:50||671820000||504492||0.00075241
23:51||671771000||504492||0.00075241
23:52||671771000||504492||0.00075241
23:53||671771000||504492||0.00075241
23:54||671771000||504492||0.00075241
23:55||671771000||504492||0.00075241
23:56||671771000||504492||0.00075241
23:57||671771000||504492||0.00075241
23:58||671771000||504492||0.00075241
23:59||671771000||504492||0.00075241
