00:00||439492500||331511||0.00075241
00:01||439492500||331511||0.00075241
00:02||439247500||331511||0.00075241
00:03||439247500||331511||0.00075241
00:04||438519000||330310||0.00075241
00:05||438458500||330310||0.00075241
00:06||438413500||329584||0.00075241
00:07||438404000||329584||0.00075241
00:08||438404000||329584||0.00075241
00:09||438404000||329584||0.00075241
00:10||438404000||329584||0.00075241
00:11||438404000||329584||0.00075241
00:12||438404000||329584||0.00075241
00:13||438404000||329584||0.00075241
00:14||438380500||329584||0.00075241
00:15||438315500||329584||0.00075241
00:16||438295000||329584||0.00075241
00:17||438295000||329584||0.00075241
00:18||438295000||329584||0.00075241
00:19||438404000||330134||0.00075241
00:20||438404000||330134||0.00075241
00:21||438404000||330134||0.00075241
00:22||438404000||330134||0.00075241
00:23||438404000||330134||0.00075241
00:24||438404000||330134||0.00075241
00:25||438404000||330134||0.00075241
00:26||438404000||330134||0.00075241
00:27||438404000||330134||0.00075241
00:28||438404000||330134||0.00075241
00:29||438404000||330134||0.00075241
00:30||438404000||330134||0.00075241
00:31||438404000||330134||0.00075241
00:32||438404000||330134||0.00075241
00:33||438396500||330134||0.00075241
00:34||438396500||329584||0.00075241
00:35||438396500||329584||0.00075241
00:36||438404000||329584||0.00075241
00:37||438404000||329584||0.00075241
00:38||438404500||329584||0.00075241
00:39||438404500||329584||0.00075241
00:40||438404500||329584||0.00075241
00:41||438404500||329584||0.00075241
00:42||438404500||329584||0.00075241
00:43||438404500||329584||0.00075241
00:44||438404500||329584||0.00075241
00:45||438404500||329584||0.00075241
00:46||438397000||330123||0.00075241
00:47||438397000||330123||0.00075241
00:48||438397000||330123||0.00075241
00:49||438397000||330123||0.00075241
00:50||438397000||330123||0.00075241
00:51||438397000||330123||0.00075241
00:52||438397000||330123||0.00075241
00:53||438397000||330123||0.00075241
00:54||438397000||330123||0.00075241
00:55||438583500||330123||0.00075241
00:56||438583500||330123||0.00075241
00:57||438404500||330123||0.00075241
00:58||438397000||330123||0.00075241
00:59||438396500||330123||0.00075241
01:00||438396500||330123||0.00075241
01:01||438404500||330123||0.00075241
01:02||438404500||330123||0.00075241
01:03||438404500||330123||0.00075241
01:04||438404500||330123||0.00075241
01:05||438404500||330123||0.00075241
01:06||438404500||330123||0.00075241
01:07||438404500||330123||0.00075241
01:08||438397000||330123||0.00075241
01:09||438397000||330123||0.00075241
01:10||438404500||330123||0.00075241
01:11||438404500||330123||0.00075241
01:12||438404500||330123||0.00075241
01:13||438404500||330134||0.00075241
01:14||438404500||330134||0.00075241
01:15||438404500||330134||0.00075241
01:16||438404500||330134||0.00075241
01:17||438404500||330134||0.00075241
01:18||438404500||330134||0.00075241
01:19||438404500||330134||0.00075241
01:20||438404500||330134||0.00075241
01:21||438404500||329585||0.00075241
01:22||438586500||329585||0.00075241
01:23||438586500||329585||0.00075241
01:24||438586500||329585||0.00075241
01:25||438587000||330134||0.00075241
01:26||438587000||330134||0.00075241
01:27||438587000||330134||0.00075241
01:28||438587000||330134||0.00075241
01:29||438587000||330134||0.00075241
01:30||438587000||330134||0.00075241
01:31||438405000||330134||0.00075241
01:32||438405000||330134||0.00075241
01:33||438405000||330134||0.00075241
01:34||438587500||330134||0.00075241
01:35||438587500||330134||0.00075241
01:36||438587500||330134||0.00075241
01:37||438587500||330134||0.00075241
01:38||438587500||330134||0.00075241
01:39||438587500||330134||0.00075241
01:40||439202500||331060||0.00075241
01:41||439202500||331060||0.00075241
01:42||439202500||331060||0.00075241
01:43||439025000||329593||0.00075241
01:44||439015000||329593||0.00075241
01:45||439015000||329593||0.00075241
01:46||439015000||329593||0.00075241
01:47||439015000||329593||0.00075241
01:48||439015000||329593||0.00075241
01:49||439015000||329593||0.00075241
01:50||439015000||329593||0.00075241
01:51||439015000||329593||0.00075241
01:52||439015000||329593||0.00075241
01:53||439015000||329593||0.00075241
01:54||439015000||329593||0.00075241
01:55||439015000||329593||0.00075241
01:56||439015000||329593||0.00075241
01:57||439015000||329593||0.00075241
01:58||439015000||329593||0.00075241
01:59||439015000||329593||0.00075241
02:00||439075000||331045||0.00075241
02:01||439075000||331045||0.00075241
02:02||439075000||331045||0.00075241
02:03||439075000||331045||0.00075241
02:04||439075000||331045||0.00075241
02:05||439301500||331436||0.00075241
02:06||439252500||331436||0.00075241
02:07||439252500||331436||0.00075241
02:08||439252500||331436||0.00075241
02:09||439252500||331436||0.00075241
02:10||439252500||331436||0.00075241
02:11||439523500||331436||0.00075241
02:12||439496000||331436||0.00075241
02:13||439496000||331436||0.00075241
02:14||439496000||331436||0.00075241
02:15||439496000||331436||0.00075241
02:16||439496000||331436||0.00075241
02:17||439496000||331436||0.00075241
02:18||439496000||331436||0.00075241
02:19||439523500||331436||0.00075241
02:20||439523500||331436||0.00075241
02:21||439496000||331436||0.00075241
02:22||439523500||331436||0.00075241
02:23||439523500||331436||0.00075241
02:24||439523500||331436||0.00075241
02:25||439523500||331436||0.00075241
02:26||439496000||331436||0.00075241
02:27||439496000||331436||0.00075241
02:28||439496000||331436||0.00075241
02:29||439496000||331436||0.00075241
02:30||439496000||331690||0.00075241
02:31||439523500||331690||0.00075241
02:32||439523500||331690||0.00075241
02:33||439496000||331690||0.00075241
02:34||439496000||331690||0.00075241
02:35||439496000||331690||0.00075241
02:36||439496000||331690||0.00075241
02:37||439496000||331690||0.00075241
02:38||439496000||331690||0.00075241
02:39||439496000||331690||0.00075241
02:40||439496000||331690||0.00075241
02:41||439496000||331690||0.00075241
02:42||439496000||331690||0.00075241
02:43||439496000||331690||0.00075241
02:44||439496000||331690||0.00075241
02:45||439496000||331690||0.00075241
02:46||439496000||331690||0.00075241
02:47||439496000||331690||0.00075241
02:48||439496000||331690||0.00075241
02:49||439496000||331690||0.00075241
02:50||439496000||331690||0.00075241
02:51||439443500||329593||0.00075241
02:52||439443500||329593||0.00075241
02:53||439444000||329593||0.00075241
02:54||439444000||329593||0.00075241
02:55||439444000||329593||0.00075241
02:56||438775500||329593||0.00075241
02:57||438775500||329593||0.00075241
02:58||438775500||329593||0.00075241
02:59||438775500||329593||0.00075241
03:00||438775500||329593||0.00075241
03:01||438775500||329593||0.00075241
03:02||438775500||329593||0.00075241
03:03||438775500||329593||0.00075241
03:04||438775500||329593||0.00075241
03:05||438775500||329593||0.00075241
03:06||438775500||330684||0.00075241
03:07||438776500||330684||0.00075241
03:08||438776500||330684||0.00075241
03:09||438776500||330684||0.00075241
03:10||438776500||330684||0.00075241
03:11||438776500||330684||0.00075241
03:12||438776500||330684||0.00075241
03:13||438776500||330684||0.00075241
03:14||438776500||330684||0.00075241
03:15||438776500||330684||0.00075241
03:16||438776500||330684||0.00075241
03:17||438776500||330684||0.00075241
03:18||438776500||331731||0.00075241
03:19||439472500||331731||0.00075241
03:20||439472500||331731||0.00075241
03:21||439472500||331731||0.00075241
03:22||439472500||331731||0.00075241
03:23||439472500||331731||0.00075241
03:24||439472500||331731||0.00075241
03:25||439470500||329593||0.00075241
03:26||439471500||329593||0.00075241
03:27||439471500||329593||0.00075241
03:28||439471500||329593||0.00075241
03:29||439472500||331731||0.00075241
03:30||439472500||331731||0.00075241
03:31||439472500||331731||0.00075241
03:32||439472500||331731||0.00075241
03:33||438763000||331731||0.00075241
03:34||439472500||331731||0.00075241
03:35||439472500||331731||0.00075241
03:36||439472500||331731||0.00075241
03:37||439473000||331732||0.00075241
03:38||439473000||331732||0.00075241
03:39||438776500||331732||0.00075241
03:40||438776500||331732||0.00075241
03:41||439473000||331732||0.00075241
03:42||438763000||331732||0.00075241
03:43||438763000||331732||0.00075241
03:44||439473000||331732||0.00075241
03:45||439473000||331732||0.00075241
03:46||439473000||331732||0.00075241
03:47||439472500||331732||0.00075241
03:48||439472500||331732||0.00075241
03:49||439472500||331732||0.00075241
03:50||439472500||331732||0.00075241
03:51||439444000||331732||0.00075241
03:52||439444000||331732||0.00075241
03:53||439444000||331732||0.00075241
03:54||439444000||331732||0.00075241
03:55||438749000||331732||0.00075241
03:56||438746500||331732||0.00075241
03:57||438746500||331732||0.00075241
03:58||438746500||330639||0.00075241
03:59||438746500||330639||0.00075241
04:00||438746500||330639||0.00075241
04:01||438746500||330639||0.00075241
04:02||438746500||330639||0.00075241
04:03||438746500||330639||0.00075241
04:04||438746500||330639||0.00075241
04:05||438746500||330639||0.00075241
04:06||438746500||330639||0.00075241
04:07||438746500||330639||0.00075241
04:08||438746500||330639||0.00075241
04:09||438746500||330639||0.00075241
04:10||438746500||330639||0.00075241
04:11||438746500||330639||0.00075241
04:12||438732500||330639||0.00075241
04:13||438732500||330639||0.00075241
04:14||438732500||330639||0.00075241
04:15||438732500||330639||0.00075241
04:16||438732500||330639||0.00075241
04:17||438732500||330639||0.00075241
04:18||438732500||330639||0.00075241
04:19||438732500||330639||0.00075241
04:20||438732500||330639||0.00075241
04:21||438662500||329593||0.00075241
04:22||438553500||329593||0.00075241
04:23||438453000||329593||0.00075241
04:24||438370500||329593||0.00075241
04:25||438303500||329593||0.00075241
04:26||437155000||329584||0.00075241
04:27||437016000||329289||0.00075241
04:28||436923000||329289||0.00075241
04:29||436894500||329289||0.00075241
04:30||436837000||329289||0.00075241
04:31||436767000||329289||0.00075241
04:32||436715000||329289||0.00075241
04:33||436667500||329289||0.00075241
04:34||436198000||328426||0.00075241
04:35||436005000||328055||0.00075241
04:36||436005000||328055||0.00075241
04:37||436005000||328055||0.00075241
04:38||438249000||328055||0.00075241
04:39||437867500||328055||0.00075241
04:40||437517500||328055||0.00075241
04:41||437258000||328055||0.00075241
04:42||437020500||328055||0.00075241
04:43||436843000||328055||0.00075241
04:44||436695500||328055||0.00075241
04:45||436560000||328055||0.00075241
04:46||436512000||328055||0.00075241
04:47||436512000||328055||0.00075241
04:48||436512500||328055||0.00075241
04:49||436257500||328055||0.00075241
04:50||436251500||328055||0.00075241
04:51||436499500||328425||0.00075241
04:52||436499500||328426||0.00075241
04:53||436499500||328426||0.00075241
04:54||436499500||328426||0.00075241
04:55||436499500||328426||0.00075241
04:56||436499500||328426||0.00075241
04:57||436499500||328426||0.00075241
04:58||436499500||328426||0.00075241
04:59||436499500||328426||0.00075241
05:00||436499500||328426||0.00075241
05:01||436499500||328426||0.00075241
05:02||436499500||328426||0.00075241
05:03||436499500||328426||0.00075241
05:04||436499500||328426||0.00075241
05:05||436499500||328426||0.00075241
05:06||436499500||328426||0.00075241
05:07||438342500||331436||0.00075241
05:08||437996500||331436||0.00075241
05:09||437739000||331436||0.00075241
05:10||437503500||331436||0.00075241
05:11||437293000||329646||0.00075241
05:12||437153000||329595||0.00075241
05:13||437048500||329595||0.00075241
05:14||436938000||329166||0.00075241
05:15||436849500||329166||0.00075241
05:16||436804000||329166||0.00075241
05:17||436745000||329166||0.00075241
05:18||436691000||329166||0.00075241
05:19||436651000||329166||0.00075241
05:20||436614000||329166||0.00075241
05:21||436600500||329166||0.00075241
05:22||436600500||329166||0.00075241
05:23||436600500||329166||0.00075241
05:24||436600500||329166||0.00075241
05:25||437072500||329166||0.00075241
05:26||436969000||329166||0.00075241
05:27||436866500||329166||0.00075241
05:28||436804500||329166||0.00075241
05:29||436745500||329166||0.00075241
05:30||436696500||329166||0.00075241
05:31||436655500||329166||0.00075241
05:32||436621500||329166||0.00075241
05:33||436593000||329166||0.00075241
05:34||436571000||329166||0.00075241
05:35||436550000||329166||0.00075241
05:36||436242000||328426||0.00075241
05:37||436193500||328426||0.00075241
05:38||436151000||328050||0.00075241
05:39||435926000||328050||0.00075241
05:40||435926000||328050||0.00075241
05:41||435926000||328050||0.00075241
05:42||435926000||328050||0.00075241
05:43||435926000||328050||0.00075241
05:44||435926000||328050||0.00075241
05:45||435926000||327974||0.00075241
05:46||435442500||327884||0.00075241
05:47||435442500||327884||0.00075241
05:48||435442500||327884||0.00075241
05:49||435442500||327884||0.00075241
05:50||435442500||327884||0.00075241
05:51||434496500||327298||0.00075241
05:52||434496500||327298||0.00075241
05:53||434496500||327298||0.00075241
05:54||434496500||327293||0.00075241
05:55||434001500||327293||0.00075241
05:56||435102500||327293||0.00075241
05:57||435102500||327293||0.00075241
05:58||435102500||327293||0.00075241
05:59||435102500||327293||0.00075241
06:00||435102500||327293||0.00075241
06:01||435120000||327293||0.00075241
06:02||435120000||327293||0.00075241
06:03||435121000||328231||0.00075241
06:04||435121000||328231||0.00075241
06:05||435098500||328197||0.00075241
06:06||435098500||328197||0.00075241
06:07||435098500||328197||0.00075241
06:08||435098500||328197||0.00075241
06:09||435098500||328197||0.00075241
06:10||435098500||328197||0.00075241
06:11||435098500||328197||0.00075241
06:12||435097500||328197||0.00075241
06:13||435075000||328197||0.00075241
06:14||435029000||328197||0.00075241
06:15||435029000||328197||0.00075241
06:16||434600500||325869||0.00075241
06:17||434600500||325869||0.00075241
06:18||434600500||325869||0.00075241
06:19||434600500||325869||0.00075241
06:20||434605500||325869||0.00075241
06:21||434605500||325869||0.00075241
06:22||434607500||325869||0.00075241
06:23||434607500||325869||0.00075241
06:24||434608000||325869||0.00075241
06:25||434608500||325869||0.00075241
06:26||434609500||328126||0.00075241
06:27||434610000||328126||0.00075241
06:28||434610000||328126||0.00075241
06:29||434610000||328126||0.00075241
06:30||434610000||328126||0.00075241
06:31||434609000||328126||0.00075241
06:32||434609000||328126||0.00075241
06:33||434610000||328126||0.00075241
06:34||434615000||328126||0.00075241
06:35||434615000||328126||0.00075241
06:36||434618500||328126||0.00075241
06:37||434619000||328126||0.00075241
06:38||434619000||328126||0.00075241
06:39||434619500||328126||0.00075241
06:40||434619500||328126||0.00075241
06:41||434620000||328126||0.00075241
06:42||434620000||328126||0.00075241
06:43||434620000||328126||0.00075241
06:44||434920000||328126||0.00075241
06:45||434920000||328126||0.00075241
06:46||435245000||328126||0.00075241
06:47||435245500||328615||0.00075241
06:48||435245500||328615||0.00075241
06:49||435245500||328615||0.00075241
06:50||435121000||328615||0.00075241
06:51||435121000||328426||0.00075241
06:52||435120000||328426||0.00075241
06:53||435120000||328426||0.00075241
06:54||435220000||328425||0.00075241
06:55||435250000||328426||0.00075241
06:56||435251000||328426||0.00075241
06:57||435251000||326547||0.00075241
06:58||435250500||326547||0.00075241
06:59||435250500||326547||0.00075241
07:00||435250500||326547||0.00075241
07:01||435250500||328426||0.00075241
07:02||435251000||328426||0.00075241
07:03||435297500||328426||0.00075241
07:04||435300500||328426||0.00075241
07:05||435300500||328426||0.00075241
07:06||435749500||328426||0.00075241
07:07||435301000||328426||0.00075241
07:08||435299000||326621||0.00075241
07:09||435299000||326621||0.00075241
07:10||435299500||326621||0.00075241
07:11||435050000||326621||0.00075241
07:12||435049500||328050||0.00075241
07:13||435050500||328050||0.00075241
07:14||435050500||328050||0.00075241
07:15||435056500||328050||0.00075241
07:16||435058000||328050||0.00075241
07:17||435058000||328050||0.00075241
07:18||435055500||326632||0.00075241
07:19||435053500||326632||0.00075241
07:20||434955500||326632||0.00075241
07:21||434605500||326632||0.00075241
07:22||435105000||326632||0.00075241
07:23||435105000||326632||0.00075241
07:24||435105000||326632||0.00075241
07:25||434998500||326632||0.00075241
07:26||434903500||326632||0.00075241
07:27||434900500||326632||0.00075241
07:28||434900500||326632||0.00075241
07:29||434481500||328050||0.00075241
07:30||434482500||327110||0.00075241
07:31||435057500||327110||0.00075241
07:32||434599500||327949||0.00075241
07:33||434520000||327949||0.00075241
07:34||434515500||327949||0.00075241
07:35||434515500||327949||0.00075241
07:36||434515500||327949||0.00075241
07:37||434515500||327949||0.00075241
07:38||434515500||327949||0.00075241
07:39||434393000||327949||0.00075241
07:40||435128000||327949||0.00075241
07:41||434638000||327949||0.00075241
07:42||434345000||327949||0.00075241
07:43||434345000||327949||0.00075241
07:44||434491000||327949||0.00075241
07:45||434368500||327949||0.00075241
07:46||434344000||326845||0.00075241
07:47||434344000||326845||0.00075241
07:48||434344000||326845||0.00075241
07:49||434290500||326845||0.00075241
07:50||434290500||326845||0.00075241
07:51||434290500||326845||0.00075241
07:52||434127500||326764||0.00075241
07:53||434122500||326764||0.00075241
07:54||434122500||326764||0.00075241
07:55||434122500||326764||0.00075241
07:56||434125000||326764||0.00075241
07:57||434150000||326771||0.00075241
07:58||434147500||326767||0.00075241
07:59||434144000||326767||0.00075241
08:00||434144000||326767||0.00075241
08:01||434147000||326761||0.00075241
08:02||434147000||326761||0.00075241
08:03||434980000||328050||0.00075241
08:04||434980000||328050||0.00075241
08:05||434980000||326546||0.00075241
08:06||434956000||326546||0.00075241
08:07||434956000||326546||0.00075241
08:08||434956500||327983||0.00075241
08:09||434956500||327983||0.00075241
08:10||434972500||327983||0.00075241
08:11||434972500||327983||0.00075241
08:12||434708500||327983||0.00075241
08:13||434708500||327983||0.00075241
08:14||434708500||327983||0.00075241
08:15||433901000||326395||0.00075241
08:16||433433000||326351||0.00075241
08:17||433560000||325895||0.00075241
08:18||433560000||325895||0.00075241
08:19||433560000||325895||0.00075241
08:20||433560000||325895||0.00075241
08:21||433560500||325895||0.00075241
08:22||433578000||325895||0.00075241
08:23||433878500||326547||0.00075241
08:24||433878500||326547||0.00075241
08:25||434001500||326547||0.00075241
08:26||434001500||326547||0.00075241
08:27||434001500||326547||0.00075241
08:28||434001500||326547||0.00075241
08:29||434757000||326547||0.00075241
08:30||434747000||326547||0.00075241
08:31||434747000||326547||0.00075241
08:32||434507500||326547||0.00075241
08:33||435253500||327298||0.00075241
08:34||435253500||327298||0.00075241
08:35||435263500||327673||0.00075241
08:36||435268500||327673||0.00075241
08:37||435268500||327673||0.00075241
08:38||435268500||327673||0.00075241
08:39||435268500||327673||0.00075241
08:40||435264000||327673||0.00075241
08:41||435264000||327673||0.00075241
08:42||435264000||327673||0.00075241
08:43||435264000||327673||0.00075241
08:44||435264500||327673||0.00075241
08:45||435264500||327673||0.00075241
08:46||435269000||327673||0.00075241
08:47||435514000||327674||0.00075241
08:48||435519000||327674||0.00075241
08:49||435517000||327674||0.00075241
08:50||435142500||327324||0.00075241
08:51||435142500||327324||0.00075241
08:52||435142500||327486||0.00075241
08:53||435142500||327486||0.00075241
08:54||435142500||327324||0.00075241
08:55||435142500||327324||0.00075241
08:56||435144500||327324||0.00075241
08:57||435394500||327862||0.00075241
08:58||435997000||328418||0.00075241
08:59||436051000||328418||0.00075241
09:00||436051000||328418||0.00075241
09:01||436051000||328418||0.00075241
09:02||436207000||328418||0.00075241
09:03||436206500||328418||0.00075241
09:04||436206500||328418||0.00075241
09:05||436206500||328417||0.00075241
09:06||436206500||328417||0.00075241
09:07||436087500||327994||0.00075241
09:08||436087500||328238||0.00075241
09:09||436087500||328238||0.00075241
09:10||436370000||328238||0.00075241
09:11||436370000||328417||0.00075241
09:12||436370000||328417||0.00075241
09:13||436370000||328417||0.00075241
09:14||436370000||328417||0.00075241
09:15||436370500||328417||0.00075241
09:16||436631000||328426||0.00075241
09:17||436501000||328426||0.00075241
09:18||436549500||328426||0.00075241
09:19||436549500||328426||0.00075241
09:20||436549500||328426||0.00075241
09:21||436549500||328426||0.00075241
09:22||436549500||328614||0.00075241
09:23||436549500||328614||0.00075241
09:24||436549500||328314||0.00075241
09:25||436549500||328614||0.00075241
09:26||436545500||328614||0.00075241
09:27||436545500||328614||0.00075241
09:28||436545500||328614||0.00075241
09:29||436545500||328614||0.00075241
09:30||436545500||328614||0.00075241
09:31||436740500||328614||0.00075241
09:32||436740500||328608||0.00075241
09:33||436545500||328608||0.00075241
09:34||436545500||328608||0.00075241
09:35||436350500||328608||0.00075241
09:36||436350500||328608||0.00075241
09:37||436425000||328426||0.00075241
09:38||436429500||328426||0.00075241
09:39||436429500||328426||0.00075241
09:40||436429500||328426||0.00075241
09:41||436429500||328426||0.00075241
09:42||436558000||328614||0.00075241
09:43||436748500||328614||0.00075241
09:44||436748500||328614||0.00075241
09:45||436748500||328614||0.00075241
09:46||436748500||328615||0.00075241
09:47||436749000||328615||0.00075241
09:48||436749000||328615||0.00075241
09:49||436748500||328615||0.00075241
09:50||436748500||328615||0.00075241
09:51||436748500||328615||0.00075241
09:52||436748500||328614||0.00075241
09:53||436749000||328615||0.00075241
09:54||436749000||328613||0.00075241
09:55||436749500||328614||0.00075241
09:56||436749500||328615||0.00075241
09:57||436749500||328615||0.00075241
09:58||436749500||328615||0.00075241
09:59||436749500||328615||0.00075241
10:00||436749500||328615||0.00075241
10:01||436749500||328615||0.00075241
10:02||436749500||328615||0.00075241
10:03||436749500||328615||0.00075241
10:04||436749500||328615||0.00075241
10:05||436749500||328615||0.00075241
10:06||436875000||328802||0.00075241
10:07||436875000||328802||0.00075241
10:08||436874000||328802||0.00075241
10:09||436871500||328802||0.00075241
10:10||436871500||328802||0.00075241
10:11||436871500||328798||0.00075241
10:12||436871500||328614||0.00075241
10:13||436823000||328614||0.00075241
10:14||436823000||328725||0.00075241
10:15||436823000||328725||0.00075241
10:16||436823500||328725||0.00075241
10:17||437249500||329366||0.00075241
10:18||437249500||329366||0.00075241
10:19||437250000||329366||0.00075241
10:20||437246000||328613||0.00075241
10:21||437245500||328613||0.00075241
10:22||437246500||328613||0.00075241
10:23||437247000||328613||0.00075241
10:24||437247000||328613||0.00075241
10:25||437237000||329347||0.00075241
10:26||437237000||329347||0.00075241
10:27||437237000||329347||0.00075241
10:28||437237000||329347||0.00075241
10:29||437237000||329347||0.00075241
10:30||437237000||329347||0.00075241
10:31||437235500||329347||0.00075241
10:32||437235500||329347||0.00075241
10:33||437235500||329347||0.00075241
10:34||437235500||329347||0.00075241
10:35||437235500||329347||0.00075241
10:36||437235500||329347||0.00075241
10:37||437235500||329347||0.00075241
10:38||437235500||329347||0.00075241
10:39||437235500||329347||0.00075241
10:40||437245500||329347||0.00075241
10:41||437235500||329347||0.00075241
10:42||437235500||329347||0.00075241
10:43||437225500||329347||0.00075241
10:44||437245500||329362||0.00075241
10:45||437245500||329362||0.00075241
10:46||437235500||329362||0.00075241
10:47||437235500||329362||0.00075241
10:48||437236000||329362||0.00075241
10:49||437236000||329362||0.00075241
10:50||437236000||329347||0.00075241
10:51||437236000||329347||0.00075241
10:52||437236000||329347||0.00075241
10:53||437236000||329347||0.00075241
10:54||437255500||329347||0.00075241
10:55||437345000||328628||0.00075241
10:56||437355500||328628||0.00075241
10:57||437355500||328628||0.00075241
10:58||437059000||328628||0.00075241
10:59||437059000||328916||0.00075241
11:00||437059000||328916||0.00075241
11:01||437355500||329362||0.00075241
11:02||437355500||329931||0.00075241
11:03||437733500||329907||0.00075241
11:04||437733500||329907||0.00075241
11:05||437733500||329907||0.00075241
11:06||437733500||328802||0.00075241
11:07||437733500||328802||0.00075241
11:08||437822000||328802||0.00075241
11:09||437955500||328802||0.00075241
11:10||438498500||329930||0.00075241
11:11||438498500||329930||0.00075241
11:12||438498500||329930||0.00075241
11:13||438498500||329930||0.00075241
11:14||438498500||329930||0.00075241
11:15||438498500||329930||0.00075241
11:16||444980000||334070||0.00075241
11:17||447134500||335574||0.00075241
11:18||446315500||335812||0.00075241
11:19||446315500||335812||0.00075241
11:20||443321500||335811||0.00075241
11:21||444050000||335811||0.00075241
11:22||445987500||335812||0.00075241
11:23||445987500||335812||0.00075241
11:24||445981000||335812||0.00075241
11:25||444838500||335318||0.00075241
11:26||445878500||335318||0.00075241
11:27||445931000||335318||0.00075241
11:28||446030500||335762||0.00075241
11:29||446860500||336139||0.00075241
11:30||450319500||338959||0.00075241
11:31||450326000||338959||0.00075241
11:32||448796500||338696||0.00075241
11:33||448998500||338652||0.00075241
11:34||449025500||338554||0.00075241
11:35||448743500||338190||0.00075241
11:36||448501000||338190||0.00075241
11:37||448494500||337832||0.00075241
11:38||448240000||337758||0.00075241
11:39||448001000||337081||0.00075241
11:40||448001000||337081||0.00075241
11:41||448001000||337081||0.00075241
11:42||448001000||337081||0.00075241
11:43||448001000||337081||0.00075241
11:44||448125000||337081||0.00075241
11:45||447521000||337079||0.00075241
11:46||448155000||337079||0.00075241
11:47||448438000||337267||0.00075241
11:48||448447500||337416||0.00075241
11:49||449247000||338208||0.00075241
11:50||449479500||338169||0.00075241
11:51||449773000||338242||0.00075241
11:52||449775000||338944||0.00075241
11:53||449559500||338577||0.00075241
11:54||449240000||338242||0.00075241
11:55||449265500||338242||0.00075241
11:56||449331000||338242||0.00075241
11:57||449238000||338241||0.00075241
11:58||449542500||338241||0.00075241
11:59||449543500||338241||0.00075241
12:00||449543500||338241||0.00075241
12:01||448996000||337416||0.00075241
12:02||448898000||338123||0.00075241
12:03||448436500||337418||0.00075241
12:04||448165000||337707||0.00075241
12:05||448509500||337831||0.00075241
12:06||448751000||337832||0.00075241
12:07||448999500||337832||0.00075241
12:08||448999500||337832||0.00075241
12:09||448744000||337823||0.00075241
12:10||448259000||337823||0.00075241
12:11||448259000||337823||0.00075241
12:12||448259000||337823||0.00075241
12:13||447990500||337072||0.00075241
12:14||447760500||336726||0.00075241
12:15||447620500||337072||0.00075241
12:16||447870500||337072||0.00075241
12:17||447870500||336891||0.00075241
12:18||445714500||333577||0.00075241
12:19||445718500||337078||0.00075241
12:20||448348000||339336||0.00075241
12:21||448255000||335604||0.00075241
12:22||448372500||337271||0.00075241
12:23||448372500||337271||0.00075241
12:24||448375000||337271||0.00075241
12:25||448375000||337271||0.00075241
12:26||448654500||337832||0.00075241
12:27||448904500||338208||0.00075241
12:28||448904500||338208||0.00075241
12:29||449154500||338584||0.00075241
12:30||449154500||338584||0.00075241
12:31||449137500||338960||0.00075241
12:32||449137500||338558||0.00075241
12:33||449137500||338558||0.00075241
12:34||448770000||338558||0.00075241
12:35||448755000||338558||0.00075241
12:36||448877500||338558||0.00075241
12:37||448999500||338558||0.00075241
12:38||448999500||338558||0.00075241
12:39||448999500||337832||0.00075241
12:40||451510000||339336||0.00075241
12:41||450477500||339336||0.00075241
12:42||450253000||339676||0.00075241
12:43||450253000||339676||0.00075241
12:44||450253000||339676||0.00075241
12:45||450155000||337873||0.00075241
12:46||450177500||339528||0.00075241
12:47||450177500||339528||0.00075241
12:48||450031000||337907||0.00075241
12:49||450031000||339308||0.00075241
12:50||450031000||339308||0.00075241
12:51||450031000||339308||0.00075241
12:52||450012000||339308||0.00075241
12:53||450012000||339308||0.00075241
12:54||449884000||339160||0.00075241
12:55||449383000||337907||0.00075241
12:56||449957500||338333||0.00075241
12:57||449666500||338333||0.00075241
12:58||449666500||338333||0.00075241
12:59||449666500||338333||0.00075241
13:00||449666500||338333||0.00075241
13:01||449666500||338333||0.00075241
13:02||449666500||338333||0.00075241
13:03||449666500||338333||0.00075241
13:04||449927500||338734||0.00075241
13:05||449927000||338725||0.00075241
13:06||449927000||338725||0.00075241
13:07||449829500||338579||0.00075241
13:08||449829500||338579||0.00075241
13:09||449833000||338579||0.00075241
13:10||450090000||338725||0.00075241
13:11||449996000||338584||0.00075241
13:12||449999500||338583||0.00075241
13:13||449999500||338584||0.00075241
13:14||450094000||338725||0.00075241
13:15||450094000||338725||0.00075241
13:16||450124500||338584||0.00075241
13:17||450124500||338771||0.00075241
13:18||450124000||338771||0.00075241
13:19||450123500||338770||0.00075241
13:20||450123500||338770||0.00075241
13:21||450123500||338770||0.00075241
13:22||450123000||338770||0.00075241
13:23||450123000||338770||0.00075241
13:24||450118000||338770||0.00075241
13:25||450000500||338762||0.00075241
13:26||450000500||338762||0.00075241
13:27||450000500||338585||0.00075241
13:28||450000500||338585||0.00075241
13:29||450000500||338585||0.00075241
13:30||450000500||338585||0.00075241
13:31||450000500||338585||0.00075241
13:32||450000500||338585||0.00075241
13:33||450000500||338585||0.00075241
13:34||450000500||338585||0.00075241
13:35||450000500||338585||0.00075241
13:36||450000500||338585||0.00075241
13:37||450000500||338585||0.00075241
13:38||450000500||338585||0.00075241
13:39||450000500||338584||0.00075241
13:40||450000500||338585||0.00075241
13:41||450000500||338585||0.00075241
13:42||450000500||338585||0.00075241
13:43||450000500||338585||0.00075241
13:44||450000500||338585||0.00075241
13:45||450000500||338585||0.00075241
13:46||450000500||338585||0.00075241
13:47||450000500||338585||0.00075241
13:48||450000500||338585||0.00075241
13:49||450000500||338585||0.00075241
13:50||450000500||338585||0.00075241
13:51||450000500||338585||0.00075241
13:52||450000500||338585||0.00075241
13:53||450000500||338585||0.00075241
13:54||450000500||338585||0.00075241
13:55||450000500||338585||0.00075241
13:56||450000500||338585||0.00075241
13:57||450000500||338584||0.00075241
13:58||450000500||338584||0.00075241
13:59||450000500||338585||0.00075241
14:00||450000500||338585||0.00075241
14:01||450000500||338585||0.00075241
14:02||450000500||338585||0.00075241
14:03||450115000||338757||0.00075241
14:04||450115000||338757||0.00075241
14:05||450119500||338757||0.00075241
14:06||450120000||338756||0.00075241
14:07||450120000||338756||0.00075241
14:08||450010500||338592||0.00075241
14:09||450120000||338756||0.00075241
14:10||450011500||338756||0.00075241
14:11||450120000||338756||0.00075241
14:12||450120000||338756||0.00075241
14:13||450012500||338756||0.00075241
14:14||450012500||338594||0.00075241
14:15||450120500||338594||0.00075241
14:16||450012500||338594||0.00075241
14:17||450012500||338594||0.00075241
14:18||450012500||338594||0.00075241
14:19||450012500||338594||0.00075241
14:20||450012500||338593||0.00075241
14:21||450012500||338593||0.00075241
14:22||450012500||338594||0.00075241
14:23||450012500||338593||0.00075241
14:24||450012500||338593||0.00075241
14:25||450012500||338593||0.00075241
14:26||450012500||338593||0.00075241
14:27||450012500||338593||0.00075241
14:28||450012500||338594||0.00075241
14:29||450012500||338594||0.00075241
14:30||450012500||338594||0.00075241
14:31||450012500||338594||0.00075241
14:32||450012500||338594||0.00075241
14:33||450105500||338734||0.00075241
14:34||450107500||338734||0.00075241
14:35||450199500||338734||0.00075241
14:36||450199500||338734||0.00075241
14:37||450199500||338734||0.00075241
14:38||450199500||338734||0.00075241
14:39||450199500||338734||0.00075241
14:40||450199500||338734||0.00075241
14:41||450199500||338734||0.00075241
14:42||450199500||338734||0.00075241
14:43||450199500||338734||0.00075241
14:44||450199500||338734||0.00075241
14:45||450199500||338734||0.00075241
14:46||450213500||338756||0.00075241
14:47||450213500||338756||0.00075241
14:48||450213500||338756||0.00075241
14:49||450213500||338756||0.00075241
14:50||450213500||338756||0.00075241
14:51||450213500||338756||0.00075241
14:52||450199500||338756||0.00075241
14:53||450199500||338734||0.00075241
14:54||450199500||338734||0.00075241
14:55||450214000||338756||0.00075241
14:56||450199500||338734||0.00075241
14:57||450199500||338734||0.00075241
14:58||450199500||338734||0.00075241
14:59||450199500||338734||0.00075241
15:00||450199500||338734||0.00075241
15:01||450213500||338756||0.00075241
15:02||450199500||338734||0.00075241
15:03||450199500||338734||0.00075241
15:04||450199500||338734||0.00075241
15:05||450214000||338734||0.00075241
15:06||450214000||338734||0.00075241
15:07||450199500||338734||0.00075241
15:08||450199500||338734||0.00075241
15:09||450199500||338734||0.00075241
15:10||450199500||338734||0.00075241
15:11||450199500||338734||0.00075241
15:12||450199500||338734||0.00075241
15:13||450199500||338734||0.00075241
15:14||450199500||338734||0.00075241
15:15||450199500||338734||0.00075241
15:16||450199500||338734||0.00075241
15:17||450199500||338734||0.00075241
15:18||450199500||338734||0.00075241
15:19||450199500||338734||0.00075241
15:20||450199500||338734||0.00075241
15:21||450199500||338734||0.00075241
15:22||450199500||338734||0.00075241
15:23||450199500||338734||0.00075241
15:24||450199500||338734||0.00075241
15:25||450199500||338734||0.00075241
15:26||450199500||338734||0.00075241
15:27||450199500||338734||0.00075241
15:28||450199500||338734||0.00075241
15:29||450199500||338734||0.00075241
15:30||450199500||338734||0.00075241
15:31||450199500||338734||0.00075241
15:32||450199500||338734||0.00075241
15:33||450199500||338734||0.00075241
15:34||450199500||338734||0.00075241
15:35||450213500||338734||0.00075241
15:36||450222500||338734||0.00075241
15:37||450223500||338770||0.00075241
15:38||450223500||338770||0.00075241
15:39||450223500||338770||0.00075241
15:40||450299500||338881||0.00075241
15:41||450200500||338734||0.00075241
15:42||450214500||338756||0.00075241
15:43||450299500||338884||0.00075241
15:44||450299500||338884||0.00075241
15:45||450300000||338885||0.00075241
15:46||450300000||338885||0.00075241
15:47||450300000||338885||0.00075241
15:48||450349000||338885||0.00075241
15:49||450346500||338954||0.00075241
15:50||450346500||338954||0.00075241
15:51||450342500||338948||0.00075241
15:52||450342500||338735||0.00075241
15:53||450299000||338948||0.00075241
15:54||450202500||338948||0.00075241
15:55||450202500||338948||0.00075241
15:56||450202500||338737||0.00075241
15:57||450202500||338737||0.00075241
15:58||450226000||338737||0.00075241
15:59||450226000||338737||0.00075241
16:00||450226000||338736||0.00075241
16:01||450226000||338772||0.00075241
16:02||450451000||339111||0.00075241
16:03||450451000||339111||0.00075241
16:04||450450500||339111||0.00075241
16:05||450500500||339185||0.00075241
16:06||450476000||339185||0.00075241
16:07||450499500||338959||0.00075241
16:08||450499500||338959||0.00075241
16:09||450621500||339148||0.00075241
16:10||450597500||338959||0.00075241
16:11||450695500||338959||0.00075241
16:12||450695500||339108||0.00075241
16:13||450695500||339108||0.00075241
16:14||450695500||339108||0.00075241
16:15||450593500||339107||0.00075241
16:16||450593500||339107||0.00075241
16:17||450593500||339107||0.00075241
16:18||450593500||338960||0.00075241
16:19||450582000||339101||0.00075241
16:20||450501500||339083||0.00075241
16:21||450501500||338962||0.00075241
16:22||450501500||338962||0.00075241
16:23||450501500||338962||0.00075241
16:24||450501500||338961||0.00075241
16:25||450501500||338962||0.00075241
16:26||450501500||338962||0.00075241
16:27||450501500||338962||0.00075241
16:28||450375000||338772||0.00075241
16:29||450375000||338772||0.00075241
16:30||450375000||338960||0.00075241
16:31||450375000||338960||0.00075241
16:32||450254500||338960||0.00075241
16:33||450379500||338773||0.00075241
16:34||450375500||338960||0.00075241
16:35||450379500||338960||0.00075241
16:36||450461000||339083||0.00075241
16:37||450461000||339083||0.00075241
16:38||450461000||339083||0.00075241
16:39||450461000||339083||0.00075241
16:40||450461000||339083||0.00075241
16:41||450461000||339083||0.00075241
16:42||450461000||339083||0.00075241
16:43||450461000||339083||0.00075241
16:44||450461000||339083||0.00075241
16:45||450460500||339083||0.00075241
16:46||450460500||339082||0.00075241
16:47||450460500||338779||0.00075241
16:48||451100000||339487||0.00075241
16:49||451100000||339487||0.00075241
16:50||451000500||339337||0.00075241
16:51||451000500||339337||0.00075241
16:52||451000500||339337||0.00075241
16:53||451000500||339486||0.00075241
16:54||451099500||339486||0.00075241
16:55||451099500||339486||0.00075241
16:56||452500000||340089||0.00075241
16:57||452776000||340841||0.00075241
16:58||455599500||343249||0.00075241
16:59||455594500||343249||0.00075241
17:00||456170000||343211||0.00075241
17:01||453250500||343241||0.00075241
17:02||455249500||343241||0.00075241
17:03||455249500||342722||0.00075241
17:04||455249500||342722||0.00075241
17:05||455249500||342722||0.00075241
17:06||455249500||342722||0.00075241
17:07||455254500||342722||0.00075241
17:08||455254500||342722||0.00075241
17:09||455257000||342722||0.00075241
17:10||455507500||343098||0.00075241
17:11||458250000||344603||0.00075241
17:12||458749500||345355||0.00075241
17:13||458749500||345354||0.00075241
17:14||458749500||345354||0.00075241
17:15||458725000||345354||0.00075241
17:16||458874000||345355||0.00075241
17:17||458874000||345355||0.00075241
17:18||458874500||345355||0.00075241
17:19||458874500||345355||0.00075241
17:20||458874500||345355||0.00075241
17:21||458750500||345355||0.00075241
17:22||458750500||345168||0.00075241
17:23||458826500||345355||0.00075241
17:24||458900500||345355||0.00075241
17:25||458900500||345355||0.00075241
17:26||458900500||345355||0.00075241
17:27||458900500||345281||0.00075241
17:28||458900500||345281||0.00075241
17:29||458900500||345281||0.00075241
17:30||458949500||345355||0.00075241
17:31||458949500||345355||0.00075241
17:32||458953500||345353||0.00075241
17:33||458996500||345353||0.00075241
17:34||458949000||345347||0.00075241
17:35||458910500||345347||0.00075241
17:36||458820500||345288||0.00075241
17:37||457485000||345247||0.00075241
17:38||457485000||345247||0.00075241
17:39||457485000||345247||0.00075241
17:40||457485000||345247||0.00075241
17:41||457455000||345247||0.00075241
17:42||457455000||345201||0.00075241
17:43||457455000||345201||0.00075241
17:44||457425500||345201||0.00075241
17:45||457396500||345201||0.00075241
17:46||457396500||345113||0.00075241
17:47||457396500||345113||0.00075241
17:48||457396500||345113||0.00075241
17:49||457396500||345113||0.00075241
17:50||457396500||345113||0.00075241
17:51||456869000||345113||0.00075241
17:52||457371000||345075||0.00075241
17:53||457794000||345017||0.00075241
17:54||457650000||345017||0.00075241
17:55||457650000||344453||0.00075241
17:56||457650000||344453||0.00075241
17:57||457652500||344453||0.00075241
17:58||457652000||344453||0.00075241
17:59||457652000||344453||0.00075241
18:00||457652500||344453||0.00075241
18:01||457652500||344453||0.00075241
18:02||457799500||344453||0.00075241
18:03||457799500||344453||0.00075241
18:04||457799500||344453||0.00075241
18:05||457799500||344453||0.00075241
18:06||457799500||344453||0.00075241
18:07||457799500||344452||0.00075241
18:08||457799500||344453||0.00075241
18:09||457799500||344453||0.00075241
18:10||458324500||345243||0.00075241
18:11||458314000||344452||0.00075241
18:12||458294000||345227||0.00075241
18:13||458304000||345227||0.00075241
18:14||458299500||345205||0.00075241
18:15||458299500||345205||0.00075241
18:16||458299500||344452||0.00075241
18:17||458299500||345205||0.00075241
18:18||458299500||345205||0.00075241
18:19||458299500||345205||0.00075241
18:20||458299500||345205||0.00075241
18:21||458400000||345205||0.00075241
18:22||458400000||345205||0.00075241
18:23||458400000||345205||0.00075241
18:24||458400000||345205||0.00075241
18:25||458400000||345205||0.00075241
18:26||458404500||344603||0.00075241
18:27||458404500||344603||0.00075241
18:28||458404500||345212||0.00075241
18:29||458404500||345212||0.00075241
18:30||458404500||345212||0.00075241
18:31||458404500||345212||0.00075241
18:32||458404500||345212||0.00075241
18:33||458404500||345212||0.00075241
18:34||458404500||345212||0.00075241
18:35||458404500||345212||0.00075241
18:36||458405000||345212||0.00075241
18:37||458405000||345212||0.00075241
18:38||458404500||345212||0.00075241
18:39||458404500||345211||0.00075241
18:40||458404500||345211||0.00075241
18:41||458404500||345212||0.00075241
18:42||458405000||345212||0.00075241
18:43||458405500||345212||0.00075241
18:44||458406000||345212||0.00075241
18:45||458406000||345212||0.00075241
18:46||458406000||345212||0.00075241
18:47||458406000||345211||0.00075241
18:48||458406000||345211||0.00075241
18:49||458405500||344606||0.00075241
18:50||458405500||344606||0.00075241
18:51||458406000||345212||0.00075241
18:52||458407000||345212||0.00075241
18:53||458407000||345212||0.00075241
18:54||458407000||345212||0.00075241
18:55||458407000||345212||0.00075241
18:56||458407000||345212||0.00075241
18:57||458808500||345212||0.00075241
18:58||458808500||345212||0.00075241
18:59||458808500||345212||0.00075241
19:00||458808500||345212||0.00075241
19:01||458808500||345212||0.00075241
19:02||458808500||345212||0.00075241
19:03||458808500||345212||0.00075241
19:04||458808500||345212||0.00075241
19:05||458808500||345212||0.00075241
19:06||458808500||345212||0.00075241
19:07||458808500||345212||0.00075241
19:08||458808500||345212||0.00075241
19:09||458808500||345212||0.00075241
19:10||458808500||345212||0.00075241
19:11||458808500||345211||0.00075241
19:12||458808500||345212||0.00075241
19:13||458808500||345212||0.00075241
19:14||458808500||345212||0.00075241
19:15||458808500||345212||0.00075241
19:16||458808500||345211||0.00075241
19:17||460862000||348302||0.00075241
19:18||460497500||347749||0.00075241
19:19||460720000||347749||0.00075241
19:20||461470000||347749||0.00075241
19:21||461520000||347568||0.00075241
19:22||461520000||347568||0.00075241
19:23||461520000||347568||0.00075241
19:24||461520000||347568||0.00075241
19:25||461520000||347568||0.00075241
19:26||460245500||346484||0.00075241
19:27||460245500||346478||0.00075241
19:28||460980000||347613||0.00075241
19:29||460980000||347583||0.00075241
19:30||460980000||347583||0.00075241
19:31||460980000||347583||0.00075241
19:32||460980000||347583||0.00075241
19:33||460618500||347509||0.00075241
19:34||460618500||347039||0.00075241
19:35||460618500||347039||0.00075241
19:36||460653000||346715||0.00075241
19:37||460653000||346715||0.00075241
19:38||460244000||346475||0.00075241
19:39||459748000||346108||0.00075241
19:40||459748000||346105||0.00075241
19:41||459748000||346105||0.00075241
19:42||459748000||346105||0.00075241
19:43||459748000||346105||0.00075241
19:44||459748000||346105||0.00075241
19:45||459748000||346105||0.00075241
19:46||459748000||346105||0.00075241
19:47||459748000||346105||0.00075241
19:48||459748000||345732||0.00075241
19:49||459748000||345732||0.00075241
19:50||459748000||345732||0.00075241
19:51||459748000||345732||0.00075241
19:52||459748000||346105||0.00075241
19:53||459748000||346105||0.00075241
19:54||459743000||346105||0.00075241
19:55||459743000||346105||0.00075241
19:56||459227000||345697||0.00075241
19:57||458897500||345341||0.00075241
19:58||458897500||345341||0.00075241
19:59||458897500||345341||0.00075241
20:00||458897000||345341||0.00075241
20:01||458897000||345216||0.00075241
20:02||458897000||345341||0.00075241
20:03||458500000||345341||0.00075241
20:04||459748000||346101||0.00075241
20:05||459490500||345356||0.00075241
20:06||459500000||345371||0.00075241
20:07||459510000||345372||0.00075241
20:08||459510000||345372||0.00075241
20:09||459510000||346092||0.00075241
20:10||459757500||346092||0.00075241
20:11||459761500||346092||0.00075241
20:12||459761500||346092||0.00075241
20:13||459761500||346092||0.00075241
20:14||459761000||346092||0.00075241
20:15||459761000||346092||0.00075241
20:16||459761000||346092||0.00075241
20:17||459761000||346092||0.00075241
20:18||459761500||346092||0.00075241
20:19||459761500||346092||0.00075241
20:20||459647000||345765||0.00075241
20:21||459747500||346070||0.00075241
20:22||459749500||346070||0.00075241
20:23||459749500||345920||0.00075241
20:24||459749500||345920||0.00075241
20:25||459849500||346070||0.00075241
20:26||459849500||346070||0.00075241
20:27||459945000||346070||0.00075241
20:28||459945000||346070||0.00075241
20:29||459945000||346063||0.00075241
20:30||459942500||346070||0.00075241
20:31||459940500||346064||0.00075241
20:32||459940500||346064||0.00075241
20:33||459940500||346064||0.00075241
20:34||459940500||346064||0.00075241
20:35||459940500||346064||0.00075241
20:36||459940500||346064||0.00075241
20:37||459940500||346070||0.00075241
20:38||459945000||346070||0.00075241
20:39||459945000||346070||0.00075241
20:40||459945000||346070||0.00075241
20:41||459959500||346092||0.00075241
20:42||459959500||346092||0.00075241
20:43||459959500||346092||0.00075241
20:44||459959500||346092||0.00075241
20:45||459941000||346092||0.00075241
20:46||459941000||346064||0.00075241
20:47||459959500||346092||0.00075241
20:48||459965000||346101||0.00075241
20:49||459965000||346101||0.00075241
20:50||459965000||346101||0.00075241
20:51||459965000||346101||0.00075241
20:52||459970000||346108||0.00075241
20:53||459972000||346108||0.00075241
20:54||459971500||346296||0.00075241
20:55||459971500||346066||0.00075241
20:56||459971500||346107||0.00075241
20:57||459944500||346067||0.00075241
20:58||459971500||346107||0.00075241
20:59||459971500||346107||0.00075241
21:00||459967000||346107||0.00075241
21:01||459967000||346107||0.00075241
21:02||459967000||346107||0.00075241
21:03||459944500||346107||0.00075241
21:04||459944500||346067||0.00075241
21:05||459971500||346107||0.00075241
21:06||460347000||346672||0.00075241
21:07||460347000||346672||0.00075241
21:08||460355000||346672||0.00075241
21:09||460480000||346861||0.00075241
21:10||460480000||346861||0.00075241
21:11||462125000||347801||0.00075241
21:12||461253000||347989||0.00075241
21:13||461252500||346113||0.00075241
21:14||461252500||346113||0.00075241
21:15||461397000||347988||0.00075241
21:16||462254500||346330||0.00075241
21:17||462254500||347620||0.00075241
21:18||462254000||347988||0.00075241
21:19||462130000||347988||0.00075241
21:20||462130000||347801||0.00075241
21:21||462130000||347801||0.00075241
21:22||462130000||347801||0.00075241
21:23||462010500||347621||0.00075241
21:24||462010500||347621||0.00075241
21:25||462010500||347621||0.00075241
21:26||462010500||347621||0.00075241
21:27||462010500||347621||0.00075241
21:28||462010500||347621||0.00075241
21:29||462010500||347620||0.00075241
21:30||462004500||347620||0.00075241
21:31||462000500||347620||0.00075241
21:32||461770000||347613||0.00075241
21:33||461552000||347613||0.00075241
21:34||460875000||346672||0.00075241
21:35||460750500||346672||0.00075241
21:36||460750500||346673||0.00075241
21:37||460875000||346861||0.00075241
21:38||460875500||346861||0.00075241
21:39||460875500||346861||0.00075241
21:40||460875500||346861||0.00075241
21:41||461375000||347049||0.00075241
21:42||461499500||347237||0.00075241
21:43||461625000||347425||0.00075241
21:44||462489500||347914||0.00075241
21:45||462803000||348365||0.00075241
21:46||462744500||348365||0.00075241
21:47||462744000||348365||0.00075241
21:48||462999500||348365||0.00075241
21:49||462999500||348365||0.00075241
21:50||462999500||348365||0.00075241
21:51||462999500||348365||0.00075241
21:52||462999500||348365||0.00075241
21:53||463249500||348742||0.00075241
21:54||463249500||348742||0.00075241
21:55||463255000||348742||0.00075241
21:56||464005000||348742||0.00075241
21:57||464374500||348742||0.00075241
21:58||464374500||348742||0.00075241
21:59||464250500||349307||0.00075241
22:00||464250500||349307||0.00075241
22:01||464250500||349307||0.00075241
22:02||464250500||349494||0.00075241
22:03||464375000||349494||0.00075241
22:04||464374500||349682||0.00075241
22:05||464500000||349682||0.00075241
22:06||464493500||349672||0.00075241
22:07||464493500||349672||0.00075241
22:08||464493500||349672||0.00075241
22:09||464735500||349672||0.00075241
22:10||464493000||349672||0.00075241
22:11||464490500||349667||0.00075241
22:12||464491000||349667||0.00075241
22:13||464492000||349667||0.00075241
22:14||464514500||349310||0.00075241
22:15||464500000||349644||0.00075241
22:16||464525500||349644||0.00075241
22:17||464525500||349644||0.00075241
22:18||464527500||349644||0.00075241
22:19||464527000||349644||0.00075241
22:20||464526500||349644||0.00075241
22:21||464526000||349644||0.00075241
22:22||464526000||349385||0.00075241
22:23||464527000||349643||0.00075241
22:24||464527000||349643||0.00075241
22:25||464527000||349643||0.00075241
22:26||464428000||349494||0.00075241
22:27||464428000||349494||0.00075241
22:28||464428500||349386||0.00075241
22:29||464428500||349386||0.00075241
22:30||464428000||349494||0.00075241
22:31||464428000||349494||0.00075241
22:32||464503000||349607||0.00075241
22:33||464503000||349607||0.00075241
22:34||464503000||349607||0.00075241
22:35||464503000||349607||0.00075241
22:36||464502500||349606||0.00075241
22:37||464505500||349606||0.00075241
22:38||464691500||349666||0.00075241
22:39||464542000||349666||0.00075241
22:40||464678000||349870||0.00075241
22:41||464653000||349870||0.00075241
22:42||464657500||349833||0.00075241
22:43||464657500||349832||0.00075241
22:44||464657000||349832||0.00075241
22:45||464657500||349831||0.00075241
22:46||464558500||349831||0.00075241
22:47||464657500||349831||0.00075241
22:48||464658000||349832||0.00075241
22:49||464658000||349832||0.00075241
22:50||464663500||349394||0.00075241
22:51||464663500||349394||0.00075241
22:52||464663500||349402||0.00075241
22:53||464669000||349832||0.00075241
22:54||464669000||349832||0.00075241
22:55||464669000||349832||0.00075241
22:56||464669000||349832||0.00075241
22:57||464669000||349832||0.00075241
22:58||464669000||349832||0.00075241
22:59||464669000||349832||0.00075241
23:00||464669000||349410||0.00075241
23:01||465152500||350537||0.00075241
23:02||465152500||350537||0.00075241
23:03||465137500||350537||0.00075241
23:04||465137500||350537||0.00075241
23:05||465137500||350536||0.00075241
23:06||465135000||350536||0.00075241
23:07||465135000||350536||0.00075241
23:08||465150000||350532||0.00075241
23:09||465134500||350532||0.00075241
23:10||465134500||350532||0.00075241
23:11||465150000||350532||0.00075241
23:12||465150000||350532||0.00075241
23:13||465165000||350532||0.00075241
23:14||465165000||350532||0.00075241
23:15||465204000||350532||0.00075241
23:16||465139000||350532||0.00075241
23:17||466514000||352504||0.00075241
23:18||466514000||352504||0.00075241
23:19||466014000||352504||0.00075241
23:20||466999500||351375||0.00075241
23:21||467749500||352504||0.00075241
23:22||467749500||352504||0.00075241
23:23||467724500||352504||0.00075241
23:24||467724500||351374||0.00075241
23:25||466999500||351374||0.00075241
23:26||466999500||351374||0.00075241
23:27||467175000||351375||0.00075241
23:28||467174500||351563||0.00075241
23:29||467175000||351563||0.00075241
23:30||467625000||351751||0.00075241
23:31||467625000||351939||0.00075241
23:32||467752500||352127||0.00075241
23:33||467752500||352127||0.00075241
23:34||468797500||352880||0.00075241
23:35||468801500||352880||0.00075241
23:36||468672500||352880||0.00075241
23:37||469527000||354309||0.00075241
23:38||472449500||354309||0.00075241
23:39||471450000||354309||0.00075241
23:40||472961000||357394||0.00075241
23:41||472958500||357394||0.00075241
23:42||472750000||357394||0.00075241
23:43||472500000||357394||0.00075241
23:44||473000000||355137||0.00075241
23:45||475000000||359802||0.00075241
23:46||475000000||355137||0.00075241
23:47||474500000||355137||0.00075241
23:48||474000500||355137||0.00075241
23:49||474000500||355137||0.00075241
23:50||474124500||355137||0.00075241
23:51||474124500||355137||0.00075241
23:52||474124500||355325||0.00075241
23:53||473375000||355325||0.00075241
23:54||473375000||355325||0.00075241
23:55||473375000||355325||0.00075241
23:56||473375000||355325||0.00075241
23:57||473375000||355325||0.00075241
23:58||473375000||355325||0.00075241
23:59||473325000||355325||0.00075241
