00:00||487273500||367167||0.00075241
00:01||487279500||367167||0.00075241
00:02||487279500||367175||0.00075241
00:03||487279500||367175||0.00075241
00:04||487279500||366092||0.00075241
00:05||487279500||366092||0.00075241
00:06||487279500||367175||0.00075241
00:07||487279500||366092||0.00075241
00:08||487279500||367175||0.00075241
00:09||487216500||367175||0.00075241
00:10||487030000||366092||0.00075241
00:11||487030000||366092||0.00075241
00:12||487030000||366799||0.00075241
00:13||487030000||366799||0.00075241
00:14||487030000||366799||0.00075241
00:15||487005000||366799||0.00075241
00:16||486996000||366799||0.00075241
00:17||486971500||366762||0.00075241
00:18||486959000||366762||0.00075241
00:19||486931500||366047||0.00075241
00:20||486931500||366696||0.00075241
00:21||487131500||366696||0.00075241
00:22||486696000||366342||0.00075241
00:23||486696000||366342||0.00075241
00:24||486696000||366342||0.00075241
00:25||486696000||366342||0.00075241
00:26||486803000||366724||0.00075241
00:27||486754000||365843||0.00075241
00:28||486754000||365843||0.00075241
00:29||486705000||366633||0.00075241
00:30||486656000||366633||0.00075241
00:31||486656000||366486||0.00075241
00:32||486656000||366486||0.00075241
00:33||486656000||366486||0.00075241
00:34||486656000||365843||0.00075241
00:35||486656000||365843||0.00075241
00:36||486509500||365843||0.00075241
00:37||486509500||365844||0.00075241
00:38||486565000||365844||0.00075241
00:39||486705500||366633||0.00075241
00:40||486615000||366633||0.00075241
00:41||486715000||366574||0.00075241
00:42||486715000||365844||0.00075241
00:43||486715000||366574||0.00075241
00:44||486705000||366573||0.00075241
00:45||486607500||365844||0.00075241
00:46||486607500||365844||0.00075241
00:47||486229500||365844||0.00075241
00:48||485789000||365671||0.00075241
00:49||485396500||365336||0.00075241
00:50||485395000||365323||0.00075241
00:51||486108500||365323||0.00075241
00:52||486108500||365323||0.00075241
00:53||485961500||365108||0.00075241
00:54||485912500||366102||0.00075241
00:55||485125500||365108||0.00075241
00:56||485784000||365108||0.00075241
00:57||485784000||366098||0.00075241
00:58||485784000||366098||0.00075241
00:59||485784000||366098||0.00075241
01:00||485784000||366098||0.00075241
01:01||485784000||366098||0.00075241
01:02||484517000||364229||0.00075241
01:03||484517000||364229||0.00075241
01:04||484027500||364207||0.00075241
01:05||485274000||364166||0.00075241
01:06||485274000||366083||0.00075241
01:07||485274000||366083||0.00075241
01:08||484622500||366083||0.00075241
01:09||484294000||366083||0.00075241
01:10||484294000||364608||0.00075241
01:11||484294000||364608||0.00075241
01:12||483345000||363194||0.00075241
01:13||483354000||363194||0.00075241
01:14||484615000||363194||0.00075241
01:15||484615000||366064||0.00075241
01:16||484615000||366064||0.00075241
01:17||484615000||363194||0.00075241
01:18||484615000||366064||0.00075241
01:19||484615000||366064||0.00075241
01:20||484665000||363194||0.00075241
01:21||484665000||366064||0.00075241
01:22||484665000||366064||0.00075241
01:23||484665000||366064||0.00075241
01:24||484715000||366064||0.00075241
01:25||484715000||363344||0.00075241
01:26||484715000||363344||0.00075241
01:27||484615000||366064||0.00075241
01:28||484615000||366064||0.00075241
01:29||484615000||366064||0.00075241
01:30||484615000||366064||0.00075241
01:31||484615000||366064||0.00075241
01:32||484615000||366064||0.00075241
01:33||484615000||366064||0.00075241
01:34||484615000||366064||0.00075241
01:35||484615000||366064||0.00075241
01:36||484615000||366064||0.00075241
01:37||484615000||366064||0.00075241
01:38||484615000||366064||0.00075241
01:39||484615000||366064||0.00075241
01:40||484615000||366064||0.00075241
01:41||484615000||366064||0.00075241
01:42||484615000||366064||0.00075241
01:43||484615000||363194||0.00075241
01:44||484615000||366064||0.00075241
01:45||484615000||363194||0.00075241
01:46||484615000||366064||0.00075241
01:47||484615000||366064||0.00075241
01:48||484615000||366064||0.00075241
01:49||484615000||366064||0.00075241
01:50||484615000||366064||0.00075241
01:51||484615000||366064||0.00075241
01:52||484615000||366064||0.00075241
01:53||484615000||366064||0.00075241
01:54||484615000||366064||0.00075241
01:55||484615000||366064||0.00075241
01:56||484615000||366064||0.00075241
01:57||484615000||366064||0.00075241
01:58||484615000||366064||0.00075241
01:59||484615000||366064||0.00075241
02:00||484566000||366064||0.00075241
02:01||484566000||363194||0.00075241
02:02||484566000||363194||0.00075241
02:03||484566000||365990||0.00075241
02:04||484566000||363194||0.00075241
02:05||484321000||363194||0.00075241
02:06||482239000||362560||0.00075241
02:07||482239000||362560||0.00075241
02:08||483891500||362560||0.00075241
02:09||483891500||365608||0.00075241
02:10||483891500||365608||0.00075241
02:11||483891500||365608||0.00075241
02:12||483892000||365608||0.00075241
02:13||483402000||364871||0.00075241
02:14||483402000||362561||0.00075241
02:15||483402000||362561||0.00075241
02:16||483402000||362561||0.00075241
02:17||483402000||362561||0.00075241
02:18||483402000||364871||0.00075241
02:19||483402000||364871||0.00075241
02:20||483402000||364871||0.00075241
02:21||483402000||364871||0.00075241
02:22||483402000||364871||0.00075241
02:23||483402000||364871||0.00075241
02:24||483402000||362561||0.00075241
02:25||482912000||364871||0.00075241
02:26||482912000||364134||0.00075241
02:27||482912000||364134||0.00075241
02:28||482912000||362561||0.00075241
02:29||482912000||362561||0.00075241
02:30||482912000||362561||0.00075241
02:31||482240000||363347||0.00075241
02:32||482240000||362561||0.00075241
02:33||482240000||362561||0.00075241
02:34||482240000||362561||0.00075241
02:35||482240000||362561||0.00075241
02:36||482240000||363122||0.00075241
02:37||482240000||363122||0.00075241
02:38||482240000||363122||0.00075241
02:39||482240000||363122||0.00075241
02:40||482240000||363122||0.00075241
02:41||482240000||363122||0.00075241
02:42||482240000||363122||0.00075241
02:43||484186000||362561||0.00075241
02:44||484137000||362561||0.00075241
02:45||482657500||363751||0.00075241
02:46||482657500||362561||0.00075241
02:47||482657500||362561||0.00075241
02:48||482637000||363720||0.00075241
02:49||482637000||363720||0.00075241
02:50||482637000||363720||0.00075241
02:51||482637000||363720||0.00075241
02:52||482637000||362561||0.00075241
02:53||482637000||362561||0.00075241
02:54||482637000||363720||0.00075241
02:55||482637000||363720||0.00075241
02:56||482637000||363720||0.00075241
02:57||482637000||363720||0.00075241
02:58||482637000||363720||0.00075241
02:59||482637000||363720||0.00075241
03:00||482637000||363720||0.00075241
03:01||482637000||363720||0.00075241
03:02||483022000||363720||0.00075241
03:03||482637000||363720||0.00075241
03:04||482606000||363720||0.00075241
03:05||482606000||363720||0.00075241
03:06||482606000||363720||0.00075241
03:07||482606000||363673||0.00075241
03:08||482606000||363673||0.00075241
03:09||482606000||363673||0.00075241
03:10||482229500||362561||0.00075241
03:11||482229500||363107||0.00075241
03:12||482229500||363107||0.00075241
03:13||482229500||363107||0.00075241
03:14||482229500||363107||0.00075241
03:15||482088500||363107||0.00075241
03:16||482084000||363107||0.00075241
03:17||482084000||362561||0.00075241
03:18||481406500||362511||0.00075241
03:19||481406500||362459||0.00075241
03:20||481039500||361970||0.00075241
03:21||482194500||361970||0.00075241
03:22||482194500||363706||0.00075241
03:23||482194500||363706||0.00075241
03:24||482194500||361909||0.00075241
03:25||481490000||361909||0.00075241
03:26||481500000||362661||0.00075241
03:27||481500000||361909||0.00075241
03:28||482219000||363743||0.00075241
03:29||482194500||363706||0.00075241
03:30||482194500||361909||0.00075241
03:31||482194500||363706||0.00075241
03:32||483744000||366122||0.00075241
03:33||483744000||361909||0.00075241
03:34||483744000||361909||0.00075241
03:35||483744000||361909||0.00075241
03:36||483744000||361909||0.00075241
03:37||483744000||361909||0.00075241
03:38||483744000||361909||0.00075241
03:39||483744000||361909||0.00075241
03:40||483744000||361909||0.00075241
03:41||483744000||361909||0.00075241
03:42||483744000||361909||0.00075241
03:43||483744000||361909||0.00075241
03:44||483744000||361909||0.00075241
03:45||483744000||361909||0.00075241
03:46||483744000||361909||0.00075241
03:47||483744000||361909||0.00075241
03:48||483744000||361909||0.00075241
03:49||483744000||361909||0.00075241
03:50||483744000||361909||0.00075241
03:51||483744000||361909||0.00075241
03:52||483744000||361909||0.00075241
03:53||483744000||361909||0.00075241
03:54||483744000||361909||0.00075241
03:55||483744000||361909||0.00075241
03:56||483744000||361909||0.00075241
03:57||483744000||361909||0.00075241
03:58||483744000||361909||0.00075241
03:59||483744000||361909||0.00075241
04:00||483744000||361909||0.00075241
04:01||483744000||361909||0.00075241
04:02||483744000||361909||0.00075241
04:03||483744000||361909||0.00075241
04:04||483744000||361909||0.00075241
04:05||483744000||361909||0.00075241
04:06||483744000||361909||0.00075241
04:07||483744000||361909||0.00075241
04:08||483744000||361909||0.00075241
04:09||483744000||361909||0.00075241
04:10||483744000||361909||0.00075241
04:11||483744000||361909||0.00075241
04:12||483744000||361909||0.00075241
04:13||483744000||361909||0.00075241
04:14||483744000||361909||0.00075241
04:15||483744000||361909||0.00075241
04:16||483744000||361909||0.00075241
04:17||483744000||361909||0.00075241
04:18||483744000||361909||0.00075241
04:19||483744000||361909||0.00075241
04:20||483744000||361909||0.00075241
04:21||483744000||366038||0.00075241
04:22||483744000||366038||0.00075241
04:23||483744000||366038||0.00075241
04:24||483744000||366038||0.00075241
04:25||483744000||361909||0.00075241
04:26||483744000||361909||0.00075241
04:27||483744000||366038||0.00075241
04:28||483744000||366038||0.00075241
04:29||483744000||366038||0.00075241
04:30||483744000||366038||0.00075241
04:31||483744000||366038||0.00075241
04:32||483744000||366038||0.00075241
04:33||483744000||366038||0.00075241
04:34||483744000||366038||0.00075241
04:35||483800000||366038||0.00075241
04:36||483800000||366038||0.00075241
04:37||483800000||366038||0.00075241
04:38||483800000||366038||0.00075241
04:39||483800000||366038||0.00075241
04:40||483800000||366122||0.00075241
04:41||483800000||366122||0.00075241
04:42||483800000||366122||0.00075241
04:43||483800000||366122||0.00075241
04:44||483850000||361909||0.00075241
04:45||483800000||366197||0.00075241
04:46||483800000||366197||0.00075241
04:47||483800000||366197||0.00075241
04:48||483800000||366197||0.00075241
04:49||483800000||366197||0.00075241
04:50||483800000||366047||0.00075241
04:51||483800000||366047||0.00075241
04:52||483800000||366047||0.00075241
04:53||483900000||366197||0.00075241
04:54||483900000||361984||0.00075241
04:55||483900000||361984||0.00075241
04:56||483900000||361984||0.00075241
04:57||483900000||366197||0.00075241
04:58||483400000||365671||0.00075241
04:59||483550000||365671||0.00075241
05:00||483550000||365671||0.00075241
05:01||483550000||365671||0.00075241
05:02||483550000||365671||0.00075241
05:03||485050000||365671||0.00075241
05:04||485050000||365671||0.00075241
05:05||483550000||365671||0.00075241
05:06||483550000||365671||0.00075241
05:07||483550000||361984||0.00075241
05:08||483550000||365671||0.00075241
05:09||483550000||365671||0.00075241
05:10||484050000||365671||0.00075241
05:11||484500000||365671||0.00075241
05:12||484500000||365671||0.00075241
05:13||484500000||365671||0.00075241
05:14||484500000||365671||0.00075241
05:15||484500000||365671||0.00075241
05:16||484500000||365671||0.00075241
05:17||484500000||363414||0.00075241
05:18||484500000||363414||0.00075241
05:19||484500000||363414||0.00075241
05:20||484500000||363414||0.00075241
05:21||484500000||363414||0.00075241
05:22||484500000||363414||0.00075241
05:23||484500000||363414||0.00075241
05:24||484500000||363414||0.00075241
05:25||484500000||363414||0.00075241
05:26||484500000||363414||0.00075241
05:27||484500000||363414||0.00075241
05:28||484500000||363414||0.00075241
05:29||484500000||363414||0.00075241
05:30||484500000||363414||0.00075241
05:31||484500000||363414||0.00075241
05:32||484500000||363414||0.00075241
05:33||484500000||363414||0.00075241
05:34||484500000||363414||0.00075241
05:35||484500000||363414||0.00075241
05:36||484500000||363414||0.00075241
05:37||484500000||365671||0.00075241
05:38||484501000||365671||0.00075241
05:39||484500000||363415||0.00075241
05:40||484503500||365669||0.00075241
05:41||484506500||365669||0.00075241
05:42||484259000||365669||0.00075241
05:43||484262500||365669||0.00075241
05:44||484262500||365669||0.00075241
05:45||484262500||365293||0.00075241
05:46||484264000||365293||0.00075241
05:47||484264000||365293||0.00075241
05:48||484267500||365293||0.00075241
05:49||484270000||365295||0.00075241
05:50||484273500||365295||0.00075241
05:51||484276000||365295||0.00075241
05:52||484775000||363453||0.00075241
05:53||484775000||363453||0.00075241
05:54||484777500||363453||0.00075241
05:55||484780000||363453||0.00075241
05:56||484033500||363453||0.00075241
05:57||484781500||366044||0.00075241
05:58||484782500||366045||0.00075241
05:59||484783500||366047||0.00075241
06:00||484786000||366047||0.00075241
06:01||484753500||366047||0.00075241
06:02||484753500||366047||0.00075241
06:03||484753500||366047||0.00075241
06:04||484753500||366047||0.00075241
06:05||484753500||366047||0.00075241
06:06||484753500||366047||0.00075241
06:07||484752500||363419||0.00075241
06:08||484751000||363419||0.00075241
06:09||485000000||363419||0.00075241
06:10||485000000||365671||0.00075241
06:11||485999000||365669||0.00075241
06:12||485999000||365669||0.00075241
06:13||485999000||365669||0.00075241
06:14||486499500||366047||0.00075241
06:15||486499500||366047||0.00075241
06:16||486499500||366046||0.00075241
06:17||486499500||366046||0.00075241
06:18||486499500||366046||0.00075241
06:19||486499500||366046||0.00075241
06:20||486499500||366047||0.00075241
06:21||486499500||366047||0.00075241
06:22||486499500||366047||0.00075241
06:23||486499500||366047||0.00075241
06:24||486499500||366047||0.00075241
06:25||485254500||364173||0.00075241
06:26||485255500||366047||0.00075241
06:27||485255500||366047||0.00075241
06:28||485605500||366574||0.00075241
06:29||485604500||364174||0.00075241
06:30||485604500||364174||0.00075241
06:31||485607500||364174||0.00075241
06:32||485607500||366572||0.00075241
06:33||485607500||366572||0.00075241
06:34||485607500||366572||0.00075241
06:35||485607500||366572||0.00075241
06:36||485607500||366572||0.00075241
06:37||485607500||364179||0.00075241
06:38||485750000||366572||0.00075241
06:39||485508500||364179||0.00075241
06:40||485383500||364180||0.00075241
06:41||485383500||366234||0.00075241
06:42||485383500||364180||0.00075241
06:43||485385000||364180||0.00075241
06:44||485385000||364182||0.00075241
06:45||485382000||366234||0.00075241
06:46||485382000||366234||0.00075241
06:47||485382000||366229||0.00075241
06:48||485384500||366229||0.00075241
06:49||485384500||364186||0.00075241
06:50||485384500||366229||0.00075241
06:51||485384500||364186||0.00075241
06:52||485384500||364186||0.00075241
06:53||484762000||364186||0.00075241
06:54||485381000||366224||0.00075241
06:55||485381000||366224||0.00075241
06:56||485381000||366224||0.00075241
06:57||485381000||366224||0.00075241
06:58||485381000||366224||0.00075241
06:59||485385500||366231||0.00075241
07:00||485385500||366231||0.00075241
07:01||485385500||366231||0.00075241
07:02||485385500||366231||0.00075241
07:03||485385500||366231||0.00075241
07:04||485386500||366231||0.00075241
07:05||485388000||366230||0.00075241
07:06||485388500||366231||0.00075241
07:07||485387500||366231||0.00075241
07:08||485388500||366231||0.00075241
07:09||485388500||366231||0.00075241
07:10||485388500||366231||0.00075241
07:11||485388500||366229||0.00075241
07:12||485388000||364195||0.00075241
07:13||485387000||364195||0.00075241
07:14||485388000||364195||0.00075241
07:15||485817500||364195||0.00075241
07:16||485785000||366070||0.00075241
07:17||485723000||364948||0.00075241
07:18||485652500||364948||0.00075241
07:19||485589500||364948||0.00075241
07:20||485532000||364948||0.00075241
07:21||485490000||364948||0.00075241
07:22||485480000||365611||0.00075241
07:23||485489000||365624||0.00075241
07:24||484989000||364192||0.00075241
07:25||484988500||364198||0.00075241
07:26||484985000||364198||0.00075241
07:27||484980000||365611||0.00075241
07:28||484979500||365609||0.00075241
07:29||484977000||364198||0.00075241
07:30||484977000||364198||0.00075241
07:31||484978000||365605||0.00075241
07:32||484975500||365602||0.00075241
07:33||484974000||365602||0.00075241
07:34||484935000||365602||0.00075241
07:35||484827500||365602||0.00075241
07:36||484761500||365257||0.00075241
07:37||484689000||364198||0.00075241
07:38||484609500||365108||0.00075241
07:39||484528000||364960||0.00075241
07:40||484475500||364865||0.00075241
07:41||484420500||364865||0.00075241
07:42||484379500||364742||0.00075241
07:43||484245000||364742||0.00075241
07:44||484042500||364542||0.00075241
07:45||484042500||364542||0.00075241
07:46||484042500||364198||0.00075241
07:47||484271000||364542||0.00075241
07:48||484270000||364541||0.00075241
07:49||484497500||364541||0.00075241
07:50||484497500||364541||0.00075241
07:51||484269500||364542||0.00075241
07:52||484271500||364542||0.00075241
07:53||484271500||364542||0.00075241
07:54||484271500||364542||0.00075241
07:55||484270500||364198||0.00075241
07:56||484270000||364198||0.00075241
07:57||484270000||364198||0.00075241
07:58||484270000||364541||0.00075241
07:59||484507500||364903||0.00075241
08:00||484507500||364903||0.00075241
08:01||484714500||364875||0.00075241
08:02||484494500||364195||0.00075241
08:03||484525000||364204||0.00075241
08:04||484582000||364328||0.00075241
08:05||484949000||364879||0.00075241
08:06||484633000||364879||0.00075241
08:07||484639000||364879||0.00075241
08:08||484872500||364879||0.00075241
08:09||484871500||364879||0.00075241
08:10||484871500||364875||0.00075241
08:11||484875000||364881||0.00075241
08:12||484875000||364881||0.00075241
08:13||484800500||364768||0.00075241
08:14||484800500||364769||0.00075241
08:15||484800500||364769||0.00075241
08:16||484800500||364769||0.00075241
08:17||484800500||364769||0.00075241
08:18||484800500||364769||0.00075241
08:19||484569000||364421||0.00075241
08:20||484576000||364767||0.00075241
08:21||484798500||364767||0.00075241
08:22||484798500||364766||0.00075241
08:23||484889500||364903||0.00075241
08:24||484888500||364768||0.00075241
08:25||484568500||364766||0.00075241
08:26||484649000||364468||0.00075241
08:27||484802500||364468||0.00075241
08:28||484802500||364468||0.00075241
08:29||484802500||364468||0.00075241
08:30||484802500||364770||0.00075241
08:31||484889500||364902||0.00075241
08:32||484886500||364769||0.00075241
08:33||484851000||364894||0.00075241
08:34||484889500||364894||0.00075241
08:35||484889500||364894||0.00075241
08:36||485444500||365671||0.00075241
08:37||485444500||364835||0.00075241
08:38||485444500||364835||0.00075241
08:39||485998500||364860||0.00075241
08:40||485998500||365670||0.00075241
08:41||485998500||365670||0.00075241
08:42||485998500||365670||0.00075241
08:43||485998500||365669||0.00075241
08:44||485998500||365669||0.00075241
08:45||485998500||365670||0.00075241
08:46||485998500||365670||0.00075241
08:47||485755000||365670||0.00075241
08:48||485852000||365376||0.00075241
08:49||485950000||365669||0.00075241
08:50||485950000||365670||0.00075241
08:51||485949500||365670||0.00075241
08:52||485950000||365669||0.00075241
08:53||485950000||365669||0.00075241
08:54||485950500||365670||0.00075241
08:55||485850000||365670||0.00075241
08:56||485851000||365670||0.00075241
08:57||485849000||365446||0.00075241
08:58||485850000||365446||0.00075241
08:59||485850000||365446||0.00075241
09:00||485850000||365669||0.00075241
09:01||485850000||365669||0.00075241
09:02||485849000||365669||0.00075241
09:03||485849000||365669||0.00075241
09:04||485849000||365667||0.00075241
09:05||485748000||365295||0.00075241
09:06||485743000||365295||0.00075241
09:07||485696500||365295||0.00075241
09:08||485696500||365589||0.00075241
09:09||485696500||365589||0.00075241
09:10||484901500||364845||0.00075241
09:11||484901500||364845||0.00075241
09:12||484901500||364845||0.00075241
09:13||484901500||364845||0.00075241
09:14||484901500||364845||0.00075241
09:15||484901500||364845||0.00075241
09:16||484901500||364845||0.00075241
09:17||484901500||364844||0.00075241
09:18||484901500||364844||0.00075241
09:19||484901500||364844||0.00075241
09:20||484901500||364845||0.00075241
09:21||484901500||364845||0.00075241
09:22||484901500||364845||0.00075241
09:23||484901500||364845||0.00075241
09:24||484901500||364845||0.00075241
09:25||484901500||364844||0.00075241
09:26||484901500||364844||0.00075241
09:27||484901500||364844||0.00075241
09:28||484901500||364845||0.00075241
09:29||484901500||364844||0.00075241
09:30||484901500||364845||0.00075241
09:31||485437500||365651||0.00075241
09:32||485437500||365651||0.00075241
09:33||485437500||364844||0.00075241
09:34||485973500||365651||0.00075241
09:35||485973500||365651||0.00075241
09:36||485426000||365634||0.00075241
09:37||485426000||364844||0.00075241
09:38||485426000||364844||0.00075241
09:39||485426000||364844||0.00075241
09:40||485426000||365634||0.00075241
09:41||485426000||365634||0.00075241
09:42||485475500||365634||0.00075241
09:43||485392000||364918||0.00075241
09:44||485392000||364918||0.00075241
09:45||485392000||365508||0.00075241
09:46||485392000||365508||0.00075241
09:47||485392000||365508||0.00075241
09:48||484934000||364918||0.00075241
09:49||484610000||364422||0.00075241
09:50||484610000||364422||0.00075241
09:51||484610000||364422||0.00075241
09:52||484610000||364828||0.00075241
09:53||484610000||364422||0.00075241
09:54||484188000||364421||0.00075241
09:55||484188000||364411||0.00075241
09:56||484188000||364204||0.00075241
09:57||484188000||364204||0.00075241
09:58||484188000||364195||0.00075241
09:59||484188000||364411||0.00075241
10:00||484184500||364406||0.00075241
10:01||484050500||364204||0.00075241
10:02||483780000||364166||0.00075241
10:03||483780000||364166||0.00075241
10:04||482771500||363739||0.00075241
10:05||482773500||363739||0.00075241
10:06||482773500||363739||0.00075241
10:07||482773500||362748||0.00075241
10:08||482773500||362748||0.00075241
10:09||482773500||363739||0.00075241
10:10||482773500||362748||0.00075241
10:11||482773500||363739||0.00075241
10:12||482773500||363739||0.00075241
10:13||482773500||363739||0.00075241
10:14||482773500||362748||0.00075241
10:15||482773500||362748||0.00075241
10:16||483711000||364158||0.00075241
10:17||483052500||364158||0.00075241
10:18||483052000||362748||0.00075241
10:20||483039000||362748||0.00075241
10:21||482115500||362748||0.00075241
10:22||483038000||364137||0.00075241
10:23||483057500||364166||0.00075241
10:24||483961500||362776||0.00075241
10:25||483961500||364137||0.00075241
10:26||483961500||362812||0.00075241
10:27||483063000||364110||0.00075241
10:28||483063500||362812||0.00075241
10:29||483081000||364110||0.00075241
10:30||483118000||364110||0.00075241
10:31||483100500||364140||0.00075241
10:32||483232500||364140||0.00075241
10:33||483232500||364140||0.00075241
10:34||483363000||363037||0.00075241
10:35||483569000||363037||0.00075241
10:36||483999500||364166||0.00075241
10:37||483999500||364166||0.00075241
10:38||484025000||364204||0.00075241
10:39||483807000||364534||0.00075241
10:40||484007000||364534||0.00075241
10:41||483855500||364306||0.00075241
10:42||483855500||364306||0.00075241
10:43||482911000||363508||0.00075241
10:44||482911000||363505||0.00075241
10:45||482916000||363196||0.00075241
10:46||482916000||363196||0.00075241
10:47||482916000||363505||0.00075241
10:48||482322500||363188||0.00075241
10:49||482322500||362996||0.00075241
10:50||482322500||362996||0.00075241
10:51||482322500||362996||0.00075241
10:52||482322500||362812||0.00075241
10:53||482322500||362996||0.00075241
10:54||482327500||362996||0.00075241
10:55||482328000||362996||0.00075241
10:56||482210500||362819||0.00075241
10:57||482705500||363564||0.00075241
10:58||482715500||362835||0.00075241
10:59||483199500||363564||0.00075241
11:00||483199500||363564||0.00075241
11:01||483199500||363564||0.00075241
11:02||483199500||363564||0.00075241
11:03||483450500||363940||0.00075241
11:04||483449500||363563||0.00075241
11:05||483489500||363590||0.00075241
11:06||484158500||363940||0.00075241
11:07||484203000||363940||0.00075241
11:08||484248500||363940||0.00075241
11:09||484292000||364540||0.00075241
11:10||484334500||364540||0.00075241
11:11||484496500||364539||0.00075241
11:12||484496500||364540||0.00075241
11:13||484496500||364540||0.00075241
11:14||484496500||364540||0.00075241
11:15||484496500||364539||0.00075241
11:16||484496500||364540||0.00075241
11:17||484496500||364539||0.00075241
11:18||484496500||364540||0.00075241
11:19||483875500||364540||0.00075241
11:20||483875500||364540||0.00075241
11:21||483875500||364540||0.00075241
11:22||483936500||364540||0.00075241
11:23||483936500||364539||0.00075241
11:24||483936500||363697||0.00075241
11:25||483937000||364540||0.00075241
11:26||483997000||364540||0.00075241
11:27||484107000||363952||0.00075241
11:28||484249000||363952||0.00075241
11:29||483995000||364535||0.00075241
11:30||483858500||364533||0.00075241
11:31||483780500||364435||0.00075241
11:32||483670500||364265||0.00075241
11:33||483581000||364140||0.00075241
11:34||483553000||364079||0.00075241
11:35||483559500||364079||0.00075241
11:36||483942000||364164||0.00075241
11:37||483612000||363584||0.00075241
11:38||483619500||364166||0.00075241
11:39||484156000||364398||0.00075241
11:40||484156000||364398||0.00075241
11:41||484156000||364398||0.00075241
11:42||484156000||364169||0.00075241
11:43||484156000||364169||0.00075241
11:44||484156000||364398||0.00075241
11:45||484156000||364398||0.00075241
11:46||484155500||364169||0.00075241
11:47||484155500||364169||0.00075241
11:48||484155500||364397||0.00075241
11:49||484155500||364169||0.00075241
11:50||484155500||364169||0.00075241
11:51||484155500||364397||0.00075241
11:52||484155500||364397||0.00075241
11:53||484155500||364169||0.00075241
11:54||484155500||364397||0.00075241
11:55||484156000||364398||0.00075241
11:56||484156000||364169||0.00075241
11:57||484156000||364169||0.00075241
11:58||484772500||364914||0.00075241
11:59||485105000||364918||0.00075241
12:00||485199500||365520||0.00075241
12:01||485519500||365520||0.00075241
12:02||485499500||365120||0.00075241
12:03||485499500||365295||0.00075241
12:04||485499500||365294||0.00075241
12:05||485499500||365294||0.00075241
12:06||485645000||365295||0.00075241
12:07||485645000||365295||0.00075241
12:08||485648000||365294||0.00075241
12:09||485798000||365518||0.00075241
12:10||485798000||365520||0.00075241
12:11||485650500||365518||0.00075241
12:12||485650500||365518||0.00075241
12:13||485648000||365294||0.00075241
12:14||485649000||365518||0.00075241
12:15||485501500||365296||0.00075241
12:16||485501500||365296||0.00075241
12:17||485501500||365296||0.00075241
12:18||485649500||365518||0.00075241
12:19||485651500||365520||0.00075241
12:20||485650000||365520||0.00075241
12:21||485650500||365520||0.00075241
12:22||485652000||365520||0.00075241
12:23||485649000||365294||0.00075241
12:24||485649000||365520||0.00075241
12:25||485649000||365520||0.00075241
12:26||485649000||365520||0.00075241
12:27||485499500||365520||0.00075241
12:28||485649000||365520||0.00075241
12:29||485649000||365520||0.00075241
12:30||485649000||365520||0.00075241
12:31||485699500||365520||0.00075241
12:32||485647000||365294||0.00075241
12:33||485557500||365152||0.00075241
12:34||485557500||365517||0.00075241
12:35||485569500||365159||0.00075241
12:36||485569500||365520||0.00075241
12:37||485544500||365520||0.00075241
12:38||485938000||365520||0.00075241
12:39||486728500||366219||0.00075241
12:40||486728500||366219||0.00075241
12:41||486728500||366219||0.00075241
12:42||486729000||366219||0.00075241
12:43||486728500||366220||0.00075241
12:44||486729000||366219||0.00075241
12:45||486729000||366220||0.00075241
12:46||486728500||366220||0.00075241
12:47||486729500||366220||0.00075241
12:48||486876000||366228||0.00075241
12:49||486875000||366228||0.00075241
12:50||486999000||366423||0.00075241
12:51||486998500||366423||0.00075241
12:52||486998500||366422||0.00075241
12:53||486998500||366422||0.00075241
12:54||486999000||366422||0.00075241
12:55||486150000||366422||0.00075241
12:56||486149500||365146||0.00075241
12:57||486608000||366422||0.00075241
12:58||486359000||366422||0.00075241
12:59||486499500||366046||0.00075241
13:00||486499500||366046||0.00075241
13:01||486748000||366421||0.00075241
13:02||486748500||366421||0.00075241
13:03||486799000||366122||0.00075241
13:04||486997500||366422||0.00075241
13:05||486997500||366422||0.00075241
13:06||486998500||366423||0.00075241
13:07||486998500||366423||0.00075241
13:08||486999500||366423||0.00075241
13:09||486999500||366423||0.00075241
13:10||486999500||366423||0.00075241
13:11||486999500||366423||0.00075241
13:12||486999500||366423||0.00075241
13:13||486999500||366423||0.00075241
13:14||486999500||366423||0.00075241
13:15||486999500||366423||0.00075241
13:16||486999500||366423||0.00075241
13:17||486999500||366422||0.00075241
13:18||486999500||366422||0.00075241
13:19||486999500||366423||0.00075241
13:20||487149500||366571||0.00075241
13:21||487998500||366586||0.00075241
13:22||488490000||367174||0.00075241
13:23||486391000||367765||0.00075241
13:24||487241000||367765||0.00075241
13:25||487266500||367308||0.00075241
13:26||488148500||367175||0.00075241
13:27||487999500||367326||0.00075241
13:28||486467500||364994||0.00075241
13:29||486486500||365124||0.00075241
13:30||487738500||366950||0.00075241
13:31||487700500||366950||0.00075241
13:32||487700500||366950||0.00075241
13:33||487700500||366950||0.00075241
13:34||487700500||366951||0.00075241
13:35||487700500||366951||0.00075241
13:36||486650500||366949||0.00075241
13:37||486951500||366949||0.00075241
13:38||487082500||366949||0.00075241
13:39||486800000||366873||0.00075241
13:40||486841000||365741||0.00075241
13:41||486922000||366799||0.00075241
13:42||486797000||366799||0.00075241
13:43||486882000||366799||0.00075241
13:44||486997500||366051||0.00075241
13:45||486750000||366051||0.00075241
13:46||486748500||366419||0.00075241
13:47||486518000||366419||0.00075241
13:48||486605500||366419||0.00075241
13:49||486686500||365933||0.00075241
13:50||486751500||366419||0.00075241
13:51||486783000||366416||0.00075241
13:52||486498500||366419||0.00075241
13:53||486497000||365671||0.00075241
13:54||486495000||366416||0.00075241
13:55||486496000||365672||0.00075241
13:56||486329500||366415||0.00075241
13:57||486329500||366415||0.00075241
13:58||486335000||366416||0.00075241
13:59||486342000||366414||0.00075241
14:00||486349000||366413||0.00075241
14:01||486332000||366413||0.00075241
14:02||486376000||366235||0.00075241
14:03||486245000||365671||0.00075241
14:04||485859500||365656||0.00075241
14:05||485855500||365641||0.00075241
14:06||485855500||365641||0.00075241
14:07||486125500||365483||0.00075241
14:08||486126000||366047||0.00075241
14:09||486177000||365563||0.00075241
14:10||486178000||366046||0.00075241
14:11||486422500||366348||0.00075241
14:12||486897500||366348||0.00075241
14:13||486899500||366348||0.00075241
14:14||486450000||365671||0.00075241
14:15||486405000||366348||0.00075241
14:16||486455000||366279||0.00075241
14:17||486302000||366348||0.00075241
14:18||486180500||366047||0.00075241
14:19||486278000||366047||0.00075241
14:20||486499500||365721||0.00075241
14:21||486770000||366419||0.00075241
14:22||486806500||366419||0.00075241
14:23||487482500||366423||0.00075241
14:24||487552500||366423||0.00075241
14:27||487749500||367176||0.00075241
14:28||488153000||367176||0.00075241
14:29||488373500||367702||0.00075241
14:30||488836500||367766||0.00075241
14:31||487698000||367765||0.00075241
14:32||488945000||367844||0.00075241
14:33||490501000||369433||0.00075241
14:34||490991000||370185||0.00075241
14:35||490751000||369809||0.00075241
14:36||491751000||370170||0.00075241
14:37||491751000||369811||0.00075241
14:38||492500000||370187||0.00075241
14:39||492550000||370263||0.00075241
14:40||492302000||370935||0.00075241
14:41||492700000||370561||0.00075241
14:42||492706000||370862||0.00075241
14:43||492705000||370862||0.00075241
14:44||493254500||370939||0.00075241
14:45||493258000||371686||0.00075241
14:46||493229500||371686||0.00075241
14:47||493230000||370607||0.00075241
14:48||493180500||370609||0.00075241
14:49||493182000||371540||0.00075241
14:50||491591000||368680||0.00075241
14:51||491545000||370938||0.00075241
14:52||493895000||371607||0.00075241
14:53||493894000||371613||0.00075241
14:54||492448000||371608||0.00075241
14:55||494005500||373947||0.00075241
14:56||494501500||370189||0.00075241
14:57||494598500||370189||0.00075241
14:58||494698500||370189||0.00075241
14:59||493901000||373944||0.00075241
15:00||494998500||372442||0.00075241
15:01||494903500||372442||0.00075241
15:02||494797500||371009||0.00075241
15:03||495000000||371009||0.00075241
15:04||495000000||372817||0.00075241
15:05||494752500||372819||0.00075241
15:06||494500000||372441||0.00075241
15:07||494499500||372440||0.00075241
15:08||494401000||372440||0.00075241
15:09||494251000||371693||0.00075241
15:10||494250000||371692||0.00075241
15:11||494250000||371692||0.00075241
15:12||494251000||372065||0.00075241
15:13||494251000||372065||0.00075241
15:14||494251000||371693||0.00075241
15:15||494251000||372065||0.00075241
15:16||494251000||372065||0.00075241
15:17||494402000||371693||0.00075241
15:18||494255000||372066||0.00075241
15:19||494255500||371698||0.00075241
15:20||494255500||371700||0.00075241
15:21||494155500||371700||0.00075241
15:22||493554000||371839||0.00075241
15:23||493454000||371689||0.00075241
15:24||493454000||371690||0.00075241
15:25||493456000||371690||0.00075241
15:26||494301000||371991||0.00075241
15:27||493704500||371841||0.00075241
15:28||493804500||372066||0.00075241
15:29||493804500||372066||0.00075241
15:30||493804500||371020||0.00075241
15:31||494250000||372292||0.00075241
15:32||494490000||371314||0.00075241
15:33||494456000||372804||0.00075241
15:34||494253000||372442||0.00075241
15:35||494255500||371321||0.00075241
15:36||494157500||372292||0.00075241
15:37||494109000||372217||0.00075241
15:38||494012000||372066||0.00075241
15:39||494251500||371692||0.00075241
15:40||494261000||372066||0.00075241
15:41||494473500||372064||0.00075241
15:42||494452500||372029||0.00075241
15:43||494450500||372030||0.00075241
15:44||494526000||372141||0.00075241
15:45||494698500||372216||0.00075241
15:46||494101000||372216||0.00075241
15:47||494001500||372066||0.00075241
15:48||493900500||371316||0.00075241
15:49||493902500||371315||0.00075241
15:50||493902500||371914||0.00075241
15:51||494103000||372214||0.00075241
15:52||494102000||372214||0.00075241
15:53||494301000||372141||0.00075241
15:54||494299500||371692||0.00075241
15:55||494299500||371692||0.00075241
15:56||494299500||372139||0.00075241
15:57||494596000||372139||0.00075241
15:58||494595500||372138||0.00075241
15:59||494595500||372138||0.00075241
16:00||494595500||372138||0.00075241
16:01||494596500||372139||0.00075241
16:02||494798000||372442||0.00075241
16:03||494798000||372441||0.00075241
16:04||495898000||374098||0.00075241
16:05||495899000||374096||0.00075241
16:06||495900500||372144||0.00075241
16:07||496098500||374095||0.00075241
16:08||496100000||372446||0.00075241
16:09||496101500||374094||0.00075241
16:10||497196000||374095||0.00075241
16:11||496102500||374094||0.00075241
16:12||496102500||374094||0.00075241
16:13||495311000||372527||0.00075241
16:14||496905000||372828||0.00075241
16:15||496775000||374698||0.00075241
16:16||496827500||374775||0.00075241
16:17||496728000||372862||0.00075241
16:18||496528000||374322||0.00075241
16:19||496532500||372869||0.00075241
16:20||496535500||374322||0.00075241
16:21||496437500||374247||0.00075241
16:22||496439000||372877||0.00075241
16:23||496387500||374096||0.00075241
16:24||496289500||373946||0.00075241
16:25||496290500||373947||0.00075241
16:26||496500000||373946||0.00075241
16:27||496999000||373946||0.00075241
16:28||497099000||374096||0.00075241
16:29||497099000||373947||0.00075241
16:30||496551000||374096||0.00075241
16:31||496887500||373196||0.00075241
16:32||496150500||373779||0.00075241
16:33||496027500||373565||0.00075241
16:34||495583500||372882||0.00075241
16:35||496199000||372882||0.00075241
16:36||495586500||372883||0.00075241
16:37||495792000||372882||0.00075241
16:38||495792000||373193||0.00075241
16:39||495792000||372883||0.00075241
16:40||495997500||373193||0.00075241
16:41||495997500||373193||0.00075241
16:42||495998500||373194||0.00075241
16:43||496198000||373493||0.00075241
16:44||496000500||373195||0.00075241
16:45||496197000||373493||0.00075241
16:46||496395500||373494||0.00075241
16:47||496397000||373493||0.00075241
16:48||496397000||373494||0.00075241
16:49||496397500||373494||0.00075241
16:50||496397500||373494||0.00075241
16:51||496397500||373494||0.00075241
16:52||496499500||373570||0.00075241
16:53||496749000||373945||0.00075241
16:54||496996500||373945||0.00075241
16:55||496999000||373947||0.00075241
16:56||496999500||373947||0.00075241
16:57||497199500||374248||0.00075241
16:58||497150500||374173||0.00075241
16:59||497298500||374172||0.00075241
17:00||497298500||374172||0.00075241
17:01||497298500||374171||0.00075241
17:02||497298500||374172||0.00075241
17:03||497298500||374172||0.00075241
17:04||496700000||373950||0.00075241
17:05||496698000||373494||0.00075241
17:06||496599500||373497||0.00075241
17:07||496551000||373497||0.00075241
17:08||496697500||373720||0.00075241
17:09||496697500||373720||0.00075241
17:10||496792500||373722||0.00075241
17:11||496886500||373861||0.00075241
17:12||496886500||373862||0.00075241
17:13||496832000||373723||0.00075241
17:14||496832000||373861||0.00075241
17:15||496832000||373861||0.00075241
17:16||496829000||373781||0.00075241
17:17||496826000||373852||0.00075241
17:18||496779500||373852||0.00075241
17:19||496779500||373781||0.00075241
17:20||496779500||373782||0.00075241
17:21||496779500||373782||0.00075241
17:22||496779500||373782||0.00075241
17:23||496779500||373781||0.00075241
17:24||496779500||373781||0.00075241
17:25||496779500||373782||0.00075241
17:26||496827000||373781||0.00075241
17:27||496779500||373782||0.00075241
17:28||496779500||373782||0.00075241
17:29||496779500||373782||0.00075241
17:30||496825000||373781||0.00075241
17:31||496876500||373849||0.00075241
17:32||496934000||373947||0.00075241
17:33||496825000||373850||0.00075241
17:34||496868500||373849||0.00075241
17:35||496868500||373848||0.00075241
17:36||496870500||373850||0.00075241
17:37||497033500||374097||0.00075241
17:38||497033500||374097||0.00075241
17:39||497196500||374097||0.00075241
17:40||497196500||374095||0.00075241
17:41||497196500||374095||0.00075241
17:42||497196500||374095||0.00075241
17:43||497197500||374097||0.00075241
17:44||497198500||374097||0.00075241
17:45||497299000||374248||0.00075241
17:46||497399500||374248||0.00075241
17:47||497399500||374247||0.00075241
17:48||497399500||374248||0.00075241
17:49||497399500||374248||0.00075241
17:50||497399500||374248||0.00075241
17:51||497399500||374248||0.00075241
17:52||497399500||374248||0.00075241
17:53||497399500||374248||0.00075241
17:54||497399500||374247||0.00075241
17:55||497399500||374248||0.00075241
17:56||497399500||374248||0.00075241
17:57||497198500||374095||0.00075241
17:58||497198500||374096||0.00075241
17:59||497100500||374023||0.00075241
18:00||497100500||374023||0.00075241
18:01||497100500||374023||0.00075241
18:02||496893000||374023||0.00075241
18:03||496701500||373723||0.00075241
18:04||496517000||373720||0.00075241
18:05||496397500||373493||0.00075241
18:06||496397500||373494||0.00075241
18:07||496397500||373494||0.00075241
18:08||496448500||373570||0.00075241
18:09||496499500||373571||0.00075241
18:10||496498500||373569||0.00075241
18:11||496499500||373571||0.00075241
18:12||496499500||373571||0.00075241
18:13||496498000||373570||0.00075241
18:14||496497500||373571||0.00075241
18:15||496498500||373570||0.00075241
18:16||496498500||373570||0.00075241
18:17||496498500||373570||0.00075241
18:18||496498500||373570||0.00075241
18:19||496275500||373493||0.00075241
18:20||495894500||373277||0.00075241
18:21||495871000||373277||0.00075241
18:22||495269000||372969||0.00075241
18:23||495233000||372807||0.00075241
18:24||495003500||372445||0.00075241
18:25||494502500||371692||0.00075241
18:26||494502500||372445||0.00075241
18:27||494503500||372445||0.00075241
18:28||494504500||371694||0.00075241
18:29||494551000||371765||0.00075241
18:30||494552000||371765||0.00075241
18:31||495227000||371765||0.00075241
18:32||495570500||372446||0.00075241
18:33||494972500||373195||0.00075241
18:34||494805500||372873||0.00075241
18:35||494667500||372657||0.00075241
18:36||494554500||372529||0.00075241
18:37||494461000||372323||0.00075241
18:38||494100500||371765||0.00075241
18:39||494902000||373052||0.00075241
18:40||494980000||372810||0.00075241
18:41||494685000||371765||0.00075241
18:42||494511000||372442||0.00075241
18:43||494476000||371766||0.00075241
18:44||494299500||371766||0.00075241
18:45||494299000||372066||0.00075241
18:46||495249500||373195||0.00075241
18:47||495499500||373195||0.00075241
18:48||495500500||373195||0.00075241
18:49||495500500||373195||0.00075241
18:50||495501000||373193||0.00075241
18:51||495504000||373193||0.00075241
18:52||495997500||373193||0.00075241
18:53||495999500||373571||0.00075241
18:54||495999500||373194||0.00075241
18:55||495999500||373195||0.00075241
18:56||496249500||373571||0.00075241
18:57||496249500||373571||0.00075241
18:58||496249500||373571||0.00075241
18:59||496249000||373570||0.00075241
19:00||496249500||373195||0.00075241
19:01||496249500||373196||0.00075241
19:02||496002500||373196||0.00075241
19:03||496002500||373197||0.00075241
19:04||496002500||373197||0.00075241
19:05||496002500||373196||0.00075241
19:06||496352500||373725||0.00075241
19:07||496703500||373725||0.00075241
19:08||496703500||373725||0.00075241
19:09||496703500||373725||0.00075241
19:10||496703500||373725||0.00075241
19:11||496703500||373725||0.00075241
19:12||496703500||373725||0.00075241
19:13||496703500||373724||0.00075241
19:14||496703500||373724||0.00075241
19:15||496850500||373724||0.00075241
19:16||496850500||373946||0.00075241
19:17||496846000||373939||0.00075241
19:18||496703500||373725||0.00075241
19:19||496703500||373725||0.00075241
19:20||496703500||373724||0.00075241
19:21||496703500||373725||0.00075241
19:22||496703500||373725||0.00075241
19:23||496703500||373725||0.00075241
19:24||496703500||373725||0.00075241
19:25||496703500||373725||0.00075241
19:26||496703500||373725||0.00075241
19:27||496703500||373724||0.00075241
19:28||496703500||373725||0.00075241
19:29||496703500||373724||0.00075241
19:30||496703500||373725||0.00075241
19:31||496703500||373725||0.00075241
19:32||496703500||373725||0.00075241
19:33||495861000||372458||0.00075241
19:34||495861000||372458||0.00075241
19:35||495861000||372458||0.00075241
19:36||495859500||373723||0.00075241
19:37||495859500||373723||0.00075241
19:38||495860000||373720||0.00075241
19:39||495861500||373720||0.00075241
19:40||495862500||372463||0.00075241
19:41||495867500||372470||0.00075241
19:42||496293500||372470||0.00075241
19:43||496200500||373195||0.00075241
19:44||496159000||373195||0.00075241
19:45||496249000||373571||0.00075241
19:46||496249000||373195||0.00075241
19:47||496250000||373195||0.00075241
19:48||496245000||373195||0.00075241
19:49||496245000||373564||0.00075241
19:50||495731500||373169||0.00075241
19:51||495705500||373121||0.00075241
19:52||495677500||373093||0.00075241
19:53||495653500||372825||0.00075241
19:54||495720500||373142||0.00075241
19:55||495534500||372827||0.00075241
19:56||495534500||372864||0.00075241
19:57||495717000||373144||0.00075241
19:58||495716000||373142||0.00075241
19:59||495716000||373144||0.00075241
20:00||495716000||373144||0.00075241
20:01||495716000||373142||0.00075241
20:02||495931000||373142||0.00075241
20:03||495931000||373142||0.00075241
20:04||495716000||373144||0.00075241
20:05||495716000||373144||0.00075241
20:06||495502500||373144||0.00075241
20:07||495751000||373194||0.00075241
20:08||495749500||373192||0.00075241
20:09||495525500||372484||0.00075241
20:10||495477500||372484||0.00075241
20:11||495477500||372484||0.00075241
20:12||495527500||373120||0.00075241
20:13||495550000||372559||0.00075241
20:14||495550000||373044||0.00075241
20:15||495555000||372484||0.00075241
20:16||495555000||373044||0.00075241
20:17||495505000||372969||0.00075241
20:18||495505000||372676||0.00075241
20:19||495505000||372676||0.00075241
20:20||495600000||372969||0.00075241
20:21||495602000||372822||0.00075241
20:22||495699500||372822||0.00075241
20:23||495699500||372969||0.00075241
20:24||495699500||372968||0.00075241
20:25||495699500||372968||0.00075241
20:26||495699500||372969||0.00075241
20:27||495699500||372969||0.00075241
20:28||495786000||373023||0.00075241
20:29||495884500||373193||0.00075241
20:30||495996500||373193||0.00075241
20:31||495996500||373193||0.00075241
20:32||495996500||373192||0.00075241
20:33||495996500||373193||0.00075241
20:34||495996500||373193||0.00075241
20:35||495996500||373193||0.00075241
20:36||495996500||373193||0.00075241
20:37||495996500||373192||0.00075241
20:38||495996500||373193||0.00075241
20:39||495996500||373193||0.00075241
20:40||495996500||373193||0.00075241
20:41||495996500||373192||0.00075241
20:42||495996500||373193||0.00075241
20:43||496357000||373722||0.00075241
20:44||496499500||373571||0.00075241
20:45||496499500||373570||0.00075241
20:46||496249500||373570||0.00075241
20:47||496357000||373205||0.00075241
20:48||496359000||373722||0.00075241
20:49||496359000||373205||0.00075241
20:50||496875000||373947||0.00075241
20:51||496500000||373947||0.00075241
20:52||496500000||373195||0.00075241
20:53||496510500||373947||0.00075241
20:54||496505500||373211||0.00075241
20:55||496505500||373211||0.00075241
20:56||496505500||373940||0.00075241
20:57||496505500||373947||0.00075241
20:58||496510500||373947||0.00075241
20:59||496709500||373360||0.00075241
21:00||497298500||374247||0.00075241
21:01||497298500||374247||0.00075241
21:02||497298500||374097||0.00075241
21:03||496810500||374097||0.00075241
21:04||496810500||374247||0.00075241
21:05||496861000||374323||0.00075241
21:06||496861000||374323||0.00075241
21:07||496861000||374323||0.00075241
21:08||496861500||373363||0.00075241
21:09||496861500||373363||0.00075241
21:10||496861500||374323||0.00075241
21:11||496999500||373947||0.00075241
21:12||497249500||374323||0.00075241
21:13||497249500||373345||0.00075241
21:14||496999500||373947||0.00075241
21:15||496999500||373947||0.00075241
21:16||497249500||374323||0.00075241
21:17||496625000||373383||0.00075241
21:18||496998500||373947||0.00075241
21:19||496998500||373947||0.00075241
21:20||496998500||373947||0.00075241
21:21||496998500||373947||0.00075241
21:22||496998500||373947||0.00075241
21:23||496625000||373947||0.00075241
21:24||496625000||373947||0.00075241
21:25||496656500||373947||0.00075241
21:26||496974500||373800||0.00075241
21:27||496950500||373726||0.00075241
21:28||496998500||373947||0.00075241
21:29||497341000||374323||0.00075241
21:30||497341000||374323||0.00075241
21:31||497440500||374473||0.00075241
21:32||497440500||374473||0.00075241
21:33||497499500||374323||0.00075241
21:34||497599500||374474||0.00075241
21:35||497599500||374474||0.00075241
21:36||497599500||374474||0.00075241
21:37||497599500||374474||0.00075241
21:38||497601500||374474||0.00075241
21:39||497601500||374326||0.00075241
21:40||497601500||374474||0.00075241
21:41||497601500||374474||0.00075241
21:42||497699500||374474||0.00075241
21:43||497599500||374474||0.00075241
21:44||496990000||374474||0.00075241
21:45||497112000||374474||0.00075241
21:46||497357000||374474||0.00075241
21:47||496989500||373406||0.00075241
21:48||496999500||373589||0.00075241
21:49||496999500||373947||0.00075241
21:50||497249500||374323||0.00075241
21:51||497249500||373947||0.00075241
21:52||497249000||373947||0.00075241
21:53||497249500||374323||0.00075241
21:54||497248000||374320||0.00075241
21:55||497248000||374320||0.00075241
21:56||497248000||373195||0.00075241
21:57||496763000||373217||0.00075241
21:58||496763000||373217||0.00075241
21:59||496715000||374248||0.00075241
22:00||496979000||374248||0.00075241
22:01||496979000||374248||0.00075241
22:02||496974000||374241||0.00075241
22:03||496960000||374248||0.00075241
22:04||496967500||374248||0.00075241
22:05||496967500||373597||0.00075241
22:06||497015000||373597||0.00075241
22:07||497047500||373597||0.00075241
22:08||497097500||374320||0.00075241
22:09||497247500||373947||0.00075241
22:10||497248000||374320||0.00075241
22:11||497260000||373956||0.00075241
22:12||497302000||374320||0.00075241
22:13||497355000||374320||0.00075241
22:14||497214500||374320||0.00075241
22:15||497214500||374109||0.00075241
22:16||497214500||374108||0.00075241
22:17||497385000||374153||0.00075241
22:18||497385000||374153||0.00075241
22:19||497599500||374474||0.00075241
22:20||497599500||374323||0.00075241
22:21||497499500||374323||0.00075241
22:22||497499500||374323||0.00075241
22:23||497499500||374323||0.00075241
22:24||497499500||374323||0.00075241
22:25||497499500||374323||0.00075241
22:26||497499500||374323||0.00075241
22:27||497499500||374323||0.00075241
22:28||497499500||374323||0.00075241
22:29||497499500||374323||0.00075241
22:30||497499500||374323||0.00075241
22:31||497499500||374323||0.00075241
22:32||497499500||374323||0.00075241
22:33||497499500||374323||0.00075241
22:34||497499500||374323||0.00075241
22:35||497499500||374323||0.00075241
22:36||496804000||374108||0.00075241
22:37||496401500||373497||0.00075241
22:38||496401500||373497||0.00075241
22:39||496401500||373497||0.00075241
22:40||496401500||373497||0.00075241
22:41||496939000||373497||0.00075241
22:42||496401500||373497||0.00075241
22:43||496401500||373497||0.00075241
22:44||496401500||373497||0.00075241
22:45||496401500||373497||0.00075241
22:46||496401500||373497||0.00075241
22:47||496401500||373497||0.00075241
22:48||496401500||373497||0.00075241
22:49||496700000||373497||0.00075241
22:50||496700000||373497||0.00075241
22:51||496706000||373947||0.00075241
22:52||496667000||373506||0.00075241
22:53||496714500||373947||0.00075241
22:54||496700000||373497||0.00075241
22:55||496700000||373947||0.00075241
22:56||496700000||373947||0.00075241
22:57||496700000||373497||0.00075241
22:58||497100000||373947||0.00075241
22:59||496855000||373571||0.00075241
23:00||496950000||374098||0.00075241
23:01||496850000||374098||0.00075241
23:02||496701000||373947||0.00075241
23:03||496650500||373579||0.00075241
23:04||497049000||373579||0.00075241
23:05||497049000||374097||0.00075241
23:06||496846500||374097||0.00075241
23:07||496745000||373571||0.00075241
23:08||496451000||373497||0.00075241
23:09||496451000||373497||0.00075241
23:10||496451000||373572||0.00075241
23:11||496401500||373572||0.00075241
23:12||496353500||373463||0.00075241
23:13||496179000||373196||0.00075241
23:14||496179000||373463||0.00075241
23:15||496001500||373463||0.00075241
23:16||496001500||373196||0.00075241
23:17||496001500||373196||0.00075241
23:18||496001500||373196||0.00075241
23:19||496001500||373196||0.00075241
23:20||496001500||373196||0.00075241
23:21||496001500||373196||0.00075241
23:22||496001500||373196||0.00075241
23:23||496001500||373196||0.00075241
23:24||496001500||373196||0.00075241
23:25||495752500||372821||0.00075241
23:26||495718500||373153||0.00075241
23:27||496001500||373570||0.00075241
23:28||496051500||373571||0.00075241
23:29||496052500||373571||0.00075241
23:30||496051500||372898||0.00075241
23:31||496151000||373571||0.00075241
23:32||496351000||373571||0.00075241
23:33||496451000||373196||0.00075241
23:34||496450000||373872||0.00075241
23:35||496450000||373871||0.00075241
23:36||496803500||374248||0.00075241
23:37||497099000||374095||0.00075241
23:38||497002500||373949||0.00075241
23:39||496504500||373272||0.00075241
23:40||496113000||373280||0.00075241
23:41||496499500||373279||0.00075241
23:42||496511000||373878||0.00075241
23:43||496511000||373878||0.00075241
23:44||496511000||373878||0.00075241
23:45||496601500||374098||0.00075241
23:46||496113500||374098||0.00075241
23:47||496113500||374098||0.00075241
23:48||496656500||374096||0.00075241
23:49||496656500||373280||0.00075241
23:50||496657500||374098||0.00075241
23:51||496701000||374098||0.00075241
23:52||496701000||374098||0.00075241
23:53||496851000||374098||0.00075241
23:54||496851000||374098||0.00075241
23:55||496851000||374098||0.00075241
23:56||496851000||374098||0.00075241
23:57||496850000||373573||0.00075241
23:58||496801000||374023||0.00075241
23:59||496801000||374023||0.00075241
