00:00||547034500||413063||0.00075241
00:01||547034500||413063||0.00075241
00:02||548244500||413063||0.00075241
00:03||548489500||413063||0.00075241
00:04||548734500||413063||0.00075241
00:05||548700500||411568||0.00075241
00:06||548700500||411568||0.00075241
00:07||548450500||411192||0.00075241
00:08||547755500||410064||0.00075241
00:09||547755500||410064||0.00075241
00:10||547755500||410064||0.00075241
00:11||547755500||410064||0.00075241
00:12||547755500||410064||0.00075241
00:13||547755500||410064||0.00075241
00:14||547755500||410064||0.00075241
00:15||547755500||410064||0.00075241
00:16||548734500||410064||0.00075241
00:17||548734500||410064||0.00075241
00:18||548734500||410064||0.00075241
00:19||548734500||410064||0.00075241
00:20||548734500||410064||0.00075241
00:21||547756000||410064||0.00075241
00:22||547756000||410064||0.00075241
00:23||547756000||410064||0.00075241
00:24||547756000||410064||0.00075241
00:25||547756000||410064||0.00075241
00:26||547756000||410064||0.00075241
00:27||548700500||410064||0.00075241
00:28||547534000||410064||0.00075241
00:29||548535500||413073||0.00075241
00:30||548535500||413073||0.00075241
00:31||549035500||413825||0.00075241
00:32||549923500||414200||0.00075241
00:33||549923500||413334||0.00075241
00:34||549923500||413334||0.00075241
00:35||549923500||413334||0.00075241
00:36||549790000||413334||0.00075241
00:37||549790000||413334||0.00075241
00:38||549716500||413334||0.00075241
00:39||549716500||413334||0.00075241
00:40||549716500||413334||0.00075241
00:41||549716500||413334||0.00075241
00:42||549716500||413334||0.00075241
00:43||549716500||413334||0.00075241
00:44||549731500||413334||0.00075241
00:45||549731500||413346||0.00075241
00:46||549731500||413346||0.00075241
00:47||549731500||413346||0.00075241
00:48||549771500||413900||0.00075241
00:49||549775000||413975||0.00075241
00:50||549775000||413975||0.00075241
00:51||549761500||413975||0.00075241
00:52||549761500||413975||0.00075241
00:53||549761500||413975||0.00075241
00:54||549761500||413955||0.00075241
00:55||549761500||413955||0.00075241
00:56||549761500||413955||0.00075241
00:57||549761500||413955||0.00075241
00:58||549761500||413955||0.00075241
00:59||549761500||413955||0.00075241
01:00||549761500||413955||0.00075241
01:01||549761500||413955||0.00075241
01:02||549761500||413334||0.00075241
01:03||549717500||413334||0.00075241
01:04||549349000||413336||0.00075241
01:05||548629500||413334||0.00075241
01:06||547482500||412320||0.00075241
01:07||547675000||410439||0.00075241
01:08||547578000||410439||0.00075241
01:09||544707000||410063||0.00075241
01:10||546860500||409087||0.00075241
01:11||547006000||409087||0.00075241
01:12||547006000||409087||0.00075241
01:13||547006000||409087||0.00075241
01:14||547064500||409087||0.00075241
01:15||547064500||409087||0.00075241
01:16||547064500||409087||0.00075241
01:17||547064500||409087||0.00075241
01:18||547064500||413745||0.00075241
01:19||547064500||413745||0.00075241
01:20||547064500||413745||0.00075241
01:21||547064500||413745||0.00075241
01:22||547064500||413745||0.00075241
01:23||547064500||413745||0.00075241
01:24||547064500||413745||0.00075241
01:25||547064500||413745||0.00075241
01:26||547064500||409487||0.00075241
01:27||547064500||409487||0.00075241
01:28||547064500||413745||0.00075241
01:29||547064500||413745||0.00075241
01:30||547064500||413745||0.00075241
01:31||547117000||413745||0.00075241
01:32||547549500||413745||0.00075241
01:33||547749500||414201||0.00075241
01:34||551637500||414766||0.00075241
01:35||552263000||415330||0.00075241
01:36||552263000||415330||0.00075241
01:37||549804500||415330||0.00075241
01:38||549804500||415705||0.00075241
01:39||549910500||415705||0.00075241
01:40||550286500||415705||0.00075241
01:41||551292000||415564||0.00075241
01:42||551184500||415564||0.00075241
01:43||551184500||415564||0.00075241
01:44||551184500||415564||0.00075241
01:45||551184500||415564||0.00075241
01:46||551278500||415306||0.00075241
01:47||550707000||415306||0.00075241
01:48||550068000||415306||0.00075241
01:49||550426000||415306||0.00075241
01:50||550679000||415306||0.00075241
01:51||550885000||415306||0.00075241
01:52||551014000||415306||0.00075241
01:53||551179000||414023||0.00075241
01:54||551302000||414023||0.00075241
01:55||551406500||414023||0.00075241
01:56||551442500||414023||0.00075241
01:57||551442500||414023||0.00075241
01:58||551442500||414023||0.00075241
01:59||551442500||414023||0.00075241
02:00||551442500||414023||0.00075241
02:01||551442500||415297||0.00075241
02:02||551442500||415297||0.00075241
02:03||551442500||415297||0.00075241
02:04||551442500||415297||0.00075241
02:05||549506500||412322||0.00075241
02:06||549892500||412322||0.00075241
02:07||550137500||412322||0.00075241
02:08||551187000||414389||0.00075241
02:09||551187000||414389||0.00075241
02:10||551700500||414954||0.00075241
02:11||551750000||414954||0.00075241
02:12||551750000||415329||0.00075241
02:13||551750000||415329||0.00075241
02:14||551019500||415329||0.00075241
02:15||551019500||415329||0.00075241
02:16||551019500||415329||0.00075241
02:17||551000000||415329||0.00075241
02:18||550980000||415329||0.00075241
02:19||550980000||415329||0.00075241
02:20||550980000||415329||0.00075241
02:21||550999500||415329||0.00075241
02:22||550999500||415329||0.00075241
02:23||550999500||415329||0.00075241
02:24||550999500||415329||0.00075241
02:25||550999500||415300||0.00075241
02:26||550999500||415300||0.00075241
02:27||550999500||415300||0.00075241
02:28||551019000||415300||0.00075241
02:29||551014500||415300||0.00075241
02:30||551014500||415322||0.00075241
02:31||551014000||415322||0.00075241
02:32||551014000||415322||0.00075241
02:33||552441000||415564||0.00075241
02:34||553585000||416457||0.00075241
02:35||552395000||417210||0.00075241
02:36||552395000||417210||0.00075241
02:37||552395000||417210||0.00075241
02:38||552349000||417289||0.00075241
02:39||552349000||417289||0.00075241
02:40||552349000||417289||0.00075241
02:41||552394500||417289||0.00075241
02:42||552394500||417289||0.00075241
02:43||552394500||417289||0.00075241
02:44||552394500||417289||0.00075241
02:45||552394500||417289||0.00075241
02:46||552394500||417289||0.00075241
02:47||552439000||417289||0.00075241
02:48||552439000||417289||0.00075241
02:49||552439000||417289||0.00075241
02:50||552439000||417289||0.00075241
02:51||552439000||417289||0.00075241
02:52||552439000||417289||0.00075241
02:53||552439000||417289||0.00075241
02:54||552439000||417289||0.00075241
02:55||552439000||417289||0.00075241
02:56||552439000||417289||0.00075241
02:57||552439000||417289||0.00075241
02:58||552439000||417289||0.00075241
02:59||552439000||417289||0.00075241
03:00||552439000||417289||0.00075241
03:01||552439000||417289||0.00075241
03:02||552439000||417289||0.00075241
03:03||552482500||417289||0.00075241
03:04||552482500||417289||0.00075241
03:05||552482500||417289||0.00075241
03:06||552482500||417289||0.00075241
03:07||552482500||417289||0.00075241
03:08||552482500||417289||0.00075241
03:09||552482500||417289||0.00075241
03:10||552482500||417289||0.00075241
03:11||552482500||417289||0.00075241
03:12||552482500||417289||0.00075241
03:13||552482500||417289||0.00075241
03:14||552348000||417289||0.00075241
03:15||552348000||417289||0.00075241
03:16||552348000||417289||0.00075241
03:17||552348000||413894||0.00075241
03:18||552302500||413894||0.00075241
03:19||552302500||413894||0.00075241
03:20||552302500||413894||0.00075241
03:21||552302500||413894||0.00075241
03:22||552302500||413894||0.00075241
03:23||552302500||413894||0.00075241
03:24||552302500||413894||0.00075241
03:25||552302500||413894||0.00075241
03:26||552302500||413894||0.00075241
03:27||552302500||417221||0.00075241
03:28||552302500||417221||0.00075241
03:29||552302500||417221||0.00075241
03:30||552302500||417221||0.00075241
03:31||552302500||417221||0.00075241
03:32||552302500||417221||0.00075241
03:33||552302500||417221||0.00075241
03:34||552302500||417221||0.00075241
03:35||552302500||417221||0.00075241
03:36||552302500||417221||0.00075241
03:37||552302500||417221||0.00075241
03:38||552394000||417221||0.00075241
03:39||552394000||417358||0.00075241
03:40||552393500||417358||0.00075241
03:41||552393500||417358||0.00075241
03:42||553327500||417288||0.00075241
03:43||553327500||417288||0.00075241
03:44||553327500||417288||0.00075241
03:45||553327500||417288||0.00075241
03:46||553300500||417288||0.00075241
03:47||553300500||417288||0.00075241
03:48||553300500||415369||0.00075241
03:49||552320000||415369||0.00075241
03:50||552320000||415369||0.00075241
03:51||552320000||415369||0.00075241
03:52||552320000||415369||0.00075241
03:53||552320000||415369||0.00075241
03:54||552320000||417248||0.00075241
03:55||552320000||417248||0.00075241
03:56||552320000||417248||0.00075241
03:58||552320000||417248||0.00075241
03:59||552320000||417248||0.00075241
04:00||552320000||417248||0.00075241
04:01||552320000||417248||0.00075241
04:02||552320000||417248||0.00075241
04:03||552320000||417248||0.00075241
04:04||552320000||417248||0.00075241
04:05||552320000||417248||0.00075241
04:06||552270500||417248||0.00075241
04:07||552270500||417248||0.00075241
04:08||552270500||417248||0.00075241
04:09||552270500||417173||0.00075241
04:10||552270500||417173||0.00075241
04:11||552270500||417173||0.00075241
04:12||552270500||417173||0.00075241
04:13||552315000||417173||0.00075241
04:14||552315000||417173||0.00075241
04:15||554854500||417361||0.00075241
04:16||555506500||417586||0.00075241
04:17||556309500||418339||0.00075241
04:18||553799500||418339||0.00075241
04:19||553800500||418339||0.00075241
04:20||553800500||418339||0.00075241
04:21||553855500||418339||0.00075241
04:22||553855500||418339||0.00075241
04:23||553855500||418339||0.00075241
04:24||553855500||418339||0.00075241
04:25||553855500||418339||0.00075241
04:26||553855500||418339||0.00075241
04:27||553855500||418339||0.00075241
04:28||553911000||418339||0.00075241
04:29||554835500||418339||0.00075241
04:30||554531000||418339||0.00075241
04:31||554531000||418339||0.00075241
04:32||555749500||419844||0.00075241
04:33||555749500||419844||0.00075241
04:34||555749500||419844||0.00075241
04:35||555749500||419844||0.00075241
04:36||555749500||419844||0.00075241
04:37||555704500||419844||0.00075241
04:38||556454500||419844||0.00075241
04:39||556454500||419844||0.00075241
04:40||557904500||419844||0.00075241
04:41||556454500||419844||0.00075241
04:42||555704500||416458||0.00075241
04:43||555704500||416458||0.00075241
04:44||555704500||416458||0.00075241
04:45||555313000||416458||0.00075241
04:46||555350000||416458||0.00075241
04:47||555350000||416458||0.00075241
04:48||555350000||416458||0.00075241
04:49||555350000||416458||0.00075241
04:50||555313000||416458||0.00075241
04:51||554750000||416458||0.00075241
04:52||554750000||416458||0.00075241
04:53||554750000||418339||0.00075241
04:54||554750000||418339||0.00075241
04:55||554750000||418339||0.00075241
04:56||554750000||418339||0.00075241
04:57||554750000||418339||0.00075241
04:58||554750000||418339||0.00075241
04:59||554750000||418339||0.00075241
05:00||554750000||418339||0.00075241
05:01||554750000||418339||0.00075241
05:02||554750000||418339||0.00075241
05:03||554750000||418339||0.00075241
05:04||554750000||418339||0.00075241
05:05||554725000||418339||0.00075241
05:06||554250500||418339||0.00075241
05:07||554250500||418339||0.00075241
05:08||554250500||418339||0.00075241
05:09||554250500||418339||0.00075241
05:10||554250500||418339||0.00075241
05:11||555734500||417587||0.00075241
05:12||554984500||417587||0.00075241
05:13||554999500||417587||0.00075241
05:14||554999500||417587||0.00075241
05:15||554969500||417587||0.00075241
05:16||555219500||417587||0.00075241
05:17||555719500||417587||0.00075241
05:18||555719500||417587||0.00075241
05:19||555588000||417587||0.00075241
05:20||555588000||417587||0.00075241
05:21||555600000||417587||0.00075241
05:22||555600000||417587||0.00075241
05:23||555600000||417587||0.00075241
05:24||555600000||417587||0.00075241
05:25||555749500||417587||0.00075241
05:26||555749500||417587||0.00075241
05:27||555749500||417587||0.00075241
05:28||555734500||417587||0.00075241
05:29||555734500||417587||0.00075241
05:30||555734500||417587||0.00075241
05:31||555734500||417587||0.00075241
05:32||555749500||417587||0.00075241
05:33||555749500||417587||0.00075241
05:34||555749500||417587||0.00075241
05:35||555749500||417587||0.00075241
05:36||556249500||417587||0.00075241
05:37||556250000||417587||0.00075241
05:38||556250000||417587||0.00075241
05:39||556624000||419092||0.00075241
05:40||557248000||419242||0.00075241
05:41||557248000||419467||0.00075241
05:42||557624000||419468||0.00075241
05:43||557624000||419468||0.00075241
05:44||557629500||418340||0.00075241
05:45||556874500||418340||0.00075241
05:46||556874000||421199||0.00075241
05:47||560500000||421725||0.00075241
05:48||560500000||421725||0.00075241
05:49||560500000||421725||0.00075241
05:50||560500000||421725||0.00075241
05:51||560750000||421725||0.00075241
05:52||560750000||421725||0.00075241
05:53||559002500||421725||0.00075241
05:54||561000000||421725||0.00075241
05:55||561250000||421725||0.00075241
05:56||562500500||423606||0.00075241
05:57||563742500||424347||0.00075241
05:58||563742500||424347||0.00075241
05:59||563742000||424347||0.00075241
06:00||563984500||424347||0.00075241
06:01||563867000||424347||0.00075241
06:02||563750500||424347||0.00075241
06:03||563750500||424347||0.00075241
06:05||563500500||423983||0.00075241
06:06||563626500||423985||0.00075241
06:07||563500500||423983||0.00075241
06:08||562750000||422854||0.00075241
06:09||562375000||422854||0.00075241
06:10||562250000||422854||0.00075241
06:11||562000500||422854||0.00075241
06:12||562000500||422854||0.00075241
06:13||562000500||422854||0.00075241
06:14||562000500||422854||0.00075241
06:15||562000500||422854||0.00075241
06:16||562000500||422854||0.00075241
06:17||562000500||422854||0.00075241
06:18||562000500||421349||0.00075241
06:19||560250500||421349||0.00075241
06:20||559250000||421349||0.00075241
06:21||560350500||421349||0.00075241
06:22||560350500||421349||0.00075241
06:23||560850500||422855||0.00075241
06:24||561000500||422855||0.00075241
06:25||561003000||421353||0.00075241
06:26||561003000||421353||0.00075241
06:27||561003000||421353||0.00075241
06:28||561003000||421353||0.00075241
06:29||561003000||422855||0.00075241
06:30||561009500||422855||0.00075241
06:31||561009500||422855||0.00075241
06:32||561009500||421363||0.00075241
06:33||560010500||421357||0.00075241
06:34||560010500||421357||0.00075241
06:35||560010500||421357||0.00075241
06:36||561499500||422335||0.00075241
06:37||561499500||422335||0.00075241
06:38||561499500||422335||0.00075241
06:39||561750000||422478||0.00075241
06:40||561749500||422854||0.00075241
06:41||561749500||422478||0.00075241
06:42||561502000||422478||0.00075241
06:43||561876500||423155||0.00075241
06:44||561876500||423155||0.00075241
06:45||561876500||423155||0.00075241
06:46||561876500||423155||0.00075241
06:47||561876500||423155||0.00075241
06:48||561876500||423042||0.00075241
06:49||561876500||423042||0.00075241
06:50||561876500||423042||0.00075241
06:51||562249500||423042||0.00075241
06:52||561877500||422481||0.00075241
06:53||561878000||422482||0.00075241
06:54||562499500||423230||0.00075241
06:55||562499500||423229||0.00075241
06:56||562999500||423606||0.00075241
06:57||565445000||426544||0.00075241
06:58||565367500||426544||0.00075241
06:59||565952500||426541||0.00075241
07:00||566902500||426544||0.00075241
07:01||566902500||426544||0.00075241
07:02||566902500||426544||0.00075241
07:03||567450000||427368||0.00075241
07:04||567825000||427933||0.00075241
07:05||567850000||427933||0.00075241
07:06||567561500||427933||0.00075241
07:07||567450000||427933||0.00075241
07:08||567316500||427933||0.00075241
07:09||565003000||423685||0.00075241
07:10||565005000||423685||0.00075241
07:11||565005000||423685||0.00075241
07:12||564967000||423685||0.00075241
07:13||564929500||423685||0.00075241
07:14||564893000||423685||0.00075241
07:15||564893000||423685||0.00075241
07:16||564893000||423688||0.00075241
07:17||564893000||423688||0.00075241
07:18||564804500||423688||0.00075241
07:19||565511500||427933||0.00075241
07:20||565500000||427933||0.00075241
07:21||565500000||427933||0.00075241
07:22||565900000||427933||0.00075241
07:23||566000000||427933||0.00075241
07:24||567250000||426616||0.00075241
07:25||567250000||426616||0.00075241
07:26||567250500||426616||0.00075241
07:27||567250500||426992||0.00075241
07:28||565881500||426616||0.00075241
07:29||564589000||425111||0.00075241
07:30||563550000||424363||0.00075241
07:31||562053500||423454||0.00075241
07:32||562745500||423454||0.00075241
07:33||562773000||423454||0.00075241
07:34||563382000||424352||0.00075241
07:35||563384500||424352||0.00075241
07:36||563384000||424352||0.00075241
07:37||563494500||424350||0.00075241
07:38||563494500||424350||0.00075241
07:39||563495000||424350||0.00075241
07:40||563485000||424350||0.00075241
07:41||563485000||424335||0.00075241
07:42||563485000||424335||0.00075241
07:43||562852000||423606||0.00075241
07:44||562849000||423436||0.00075241
07:45||562849000||423436||0.00075241
07:46||562320000||423436||0.00075241
07:47||562250000||423436||0.00075241
07:48||562001500||423436||0.00075241
07:49||562975000||422855||0.00075241
07:50||562974500||422855||0.00075241
07:51||562500500||422855||0.00075241
07:52||562625000||422855||0.00075241
07:53||562600500||422855||0.00075241
07:54||562620500||423599||0.00075241
07:55||562989500||423598||0.00075241
07:56||562994500||423599||0.00075241
07:57||563369500||424170||0.00075241
07:58||563000000||423043||0.00075241
07:59||563000000||424170||0.00075241
08:00||562985500||424170||0.00075241
08:01||562625500||423595||0.00075241
08:02||562627500||423595||0.00075241
08:03||562627500||423595||0.00075241
08:04||562627500||423595||0.00075241
08:05||562628000||423595||0.00075241
08:06||563003000||424170||0.00075241
08:07||563003500||424170||0.00075241
08:08||563018500||423071||0.00075241
08:09||563382000||423071||0.00075241
08:10||563627000||423071||0.00075241
08:11||563627000||423071||0.00075241
08:12||564505000||424359||0.00075241
08:13||564256000||424359||0.00075241
08:14||564381000||424923||0.00075241
08:15||564381000||424368||0.00075241
08:16||564906000||425110||0.00075241
08:17||565016000||425111||0.00075241
08:18||565016000||425111||0.00075241
08:19||565016000||425111||0.00075241
08:20||564766000||425111||0.00075241
08:21||565625500||425487||0.00075241
08:22||565749500||425487||0.00075241
08:23||565749500||425675||0.00075241
08:24||565749500||425675||0.00075241
08:25||565874500||425864||0.00075241
08:26||565874500||425864||0.00075241
08:27||565749500||425864||0.00075241
08:28||565749500||425864||0.00075241
08:29||565749500||425864||0.00075241
08:30||565969500||426013||0.00075241
08:31||565969500||425675||0.00075241
08:32||565969500||425675||0.00075241
08:33||565969500||425675||0.00075241
08:34||565969500||426007||0.00075241
08:35||565969500||425675||0.00075241
08:36||565974000||426007||0.00075241
08:37||566449500||426202||0.00075241
08:38||566449500||426202||0.00075241
08:39||566449500||426202||0.00075241
08:40||566449500||426202||0.00075241
08:41||566449500||426202||0.00075241
08:42||566449500||426202||0.00075241
08:43||567750000||428113||0.00075241
08:44||568515500||429249||0.00075241
08:45||568476000||426263||0.00075241
08:46||569265000||428873||0.00075241
08:47||570255000||428873||0.00075241
08:48||571245500||430002||0.00075241
08:49||570770000||430002||0.00075241
08:50||570787000||429998||0.00075241
08:51||570544500||429735||0.00075241
08:52||570553500||430002||0.00075241
08:53||571756500||430378||0.00075241
08:54||572750000||430754||0.00075241
08:55||571573500||431130||0.00075241
08:56||575081500||430002||0.00075241
08:57||572914500||432923||0.00075241
08:59||575357000||431668||0.00075241
09:00||574925000||431668||0.00075241
09:01||574925000||431668||0.00075241
09:02||574925000||433388||0.00075241
09:03||574856000||431668||0.00075241
09:04||574856000||431668||0.00075241
09:05||574856000||431668||0.00075241
09:06||574750000||433386||0.00075241
09:07||574950000||431883||0.00075241
09:08||574950000||433312||0.00075241
09:09||574949500||433312||0.00075241
09:10||574510000||431898||0.00075241
09:11||574755000||432635||0.00075241
09:12||574755000||432635||0.00075241
09:13||575015000||433011||0.00075241
09:14||577019000||434328||0.00075241
09:15||578131500||435081||0.00075241
09:16||578131000||435080||0.00075241
09:17||578575000||435570||0.00075241
09:18||578377500||435269||0.00075241
09:19||578499500||435269||0.00075241
09:20||578900500||435269||0.00075241
09:21||579449500||436397||0.00075241
09:22||579244000||436397||0.00075241
09:23||579204000||435268||0.00075241
09:24||579200000||435268||0.00075241
09:25||579150000||435268||0.00075241
09:26||579100000||436172||0.00075241
09:27||579000000||436172||0.00075241
09:28||578950000||436172||0.00075241
09:29||578949500||435945||0.00075241
09:30||578945000||435945||0.00075241
09:31||578945000||435945||0.00075241
09:32||578500500||435945||0.00075241
09:33||578500500||435269||0.00075241
09:34||578500500||435269||0.00075241
09:35||577254500||434892||0.00075241
09:36||577254500||434892||0.00075241
09:37||577254500||434892||0.00075241
09:38||577500000||434892||0.00075241
09:39||577500500||434892||0.00075241
09:40||577500500||434892||0.00075241
09:41||577500000||434892||0.00075241
09:42||577500500||434140||0.00075241
09:43||577500500||434892||0.00075241
09:44||577751000||435269||0.00075241
09:45||577875500||435269||0.00075241
09:46||578275000||435871||0.00075241
09:47||578275500||435645||0.00075241
09:48||578250500||435645||0.00075241
09:49||578000500||434930||0.00075241
09:50||577580000||435382||0.00075241
09:51||577505000||435193||0.00075241
09:52||577900000||435193||0.00075241
09:53||578652500||435645||0.00075241
09:54||578205000||435645||0.00075241
09:55||577999000||435327||0.00075241
09:56||578066500||434558||0.00075241
09:57||578277500||435645||0.00075241
09:58||578500000||435645||0.00075241
09:59||578280000||435645||0.00075241
10:00||578427500||435871||0.00075241
10:01||578430000||434558||0.00075241
10:02||578430000||435871||0.00075241
10:03||578280000||435871||0.00075241
10:04||577750000||433764||0.00075241
10:05||577028000||433764||0.00075241
10:06||577028000||433764||0.00075241
10:07||577028000||433764||0.00075241
10:08||577028000||433764||0.00075241
10:09||577028000||433764||0.00075241
10:10||577028000||433764||0.00075241
10:11||576764000||433764||0.00075241
10:12||576764000||433764||0.00075241
10:13||576764000||434161||0.00075241
10:14||577028500||434558||0.00075241
10:15||577028500||434558||0.00075241
10:16||577028500||434558||0.00075241
10:17||577029000||434558||0.00075241
10:18||577281000||434558||0.00075241
10:19||577281000||434558||0.00075241
10:20||577007500||434558||0.00075241
10:21||577281000||434558||0.00075241
10:22||577450000||434558||0.00075241
10:23||577477500||434516||0.00075241
10:24||577285500||434558||0.00075241
10:25||577285500||434558||0.00075241
10:26||577285500||434558||0.00075241
10:27||577285500||434558||0.00075241
10:28||577285500||434152||0.00075241
10:29||577286000||434152||0.00075241
10:30||577291000||434152||0.00075241
10:31||578033000||434566||0.00075241
10:32||579565500||436021||0.00075241
10:33||579923000||436396||0.00075241
10:34||580824000||437526||0.00075241
10:35||580824000||438278||0.00075241
10:36||581249500||438278||0.00075241
10:37||580974000||436397||0.00075241
10:38||580924000||436358||0.00075241
10:39||580924000||436358||0.00075241
10:40||580474000||436358||0.00075241
10:41||580474000||436358||0.00075241
10:42||580474000||437150||0.00075241
10:43||580323500||437150||0.00075241
10:44||580274000||437150||0.00075241
10:45||580274000||437150||0.00075241
10:46||580274000||437150||0.00075241
10:47||580274000||437150||0.00075241
10:48||580274000||437150||0.00075241
10:49||580274000||437150||0.00075241
10:50||580274000||437074||0.00075241
10:51||580274000||437074||0.00075241
10:52||579009500||437149||0.00075241
10:53||579009500||437149||0.00075241
10:54||579009500||434155||0.00075241
10:55||578560000||434155||0.00075241
10:56||578559500||434230||0.00075241
10:57||578625000||434516||0.00075241
10:58||577750000||434516||0.00075241
10:59||577750000||434516||0.00075241
11:00||577750000||434516||0.00075241
11:01||577750000||434516||0.00075241
11:02||578600000||436172||0.00075241
11:03||578696000||436209||0.00075241
11:04||578892500||436209||0.00075241
11:05||579519000||437150||0.00075241
11:06||580000000||437150||0.00075241
11:07||580000000||437150||0.00075241
11:08||580000000||435645||0.00075241
11:09||580000000||436397||0.00075241
11:10||579500000||435645||0.00075241
11:11||579500000||436390||0.00075241
11:12||579500000||436397||0.00075241
11:13||579550000||436397||0.00075241
11:14||579550000||435720||0.00075241
11:15||579549500||435720||0.00075241
11:16||578950000||434892||0.00075241
11:17||579450500||434892||0.00075241
11:18||579450500||434892||0.00075241
11:19||579375500||434892||0.00075241
11:20||579001500||434892||0.00075241
11:21||579001500||435646||0.00075241
11:22||579251000||435646||0.00075241
11:23||579375500||435833||0.00075241
11:24||579375500||435833||0.00075241
11:25||579251000||435833||0.00075241
11:26||579201000||435833||0.00075241
11:27||579201000||435833||0.00075241
11:28||579201000||435871||0.00075241
11:29||579201000||435871||0.00075241
11:30||579125500||435871||0.00075241
11:31||579125500||435758||0.00075241
11:32||579100500||435646||0.00075241
11:33||579100500||435720||0.00075241
11:34||579100500||435720||0.00075241
11:35||579050500||435649||0.00075241
11:36||579045000||435645||0.00075241
11:37||579000500||435645||0.00075241
11:38||579000500||435645||0.00075241
11:39||579000500||435645||0.00075241
11:40||579000500||435645||0.00075241
11:41||579000500||435645||0.00075241
11:42||579000500||435645||0.00075241
11:43||579000500||435645||0.00075241
11:44||579000500||435645||0.00075241
11:45||579000500||435645||0.00075241
11:46||579000500||435645||0.00075241
11:47||579000500||435645||0.00075241
11:48||579000500||435645||0.00075241
11:49||579000500||435645||0.00075241
11:50||579000500||435645||0.00075241
11:51||579000500||435645||0.00075241
11:52||579000500||435645||0.00075241
11:53||579000500||435645||0.00075241
11:54||579000500||435645||0.00075241
11:55||579000500||435645||0.00075241
11:56||579000500||435645||0.00075241
11:57||579000500||435645||0.00075241
11:58||579000500||435645||0.00075241
11:59||579000500||435645||0.00075241
12:00||579000500||435645||0.00075241
12:01||578500500||434893||0.00075241
12:02||578500500||435269||0.00075241
12:03||578501000||434893||0.00075241
12:04||578201000||434893||0.00075241
12:05||578701000||435646||0.00075241
12:06||578401500||435269||0.00075241
12:07||578325000||435195||0.00075241
12:08||578325000||435087||0.00075241
12:09||578600000||435607||0.00075241
12:10||578625500||435607||0.00075241
12:11||578626000||435646||0.00075241
12:12||578750000||435646||0.00075241
12:13||579000500||435646||0.00075241
12:14||578750000||435645||0.00075241
12:15||578750000||435645||0.00075241
12:16||578855500||435645||0.00075241
12:17||579138000||435646||0.00075241
12:18||579138000||435758||0.00075241
12:19||578983000||435833||0.00075241
12:20||578994000||435833||0.00075241
12:21||580581000||437150||0.00075241
12:22||580562000||437150||0.00075241
12:23||580562000||437150||0.00075241
12:24||579886500||437150||0.00075241
12:25||579886500||437150||0.00075241
12:26||580346000||437272||0.00075241
12:27||580831000||437272||0.00075241
12:28||581000000||437526||0.00075241
12:29||581010000||437526||0.00075241
12:30||581010000||437526||0.00075241
12:31||581010000||437526||0.00075241
12:32||581010000||437526||0.00075241
12:33||581020500||436804||0.00075241
12:34||580749500||436397||0.00075241
12:35||580625000||436397||0.00075241
12:36||580375000||436962||0.00075241
12:37||580625000||437338||0.00075241
12:38||580500500||436774||0.00075241
12:39||580500500||436774||0.00075241
12:40||580627500||437338||0.00075241
12:41||581632000||437714||0.00075241
12:42||581125500||437714||0.00075241
12:43||581632500||437714||0.00075241
12:44||581382000||436774||0.00075241
12:45||581506500||437901||0.00075241
12:46||581757500||438278||0.00075241
12:47||581500000||437150||0.00075241
12:48||582012000||437688||0.00075241
12:49||582107500||437688||0.00075241
12:50||582344500||437688||0.00075241
12:51||582344500||437688||0.00075241
12:52||582344500||438635||0.00075241
12:53||582345000||438635||0.00075241
12:54||582345000||438635||0.00075241
12:55||582344500||437688||0.00075241
12:56||582344500||437688||0.00075241
12:57||582379500||437688||0.00075241
12:58||582056500||438162||0.00075241
12:59||581787000||437740||0.00075241
13:00||581892500||438655||0.00075241
13:01||581785500||437741||0.00075241
13:02||581892500||437902||0.00075241
13:03||581992500||437902||0.00075241
13:04||581850500||437892||0.00075241
13:05||581850500||437688||0.00075241
13:06||581850500||437887||0.00075241
13:07||581857500||437902||0.00075241
13:08||581717500||437691||0.00075241
13:09||581857500||437902||0.00075241
13:10||581858000||437902||0.00075241
13:11||581857500||437902||0.00075241
13:12||581855000||437902||0.00075241
13:13||581347000||437688||0.00075241
13:14||581490000||437661||0.00075241
13:15||581240000||436774||0.00075241
13:16||581210500||437887||0.00075241
13:17||581148000||437887||0.00075241
13:18||581148000||437748||0.00075241
13:19||579490000||436021||0.00075241
13:20||578345000||435081||0.00075241
13:21||578345000||435081||0.00075241
13:22||580000500||435081||0.00075241
13:23||580000500||435081||0.00075241
13:24||580000500||435081||0.00075241
13:25||577995500||434704||0.00075241
13:26||577822500||434892||0.00075241
13:27||577120500||434231||0.00075241
13:28||577120500||434231||0.00075241
13:29||577120500||434231||0.00075241
13:30||578530000||436396||0.00075241
13:31||578530000||436396||0.00075241
13:32||578530500||436396||0.00075241
13:33||578286500||436396||0.00075241
13:34||578286500||435985||0.00075241
13:35||578041500||435616||0.00075241
13:36||577796500||435248||0.00075241
13:37||577991500||435541||0.00075241
13:38||577992000||435541||0.00075241
13:39||578530500||436394||0.00075241
13:40||578530500||436394||0.00075241
13:41||577048500||434230||0.00075241
13:42||577486500||433191||0.00075241
13:43||577046500||433191||0.00075241
13:44||572653500||431670||0.00075241
13:45||572653500||430079||0.00075241
13:46||572852500||431661||0.00075241
13:47||571725000||430115||0.00075241
13:48||574445000||430378||0.00075241
13:49||572848000||431849||0.00075241
13:50||573234500||431860||0.00075241
13:51||573249500||431882||0.00075241
13:52||573249500||431860||0.00075241
13:53||573020000||431883||0.00075241
13:54||573989500||431160||0.00075241
13:55||574470000||432590||0.00075241
13:56||573469000||431883||0.00075241
13:57||573250000||431507||0.00075241
13:58||573250000||431507||0.00075241
13:59||573999000||431130||0.00075241
14:00||573978500||432634||0.00075241
14:01||573978500||432603||0.00075241
14:02||573498500||432603||0.00075241
14:03||574111000||432634||0.00075241
14:04||574998000||432634||0.00075241
14:05||574142000||432634||0.00075241
14:06||574998500||432634||0.00075241
14:07||574141500||432634||0.00075241
14:08||575253500||432634||0.00075241
14:09||575253500||432634||0.00075241
14:10||575498500||433011||0.00075241
14:11||575498500||433011||0.00075241
14:12||575498500||433011||0.00075241
14:13||575259000||434102||0.00075241
14:14||576465500||434088||0.00075241
14:15||576465500||434088||0.00075241
14:16||575376000||433388||0.00075241
14:17||575955500||434073||0.00075241
14:18||576080500||434073||0.00075241
14:19||576080500||432823||0.00075241
14:20||576080500||432823||0.00075241
14:21||576080500||432823||0.00075241
14:22||576080500||434073||0.00075241
14:23||575239000||431506||0.00075241
14:24||576278500||435637||0.00075241
14:25||576278500||435637||0.00075241
14:26||576278500||435637||0.00075241
14:27||576540000||435637||0.00075241
14:28||577519500||435637||0.00075241
14:29||577989500||435637||0.00075241
14:30||577515000||433388||0.00075241
14:31||577515000||433388||0.00075241
14:32||577485000||433388||0.00075241
14:33||576539500||433388||0.00075241
14:34||577965000||433388||0.00075241
14:35||577965000||435615||0.00075241
14:36||577964500||435615||0.00075241
14:37||577964500||435615||0.00075241
14:38||577964500||435615||0.00075241
14:39||576534000||435614||0.00075241
14:40||576534500||435615||0.00075241
14:41||576534500||435615||0.00075241
14:42||578489500||435615||0.00075241
14:43||578489500||434907||0.00075241
14:44||578930000||434612||0.00075241
14:45||578293500||434612||0.00075241
14:46||578303000||434612||0.00075241
14:47||578303000||435629||0.00075241
14:48||578510000||435645||0.00075241
14:49||578260000||435645||0.00075241
14:50||578392500||435081||0.00075241
14:51||578999500||436020||0.00075241
14:52||579747500||436021||0.00075241
14:53||578997500||436394||0.00075241
14:54||578284500||433764||0.00075241
14:55||577785000||433817||0.00075241
14:56||577785000||435645||0.00075241
14:57||578284500||436397||0.00075241
14:58||578284500||436397||0.00075241
14:59||578284500||436397||0.00075241
15:00||578284500||436397||0.00075241
15:01||578280000||436397||0.00075241
15:02||578605000||436698||0.00075241
15:03||579125000||436774||0.00075241
15:04||578625000||434892||0.00075241
15:05||578875000||434892||0.00075241
15:06||578875500||434892||0.00075241
15:07||578875500||434517||0.00075241
15:08||578875500||434517||0.00075241
15:09||578750500||434517||0.00075241
15:10||578500500||435645||0.00075241
15:11||578750500||436021||0.00075241
15:12||579000000||436021||0.00075241
15:13||579000000||436021||0.00075241
15:14||579000000||436021||0.00075241
15:15||579250000||436021||0.00075241
15:16||579000500||436021||0.00075241
15:17||579250000||435645||0.00075241
15:18||579249500||436209||0.00075241
15:19||579249500||436209||0.00075241
15:20||579624500||436020||0.00075241
15:21||579250000||436020||0.00075241
15:22||578750000||434893||0.00075241
15:23||578750000||434893||0.00075241
15:24||578500500||434893||0.00075241
15:25||578250500||435645||0.00075241
15:26||578399500||435268||0.00075241
15:27||578300500||435118||0.00075241
15:28||578300500||435118||0.00075241
15:29||578151000||435119||0.00075241
15:30||578405000||435269||0.00075241
15:31||578530000||435457||0.00075241
15:32||577663500||433822||0.00075241
15:33||577663500||433822||0.00075241
15:34||578250000||435457||0.00075241
15:35||578250500||435457||0.00075241
15:36||578250500||434705||0.00075241
15:37||578250500||434705||0.00075241
15:38||578245500||434705||0.00075241
15:39||578245500||435449||0.00075241
15:40||578245500||435449||0.00075241
15:41||578245500||435449||0.00075241
15:42||578245500||435449||0.00075241
15:43||578245000||434704||0.00075241
15:44||577670000||433839||0.00075241
15:45||577425000||433839||0.00075241
15:46||577125500||433839||0.00075241
15:47||577125000||433952||0.00075241
15:48||577125000||433952||0.00075241
15:49||577124500||433952||0.00075241
15:50||577124500||433952||0.00075241
15:51||576875000||433952||0.00075241
15:52||576875000||431883||0.00075241
15:53||575500000||431883||0.00075241
15:54||575500000||431883||0.00075241
15:55||575499500||431883||0.00075241
15:56||575500000||431883||0.00075241
15:57||575500000||431883||0.00075241
15:58||575500000||431883||0.00075241
15:59||575500000||431884||0.00075241
16:00||575500000||431884||0.00075241
16:01||575500000||431884||0.00075241
16:02||575500000||431884||0.00075241
16:03||575500000||431884||0.00075241
16:04||575530500||431884||0.00075241
16:05||575530500||431884||0.00075241
16:06||575530500||431884||0.00075241
16:07||575530500||431929||0.00075241
16:08||577132500||434140||0.00075241
16:09||575658500||434140||0.00075241
16:10||575815500||434516||0.00075241
16:11||577499500||434516||0.00075241
16:12||577250000||434140||0.00075241
16:13||577250000||434140||0.00075241
16:14||577125000||434328||0.00075241
16:15||577125000||434328||0.00075241
16:16||576637500||434140||0.00075241
16:17||576978500||434483||0.00075241
16:18||576978000||434483||0.00075241
16:19||576978000||434482||0.00075241
16:20||576978500||434483||0.00075241
16:21||577000500||433765||0.00075241
16:22||577000000||433765||0.00075241
16:23||577010500||434516||0.00075241
16:24||577232500||434482||0.00075241
16:25||577739000||434689||0.00075241
16:26||577382500||434704||0.00075241
16:27||577382500||434704||0.00075241
16:28||578148000||434892||0.00075241
16:29||578148000||434892||0.00075241
16:30||578153500||434930||0.00075241
16:31||578249500||434930||0.00075241
16:32||578249500||434930||0.00075241
16:33||578249500||434930||0.00075241
16:34||578249500||434930||0.00075241
16:35||578249500||435081||0.00075241
16:36||578249500||435081||0.00075241
16:37||578249500||435081||0.00075241
16:38||578494500||435449||0.00075241
16:39||578494500||435080||0.00075241
16:40||578494500||435080||0.00075241
16:41||578495000||435080||0.00075241
16:42||578495000||435080||0.00075241
16:43||578495000||435080||0.00075241
16:44||578495000||435081||0.00075241
16:45||578495000||435081||0.00075241
16:46||578495000||435081||0.00075241
16:47||578907500||435457||0.00075241
16:48||578882500||435625||0.00075241
16:49||579134000||435833||0.00075241
16:50||579134000||435833||0.00075241
16:51||578147500||434140||0.00075241
16:52||578147500||434174||0.00075241
16:53||578147500||434174||0.00075241
16:54||578147500||434174||0.00075241
16:55||578147500||434174||0.00075241
16:56||578147000||434174||0.00075241
16:57||578146500||434174||0.00075241
16:58||578146500||434174||0.00075241
16:59||578146500||435831||0.00075241
17:00||579967500||436209||0.00075241
17:01||578628000||436397||0.00075241
17:02||578775000||436397||0.00075241
17:03||579750000||435660||0.00075241
17:04||579755000||436029||0.00075241
17:05||579750000||436029||0.00075241
17:06||579265000||435291||0.00075241
17:07||579510000||435291||0.00075241
17:08||580061500||436398||0.00075241
17:09||581195500||437315||0.00075241
17:10||581995000||437895||0.00075241
17:11||581590500||437895||0.00075241
17:12||581590500||437902||0.00075241
17:13||581598500||437902||0.00075241
17:14||581590500||437286||0.00075241
17:15||581749500||437901||0.00075241
17:16||582000500||438279||0.00075241
17:17||582700500||438279||0.00075241
17:18||582090500||438655||0.00075241
17:19||582340500||438955||0.00075241
17:20||582390500||438955||0.00075241
17:21||582319500||437361||0.00075241
17:22||582340500||438955||0.00075241
17:23||582140500||438655||0.00075241
17:24||582425000||439377||0.00075241
17:25||582475000||439377||0.00075241
17:26||581840000||438925||0.00075241
17:27||582425000||438925||0.00075241
17:28||582245500||437519||0.00075241
17:29||582245500||439001||0.00075241
17:30||581745500||439001||0.00075241
17:31||582420000||437443||0.00075241
17:32||582415500||437443||0.00075241
17:33||582416000||438241||0.00075241
17:34||582695500||438962||0.00075241
17:35||581982500||438962||0.00075241
17:36||581982500||438962||0.00075241
17:37||581682000||437889||0.00075241
17:38||581390500||437889||0.00075241
17:39||581390500||437451||0.00075241
17:40||581347500||437372||0.00075241
17:41||581295500||437372||0.00075241
17:42||581295500||437372||0.00075241
17:43||580673000||437372||0.00075241
17:44||580673000||437372||0.00075241
17:45||580773000||437372||0.00075241
17:46||580773000||436585||0.00075241
17:47||580773000||437372||0.00075241
17:48||580773000||437372||0.00075241
17:49||580773000||437372||0.00075241
17:50||580776000||437372||0.00075241
17:51||580752500||437372||0.00075241
17:52||580752500||437372||0.00075241
17:53||580772500||437338||0.00075241
17:54||580772500||437338||0.00075241
17:55||580898000||437372||0.00075241
17:56||580898000||437372||0.00075241
17:57||580898000||437372||0.00075241
17:58||580948000||437372||0.00075241
17:59||581095500||437372||0.00075241
18:00||581095500||437372||0.00075241
18:01||581095500||437372||0.00075241
18:02||580750000||436774||0.00075241
18:03||580700000||437074||0.00075241
18:04||580750000||437150||0.00075241
18:05||580750000||436999||0.00075241
18:06||580750500||437150||0.00075241
18:07||580750500||436849||0.00075241
18:08||580650500||436849||0.00075241
18:09||580899500||436999||0.00075241
18:10||580999500||437150||0.00075241
18:11||581399500||437150||0.00075241
18:12||581125000||437902||0.00075241
18:13||580788500||436079||0.00075241
18:14||580825000||437827||0.00075241
18:15||581194000||437827||0.00075241
18:16||581033500||436774||0.00075241
18:17||581500500||436774||0.00075241
18:18||581500500||436774||0.00075241
18:19||581533000||437651||0.00075241
18:20||581533000||437651||0.00075241
18:21||581533500||437651||0.00075241
18:22||581583500||437651||0.00075241
18:23||581665500||437651||0.00075241
18:24||581665500||437651||0.00075241
18:25||581683000||437667||0.00075241
18:26||581714000||437714||0.00075241
18:28||581839000||437902||0.00075241
18:29||582000500||437902||0.00075241
18:30||582000500||437902||0.00075241
18:31||582000500||437903||0.00075241
18:32||582150000||437977||0.00075241
18:33||583810000||439226||0.00075241
18:34||585382500||441288||0.00075241
18:35||585502500||441664||0.00075241
18:36||586115000||439520||0.00075241
18:37||586135000||442469||0.00075241
18:38||586295000||442481||0.00075241
18:39||588063000||442481||0.00075241
18:40||586520500||442447||0.00075241
18:42||586380000||440167||0.00075241
18:43||586625500||440167||0.00075241
18:44||586750000||442416||0.00075241
18:45||586875000||442416||0.00075241
18:46||586625500||442228||0.00075241
18:47||586750000||442040||0.00075241
18:48||586750500||442040||0.00075241
18:49||586750000||442040||0.00075241
18:50||587250000||442040||0.00075241
18:51||587254500||442039||0.00075241
18:52||587254500||442039||0.00075241
18:53||587254500||442039||0.00075241
18:54||587254500||442039||0.00075241
18:55||587254500||441672||0.00075241
18:57||587254000||441672||0.00075241
18:58||587258000||442038||0.00075241
18:59||587497500||441672||0.00075241
19:00||587252500||441672||0.00075241
19:01||587254000||442039||0.00075241
19:03||587256500||442039||0.00075241
19:04||587256500||441675||0.00075241
19:05||587258500||442039||0.00075241
19:06||587256000||441675||0.00075241
19:07||587256000||442038||0.00075241
19:08||587258000||442039||0.00075241
19:09||587258500||441678||0.00075241
19:10||587253500||442031||0.00075241
19:12||587135000||442039||0.00075241
19:13||587250500||441853||0.00075241
19:14||587250500||441853||0.00075241
19:15||587374000||441853||0.00075241
19:11||587253500||441855||0.00075241
19:16||587624000||442228||0.00075241
19:17||587749000||442228||0.00075241
19:18||587749000||442417||0.00075241
19:19||587820500||442481||0.00075241
19:21||589100000||443234||0.00075241
19:20||589043000||443201||0.00075241
19:23||589000500||443170||0.00075241
19:25||589000500||443169||0.00075241
19:26||589000500||443170||0.00075241
19:27||589000500||443170||0.00075241
19:28||588485500||442782||0.00075241
19:29||588485500||443147||0.00075241
19:30||588485500||443147||0.00075241
19:31||588587500||443319||0.00075241
19:32||588587500||443301||0.00075241
19:33||588599500||443301||0.00075241
19:34||588849500||443301||0.00075241
19:35||588842500||443308||0.00075241
19:36||589017500||443308||0.00075241
19:37||588649500||442492||0.00075241
19:38||586535500||441664||0.00075241
19:39||586535500||440976||0.00075241
19:40||587508000||440976||0.00075241
19:41||583279000||439676||0.00075241
19:42||581299500||437150||0.00075241
19:43||579804500||437107||0.00075241
19:44||579804500||437107||0.00075241
19:45||579804500||437107||0.00075241
19:46||579944000||435604||0.00075241
19:47||579944000||437107||0.00075241
19:48||579971500||437107||0.00075241
19:49||579971500||437107||0.00075241
19:50||579972000||435646||0.00075241
19:51||579972000||437107||0.00075241
19:52||579974000||437107||0.00075241
20:02||578500000||435645||0.00075241
20:03||578500500||435644||0.00075241
20:04||578539500||435645||0.00075241
20:05||579120000||436390||0.00075241
20:06||579620000||436390||0.00075241
20:07||579620000||436390||0.00075241
20:08||579620000||436390||0.00075241
20:09||579620000||436390||0.00075241
20:10||579620000||436390||0.00075241
20:11||579620000||435833||0.00075241
20:12||579620000||436390||0.00075241
20:13||579620000||436390||0.00075241
20:14||579620000||436390||0.00075241
20:15||579620000||436390||0.00075241
20:16||579620000||436390||0.00075241
20:17||579620000||436390||0.00075241
20:18||579620000||436390||0.00075241
20:19||579620000||436390||0.00075241
20:20||579120500||436389||0.00075241
20:21||579120500||436389||0.00075241
20:22||579121000||436390||0.00075241
20:23||579121000||436390||0.00075241
20:24||579119500||436390||0.00075241
20:25||579118000||436390||0.00075241
20:26||579118000||436386||0.00075241
20:27||579118500||436386||0.00075241
20:28||579118500||436386||0.00075241
20:29||579118500||436386||0.00075241
20:30||578252500||436386||0.00075241
20:31||578165500||434951||0.00075241
20:32||578165500||435083||0.00075241
20:33||578165500||435083||0.00075241
20:34||578165500||434951||0.00075241
20:35||578129000||434951||0.00075241
20:36||578129000||434951||0.00075241
20:37||577881500||434893||0.00075241
20:38||577876500||434893||0.00075241
20:39||577876500||434893||0.00075241
20:40||577877000||434893||0.00075241
20:41||577877000||434893||0.00075241
20:42||577877000||434893||0.00075241
20:43||577877000||434893||0.00075241
20:44||577877000||434893||0.00075241
20:45||577877000||434893||0.00075241
20:46||577877000||434893||0.00075241
20:47||577877000||434893||0.00075241
20:48||577877000||434525||0.00075241
20:49||577877000||434525||0.00075241
20:50||577877000||434525||0.00075241
20:51||577877000||434525||0.00075241
20:52||577122000||434524||0.00075241
20:53||577122000||434524||0.00075241
20:54||577122000||433388||0.00075241
20:55||577122000||433388||0.00075241
20:56||577101500||433388||0.00075241
20:57||576002000||433390||0.00075241
20:58||576000500||433388||0.00075241
20:59||576000500||433388||0.00075241
21:00||576950500||433388||0.00075241
21:01||576950000||434817||0.00075241
21:02||577121500||433388||0.00075241
21:03||576624000||432641||0.00075241
21:04||576625500||435074||0.00075241
21:05||576627500||435075||0.00075241
21:06||576627500||435075||0.00075241
21:07||576627500||435075||0.00075241
21:08||577243000||435075||0.00075241
21:09||577244000||435075||0.00075241
21:10||577244000||435075||0.00075241
21:11||577244000||433570||0.00075241
21:12||577243000||433570||0.00075241
21:13||577243000||433570||0.00075241
21:14||576320000||433570||0.00075241
21:15||576300000||433572||0.00075241
21:16||576354000||433653||0.00075241
21:17||576354500||433653||0.00075241
21:18||576354500||433653||0.00075241
21:19||576353500||433654||0.00075241
21:20||577297500||433655||0.00075241
21:21||577297500||435075||0.00075241
21:22||577297500||433653||0.00075241
21:23||577297000||433653||0.00075241
21:24||577297000||433653||0.00075241
21:25||577297000||435075||0.00075241
21:26||577242500||433570||0.00075241
21:27||577242500||435075||0.00075241
21:28||578242500||435075||0.00075241
21:29||578242500||435075||0.00075241
21:30||577744000||435075||0.00075241
21:31||577744000||435075||0.00075241
21:32||577745500||435075||0.00075241
21:33||578071000||435075||0.00075241
21:34||578071000||434817||0.00075241
21:35||578071000||435075||0.00075241
21:36||578071000||435075||0.00075241
21:37||578071000||435075||0.00075241
21:38||578071500||435075||0.00075241
21:39||578071500||435075||0.00075241
21:40||578071500||435075||0.00075241
21:41||578076000||435082||0.00075241
21:42||578078500||435082||0.00075241
21:43||578079000||434821||0.00075241
21:44||578079000||434821||0.00075241
21:45||578078000||434821||0.00075241
21:46||577750500||434327||0.00075241
21:47||577754500||435083||0.00075241
21:48||577877000||434516||0.00075241
21:49||577878500||435082||0.00075241
21:50||577880000||435082||0.00075241
21:51||577880000||435082||0.00075241
21:52||577880000||435082||0.00075241
21:53||577904500||435082||0.00075241
21:54||577904500||434519||0.00075241
21:55||576623500||433574||0.00075241
21:56||576623000||433574||0.00075241
21:57||576623000||433574||0.00075241
21:58||576623000||433574||0.00075241
21:59||576623000||433574||0.00075241
22:00||576623000||433574||0.00075241
22:01||576623000||433574||0.00075241
22:02||576623000||434139||0.00075241
22:03||576623000||434139||0.00075241
22:04||576623500||434139||0.00075241
22:05||576623500||434139||0.00075241
22:06||576623500||434139||0.00075241
22:07||576624000||434139||0.00075241
22:08||576624000||434139||0.00075241
22:09||576248500||433575||0.00075241
22:10||576248500||433575||0.00075241
22:11||576248500||433575||0.00075241
22:12||576248500||433575||0.00075241
22:13||576248500||433575||0.00075241
22:14||577124500||434892||0.00075241
22:15||576999000||434892||0.00075241
22:16||576996000||434698||0.00075241
22:17||577125000||434892||0.00075241
22:18||577248000||435077||0.00075241
22:19||577248000||435077||0.00075241
22:20||577248000||435077||0.00075241
22:21||577248500||435077||0.00075241
22:22||577248500||435077||0.00075241
22:23||577248500||435077||0.00075241
22:24||577250000||434892||0.00075241
22:25||577872500||435077||0.00075241
22:26||577750500||435077||0.00075241
22:27||578122000||435077||0.00075241
22:28||578244500||435077||0.00075241
22:29||578244500||435077||0.00075241
22:30||577875500||435077||0.00075241
22:31||577876000||435076||0.00075241
22:32||577875500||435075||0.00075241
22:33||577875500||435075||0.00075241
22:34||577875500||435075||0.00075241
22:35||577876500||435075||0.00075241
22:36||578241500||435075||0.00075241
22:37||578241500||435075||0.00075241
22:38||578242000||435075||0.00075241
22:39||577878500||434527||0.00075241
22:40||577896500||435075||0.00075241
22:41||578124000||435075||0.00075241
22:42||578102500||435043||0.00075241
22:43||578108000||434897||0.00075241
22:44||578625500||435269||0.00075241
22:45||578749500||435269||0.00075241
22:46||579538500||435710||0.00075241
22:47||579543500||436397||0.00075241
22:48||579998500||436397||0.00075241
22:49||579543500||436397||0.00075241
22:50||579250000||436397||0.00075241
22:51||578750500||435645||0.00075241
22:52||578750000||435645||0.00075241
22:53||578750000||435644||0.00075241
22:54||578744500||435644||0.00075241
22:55||578887000||435644||0.00075241
22:56||578745500||435644||0.00075241
22:57||578338500||435269||0.00075241
22:58||577362500||433574||0.00075241
22:59||577362500||433574||0.00075241
23:00||577204500||435251||0.00075241
23:01||577204500||435043||0.00075241
23:02||577194500||435013||0.00075241
23:03||576987500||435013||0.00075241
23:04||577000000||434328||0.00075241
23:05||577000500||434328||0.00075241
23:06||576875500||434328||0.00075241
23:07||576999500||434140||0.00075241
23:08||577124500||434328||0.00075241
23:09||577124500||434328||0.00075241
23:10||577254500||434516||0.00075241
23:11||577498500||434516||0.00075241
23:12||577498500||434516||0.00075241
23:13||577889500||434704||0.00075241
23:14||577998500||434704||0.00075241
23:15||577998500||434704||0.00075241
23:16||577998500||434892||0.00075241
23:17||577999500||434892||0.00075241
23:18||578509500||434892||0.00075241
23:19||578999500||435644||0.00075241
23:20||578999500||435645||0.00075241
23:21||578999500||435645||0.00075241
23:22||578999500||435645||0.00075241
23:23||578999500||435645||0.00075241
23:24||578999500||435645||0.00075241
23:25||578999500||435645||0.00075241
23:26||578999500||435645||0.00075241
23:27||578999500||435645||0.00075241
23:28||579678000||436209||0.00075241
23:29||580268000||436397||0.00075241
23:30||580268000||436397||0.00075241
23:31||579750000||436397||0.00075241
23:32||579750500||435646||0.00075241
23:33||579751000||436774||0.00075241
23:34||579736000||436774||0.00075241
23:35||579736000||436751||0.00075241
23:36||579737500||436751||0.00075241
23:37||579737500||436751||0.00075241
23:38||579689000||436751||0.00075241
23:39||579689000||435649||0.00075241
23:40||579689000||436677||0.00075241
23:41||579689000||436677||0.00075241
23:42||579689000||436677||0.00075241
23:43||579689000||436677||0.00075241
23:44||579689000||436677||0.00075241
23:45||579005500||435649||0.00075241
23:46||579005500||435649||0.00075241
23:47||579704500||435649||0.00075241
23:48||579704500||436676||0.00075241
23:49||579704500||436676||0.00075241
23:50||579943500||436676||0.00075241
23:51||580464000||436774||0.00075241
23:52||580464000||436774||0.00075241
23:53||581521500||437901||0.00075241
23:54||581000500||436398||0.00075241
23:55||581000500||436398||0.00075241
23:56||581100000||437902||0.00075241
23:57||581149500||437902||0.00075241
23:58||581249500||437902||0.00075241
23:59||581300000||437902||0.00075241
