00:00||715308500||538722||0.00075241
00:01||715308500||538722||0.00075241
00:02||715308500||538722||0.00075241
00:03||715308500||538722||0.00075241
00:04||715308500||538722||0.00075241
00:05||715308500||538722||0.00075241
00:06||715308500||538722||0.00075241
00:07||715308500||538722||0.00075241
00:08||715308500||538722||0.00075241
00:09||715308500||538722||0.00075241
00:10||715308500||538722||0.00075241
00:11||715308500||538722||0.00075241
00:12||715308500||538722||0.00075241
00:13||715308500||538722||0.00075241
00:14||715308500||538722||0.00075241
00:15||715308500||538722||0.00075241
00:16||715308500||538722||0.00075241
00:17||715308500||538722||0.00075241
00:18||715308500||538722||0.00075241
00:19||715308500||538722||0.00075241
00:20||716174500||539929||0.00075241
00:21||716175000||539929||0.00075241
00:22||716175000||539929||0.00075241
00:23||716175000||539929||0.00075241
00:24||716174500||539929||0.00075241
00:25||716177000||537785||0.00075241
00:26||716178500||539929||0.00075241
00:27||716178000||539929||0.00075241
00:28||716178000||537790||0.00075241
00:29||716178000||537790||0.00075241
00:30||716178500||537790||0.00075241
00:31||716179000||537790||0.00075241
00:32||716179000||537790||0.00075241
00:33||716179000||537790||0.00075241
00:34||716179000||537790||0.00075241
00:35||716181000||537790||0.00075241
00:36||716181000||537790||0.00075241
00:37||715931000||537790||0.00075241
00:38||715931000||537796||0.00075241
00:39||715931000||537796||0.00075241
00:40||715928500||537793||0.00075241
00:41||715928500||537793||0.00075241
00:42||715928500||537793||0.00075241
00:43||715928500||537793||0.00075241
00:44||715928500||537793||0.00075241
00:45||715928500||537793||0.00075241
00:46||715928500||537793||0.00075241
00:47||715928000||537793||0.00075241
00:48||715928000||537793||0.00075241
00:49||715928000||537793||0.00075241
00:50||715928000||537793||0.00075241
00:51||715928000||537793||0.00075241
00:52||715928000||537793||0.00075241
00:54||715928000||537793||0.00075241
00:55||715928000||537793||0.00075241
00:55||715928000||537793||0.00075241
00:56||715928000||537793||0.00075241
00:57||715928000||537793||0.00075241
00:58||715928000||539549||0.00075241
00:59||715928000||539549||0.00075241
01:00||715927500||539549||0.00075241
01:01||715927500||539549||0.00075241
01:02||715927500||539549||0.00075241
01:03||715927500||537793||0.00075241
01:04||715927500||537793||0.00075241
01:05||715927500||537793||0.00075241
01:06||715927500||537793||0.00075241
01:07||715927500||537793||0.00075241
01:08||715927500||537793||0.00075241
01:09||715927500||537793||0.00075241
01:10||715927500||537793||0.00075241
01:11||715927500||537793||0.00075241
01:12||715927500||537793||0.00075241
01:13||715927500||537793||0.00075241
01:14||715927500||537793||0.00075241
01:15||715928500||537793||0.00075241
01:16||715926000||537791||0.00075241
01:17||715925500||537791||0.00075241
01:18||715925500||537791||0.00075241
01:19||715925500||537791||0.00075241
01:20||715925500||537791||0.00075241
01:21||715925500||537791||0.00075241
01:22||715925500||537791||0.00075241
01:23||715926000||537791||0.00075241
01:24||715925500||537791||0.00075241
01:25||715925500||537791||0.00075241
01:26||715925500||537791||0.00075241
01:27||715925500||537791||0.00075241
01:28||715925500||537791||0.00075241
01:29||715925500||537791||0.00075241
01:30||715925500||537791||0.00075241
01:31||715925500||537791||0.00075241
01:32||715925500||537791||0.00075241
01:33||715925500||537791||0.00075241
01:34||715925500||537791||0.00075241
01:35||715925500||537791||0.00075241
01:36||715925500||537791||0.00075241
01:37||715925500||537791||0.00075241
01:38||715925500||537791||0.00075241
01:39||715925500||537791||0.00075241
01:40||715879000||537791||0.00075241
01:41||715880000||537791||0.00075241
01:42||715880000||537791||0.00075241
01:43||715880000||537791||0.00075241
01:44||715880000||537791||0.00075241
01:45||715880000||537791||0.00075241
01:46||715880000||537791||0.00075241
01:47||715879000||537791||0.00075241
01:48||715829000||537791||0.00075241
01:49||715292500||537791||0.00075241
01:50||714880000||537791||0.00075241
01:51||714880000||537791||0.00075241
01:52||714879000||537791||0.00075241
01:53||714881500||537973||0.00075241
01:54||715961500||537994||0.00075241
01:55||715961500||537994||0.00075241
01:56||715961500||537994||0.00075241
01:57||715961500||537994||0.00075241
01:58||715961500||537994||0.00075241
01:59||715961500||537994||0.00075241
02:00||715961500||537994||0.00075241
02:01||715822000||537994||0.00075241
02:02||715822000||537784||0.00075241
02:03||715822000||537784||0.00075241
02:04||715822000||537784||0.00075241
02:05||715822000||537784||0.00075241
02:06||715822000||537784||0.00075241
02:07||715822000||537784||0.00075241
02:08||715822000||537784||0.00075241
02:09||715822000||537784||0.00075241
02:10||715822000||537784||0.00075241
02:11||715822000||537784||0.00075241
02:12||715822000||537784||0.00075241
02:13||715822000||537784||0.00075241
02:14||715823000||537784||0.00075241
02:15||715823000||537784||0.00075241
02:16||715823000||537784||0.00075241
02:17||715823000||537784||0.00075241
02:18||715823000||537784||0.00075241
02:19||715823000||537784||0.00075241
02:20||715823000||537784||0.00075241
02:21||715824500||537784||0.00075241
02:22||715824500||537784||0.00075241
02:23||715824500||537784||0.00075241
02:24||715824500||537784||0.00075241
02:25||715824500||537784||0.00075241
02:26||715824500||537784||0.00075241
02:27||715824500||537784||0.00075241
02:28||715824500||537784||0.00075241
02:29||715824500||537784||0.00075241
02:30||715824500||537784||0.00075241
02:31||715889500||537784||0.00075241
02:32||716065000||537784||0.00075241
02:33||716066000||539398||0.00075241
02:34||716066000||539398||0.00075241
02:35||716066000||539398||0.00075241
02:36||716066000||539398||0.00075241
02:37||716066000||539398||0.00075241
02:38||716066000||539398||0.00075241
02:39||716068000||539398||0.00075241
02:40||716068000||539398||0.00075241
02:41||716068000||539398||0.00075241
02:42||716068000||539398||0.00075241
02:43||716068000||539398||0.00075241
02:44||716068000||539398||0.00075241
02:45||716068000||539398||0.00075241
02:46||716068000||539398||0.00075241
02:47||716068000||539398||0.00075241
02:48||716068000||539398||0.00075241
02:49||716068000||539398||0.00075241
02:50||716068000||539398||0.00075241
02:51||716068000||539398||0.00075241
02:52||716068000||539398||0.00075241
02:53||716068000||539398||0.00075241
02:54||716068000||539398||0.00075241
02:55||716167000||539398||0.00075241
02:56||716284000||539398||0.00075241
02:57||716403500||539398||0.00075241
02:58||716493500||539398||0.00075241
02:59||716568500||539398||0.00075241
03:00||716632000||539398||0.00075241
03:01||716679000||539398||0.00075241
03:02||716679000||539398||0.00075241
03:03||716679000||539398||0.00075241
03:04||716679000||539398||0.00075241
03:05||716679000||539398||0.00075241
03:06||716679000||539398||0.00075241
03:07||716679000||539398||0.00075241
03:08||716679000||539398||0.00075241
03:09||716679000||539398||0.00075241
03:10||716679000||539398||0.00075241
03:11||716679000||539398||0.00075241
03:12||716679000||539398||0.00075241
03:13||716679000||539398||0.00075241
03:14||716679000||539398||0.00075241
03:15||716679000||539398||0.00075241
03:16||716679000||539398||0.00075241
03:17||716680500||539398||0.00075241
03:18||716680500||539398||0.00075241
03:19||716680500||539398||0.00075241
03:20||716680500||539398||0.00075241
03:21||716680500||539398||0.00075241
03:22||716680500||539398||0.00075241
03:23||716680500||539398||0.00075241
03:24||716680500||539398||0.00075241
03:25||716679500||539074||0.00075241
03:26||716679500||539074||0.00075241
03:27||716679500||539074||0.00075241
03:28||716679500||539074||0.00075241
03:29||716679500||539074||0.00075241
03:30||716679500||539074||0.00075241
03:31||716679500||539074||0.00075241
03:32||716679500||539074||0.00075241
03:33||716679500||539398||0.00075241
03:34||716679500||539398||0.00075241
03:35||716679500||539398||0.00075241
03:37||716582000||539398||0.00075241
03:38||716582000||539398||0.00075241
03:39||716582000||539398||0.00075241
03:40||715150000||536919||0.00075241
03:41||715150000||536919||0.00075241
03:42||715150000||536919||0.00075241
03:43||715150000||536919||0.00075241
03:44||715150000||536921||0.00075241
03:45||715150000||536919||0.00075241
03:46||715150000||536919||0.00075241
03:47||715150000||536919||0.00075241
03:48||713601000||536921||0.00075241
03:49||713601000||536921||0.00075241
03:50||713601000||536921||0.00075241
03:51||713601000||536921||0.00075241
03:52||713601000||536921||0.00075241
03:53||713601000||536921||0.00075241
03:54||713601000||536921||0.00075241
03:55||713601000||536921||0.00075241
03:56||713601000||536921||0.00075241
03:57||713601000||536921||0.00075241
03:58||713601000||536921||0.00075241
03:59||713601000||536921||0.00075241
04:00||713601000||536921||0.00075241
04:01||713601000||536921||0.00075241
04:02||713601000||536919||0.00075241
04:03||713601000||536919||0.00075241
04:04||713601000||536919||0.00075241
04:05||713601000||536919||0.00075241
04:06||713601500||536919||0.00075241
04:07||713601500||536919||0.00075241
04:08||715132000||536921||0.00075241
04:09||714832000||536967||0.00075241
04:10||714832000||536967||0.00075241
04:11||714832000||536967||0.00075241
04:12||714832000||536967||0.00075241
04:13||714832000||536967||0.00075241
04:14||714800000||536967||0.00075241
04:15||714800000||536967||0.00075241
04:16||714800000||536967||0.00075241
04:17||714800000||536967||0.00075241
04:18||714800000||536967||0.00075241
04:19||714801000||536967||0.00075241
04:20||714800000||538725||0.00075241
04:21||714800000||538725||0.00075241
04:22||714800000||538725||0.00075241
04:23||714800000||538725||0.00075241
04:24||714800000||538724||0.00075241
04:25||714800000||538724||0.00075241
04:26||714800000||536919||0.00075241
04:27||714800000||536919||0.00075241
04:28||714800000||536919||0.00075241
04:29||714800000||536919||0.00075241
04:30||714796000||538724||0.00075241
04:31||714786000||538724||0.00075241
04:32||714785000||538724||0.00075241
04:33||714785000||538724||0.00075241
04:34||714785000||538724||0.00075241
04:35||714785000||538701||0.00075241
04:36||714785000||538701||0.00075241
04:37||714780000||536919||0.00075241
04:38||714780000||536919||0.00075241
04:39||714778500||536919||0.00075241
04:40||714778500||536919||0.00075241
04:41||714778500||538691||0.00075241
04:42||714778500||538691||0.00075241
04:43||714778500||536921||0.00075241
04:44||714778500||536921||0.00075241
04:45||714778500||536921||0.00075241
04:46||714778500||538691||0.00075241
04:47||714778500||538691||0.00075241
04:48||714625500||536472||0.00075241
04:49||714849500||536691||0.00075241
04:50||714505000||536691||0.00075241
04:51||714500000||537971||0.00075241
04:52||714495000||537971||0.00075241
04:53||714490000||537956||0.00075241
04:54||713984500||537956||0.00075241
04:55||713981000||537956||0.00075241
04:56||713978500||537956||0.00075241
04:57||714145000||537956||0.00075241
04:58||714299000||537931||0.00075241
04:59||714449000||537931||0.00075241
05:00||714549500||537322||0.00075241
05:01||714629500||537457||0.00075241
05:02||714703000||537932||0.00075241
05:03||714710000||537932||0.00075241
05:04||714710000||537932||0.00075241
05:05||714710000||537932||0.00075241
05:06||714710000||537932||0.00075241
05:07||713976500||537932||0.00075241
05:08||713976500||537932||0.00075241
05:09||713753500||537932||0.00075241
05:10||713753500||537932||0.00075241
05:11||713753500||537932||0.00075241
05:12||713753500||537932||0.00075241
05:13||713752500||536472||0.00075241
05:14||713752500||536472||0.00075241
05:15||713752500||536472||0.00075241
05:16||713788500||536472||0.00075241
05:17||713588500||536472||0.00075241
05:18||713583500||536472||0.00075241
05:19||713583500||536601||0.00075241
05:20||713178000||536603||0.00075241
05:21||713178000||536603||0.00075241
05:22||713178000||536603||0.00075241
05:23||713091000||536472||0.00075241
05:24||713091000||536472||0.00075241
05:25||713091000||536472||0.00075241
05:26||713091000||536472||0.00075241
05:27||713091000||536601||0.00075241
05:28||712649500||536468||0.00075241
05:29||712150500||535716||0.00075241
05:30||712150500||535716||0.00075241
05:31||712050500||535715||0.00075241
05:32||711444000||535715||0.00075241
05:33||711444000||535715||0.00075241
05:34||712031500||536600||0.00075241
05:35||711499500||534879||0.00075241
05:36||711499500||534962||0.00075241
05:37||711499500||534962||0.00075241
05:38||712088000||536601||0.00075241
05:39||712088500||536601||0.00075241
05:40||712088000||534962||0.00075241
05:41||712032500||534962||0.00075241
05:42||712032500||536601||0.00075241
05:43||712033500||536601||0.00075241
05:44||712033500||536601||0.00075241
05:45||712588500||535715||0.00075241
05:46||712588000||535715||0.00075241
05:47||712588000||535715||0.00075241
05:48||712587000||535715||0.00075241
05:49||712587000||535715||0.00075241
05:50||712587000||535715||0.00075241
05:51||712587000||536597||0.00075241
05:52||712551000||536597||0.00075241
05:53||712551000||535717||0.00075241
05:54||712551000||535717||0.00075241
05:55||712551000||535717||0.00075241
05:56||712551000||535717||0.00075241
05:57||712551000||536542||0.00075241
05:58||712004500||536542||0.00075241
05:59||712004500||536542||0.00075241
06:00||712004500||536542||0.00075241
06:01||712549000||535715||0.00075241
06:02||712501000||536466||0.00075241
06:03||712501000||536466||0.00075241
06:04||712501000||536466||0.00075241
06:05||712501000||536466||0.00075241
06:06||711944000||534879||0.00075241
06:07||711944000||534879||0.00075241
06:08||711794000||534879||0.00075241
06:09||711795000||536242||0.00075241
06:10||711745000||536242||0.00075241
06:11||711795000||536242||0.00075241
06:12||711794000||534880||0.00075241
06:13||711794000||534880||0.00075241
06:14||711794000||534880||0.00075241
06:15||711794000||534880||0.00075241
06:16||711794000||536242||0.00075241
06:18||711794000||536242||0.00075241
06:19||711794000||534879||0.00075241
06:20||711794000||534879||0.00075241
06:21||711789000||534879||0.00075241
06:22||711789000||534879||0.00075241
06:23||711789000||534879||0.00075241
06:24||711789000||534879||0.00075241
06:25||711789000||534879||0.00075241
06:26||711789000||534879||0.00075241
06:27||711789000||534879||0.00075241
06:28||711789000||534879||0.00075241
06:29||711789000||534879||0.00075241
06:30||711789000||534879||0.00075241
06:31||711789000||534879||0.00075241
06:32||711789000||536233||0.00075241
06:33||711789000||536233||0.00075241
06:34||711789000||536233||0.00075241
06:35||711789000||536233||0.00075241
06:36||711789000||536233||0.00075241
06:37||711789000||536233||0.00075241
06:38||711789000||534879||0.00075241
06:39||711789000||534879||0.00075241
06:40||711789000||534879||0.00075241
06:41||711789000||534879||0.00075241
06:42||711789000||534879||0.00075241
06:43||711339000||534879||0.00075241
06:44||711194000||534879||0.00075241
06:45||711094000||534879||0.00075241
06:46||711094000||534879||0.00075241
06:47||712437500||535339||0.00075241
06:48||712494500||535339||0.00075241
06:49||712552000||536009||0.00075241
06:50||713167000||536542||0.00075241
06:51||713094000||536474||0.00075241
06:52||713117000||536474||0.00075241
06:53||713395000||536603||0.00075241
06:54||713420500||536603||0.00075241
06:55||713817500||536844||0.00075241
06:56||713901000||536967||0.00075241
06:57||713927500||536967||0.00075241
06:58||713953000||537219||0.00075241
06:59||713997500||537219||0.00075241
07:00||713997500||537219||0.00075241
07:01||713900000||537219||0.00075241
07:02||713900000||537219||0.00075241
07:03||713900000||537219||0.00075241
07:04||713900000||537219||0.00075241
07:05||713900000||537219||0.00075241
07:06||713900000||537219||0.00075241
07:07||713900000||537219||0.00075241
07:08||713900000||537219||0.00075241
07:09||713900000||537219||0.00075241
07:10||713900000||537219||0.00075241
07:11||713900000||537219||0.00075241
07:12||712499500||534962||0.00075241
07:13||712495500||534962||0.00075241
07:14||712495500||534962||0.00075241
07:15||712497000||534962||0.00075241
07:16||712946000||534962||0.00075241
07:17||713073000||535834||0.00075241
07:18||713233500||535834||0.00075241
07:19||713393500||535834||0.00075241
07:20||713511000||536478||0.00075241
07:21||713624500||536478||0.00075241
07:22||713693500||536478||0.00075241
07:23||715505500||537973||0.00075241
07:24||715595500||537973||0.00075241
07:25||715662500||538229||0.00075241
07:26||715739500||538229||0.00075241
07:27||715791000||538229||0.00075241
07:28||715829000||538455||0.00075241
07:29||715851000||538724||0.00075241
07:30||715851000||538724||0.00075241
07:31||715801000||538724||0.00075241
07:32||715851500||538725||0.00075241
07:33||715851500||538725||0.00075241
07:34||714867500||538725||0.00075241
07:35||715064000||538725||0.00075241
07:36||715123000||538725||0.00075241
07:37||715123000||538725||0.00075241
07:38||715123000||538725||0.00075241
07:39||715123000||538725||0.00075241
07:40||715123000||538725||0.00075241
07:41||715123000||537405||0.00075241
07:42||715122000||537405||0.00075241
07:44||715122000||537405||0.00075241
07:45||715123000||538725||0.00075241
07:43||715122000||538725||0.00075241
07:46||715124500||538725||0.00075241
07:47||715126000||538725||0.00075241
07:48||715127500||538725||0.00075241
07:49||715129000||538725||0.00075241
07:50||715751000||538725||0.00075241
07:51||715999500||538724||0.00075241
07:52||715500500||538724||0.00075241
07:53||715500500||538724||0.00075241
07:54||715500500||538724||0.00075241
07:55||715501000||538725||0.00075241
07:56||715945000||538725||0.00075241
07:57||715945000||538725||0.00075241
07:58||715890500||538725||0.00075241
07:59||715888500||538641||0.00075241
08:00||715002500||537975||0.00075241
08:01||715002000||537973||0.00075241
08:02||715253000||537973||0.00075241
08:03||715103000||537973||0.00075241
08:04||715103000||537973||0.00075241
08:05||715353000||538502||0.00075241
08:06||715353000||538502||0.00075241
08:07||715353000||538502||0.00075241
08:08||715351500||537973||0.00075241
08:09||715250500||537973||0.00075241
08:10||715251500||538350||0.00075241
08:11||715250500||537973||0.00075241
08:12||715250500||537973||0.00075241
08:13||715250500||537973||0.00075241
08:14||715250500||537973||0.00075241
08:15||715250500||537974||0.00075241
08:16||715102500||537596||0.00075241
08:17||715054000||538052||0.00075241
08:18||714702500||538052||0.00075241
08:19||714702500||538052||0.00075241
08:20||714651500||538052||0.00075241
08:21||711493000||532531||0.00075241
08:22||711366000||532531||0.00075241
08:23||711765000||532531||0.00075241
08:24||712119500||532531||0.00075241
08:25||711593000||534853||0.00075241
08:26||711862500||534853||0.00075241
08:27||712567500||534853||0.00075241
08:28||712566000||535819||0.00075241
08:29||712562500||535819||0.00075241
08:30||712562500||535819||0.00075241
08:31||712561000||535819||0.00075241
08:32||712561000||535819||0.00075241
08:33||712561000||535819||0.00075241
08:34||712561000||535819||0.00075241
08:35||712561000||535819||0.00075241
08:36||712561000||535819||0.00075241
08:37||712561000||535819||0.00075241
08:38||712561000||535819||0.00075241
08:39||712561000||536457||0.00075241
08:40||712561000||536457||0.00075241
08:41||712561000||536457||0.00075241
08:42||712742500||536457||0.00075241
08:43||712742500||536457||0.00075241
08:44||712742500||536457||0.00075241
08:45||712742500||536457||0.00075241
08:46||712500500||536457||0.00075241
08:47||712500500||536457||0.00075241
08:48||712500500||535819||0.00075241
08:49||712318500||535819||0.00075241
08:50||712318500||535819||0.00075241
08:51||712318500||535819||0.00075241
08:52||712313500||535819||0.00075241
08:53||712311000||535819||0.00075241
08:54||712311000||535819||0.00075241
08:55||712311000||535819||0.00075241
08:56||712311000||536080||0.00075241
08:57||712310000||536080||0.00075241
08:58||712310000||536080||0.00075241
08:59||712308500||536079||0.00075241
09:00||712303500||536079||0.00075241
09:01||712303500||536079||0.00075241
09:02||712303500||535819||0.00075241
09:03||712268500||535819||0.00075241
09:04||712268500||535819||0.00075241
09:05||711035000||532712||0.00075241
09:06||711318000||534540||0.00075241
09:07||709040000||534650||0.00075241
09:08||709830000||533457||0.00075241
09:09||709954000||533970||0.00075241
09:10||707863500||532706||0.00075241
09:11||707863500||532706||0.00075241
09:12||707863500||532706||0.00075241
09:13||707863500||532706||0.00075241
09:14||707900500||532706||0.00075241
09:15||707900500||532706||0.00075241
09:16||707900500||532706||0.00075241
09:17||707999500||532705||0.00075241
09:18||707999500||532705||0.00075241
09:19||707999500||532706||0.00075241
09:20||707999500||532706||0.00075241
09:21||707999500||532705||0.00075241
09:22||708999500||532706||0.00075241
09:23||709999500||532706||0.00075241
09:24||709999500||532706||0.00075241
09:25||711059500||535804||0.00075241
09:26||711055500||535804||0.00075241
09:27||711055500||535804||0.00075241
09:28||710500500||534963||0.00075241
09:29||710500500||534963||0.00075241
09:30||710500500||534963||0.00075241
09:31||710499500||534211||0.00075241
09:32||710499500||534211||0.00075241
09:33||710499500||534211||0.00075241
09:34||710498000||534211||0.00075241
09:35||710496500||534211||0.00075241
09:36||710496500||534211||0.00075241
09:37||710496500||534211||0.00075241
09:38||710496500||534211||0.00075241
09:39||709508000||532722||0.00075241
09:40||709508000||532722||0.00075241
09:41||709512000||532722||0.00075241
09:42||709743500||532722||0.00075241
09:43||709743500||532722||0.00075241
09:44||709993500||532722||0.00075241
09:45||709993500||532722||0.00075241
09:46||709993500||532722||0.00075241
09:47||709993500||534952||0.00075241
09:48||709993500||534952||0.00075241
09:49||709993500||534952||0.00075241
09:50||709993500||534952||0.00075241
09:51||710033500||534952||0.00075241
09:52||710032000||534952||0.00075241
09:53||710032000||534952||0.00075241
09:54||710046500||534952||0.00075241
09:55||710046500||534952||0.00075241
09:56||710449000||534952||0.00075241
09:57||710447500||534952||0.00075241
09:58||710448500||534886||0.00075241
09:59||710448500||534886||0.00075241
10:00||710493500||534952||0.00075241
10:01||710493500||534952||0.00075241
10:02||710993000||534963||0.00075241
10:03||710992000||534963||0.00075241
10:04||710999500||534963||0.00075241
10:05||710999500||534963||0.00075241
10:06||710999500||534963||0.00075241
10:07||710999500||534963||0.00075241
10:08||710999500||534963||0.00075241
10:09||710999500||534963||0.00075241
10:10||710999500||534963||0.00075241
10:11||710999500||534963||0.00075241
10:12||710999500||534963||0.00075241
10:13||710999500||534963||0.00075241
10:14||710999500||534963||0.00075241
10:15||710999500||534963||0.00075241
10:16||710999500||534963||0.00075241
10:17||710999500||534963||0.00075241
10:18||710999500||534963||0.00075241
10:19||710999500||534963||0.00075241
10:20||710999500||534963||0.00075241
10:21||710999500||534963||0.00075241
10:22||710999500||534963||0.00075241
10:23||711044500||534963||0.00075241
10:24||711499500||535038||0.00075241
10:25||712054500||535797||0.00075241
10:26||712054500||535797||0.00075241
10:27||710594500||533520||0.00075241
10:28||710604500||533520||0.00075241
10:29||710603000||533520||0.00075241
10:30||710603000||533520||0.00075241
10:31||710655500||533535||0.00075241
10:32||710658000||535796||0.00075241
10:33||710661000||535796||0.00075241
10:34||710661000||535796||0.00075241
10:35||710678500||535796||0.00075241
10:36||710681000||535796||0.00075241
10:37||710732000||535794||0.00075241
10:38||710803500||535794||0.00075241
10:39||710811000||535794||0.00075241
10:40||712300000||535803||0.00075241
10:41||712209500||535941||0.00075241
10:42||712199500||535941||0.00075241
10:43||712493500||536080||0.00075241
10:44||712349500||536080||0.00075241
10:45||712349500||536080||0.00075241
10:46||712349500||536080||0.00075241
10:47||712350000||536092||0.00075241
10:48||712350000||536092||0.00075241
10:49||712849000||536843||0.00075241
10:50||712849000||536843||0.00075241
10:51||712824500||536843||0.00075241
10:52||712824500||536843||0.00075241
10:53||713449500||536843||0.00075241
10:54||713449500||536843||0.00075241
10:55||713449500||536806||0.00075241
10:56||713449500||536806||0.00075241
10:57||713449500||536806||0.00075241
10:58||713449500||536806||0.00075241
10:59||713449500||536806||0.00075241
11:00||713449500||536806||0.00075241
11:01||713449500||536806||0.00075241
11:02||713449500||536806||0.00075241
11:03||713449500||536806||0.00075241
11:04||713449500||536806||0.00075241
11:05||713449500||536806||0.00075241
11:06||713449500||536806||0.00075241
11:07||713449500||536806||0.00075241
11:08||713449500||536806||0.00075241
11:10||713449500||536806||0.00075241
11:11||713449500||536806||0.00075241
11:12||713449500||536806||0.00075241
11:13||713449500||536806||0.00075241
11:09||713449500||536806||0.00075241
11:14||713449500||536806||0.00075241
11:15||713449500||536806||0.00075241
11:16||713449500||536806||0.00075241
11:17||713449500||536806||0.00075241
11:18||713449500||536806||0.00075241
11:19||713449500||536806||0.00075241
11:20||713474500||536844||0.00075241
11:21||713729500||537220||0.00075241
11:22||713999500||537220||0.00075241
11:23||713974500||536806||0.00075241
11:24||713980000||537596||0.00075241
11:25||713750000||537596||0.00075241
11:26||713730000||537220||0.00075241
11:27||713733000||537220||0.00075241
11:28||713750000||537220||0.00075241
11:29||713750000||537220||0.00075241
11:30||713750000||537220||0.00075241
11:31||713750500||537220||0.00075241
11:32||713751000||536844||0.00075241
11:33||713702000||536844||0.00075241
11:34||713901500||536844||0.00075241
11:35||713901500||537146||0.00075241
11:36||714349500||537821||0.00075241
11:37||714345500||537821||0.00075241
11:38||714345500||537146||0.00075241
11:39||714345500||537146||0.00075241
11:40||714345500||537146||0.00075241
11:41||714395000||537146||0.00075241
11:42||714398000||537820||0.00075241
11:43||714945000||538642||0.00075241
11:44||714945500||537222||0.00075241
11:45||715013500||537222||0.00075241
11:46||715013500||537222||0.00075241
11:47||714991500||537222||0.00075241
11:48||714974000||537331||0.00075241
11:49||714516000||537331||0.00075241
11:50||714516000||537331||0.00075241
11:51||714523500||537897||0.00075241
11:52||714899500||537897||0.00075241
11:53||714899500||537897||0.00075241
11:54||714899500||537897||0.00075241
11:55||714899500||537897||0.00075241
11:56||714899500||537897||0.00075241
11:57||714899500||537897||0.00075241
11:58||714899500||537897||0.00075241
11:59||714899500||537897||0.00075241
12:00||714899500||537897||0.00075241
12:01||714899500||537897||0.00075241
12:02||714615000||537897||0.00075241
12:03||714563500||537897||0.00075241
12:04||714500500||537897||0.00075241
12:05||714500500||537897||0.00075241
12:06||714500500||537897||0.00075241
12:07||714500500||537897||0.00075241
12:08||714500500||537897||0.00075241
12:09||714500500||537897||0.00075241
12:10||713930500||537221||0.00075241
12:11||713930500||537146||0.00075241
12:12||713780000||536851||0.00075241
12:13||713456000||536816||0.00075241
12:14||713220500||536793||0.00075241
12:15||713220500||536793||0.00075241
12:21||712841000||536793||0.00075241
12:19||712816000||536793||0.00075241
12:22||712841000||536793||0.00075241
12:17||712816000||536329||0.00075241
12:20||712816000||536793||0.00075241
12:18||712816000||536329||0.00075241
12:23||712841000||536793||0.00075241
12:24||712856500||536793||0.00075241
12:25||712856500||536793||0.00075241
12:26||712856500||536793||0.00075241
12:27||712856500||536816||0.00075241
12:28||712856500||536816||0.00075241
12:29||712856500||536816||0.00075241
12:30||712856500||536816||0.00075241
12:31||712856500||536816||0.00075241
12:32||713461500||536816||0.00075241
12:33||713461500||536816||0.00075241
12:34||713462000||536816||0.00075241
12:35||713462000||536816||0.00075241
12:36||713462000||536816||0.00075241
12:37||713462000||536816||0.00075241
12:38||713462500||536816||0.00075241
12:39||713462500||536816||0.00075241
12:40||713462500||536816||0.00075241
12:41||713462500||536816||0.00075241
12:42||713462500||536816||0.00075241
12:43||713462500||536816||0.00075241
12:44||713462500||536816||0.00075241
12:45||713462500||536816||0.00075241
12:46||713461500||536815||0.00075241
12:47||713461500||536815||0.00075241
12:48||713461500||536815||0.00075241
12:49||713461500||536815||0.00075241
12:50||713461500||536815||0.00075241
12:51||713461500||536815||0.00075241
12:52||713461500||536815||0.00075241
12:53||713461500||536815||0.00075241
12:54||713461500||536815||0.00075241
12:55||713462000||536816||0.00075241
12:56||713462000||536816||0.00075241
12:57||713462000||536816||0.00075241
12:58||713461500||536816||0.00075241
12:59||713461500||536816||0.00075241
13:00||713461500||536816||0.00075241
13:01||713461500||536815||0.00075241
13:02||713461500||536815||0.00075241
13:03||713461500||536815||0.00075241
13:04||713461500||536815||0.00075241
13:05||713461500||536815||0.00075241
13:06||713461500||536815||0.00075241
13:07||713461500||536815||0.00075241
13:08||713461500||536815||0.00075241
13:09||713461500||536815||0.00075241
13:10||713461500||536815||0.00075241
13:11||713461500||536815||0.00075241
13:12||713461500||536815||0.00075241
13:13||713461500||536815||0.00075241
13:14||713462000||536815||0.00075241
13:16||713462500||536815||0.00075241
13:17||713462500||536816||0.00075241
13:15||713462000||536816||0.00075241
13:18||713462500||536816||0.00075241
13:19||713462500||536816||0.00075241
13:20||713462500||537220||0.00075241
13:21||713914500||537510||0.00075241
13:22||713873000||537510||0.00075241
13:23||713824000||537433||0.00075241
13:24||713816500||537433||0.00075241
13:25||713776000||537433||0.00075241
13:26||713776000||537433||0.00075241
13:27||713776000||537433||0.00075241
13:28||713776000||537433||0.00075241
13:29||713776000||537286||0.00075241
13:30||713769500||536818||0.00075241
13:31||713465500||536818||0.00075241
13:32||713465500||536818||0.00075241
13:33||713465500||536818||0.00075241
13:34||713465500||536818||0.00075241
13:35||713465500||536818||0.00075241
13:36||713465500||536818||0.00075241
13:37||713465500||536818||0.00075241
13:38||713465500||536818||0.00075241
13:39||713465500||536818||0.00075241
13:40||713465500||536818||0.00075241
13:41||713465500||536818||0.00075241
13:42||713465500||536818||0.00075241
13:44||713465500||536818||0.00075241
13:45||713465500||536818||0.00075241
13:45||713465500||536818||0.00075241
13:46||713465500||536818||0.00075241
13:47||713465500||536818||0.00075241
13:48||713465500||536818||0.00075241
13:49||714049500||537295||0.00075241
13:50||714049500||537295||0.00075241
13:51||714049500||537295||0.00075241
13:52||714049500||537295||0.00075241
13:53||714098500||537295||0.00075241
13:54||714098500||537295||0.00075241
13:55||714098500||537295||0.00075241
13:56||714098500||537295||0.00075241
13:57||714098500||537295||0.00075241
13:58||714099500||537295||0.00075241
13:59||714099500||537359||0.00075241
14:00||714242000||537446||0.00075241
14:01||714292000||537585||0.00075241
14:03||714292000||537585||0.00075241
14:04||714367500||537585||0.00075241
14:05||714367500||537585||0.00075241
14:06||714367500||537585||0.00075241
14:07||714484500||537585||0.00075241
14:08||714492000||537589||0.00075241
14:09||714492000||537596||0.00075241
14:10||714499500||537596||0.00075241
14:11||714499500||537596||0.00075241
14:12||714499500||537596||0.00075241
14:13||714499500||537596||0.00075241
14:14||714499500||537596||0.00075241
14:15||714251500||537596||0.00075241
14:16||714251500||537596||0.00075241
14:17||713580000||537295||0.00075241
14:18||713026000||536815||0.00075241
14:19||713026000||536815||0.00075241
14:20||713017000||536815||0.00075241
14:21||713017000||536815||0.00075241
14:22||713017000||536794||0.00075241
14:23||713018000||536794||0.00075241
14:24||713024000||536794||0.00075241
14:25||713032500||536794||0.00075241
14:26||713032000||536176||0.00075241
14:27||713032000||536176||0.00075241
14:28||713032000||536176||0.00075241
14:29||713032000||536176||0.00075241
14:30||713032000||536176||0.00075241
14:31||713035000||536176||0.00075241
14:32||713033500||536176||0.00075241
14:33||713080000||536253||0.00075241
14:34||713030500||536178||0.00075241
14:35||713029000||536178||0.00075241
14:36||713029000||536178||0.00075241
14:37||712975500||536178||0.00075241
14:38||712922000||536178||0.00075241
14:39||712857000||536542||0.00075241
14:40||712804000||536542||0.00075241
14:41||712765000||536542||0.00075241
14:42||712728500||536353||0.00075241
14:43||712699000||536353||0.00075241
14:44||712674000||536178||0.00075241
14:45||712654000||536178||0.00075241
14:46||712615500||536179||0.00075241
14:47||712615500||536179||0.00075241
14:48||712615500||536179||0.00075241
14:49||712615500||536179||0.00075241
14:50||712700000||536179||0.00075241
14:51||712615500||536179||0.00075241
14:52||712615500||536179||0.00075241
14:53||712700000||536308||0.00075241
14:54||712701000||536308||0.00075241
14:55||712699500||536308||0.00075241
14:56||712699500||536308||0.00075241
14:57||712699500||536308||0.00075241
14:58||712699500||536308||0.00075241
14:59||712719500||536308||0.00075241
15:00||712720500||536308||0.00075241
15:01||712720500||536308||0.00075241
15:02||712717000||536305||0.00075241
15:03||711484000||535756||0.00075241
15:04||711399500||535560||0.00075241
15:05||711322000||535509||0.00075241
15:06||710420500||534879||0.00075241
15:07||710350500||534211||0.00075241
15:08||710000500||534211||0.00075241
15:09||710000500||534211||0.00075241
15:10||710000500||534211||0.00075241
15:11||710000500||534211||0.00075241
15:12||710964000||534211||0.00075241
15:13||710965500||535660||0.00075241
15:14||710936500||535660||0.00075241
15:15||710936500||535660||0.00075241
15:16||710936500||535660||0.00075241
15:17||710936500||535660||0.00075241
15:18||710936500||535612||0.00075241
15:19||710936500||535612||0.00075241
15:20||710936500||535612||0.00075241
15:21||710936500||535612||0.00075241
15:22||710936500||535612||0.00075241
15:23||710989000||535612||0.00075241
15:24||710970500||534296||0.00075241
15:25||710983000||535504||0.00075241
15:26||710985000||535527||0.00075241
15:27||710986500||534378||0.00075241
15:28||711748500||534378||0.00075241
15:29||711748500||534378||0.00075241
15:30||710969000||534399||0.00075241
15:31||710881500||535347||0.00075241
15:32||710803500||535307||0.00075241
15:33||710772000||535307||0.00075241
15:34||710772000||535307||0.00075241
15:35||710772000||534407||0.00075241
15:36||710896500||534407||0.00075241
15:37||710896500||534407||0.00075241
15:38||710896500||534407||0.00075241
15:39||711391000||535339||0.00075241
15:40||711932000||535612||0.00075241
15:41||711932000||535612||0.00075241
15:42||711932000||535612||0.00075241
15:43||711932000||535612||0.00075241
15:44||711999500||535612||0.00075241
15:45||711933000||535715||0.00075241
15:46||711916000||535715||0.00075241
15:47||711965500||535715||0.00075241
15:48||711965500||535715||0.00075241
15:49||711982500||535715||0.00075241
15:50||711982500||535715||0.00075241
15:51||711983500||535715||0.00075241
15:52||711983500||535715||0.00075241
15:53||711982500||535689||0.00075241
15:54||711999500||535689||0.00075241
15:55||711999500||535715||0.00075241
15:56||711999500||535715||0.00075241
15:57||711999500||535715||0.00075241
15:58||711999500||535715||0.00075241
15:59||711999500||535715||0.00075241
16:00||711999500||535715||0.00075241
16:01||711982500||535715||0.00075241
16:02||711965500||535715||0.00075241
16:03||711965500||535690||0.00075241
16:04||711965500||535690||0.00075241
16:05||711965500||535689||0.00075241
16:06||711983000||535690||0.00075241
16:07||711983000||535690||0.00075241
16:08||712261500||536092||0.00075241
16:09||712314500||536092||0.00075241
16:10||712354000||536092||0.00075241
16:11||712394000||535910||0.00075241
16:12||712419500||535910||0.00075241
16:13||712844000||536308||0.00075241
16:14||712952500||536384||0.00075241
16:15||712999500||536384||0.00075241
16:16||713248000||536475||0.00075241
16:17||713284500||536475||0.00075241
16:18||713313500||536475||0.00075241
16:19||713394500||536475||0.00075241
16:20||713394500||536475||0.00075241
16:21||713394500||536475||0.00075241
16:22||713394500||536764||0.00075241
16:23||713394500||536764||0.00075241
16:24||713394500||536764||0.00075241
16:25||713394500||536764||0.00075241
16:26||713394500||536764||0.00075241
16:27||713394500||536764||0.00075241
16:28||713698000||537220||0.00075241
16:29||713698000||537220||0.00075241
16:30||713698000||537220||0.00075241
16:31||713698000||537220||0.00075241
16:32||714549500||536766||0.00075241
16:33||714160500||536766||0.00075241
16:34||714053000||536766||0.00075241
16:35||713972000||536766||0.00075241
16:36||713987000||537614||0.00075241
16:38||713987000||537614||0.00075241
16:39||713989500||537614||0.00075241
16:40||714062000||537614||0.00075241
16:41||714062000||537614||0.00075241
16:37||713987000||537210||0.00075241
16:42||714062000||537614||0.00075241
16:43||714152500||537036||0.00075241
16:44||714226000||537036||0.00075241
16:45||714343000||537214||0.00075241
16:46||714377500||537964||0.00075241
16:47||714471500||537964||0.00075241
16:48||714774500||537575||0.00075241
16:49||714988500||537575||0.00075241
16:50||714988500||537575||0.00075241
16:51||715279500||538341||0.00075241
16:52||715313500||538341||0.00075241
16:53||715313500||538341||0.00075241
16:54||715313500||538341||0.00075241
16:55||715488500||538341||0.00075241
16:56||715488500||538341||0.00075241
16:57||715488500||538341||0.00075241
16:58||715488500||538341||0.00075241
16:59||715488500||538341||0.00075241
17:00||715488500||538341||0.00075241
17:01||715488500||538341||0.00075241
17:02||715488500||538341||0.00075241
17:03||715695000||538348||0.00075241
17:04||715912500||538724||0.00075241
17:05||715935000||538724||0.00075241
17:06||715953500||538724||0.00075241
17:07||715808000||538724||0.00075241
17:08||715808000||538724||0.00075241
17:09||715808000||538724||0.00075241
17:10||715998500||538724||0.00075241
17:11||715998500||538724||0.00075241
17:12||715998500||538724||0.00075241
17:13||715998500||538724||0.00075241
17:14||715998500||538724||0.00075241
17:15||715998500||538724||0.00075241
17:16||715998500||538724||0.00075241
17:17||715998500||538724||0.00075241
17:18||715998500||538724||0.00075241
17:19||715998500||538724||0.00075241
17:20||715998500||538724||0.00075241
17:21||715998500||538724||0.00075241
17:22||715998500||538724||0.00075241
17:23||715998500||538724||0.00075241
17:24||715998500||538724||0.00075241
17:25||715723000||538693||0.00075241
17:26||715723000||538340||0.00075241
17:27||715723000||538340||0.00075241
17:28||715718000||538340||0.00075241
17:29||715488500||538340||0.00075241
17:30||715488500||538340||0.00075241
17:31||715488500||538341||0.00075241
17:32||715488500||538341||0.00075241
17:33||715488500||538341||0.00075241
17:34||715488500||538341||0.00075241
17:35||715488500||538341||0.00075241
17:36||715488500||538340||0.00075241
17:37||715488500||538340||0.00075241
17:38||715488500||538340||0.00075241
17:39||715488500||538340||0.00075241
17:40||715244500||538341||0.00075241
17:41||715244500||538341||0.00075241
17:42||715244500||538341||0.00075241
17:43||715244500||538341||0.00075241
17:44||715200500||538341||0.00075241
17:45||715000500||538341||0.00075241
17:46||714580500||537973||0.00075241
17:47||713467000||536862||0.00075241
17:48||713465500||536862||0.00075241
17:49||713459500||536766||0.00075241
17:50||713448000||536766||0.00075241
17:51||713448000||536844||0.00075241
17:52||713249500||536467||0.00075241
17:53||713249500||536467||0.00075241
17:54||713249500||536467||0.00075241
17:55||713249500||536467||0.00075241
17:56||713249500||536467||0.00075241
17:57||713249500||536467||0.00075241
17:58||712849500||535866||0.00075241
17:59||712416500||535865||0.00075241
18:00||712416500||535214||0.00075241
18:01||712441500||535214||0.00075241
18:02||712501000||535339||0.00075241
18:03||712476000||535339||0.00075241
18:04||712476000||535339||0.00075241
18:05||712476000||535339||0.00075241
18:06||712476000||535339||0.00075241
18:07||712476000||535339||0.00075241
18:08||712476000||535339||0.00075241
18:09||712476000||535341||0.00075241
18:10||712477500||536806||0.00075241
18:11||712480000||535345||0.00075241
18:12||712480000||535345||0.00075241
18:13||712480000||535345||0.00075241
18:14||712479500||536806||0.00075241
18:16||713449500||536806||0.00075241
18:15||713449500||536806||0.00075241
18:17||713449500||536806||0.00075241
18:18||713449500||536806||0.00075241
18:19||713475500||536806||0.00075241
18:20||713475500||536806||0.00075241
18:21||713475500||536844||0.00075241
18:22||713473500||536844||0.00075241
18:23||713473500||536844||0.00075241
18:24||713473500||536844||0.00075241
18:25||713473500||536843||0.00075241
18:26||713499000||536844||0.00075241
18:27||713498500||536843||0.00075241
18:28||713499500||536843||0.00075241
18:29||713499000||536843||0.00075241
18:30||713499000||536843||0.00075241
18:31||713499000||536843||0.00075241
18:32||712750000||535715||0.00075241
18:33||712750000||535715||0.00075241
18:34||712750000||535715||0.00075241
18:35||712750000||535715||0.00075241
18:36||712750000||536843||0.00075241
18:37||712750000||535715||0.00075241
18:38||712750000||535715||0.00075241
18:39||712751500||535715||0.00075241
18:40||713454000||536843||0.00075241
18:41||713453000||536843||0.00075241
18:42||713453000||536843||0.00075241
18:43||713453000||536843||0.00075241
18:44||713451500||536840||0.00075241
18:45||713451500||536840||0.00075241
18:46||712751000||535722||0.00075241
18:47||712752500||536840||0.00075241
18:48||712752500||536840||0.00075241
18:49||712753500||536840||0.00075241
18:50||712756000||536840||0.00075241
18:51||712756000||536840||0.00075241
18:52||712756000||536840||0.00075241
18:53||712756000||536840||0.00075241
18:54||712756000||536840||0.00075241
18:55||712756000||536840||0.00075241
18:56||712633500||536840||0.00075241
18:57||712633500||536840||0.00075241
18:58||712633500||536840||0.00075241
18:59||712507500||535727||0.00075241
19:00||712507500||535727||0.00075241
19:01||712507500||535727||0.00075241
19:02||712507500||535727||0.00075241
19:03||712507500||535727||0.00075241
19:04||712507500||535727||0.00075241
19:05||712600000||535727||0.00075241
19:06||712600000||535727||0.00075241
19:07||712600000||535727||0.00075241
19:08||712601500||535727||0.00075241
19:09||712601500||535727||0.00075241
19:10||712601500||535727||0.00075241
19:11||712603000||536466||0.00075241
19:12||712603000||536466||0.00075241
19:13||712603000||536466||0.00075241
19:14||712603000||536466||0.00075241
19:15||712551000||536466||0.00075241
19:16||712551000||536466||0.00075241
19:17||712551000||536466||0.00075241
19:18||712551000||536466||0.00075241
19:19||712554000||536466||0.00075241
19:20||712555500||536466||0.00075241
19:21||712556000||535949||0.00075241
19:22||712502500||535870||0.00075241
19:23||712502500||535870||0.00075241
19:24||712502500||535871||0.00075241
19:25||712502500||535871||0.00075241
19:26||712525000||535871||0.00075241
19:27||712525000||536316||0.00075241
19:28||712524500||536316||0.00075241
19:29||712537000||536315||0.00075241
19:30||712612500||536315||0.00075241
19:31||712656000||536315||0.00075241
19:32||712690500||536135||0.00075241
19:33||712720000||536189||0.00075241
19:34||712744500||536314||0.00075241
19:35||712997500||536466||0.00075241
19:36||713388000||536656||0.00075241
19:37||714488000||537216||0.00075241
19:38||714564000||537216||0.00075241
19:39||714636000||537422||0.00075241
19:40||714887500||537887||0.00075241
19:41||714887500||537887||0.00075241
19:42||714887500||537887||0.00075241
19:43||714887500||537888||0.00075241
19:44||714887500||537888||0.00075241
19:45||714887500||537888||0.00075241
19:46||714887500||537888||0.00075241
19:47||714887500||537888||0.00075241
19:48||714887500||537888||0.00075241
19:49||714887500||537888||0.00075241
19:50||714887500||537888||0.00075241
19:51||714887500||537888||0.00075241
19:52||714887500||537888||0.00075241
19:53||714887500||537888||0.00075241
19:54||714887500||537888||0.00075241
19:55||714887500||537888||0.00075241
19:56||715290500||537973||0.00075241
19:57||715488500||537973||0.00075241
19:58||715846000||538424||0.00075241
19:59||715886500||538424||0.00075241
20:00||715917500||538424||0.00075241
20:01||715942000||538621||0.00075241
20:02||715886500||538639||0.00075241
20:03||715886500||538640||0.00075241
20:04||715886500||538640||0.00075241
20:05||715886500||538640||0.00075241
20:06||715886500||538640||0.00075241
20:07||715886500||538640||0.00075241
20:08||715886500||538640||0.00075241
20:09||715886500||538640||0.00075241
20:10||715886500||538640||0.00075241
20:11||715886500||538640||0.00075241
20:12||715886500||538640||0.00075241
20:13||715886500||538640||0.00075241
20:14||714529000||536466||0.00075241
20:15||714809500||538640||0.00075241
20:16||715011000||538640||0.00075241
20:17||715194000||538640||0.00075241
20:18||715341000||538634||0.00075241
20:19||715439000||538634||0.00075241
20:20||715877500||538634||0.00075241
20:21||715028000||538634||0.00075241
20:22||715221000||538634||0.00075241
20:23||715328000||538634||0.00075241
20:24||714953000||538634||0.00075241
20:25||714913000||538634||0.00075241
20:26||714913000||538634||0.00075241
20:27||715019000||538634||0.00075241
20:28||715184000||538634||0.00075241
20:29||715797500||538634||0.00075241
20:30||715797500||538634||0.00075241
20:31||715797500||538573||0.00075241
20:32||715797500||538573||0.00075241
20:33||715797500||538573||0.00075241
20:34||715797500||538573||0.00075241
20:35||715797500||538573||0.00075241
20:36||715797500||538573||0.00075241
20:37||714912000||537239||0.00075241
20:38||714947000||538571||0.00075241
20:39||715111000||538571||0.00075241
20:40||715207000||538571||0.00075241
20:41||715207000||538571||0.00075241
20:42||715207000||538571||0.00075241
20:43||715207000||537688||0.00075241
20:44||715207000||537688||0.00075241
20:45||715207000||538569||0.00075241
20:46||715243000||538569||0.00075241
20:47||715353500||538569||0.00075241
20:48||715451000||538569||0.00075241
20:49||715521500||538569||0.00075241
20:50||715568500||538568||0.00075241
20:51||715787500||538568||0.00075241
20:52||715787500||537697||0.00075241
20:53||715324500||537751||0.00075241
20:54||715787500||538566||0.00075241
20:55||715787500||538566||0.00075241
20:56||715787500||538566||0.00075241
20:57||715787500||538566||0.00075241
20:58||715787500||538566||0.00075241
21:00||715211500||538565||0.00075241
21:01||715211000||538565||0.00075241
21:02||715211000||538565||0.00075241
21:03||715211000||538565||0.00075241
21:04||714967500||538565||0.00075241
20:59||715787500||538565||0.00075241
21:05||714941500||537697||0.00075241
21:06||714941500||537697||0.00075241
21:07||714941500||537697||0.00075241
21:08||714941500||537697||0.00075241
21:09||714637500||537239||0.00075241
21:10||714637500||537239||0.00075241
21:11||714637500||538159||0.00075241
21:12||714513500||538159||0.00075241
21:13||714513500||538159||0.00075241
21:14||714513500||538159||0.00075241
21:15||714513500||538159||0.00075241
21:16||714513500||537241||0.00075241
21:17||714029000||537243||0.00075241
21:18||713515000||537239||0.00075241
21:19||713514000||537239||0.00075241
21:20||713515000||537243||0.00075241
21:21||713515000||537243||0.00075241
21:22||713515000||537243||0.00075241
21:23||713515000||536468||0.00075241
21:24||713000500||536468||0.00075241
21:25||713000500||536468||0.00075241
21:26||713000500||536468||0.00075241
21:27||713000500||536468||0.00075241
21:28||713000500||536468||0.00075241
21:29||713000500||536468||0.00075241
21:30||713000500||536468||0.00075241
21:31||713000500||536468||0.00075241
21:32||713000500||536468||0.00075241
21:33||713514500||536468||0.00075241
21:34||713000500||536468||0.00075241
21:35||713515500||537242||0.00075241
21:36||714028500||537242||0.00075241
21:37||713515500||537242||0.00075241
21:38||713516500||537242||0.00075241
21:39||713516500||537242||0.00075241
21:40||713516500||537242||0.00075241
21:41||713516500||537241||0.00075241
21:42||713516500||537241||0.00075241
21:43||713518000||537241||0.00075241
21:44||713519500||537241||0.00075241
21:45||713521000||537241||0.00075241
21:46||713520500||537241||0.00075241
21:47||713520500||537241||0.00075241
21:48||713520500||537241||0.00075241
21:49||713520500||537241||0.00075241
21:50||713506000||537220||0.00075241
21:51||713568000||537220||0.00075241
21:52||713663000||537241||0.00075241
21:53||713711500||537241||0.00075241
21:54||713711500||537241||0.00075241
21:55||713711500||537241||0.00075241
21:56||713711000||537241||0.00075241
21:57||713712500||537240||0.00075241
21:58||713712500||537240||0.00075241
21:59||713712500||537240||0.00075241
22:00||713712500||537240||0.00075241
22:01||713733000||537240||0.00075241
22:02||713784000||537240||0.00075241
22:03||713828500||537240||0.00075241
22:04||713869000||537240||0.00075241
22:05||713897000||537240||0.00075241
22:06||713897000||537240||0.00075241
22:07||713897000||537240||0.00075241
22:08||713913500||537240||0.00075241
22:09||713943000||537240||0.00075241
22:10||713961500||537240||0.00075241
22:11||713961500||537240||0.00075241
22:12||713961500||537240||0.00075241
22:13||713961500||537240||0.00075241
22:14||713961500||537240||0.00075241
22:15||714025500||537240||0.00075241
22:16||714025500||537240||0.00075241
22:17||714025500||537240||0.00075241
22:18||714025500||537240||0.00075241
22:19||714025500||537240||0.00075241
22:20||714025500||537240||0.00075241
22:21||714025500||537239||0.00075241
22:22||714025500||537239||0.00075241
22:23||714025500||537239||0.00075241
22:24||714025500||537240||0.00075241
22:25||714025500||537239||0.00075241
22:26||714025500||537239||0.00075241
22:27||714025500||537239||0.00075241
22:28||714025500||537239||0.00075241
22:29||713712500||536767||0.00075241
22:30||713711500||536767||0.00075241
22:31||713711500||536767||0.00075241
22:32||713711500||536767||0.00075241
22:33||713711500||536767||0.00075241
22:34||713711500||536767||0.00075241
22:35||713711000||536767||0.00075241
22:36||713711000||536767||0.00075241
22:37||713711000||536767||0.00075241
22:38||713711000||536767||0.00075241
22:39||713511500||536767||0.00075241
22:40||713511500||536767||0.00075241
22:41||713511500||536767||0.00075241
22:42||713511500||536767||0.00075241
22:43||713511500||536767||0.00075241
22:44||713511500||536767||0.00075241
22:45||713501000||537220||0.00075241
22:46||713501000||537220||0.00075241
22:47||713501000||537220||0.00075241
22:48||713500500||537220||0.00075241
22:49||713500500||537220||0.00075241
22:50||713499500||536468||0.00075241
22:51||713499500||536468||0.00075241
22:52||713498000||536468||0.00075241
22:53||713498000||536468||0.00075241
22:54||713498000||536468||0.00075241
22:55||713498000||536468||0.00075241
22:56||713498000||536468||0.00075241
22:57||713498000||536468||0.00075241
22:58||713498000||536468||0.00075241
22:59||713498000||536468||0.00075241
23:00||713498000||536468||0.00075241
23:01||713498000||536468||0.00075241
23:02||713498000||536468||0.00075241
23:03||713498000||536468||0.00075241
23:04||713498000||537216||0.00075241
23:05||713498000||537216||0.00075241
23:06||713496000||537216||0.00075241
23:07||713494000||536468||0.00075241
23:08||713496000||537213||0.00075241
23:09||713496000||537213||0.00075241
23:10||713496000||537213||0.00075241
23:11||713496000||537213||0.00075241
23:12||713496000||537213||0.00075241
23:13||713496000||537213||0.00075241
23:14||713496000||537213||0.00075241
23:15||713496000||537213||0.00075241
23:16||713496000||537213||0.00075241
23:17||713496000||537213||0.00075241
23:18||713496000||537213||0.00075241
23:19||713516500||537213||0.00075241
23:20||713603500||537213||0.00075241
23:21||713675500||537213||0.00075241
23:22||713736000||537213||0.00075241
23:23||713786500||537213||0.00075241
23:24||713988500||537213||0.00075241
23:25||713988500||537211||0.00075241
23:26||713988500||537212||0.00075241
23:27||713988500||537212||0.00075241
23:28||713988500||537211||0.00075241
23:29||713988500||537211||0.00075241
23:30||713988500||537211||0.00075241
23:31||713988500||537211||0.00075241
23:32||713988500||537211||0.00075241
23:33||713988500||537211||0.00075241
23:34||713988500||537211||0.00075241
23:35||713988500||537211||0.00075241
23:36||713988500||537211||0.00075241
23:37||713988500||537211||0.00075241
23:38||713988500||537211||0.00075241
23:39||713988500||537211||0.00075241
23:40||713988500||537211||0.00075241
23:41||713988500||537211||0.00075241
23:42||713988500||537211||0.00075241
23:43||713988500||537211||0.00075241
23:44||713988500||537211||0.00075241
23:45||713988500||537211||0.00075241
23:46||713988500||537211||0.00075241
23:47||713988500||537211||0.00075241
23:48||713988500||537211||0.00075241
23:49||713988500||537211||0.00075241
23:50||713988500||537211||0.00075241
23:51||713988500||537211||0.00075241
23:52||713236500||536080||0.00075241
23:53||713236500||536080||0.00075241
23:54||713236500||536080||0.00075241
23:55||713236500||536080||0.00075241
23:56||713236500||536080||0.00075241
23:57||713236500||536080||0.00075241
23:58||713236500||536080||0.00075241
23:59||713236500||536080||0.00075241
