00:00||472474500||356597||0.00075241
00:01||472474000||354391||0.00075241
00:02||472474500||356597||0.00075241
00:03||472570000||356597||0.00075241
00:04||472570000||356597||0.00075241
00:05||472570000||356597||0.00075241
00:06||472600000||356597||0.00075241
00:07||472600000||356597||0.00075241
00:08||475512000||356642||0.00075241
00:09||475416500||356642||0.00075241
00:10||475416500||356642||0.00075241
00:11||475416500||356642||0.00075241
00:12||475416500||356642||0.00075241
00:13||475416500||356642||0.00075241
00:14||475416500||356642||0.00075241
00:15||475327500||356642||0.00075241
00:16||474989000||356642||0.00075241
00:17||474907500||356642||0.00075241
00:18||474387000||356642||0.00075241
00:19||473817500||356642||0.00075241
00:20||477534500||358363||0.00075241
00:21||474025500||358363||0.00075241
00:22||473682500||358363||0.00075241
00:23||475332000||358363||0.00075241
00:24||474803500||358363||0.00075241
00:25||474419000||358363||0.00075241
00:26||474095500||358363||0.00075241
00:27||473789000||358363||0.00075241
00:28||473698500||358363||0.00075241
00:29||473434500||357467||0.00075241
00:30||473258000||357467||0.00075241
00:31||473107000||357467||0.00075241
00:32||475044000||355363||0.00075241
00:33||474682500||355363||0.00075241
00:34||474295000||355363||0.00075241
00:35||473199000||355363||0.00075241
00:36||473199000||355363||0.00075241
00:37||473997500||355363||0.00075241
00:38||473997500||355363||0.00075241
00:39||473997500||355363||0.00075241
00:40||473997500||355363||0.00075241
00:41||476302500||355363||0.00075241
00:42||475872000||355363||0.00075241
00:43||475585000||355363||0.00075241
00:44||475285500||355363||0.00075241
00:45||475086000||355363||0.00075241
00:46||474897000||355363||0.00075241
00:47||474739500||355363||0.00075241
00:48||473000000||354392||0.00075241
00:49||472918000||354392||0.00075241
00:50||472730000||354392||0.00075241
00:51||472406000||354391||0.00075241
00:52||472189500||354391||0.00075241
00:53||471986000||356097||0.00075241
00:54||471798500||356097||0.00075241
00:55||471658500||356097||0.00075241
00:56||471616500||356097||0.00075241
00:57||471616500||356097||0.00075241
00:58||471616500||356097||0.00075241
00:59||472373000||356868||0.00075241
01:00||472138500||356868||0.00075241
01:01||472091000||356868||0.00075241
01:02||472091000||356868||0.00075241
01:03||472091000||356868||0.00075241
01:04||472091000||356868||0.00075241
01:05||472091000||356868||0.00075241
01:06||472091000||356868||0.00075241
01:07||472091000||356868||0.00075241
01:08||472091000||356868||0.00075241
01:09||472091000||356868||0.00075241
01:10||472091000||356868||0.00075241
01:11||472091000||356868||0.00075241
01:12||472091000||356868||0.00075241
01:13||472091000||356868||0.00075241
01:14||472091000||356868||0.00075241
01:15||472091000||356868||0.00075241
01:16||472091000||356868||0.00075241
01:17||472653500||356868||0.00075241
01:18||472653500||356868||0.00075241
01:19||472653500||356868||0.00075241
01:20||472653500||356868||0.00075241
01:21||472653500||356868||0.00075241
01:22||472653500||356868||0.00075241
01:23||472653500||356868||0.00075241
01:24||472653500||356868||0.00075241
01:25||472653500||356868||0.00075241
01:26||472653500||356868||0.00075241
01:27||472653500||356868||0.00075241
01:28||472653500||356868||0.00075241
01:29||472653500||356868||0.00075241
01:30||472653500||356868||0.00075241
01:31||472653500||356868||0.00075241
01:32||472653500||356868||0.00075241
01:33||472653500||356868||0.00075241
01:34||472653500||356868||0.00075241
01:35||472653500||356868||0.00075241
01:36||472653500||356868||0.00075241
01:37||472653500||356868||0.00075241
01:38||472653500||356868||0.00075241
01:39||472653000||354390||0.00075241
01:40||472653000||354390||0.00075241
01:41||472653000||354390||0.00075241
01:42||472653000||354390||0.00075241
01:43||472653000||354390||0.00075241
01:44||472653000||354390||0.00075241
01:45||472653000||354390||0.00075241
01:46||472653000||354390||0.00075241
01:47||472653000||354390||0.00075241
01:48||472653500||354390||0.00075241
01:49||472653500||354390||0.00075241
01:50||477119000||364165||0.00075241
01:51||476095000||364165||0.00075241
01:52||476342000||364165||0.00075241
01:53||476062000||364165||0.00075241
01:54||476062000||364165||0.00075241
01:55||476062000||364165||0.00075241
01:56||477962000||358598||0.00075241
01:57||477962000||358598||0.00075241
01:58||477962000||358598||0.00075241
01:59||475172000||358598||0.00075241
02:00||475172000||358598||0.00075241
02:01||475172000||358598||0.00075241
02:02||475187000||358598||0.00075241
02:03||475199500||358598||0.00075241
02:04||474954000||358598||0.00075241
02:05||474954000||358598||0.00075241
02:06||476038500||363414||0.00075241
02:07||475204500||363414||0.00075241
02:08||474802000||363414||0.00075241
02:09||474802000||363414||0.00075241
02:10||474802000||363414||0.00075241
02:11||474802000||363414||0.00075241
02:12||474802000||363414||0.00075241
02:13||474440500||363414||0.00075241
02:14||474238500||363414||0.00075241
02:15||474238500||363414||0.00075241
02:16||474238500||363414||0.00075241
02:17||474238500||363414||0.00075241
02:18||473872500||363414||0.00075241
02:19||473398000||363414||0.00075241
02:20||473171000||363414||0.00075241
02:21||473170000||363414||0.00075241
02:22||473170000||363414||0.00075241
02:23||473170000||363414||0.00075241
02:24||473170000||363414||0.00075241
02:25||473170000||363414||0.00075241
02:26||476918000||363414||0.00075241
02:27||476918000||363414||0.00075241
02:28||476918000||363414||0.00075241
02:29||476918000||363414||0.00075241
02:30||476918000||363414||0.00075241
02:31||476918000||363414||0.00075241
02:32||476918000||363414||0.00075241
02:33||476918000||363414||0.00075241
02:34||476918000||363414||0.00075241
02:35||476918000||363414||0.00075241
02:36||476918000||363414||0.00075241
02:37||476918000||363414||0.00075241
02:38||476918000||363414||0.00075241
02:39||476918000||363414||0.00075241
02:40||476920500||363414||0.00075241
02:41||476920500||363414||0.00075241
02:42||476803000||363414||0.00075241
02:43||476803000||363414||0.00075241
02:44||476803000||363414||0.00075241
02:45||476803000||363414||0.00075241
02:46||476803000||363414||0.00075241
02:47||476803000||363414||0.00075241
02:48||476803000||363414||0.00075241
02:49||476803000||363414||0.00075241
02:50||476803000||363414||0.00075241
02:51||476803000||363414||0.00075241
02:52||476803000||363414||0.00075241
02:53||476803000||363414||0.00075241
02:54||476803000||363414||0.00075241
02:55||476803000||363414||0.00075241
02:56||476803000||363414||0.00075241
02:57||476803000||363414||0.00075241
02:58||476803000||363414||0.00075241
02:59||476803000||363414||0.00075241
03:00||476803000||363414||0.00075241
03:01||476803000||363414||0.00075241
03:02||476803000||363414||0.00075241
03:03||476803000||363414||0.00075241
03:04||476805500||363414||0.00075241
03:05||476805500||363414||0.00075241
03:06||476805500||363414||0.00075241
03:07||476805500||363414||0.00075241
03:08||476805500||363414||0.00075241
03:09||476805500||363414||0.00075241
03:10||476805500||363414||0.00075241
03:11||476805500||363414||0.00075241
03:12||476805500||363414||0.00075241
03:13||476805500||363414||0.00075241
03:14||476805500||363414||0.00075241
03:15||476805500||363414||0.00075241
03:16||476805500||363414||0.00075241
03:17||476805500||363414||0.00075241
03:18||476805500||363414||0.00075241
03:19||476805500||363414||0.00075241
03:20||476805500||363414||0.00075241
03:21||476813000||363414||0.00075241
03:22||476813000||363414||0.00075241
03:23||476813000||354460||0.00075241
03:24||476813000||354460||0.00075241
03:25||476813000||354460||0.00075241
03:26||476813000||354460||0.00075241
03:27||476813000||354460||0.00075241
03:28||476823000||354460||0.00075241
03:29||476823000||354460||0.00075241
03:30||476824000||354460||0.00075241
03:31||476824000||354460||0.00075241
03:32||476698000||354460||0.00075241
03:33||476698000||354460||0.00075241
03:34||476698000||354460||0.00075241
03:35||476698000||354460||0.00075241
03:36||476698000||354460||0.00075241
03:37||476698000||354460||0.00075241
03:38||476698000||354460||0.00075241
03:39||476698000||354460||0.00075241
03:40||476698000||354460||0.00075241
03:41||476698000||354460||0.00075241
03:42||476698000||354460||0.00075241
03:43||476698000||354460||0.00075241
03:44||476698000||354460||0.00075241
03:45||476698000||354460||0.00075241
03:46||476698000||354460||0.00075241
03:47||476698000||354460||0.00075241
03:48||476698000||354460||0.00075241
03:49||476698000||354460||0.00075241
03:50||476698000||354460||0.00075241
03:51||476698000||354460||0.00075241
03:52||476698000||354460||0.00075241
03:53||476703500||354460||0.00075241
03:54||476703500||354460||0.00075241
03:55||476703500||354460||0.00075241
03:56||476703500||354460||0.00075241
03:57||476703500||354460||0.00075241
03:58||476703500||354460||0.00075241
03:59||476703500||354460||0.00075241
04:00||476703500||354460||0.00075241
04:01||476703500||354460||0.00075241
04:02||476703500||354460||0.00075241
04:03||476703500||354460||0.00075241
04:04||476703500||354460||0.00075241
04:05||476703500||354460||0.00075241
04:06||476703500||354460||0.00075241
04:07||476703500||354460||0.00075241
04:08||476703500||354460||0.00075241
04:09||476703500||354460||0.00075241
04:10||476703500||354460||0.00075241
04:11||476703500||354460||0.00075241
04:12||476703500||354460||0.00075241
04:13||476703500||354460||0.00075241
04:14||476703500||354460||0.00075241
04:15||476703500||354460||0.00075241
04:16||469060000||353632||0.00075241
04:17||468111000||352240||0.00075241
04:18||465764000||349870||0.00075241
04:19||465764000||349870||0.00075241
04:20||466715500||349870||0.00075241
04:21||466715500||349870||0.00075241
04:22||466760500||349870||0.00075241
04:23||466715500||349870||0.00075241
04:24||466715500||349870||0.00075241
04:25||466760500||349870||0.00075241
04:26||466760500||349870||0.00075241
04:27||466760500||349870||0.00075241
04:28||465613500||349510||0.00075241
04:29||465613500||349510||0.00075241
04:30||465613500||349510||0.00075241
04:31||465546000||349510||0.00075241
04:32||465613500||349510||0.00075241
04:33||465546000||349510||0.00075241
04:34||465613500||352880||0.00075241
04:35||465613500||352880||0.00075241
04:36||465650000||352880||0.00075241
04:37||465650500||352880||0.00075241
04:38||465650500||352880||0.00075241
04:39||465650500||352880||0.00075241
04:40||465583000||352880||0.00075241
04:41||465546500||352880||0.00075241
04:42||465546500||352880||0.00075241
04:43||465546500||352880||0.00075241
04:44||465546500||352880||0.00075241
04:45||465546500||352880||0.00075241
04:46||465546500||352880||0.00075241
04:47||465546500||352880||0.00075241
04:48||463684000||352880||0.00075241
04:49||463684000||352880||0.00075241
04:50||463713500||352880||0.00075241
04:51||463684000||352880||0.00075241
04:52||463684000||352880||0.00075241
04:53||463684000||352880||0.00075241
04:54||463684000||352880||0.00075241
04:55||463684000||349976||0.00075241
04:56||463684000||349976||0.00075241
04:57||463684000||349976||0.00075241
04:58||463684000||349976||0.00075241
04:59||463684000||349976||0.00075241
05:00||463684000||349976||0.00075241
05:01||463684000||349976||0.00075241
05:02||463713500||349976||0.00075241
05:03||463684000||349976||0.00075241
05:04||463713500||349976||0.00075241
05:05||463684000||349976||0.00075241
05:06||463713500||349976||0.00075241
05:07||463684000||349976||0.00075241
05:08||465170500||349976||0.00075241
05:09||463684000||350020||0.00075241
05:10||463684000||350020||0.00075241
05:11||463684000||350020||0.00075241
05:12||463713500||350020||0.00075241
05:13||463684000||350020||0.00075241
05:14||463713500||350020||0.00075241
05:15||463714000||350021||0.00075241
05:16||463713500||350021||0.00075241
05:17||463713500||350021||0.00075241
05:18||463713500||350021||0.00075241
05:19||464600000||350021||0.00075241
05:20||466500000||352880||0.00075241
05:21||466500000||352880||0.00075241
05:22||466450000||352880||0.00075241
05:23||466450000||352880||0.00075241
05:24||466450000||352880||0.00075241
05:25||466450000||352880||0.00075241
05:26||466450000||352880||0.00075241
05:27||466450000||352880||0.00075241
05:28||466450000||352880||0.00075241
05:29||466450000||352880||0.00075241
05:30||466450000||352880||0.00075241
05:31||466450000||352880||0.00075241
05:32||465563500||352880||0.00075241
05:33||465563500||352880||0.00075241
05:34||465563500||352880||0.00075241
05:35||465563500||352880||0.00075241
05:36||465491500||352880||0.00075241
05:37||465491500||352880||0.00075241
05:38||465491500||352880||0.00075241
05:39||465491500||352880||0.00075241
05:40||465491500||352880||0.00075241
05:41||463823000||350240||0.00075241
05:42||463823000||350185||0.00075241
05:43||463823000||350185||0.00075241
05:44||463823000||350185||0.00075241
05:45||463823000||350185||0.00075241
05:46||463823000||350185||0.00075241
05:47||463823000||350185||0.00075241
05:48||465558000||350185||0.00075241
05:49||462363500||350185||0.00075241
05:50||462606000||350185||0.00075241
05:51||462606000||350185||0.00075241
05:52||461258500||347784||0.00075241
05:53||461254000||347784||0.00075241
05:54||461254500||347784||0.00075241
05:55||460745500||347784||0.00075241
05:56||460549500||347784||0.00075241
05:57||460597500||347784||0.00075241
05:58||460529000||346557||0.00075241
05:59||459089500||346108||0.00075241
06:00||459089500||346108||0.00075241
06:01||458101000||343250||0.00075241
06:02||461493000||346108||0.00075241
06:03||461493500||346108||0.00075241
06:04||462392500||346108||0.00075241
06:05||462392000||346108||0.00075241
06:06||462392000||346108||0.00075241
06:07||462410000||346108||0.00075241
06:08||459562000||346108||0.00075241
06:09||462512000||347613||0.00075241
06:10||460250000||347613||0.00075241
06:11||460250000||347613||0.00075241
06:12||460250500||347613||0.00075241
06:13||460251000||347613||0.00075241
06:14||462430000||350623||0.00075241
06:15||462590500||350623||0.00075241
06:16||462571000||350516||0.00075241
06:17||459675000||350516||0.00075241
06:18||459675000||350516||0.00075241
06:19||459675000||350516||0.00075241
06:20||459675000||350516||0.00075241
06:21||462188500||350623||0.00075241
06:22||462255000||350623||0.00075241
06:23||463500000||350623||0.00075241
06:24||463450000||350547||0.00075241
06:25||463500000||350547||0.00075241
06:26||463500000||350547||0.00075241
06:27||463500000||350547||0.00075241
06:28||463499500||350547||0.00075241
06:29||465999500||350622||0.00075241
06:30||465999500||350622||0.00075241
06:31||463501000||350622||0.00075241
06:32||467411000||350623||0.00075241
06:33||466500000||350623||0.00075241
06:34||466500000||350623||0.00075241
06:35||466500000||350623||0.00075241
06:36||466490000||350623||0.00075241
06:37||466490000||351360||0.00075241
06:38||466490000||351360||0.00075241
06:39||466490000||351360||0.00075241
06:40||466490000||351360||0.00075241
06:41||466490000||351360||0.00075241
06:42||466490000||351360||0.00075241
06:43||463541000||350623||0.00075241
06:44||463541000||350623||0.00075241
06:45||463541000||350564||0.00075241
06:46||463541000||350564||0.00075241
06:47||463541000||350564||0.00075241
06:48||464036000||350564||0.00075241
06:49||464036000||350564||0.00075241
06:50||464036000||350564||0.00075241
06:51||463462000||350564||0.00075241
06:52||463462000||350564||0.00075241
06:53||463462000||350564||0.00075241
06:54||463462000||350564||0.00075241
06:55||465021000||350564||0.00075241
06:56||465021000||349208||0.00075241
06:57||462542000||349208||0.00075241
06:58||462542000||349208||0.00075241
06:59||463542000||349208||0.00075241
07:00||462542000||349208||0.00075241
07:01||463430000||346862||0.00075241
07:02||463430000||346862||0.00075241
07:03||463430000||346862||0.00075241
07:04||463430000||346862||0.00075241
07:05||461215000||343251||0.00075241
07:06||460823000||343251||0.00075241
07:07||461181000||343251||0.00075241
07:08||462632000||343251||0.00075241
07:09||460826500||343251||0.00075241
07:10||460497500||343251||0.00075241
07:11||460157000||348758||0.00075241
07:12||461147500||348758||0.00075241
07:13||459698000||347729||0.00075241
07:14||459455000||347729||0.00075241
07:15||459172000||347729||0.00075241
07:16||458987500||347729||0.00075241
07:17||458824000||346301||0.00075241
07:18||458656000||346301||0.00075241
07:19||458530500||345790||0.00075241
07:20||460603500||342722||0.00075241
07:21||460016000||342722||0.00075241
07:22||461920500||342722||0.00075241
07:23||457613000||346108||0.00075241
07:24||457328000||346108||0.00075241
07:25||457113500||346108||0.00075241
07:26||456180500||342346||0.00075241
07:27||456829000||346019||0.00075241
07:28||456614500||346019||0.00075241
07:29||461353500||345435||0.00075241
07:30||458437500||345435||0.00075241
07:31||456942000||345928||0.00075241
07:32||457443000||342441||0.00075241
07:33||457552500||342441||0.00075241
07:34||457556000||342441||0.00075241
07:35||464229500||345928||0.00075241
07:36||460857500||345928||0.00075241
07:37||460379000||345928||0.00075241
07:38||464861000||346861||0.00075241
07:39||460484500||346861||0.00075241
07:40||458712000||346915||0.00075241
07:41||459350000||346915||0.00075241
07:42||459600000||348365||0.00075241
07:43||460449500||348365||0.00075241
07:44||459750000||348365||0.00075241
07:45||459750000||348365||0.00075241
07:46||459750000||348365||0.00075241
07:47||460000000||347613||0.00075241
07:48||460000000||347613||0.00075241
07:49||463331000||347989||0.00075241
07:50||461430000||347989||0.00075241
07:51||463331000||352790||0.00075241
07:52||462655000||352625||0.00075241
07:53||461430000||352625||0.00075241
07:54||461000000||352625||0.00075241
07:55||461000500||352625||0.00075241
07:56||461001000||352625||0.00075241
07:57||461921000||352625||0.00075241
07:58||463507500||352625||0.00075241
07:59||461676000||352625||0.00075241
08:00||461676000||352625||0.00075241
08:01||461676000||352625||0.00075241
08:02||463510500||352790||0.00075241
08:03||464441000||352790||0.00075241
08:04||464516000||352790||0.00075241
08:05||464578500||352879||0.00075241
08:06||464586000||352880||0.00075241
08:07||467001000||352880||0.00075241
08:08||467921000||353632||0.00075241
08:09||467921000||353632||0.00075241
08:10||467921000||353632||0.00075241
08:11||469421000||355889||0.00075241
08:12||469501000||355889||0.00075241
08:13||469783000||356266||0.00075241
08:14||470434500||356266||0.00075241
08:15||472943500||360320||0.00075241
08:16||476495000||360320||0.00075241
08:17||476495000||360396||0.00075241
08:18||476445500||360396||0.00075241
08:19||476445500||360321||0.00075241
08:20||476901000||360321||0.00075241
08:21||475980000||360321||0.00075241
08:22||475500000||360321||0.00075241
08:23||475955500||358861||0.00075241
08:24||475960500||358861||0.00075241
08:25||475960500||358832||0.00075241
08:26||476274000||357430||0.00075241
08:27||475980000||357430||0.00075241
08:28||475250000||357394||0.00075241
08:29||474765000||357394||0.00075241
08:30||475999500||358147||0.00075241
08:31||475044500||358147||0.00075241
08:32||475999500||358147||0.00075241
08:33||475999500||358147||0.00075241
08:34||475999500||358147||0.00075241
08:35||475999500||358147||0.00075241
08:36||475999500||358147||0.00075241
08:37||474089500||358146||0.00075241
08:38||474089500||358145||0.00075241
08:39||475043500||358145||0.00075241
08:40||475043500||358145||0.00075241
08:41||475067500||358145||0.00075241
08:42||475067500||358145||0.00075241
08:43||474137500||358145||0.00075241
08:44||474137500||356746||0.00075241
08:45||474137500||356746||0.00075241
08:46||475073000||356746||0.00075241
08:47||475073000||356746||0.00075241
08:48||475073000||356746||0.00075241
08:49||477348000||359651||0.00075241
08:50||478665000||360153||0.00075241
08:51||478664500||360151||0.00075241
08:52||476384000||360151||0.00075241
08:53||477832500||360151||0.00075241
08:54||477000500||360152||0.00075241
08:55||477000500||360152||0.00075241
08:56||477000500||358900||0.00075241
08:57||476510000||358899||0.00075241
08:58||476510500||358899||0.00075241
08:59||477000500||358900||0.00075241
09:00||477000500||358900||0.00075241
09:01||477340000||358900||0.00075241
09:02||476833000||358900||0.00075241
09:03||476867000||358900||0.00075241
09:04||476900500||358900||0.00075241
09:05||477312500||360020||0.00075241
09:06||477222000||360020||0.00075241
09:07||477222000||360020||0.00075241
09:08||477721500||360020||0.00075241
09:09||477222000||360020||0.00075241
09:10||477221500||360020||0.00075241
09:11||477221500||360020||0.00075241
09:12||477221500||360020||0.00075241
09:13||477221500||360020||0.00075241
09:14||477221500||360020||0.00075241
09:15||477005000||360020||0.00075241
09:16||477000000||360020||0.00075241
09:17||476990000||360020||0.00075241
09:18||476990000||360020||0.00075241
09:19||476990000||359260||0.00075241
09:20||476990000||359260||0.00075241
09:21||476990000||359260||0.00075241
09:22||476990000||359260||0.00075241
09:23||476990000||359260||0.00075241
09:24||476990000||359260||0.00075241
09:25||476990000||359260||0.00075241
09:26||476184000||358523||0.00075241
09:27||476184000||358523||0.00075241
09:28||476000500||358523||0.00075241
09:29||476000500||358523||0.00075241
09:30||476000500||358523||0.00075241
09:31||476000500||358523||0.00075241
09:32||476000500||358523||0.00075241
09:33||476000500||358523||0.00075241
09:34||476000500||358523||0.00075241
09:35||476000500||358523||0.00075241
09:36||476000500||358523||0.00075241
09:37||476000500||358523||0.00075241
09:38||476000500||358523||0.00075241
09:39||476000500||358523||0.00075241
09:40||476000500||358523||0.00075241
09:41||475020500||358147||0.00075241
09:42||475020500||358147||0.00075241
09:43||475020500||358147||0.00075241
09:44||475020500||358147||0.00075241
09:45||475020500||358147||0.00075241
09:46||475020500||358147||0.00075241
09:47||475020500||358147||0.00075241
09:48||475020500||358147||0.00075241
09:49||476765500||358147||0.00075241
09:50||477025500||359651||0.00075241
09:51||477025500||359651||0.00075241
09:52||477006000||359651||0.00075241
09:53||477006000||359651||0.00075241
09:54||477006000||359651||0.00075241
09:55||477025500||359651||0.00075241
09:56||476030000||356687||0.00075241
09:57||476040000||356687||0.00075241
09:58||476040000||356687||0.00075241
09:59||476000000||356687||0.00075241
10:00||476000500||359651||0.00075241
10:01||476000000||359651||0.00075241
10:02||476000000||359651||0.00075241
10:03||476000000||359651||0.00075241
10:04||476000000||359651||0.00075241
10:05||476000000||359651||0.00075241
10:06||476500000||359651||0.00075241
10:07||476720500||359983||0.00075241
10:08||476721500||359985||0.00075241
10:09||476888500||360236||0.00075241
10:10||476888500||360236||0.00075241
10:11||477395000||361072||0.00075241
10:12||477395000||360998||0.00075241
10:13||477395000||360998||0.00075241
10:14||477395000||360998||0.00075241
10:15||477395000||360998||0.00075241
10:16||477395000||360998||0.00075241
10:17||477303500||360998||0.00075241
10:18||477303500||360998||0.00075241
10:19||477250500||360998||0.00075241
10:20||477242500||360780||0.00075241
10:21||477287500||360780||0.00075241
10:22||477287500||360780||0.00075241
10:23||477526000||361156||0.00075241
10:24||477526000||361156||0.00075241
10:25||477526000||361156||0.00075241
10:26||478451000||361156||0.00075241
10:27||478951000||361156||0.00075241
10:28||478931000||361156||0.00075241
10:29||478950000||361156||0.00075241
10:30||478950000||361156||0.00075241
10:31||478950000||361156||0.00075241
10:32||478950000||359651||0.00075241
10:33||478950000||359651||0.00075241
10:34||479425000||359651||0.00075241
10:35||478950000||359651||0.00075241
10:36||479450000||359651||0.00075241
10:37||479949500||361081||0.00075241
10:38||479000000||361081||0.00075241
10:39||479000500||361156||0.00075241
10:40||479000500||361156||0.00075241
10:41||481500500||364918||0.00075241
10:42||481430500||364918||0.00075241
10:43||479967500||358900||0.00075241
10:44||479967500||358900||0.00075241
10:45||480940000||358900||0.00075241
10:46||480940000||364076||0.00075241
10:47||480940000||364076||0.00075241
10:48||480876500||364076||0.00075241
10:49||480876500||363980||0.00075241
10:50||480595500||363980||0.00075241
10:51||480292500||363980||0.00075241
10:52||480067000||363980||0.00075241
10:53||480025500||363980||0.00075241
10:54||479752000||363980||0.00075241
10:55||479645000||363980||0.00075241
10:56||479499500||361907||0.00075241
10:57||479499500||361907||0.00075241
10:58||479499500||361907||0.00075241
10:59||479499500||361907||0.00075241
11:00||479499500||361907||0.00075241
11:01||479499500||361907||0.00075241
11:02||479499500||361907||0.00075241
11:03||479499500||361907||0.00075241
11:04||479561000||361907||0.00075241
11:05||479311500||360028||0.00075241
11:06||479470500||361864||0.00075241
11:07||478980500||361864||0.00075241
11:08||478980500||361126||0.00075241
11:09||478750500||361126||0.00075241
11:10||480205500||363414||0.00075241
11:11||479973000||362970||0.00075241
11:12||480222500||362620||0.00075241
11:13||480222500||362620||0.00075241
11:14||480222500||362620||0.00075241
11:15||480222500||362620||0.00075241
11:16||480222500||362620||0.00075241
11:17||479973000||359652||0.00075241
11:18||479973000||359652||0.00075241
11:19||479973000||362620||0.00075241
11:20||478980500||362620||0.00075241
11:21||478980500||362620||0.00075241
11:22||478980500||362620||0.00075241
11:23||478980500||361126||0.00075241
11:24||478980500||359652||0.00075241
11:25||478980500||359652||0.00075241
11:26||478980500||359652||0.00075241
11:27||478980500||359652||0.00075241
11:28||478882500||359652||0.00075241
11:29||478858000||359652||0.00075241
11:30||478858000||359652||0.00075241
11:31||478858000||359652||0.00075241
11:32||478294500||359652||0.00075241
11:33||478300500||359652||0.00075241
11:34||478300500||359652||0.00075241
11:35||481705000||363037||0.00075241
11:36||481235000||362341||0.00075241
11:37||481235000||362341||0.00075241
11:38||481000500||362341||0.00075241
11:39||481000500||362341||0.00075241
11:40||479742500||361909||0.00075241
11:41||479742500||361909||0.00075241
11:42||479742500||361909||0.00075241
11:43||479742500||361897||0.00075241
11:44||479742500||361897||0.00075241
11:45||479743000||361897||0.00075241
11:46||480984500||361897||0.00075241
11:47||480984500||361897||0.00075241
11:48||480984500||361897||0.00075241
11:49||480984500||361897||0.00075241
11:50||479426500||361897||0.00075241
11:51||479426500||361897||0.00075241
11:52||479397500||361897||0.00075241
11:53||478526500||361342||0.00075241
11:54||479124500||361342||0.00075241
11:55||478537000||361342||0.00075241
11:56||478537000||361342||0.00075241
11:57||478537000||361342||0.00075241
11:58||478537000||361342||0.00075241
11:59||478537000||361342||0.00075241
12:00||478537000||361342||0.00075241
12:01||479463500||361897||0.00075241
12:02||479962500||361897||0.00075241
12:03||479962500||361897||0.00075241
12:04||479962500||361897||0.00075241
12:05||479962500||361897||0.00075241
12:06||479962500||361897||0.00075241
12:07||480462500||361156||0.00075241
12:08||479490000||361156||0.00075241
12:09||479490000||361156||0.00075241
12:10||479490000||361156||0.00075241
12:11||479490000||361141||0.00075241
12:12||479490000||361141||0.00075241
12:13||478990500||359652||0.00075241
12:14||478990500||359652||0.00075241
12:15||478990500||361141||0.00075241
12:16||478990500||361141||0.00075241
12:17||478990500||361141||0.00075241
12:18||478990500||359652||0.00075241
12:19||478990500||359652||0.00075241
12:20||478871500||359652||0.00075241
12:21||478734000||359652||0.00075241
12:22||478603000||359652||0.00075241
12:23||478484000||359652||0.00075241
12:24||478396000||359652||0.00075241
12:25||478322500||359652||0.00075241
12:26||478001500||359652||0.00075241
12:27||478001500||359652||0.00075241
12:28||478001500||359652||0.00075241
12:29||478001500||359653||0.00075241
12:30||478001500||359653||0.00075241
12:31||476537500||359652||0.00075241
12:32||476323500||359652||0.00075241
12:33||476299500||359652||0.00075241
12:34||476299500||359652||0.00075241
12:35||476299500||359652||0.00075241
12:36||476299500||359652||0.00075241
12:37||476299500||359652||0.00075241
12:38||476302000||359652||0.00075241
12:39||476302000||359652||0.00075241
12:40||476300500||359652||0.00075241
12:41||476301000||359652||0.00075241
12:42||475157500||359233||0.00075241
12:43||475157000||359233||0.00075241
12:44||475157000||359233||0.00075241
12:45||475157000||359233||0.00075241
12:46||475157000||359233||0.00075241
12:47||475157000||359233||0.00075241
12:48||475157000||359233||0.00075241
12:49||475155500||357451||0.00075241
12:50||476239500||357451||0.00075241
12:51||475274000||357451||0.00075241
12:52||475233000||357451||0.00075241
12:53||475220000||357451||0.00075241
12:54||475287500||357451||0.00075241
12:55||475245500||357451||0.00075241
12:56||475212000||357451||0.00075241
12:57||475197000||357451||0.00075241
12:58||475401000||357623||0.00075241
12:59||475401000||357623||0.00075241
13:00||475401000||357623||0.00075241
13:01||475402000||357623||0.00075241
13:02||475402000||357623||0.00075241
13:03||475402000||357623||0.00075241
13:04||475304500||357623||0.00075241
13:05||475304500||357623||0.00075241
13:06||475304500||357623||0.00075241
13:07||475304500||357623||0.00075241
13:08||475304500||357623||0.00075241
13:09||475304500||357623||0.00075241
13:10||475304500||357623||0.00075241
13:11||475304500||357623||0.00075241
13:12||475304500||357623||0.00075241
13:13||475304500||357623||0.00075241
13:14||476625500||359651||0.00075241
13:15||476925500||359651||0.00075241
13:16||476925500||359610||0.00075241
13:17||476925500||359610||0.00075241
13:18||476925500||359610||0.00075241
13:19||476925500||359610||0.00075241
13:20||476925500||359610||0.00075241
13:21||476925500||359610||0.00075241
13:22||476972500||359610||0.00075241
13:23||477000500||359610||0.00075241
13:24||477960500||361156||0.00075241
13:25||477985500||361095||0.00075241
13:26||477985500||361095||0.00075241
13:27||477985500||361095||0.00075241
13:28||477985500||361095||0.00075241
13:29||477985500||361095||0.00075241
13:30||477985500||361095||0.00075241
13:31||477985500||361095||0.00075241
13:32||477985500||361095||0.00075241
13:33||479420000||361095||0.00075241
13:34||479420000||361095||0.00075241
13:35||479420000||361095||0.00075241
13:36||479419000||361095||0.00075241
13:37||479419000||361095||0.00075241
13:38||479419000||361095||0.00075241
13:39||479419000||361095||0.00075241
13:40||479419000||361095||0.00075241
13:41||479419000||361095||0.00075241
13:42||477480000||360343||0.00075241
13:43||477480000||360343||0.00075241
13:44||477480000||360335||0.00075241
13:45||477480000||360335||0.00075241
13:46||477447500||360335||0.00075241
13:47||477447500||360335||0.00075241
13:48||477447500||360286||0.00075241
13:49||477447500||360286||0.00075241
13:50||477447500||360286||0.00075241
13:51||477447500||360286||0.00075241
13:52||477447500||360286||0.00075241
13:53||477447500||360286||0.00075241
13:54||477447500||360286||0.00075241
13:55||477447500||360286||0.00075241
13:56||477447500||360286||0.00075241
13:57||477174500||360286||0.00075241
13:58||477174500||360286||0.00075241
13:59||477197500||360286||0.00075241
14:00||477197500||360286||0.00075241
14:01||477197500||360286||0.00075241
14:02||477197500||360286||0.00075241
14:03||477197500||360286||0.00075241
14:04||477197500||360286||0.00075241
14:05||477197500||360286||0.00075241
14:06||477197000||360286||0.00075241
14:07||477174000||360286||0.00075241
14:08||477174000||360286||0.00075241
14:09||477174000||359874||0.00075241
14:10||477174000||359874||0.00075241
14:11||476673000||357432||0.00075241
14:12||476673000||357432||0.00075241
14:13||476673000||359874||0.00075241
14:14||476673000||359874||0.00075241
14:15||476542500||359874||0.00075241
14:16||476300000||359874||0.00075241
14:17||475800000||359874||0.00075241
14:18||475800000||358523||0.00075241
14:19||475800000||358523||0.00075241
14:20||475800000||358523||0.00075241
14:21||475845000||358523||0.00075241
14:22||475845000||358523||0.00075241
14:23||475845000||358523||0.00075241
14:24||475845000||358523||0.00075241
14:25||475845000||358523||0.00075241
14:26||475845000||358523||0.00075241
14:27||475845000||358523||0.00075241
14:28||475845000||358523||0.00075241
14:29||475845000||358523||0.00075241
14:30||476345000||359275||0.00075241
14:31||476345000||359275||0.00075241
14:32||476345000||359275||0.00075241
14:33||476345000||359275||0.00075241
14:34||476345000||359275||0.00075241
14:35||476345000||359275||0.00075241
14:36||476345000||359275||0.00075241
14:37||476345000||359275||0.00075241
14:38||476345000||357537||0.00075241
14:39||476095000||357537||0.00075241
14:40||476095000||357537||0.00075241
14:41||476095000||357537||0.00075241
14:42||476095000||357537||0.00075241
14:43||476095000||357537||0.00075241
14:44||476095000||357537||0.00075241
14:45||476345000||359275||0.00075241
14:46||476345000||359275||0.00075241
14:47||476345000||359275||0.00075241
14:48||476345000||359275||0.00075241
14:49||476345000||359275||0.00075241
14:50||476345000||359275||0.00075241
14:51||476345000||359275||0.00075241
14:52||476345000||359275||0.00075241
14:53||476345000||359275||0.00075241
14:54||476345000||359275||0.00075241
14:55||476322000||359275||0.00075241
14:56||476322000||359275||0.00075241
14:57||476322000||359275||0.00075241
14:58||476322000||359275||0.00075241
14:59||476322000||359275||0.00075241
15:00||476322000||359275||0.00075241
15:01||476345000||359275||0.00075241
15:02||476322000||359275||0.00075241
15:03||475587000||359275||0.00075241
15:04||475342000||359275||0.00075241
15:05||475342000||359275||0.00075241
15:06||475342000||359275||0.00075241
15:07||475118000||357537||0.00075241
15:08||475050500||357433||0.00075241
15:09||475050500||357433||0.00075241
15:10||475026000||357395||0.00075241
15:11||475026000||357433||0.00075241
15:12||475026000||357433||0.00075241
15:13||475026000||357433||0.00075241
15:14||475026000||357433||0.00075241
15:15||475002500||357433||0.00075241
15:16||472501500||357397||0.00075241
15:17||472501500||357397||0.00075241
15:18||472451500||353632||0.00075241
15:19||472451500||353632||0.00075241
15:20||472451500||353632||0.00075241
15:21||472451500||353632||0.00075241
15:22||472701500||353632||0.00075241
15:23||472701500||353632||0.00075241
15:24||472701500||357321||0.00075241
15:25||472701500||357321||0.00075241
15:26||472701500||357321||0.00075241
15:27||472701500||357321||0.00075241
15:28||472701500||357321||0.00075241
15:29||472701500||357321||0.00075241
15:30||472701500||357321||0.00075241
15:31||472751500||357321||0.00075241
15:32||472751500||357321||0.00075241
15:33||472751500||357321||0.00075241
15:34||472751500||357321||0.00075241
15:35||472751500||357321||0.00075241
15:36||470536000||354084||0.00075241
15:37||470174500||354008||0.00075241
15:38||466588000||351752||0.00075241
15:39||466588000||351752||0.00075241
15:40||466588000||351752||0.00075241
15:41||466088000||350623||0.00075241
15:42||465001500||351507||0.00075241
15:43||465001500||351507||0.00075241
15:44||465001500||349872||0.00075241
15:45||467000500||349872||0.00075241
15:46||466960500||349872||0.00075241
15:47||466255000||349872||0.00075241
15:48||466255000||349872||0.00075241
15:49||462718500||349870||0.00075241
15:50||462863000||349870||0.00075241
15:51||462863000||349870||0.00075241
15:52||462863000||349870||0.00075241
15:53||460794000||349823||0.00075241
15:54||460794000||349823||0.00075241
15:55||460798500||346709||0.00075241
15:56||464768000||352683||0.00075241
15:57||464345500||352683||0.00075241
15:58||464446500||352683||0.00075241
15:59||464279500||352683||0.00075241
16:00||464279500||346861||0.00075241
16:01||464280500||346861||0.00075241
16:02||464280500||346861||0.00075241
16:03||464279500||346861||0.00075241
16:04||463295000||350544||0.00075241
16:05||462215000||346116||0.00075241
16:06||460505000||346116||0.00075241
16:07||460495000||346116||0.00075241
16:08||460495000||346845||0.00075241
16:09||460495000||346845||0.00075241
16:10||460495000||346845||0.00075241
16:11||460495000||346845||0.00075241
16:12||460495000||346116||0.00075241
16:13||460990000||346845||0.00075241
16:14||460505000||346116||0.00075241
16:15||460505000||346116||0.00075241
16:16||460505000||346116||0.00075241
16:17||459003000||346116||0.00075241
16:18||459002500||343855||0.00075241
16:19||459002500||343855||0.00075241
16:20||459002500||343855||0.00075241
16:21||458503000||346108||0.00075241
16:22||458503500||346108||0.00075241
16:23||458505000||346108||0.00075241
16:24||458505000||346108||0.00075241
16:25||458505000||346108||0.00075241
16:26||458505500||346108||0.00075241
16:27||458512500||346108||0.00075241
16:28||458512500||346108||0.00075241
16:29||458512500||346108||0.00075241
16:30||458512500||346108||0.00075241
16:31||459500000||346108||0.00075241
16:32||459500000||346108||0.00075241
16:33||459999500||346860||0.00075241
16:34||459999500||346860||0.00075241
16:35||459999500||346860||0.00075241
16:36||459999500||346860||0.00075241
16:37||460000000||346860||0.00075241
16:38||459999000||346860||0.00075241
16:39||461940000||349870||0.00075241
16:40||463940000||349870||0.00075241
16:41||464440000||349870||0.00075241
16:42||463413500||349118||0.00075241
16:43||463413500||349118||0.00075241
16:44||463413500||349118||0.00075241
16:45||463413500||349118||0.00075241
16:46||463413500||348988||0.00075241
16:47||463413500||348988||0.00075241
16:48||462434000||348365||0.00075241
16:49||462434000||348266||0.00075241
16:50||462434000||348266||0.00075241
16:51||462434000||348266||0.00075241
16:52||462434000||348266||0.00075241
16:53||461478000||347613||0.00075241
16:54||460403000||346861||0.00075241
16:55||461470000||346861||0.00075241
16:56||461470000||348320||0.00075241
16:57||461470000||348320||0.00075241
16:58||461470000||348320||0.00075241
16:59||461470000||348320||0.00075241
17:00||461499500||348320||0.00075241
17:01||461999500||348320||0.00075241
17:02||462499500||348320||0.00075241
17:03||461500500||346861||0.00075241
17:04||462000500||346861||0.00075241
17:05||462000500||346861||0.00075241
17:06||461490000||346861||0.00075241
17:07||461000500||346861||0.00075241
17:08||460490000||346861||0.00075241
17:09||460500000||346861||0.00075241
17:10||460490000||346861||0.00075241
17:11||460490000||346845||0.00075241
17:12||460490000||346845||0.00075241
17:13||460490000||346845||0.00075241
17:14||460490000||346845||0.00075241
17:15||460490000||346845||0.00075241
17:16||460490000||346845||0.00075241
17:17||460490000||346845||0.00075241
17:18||460049000||346845||0.00075241
17:19||460000500||346845||0.00075241
17:20||460000500||346845||0.00075241
17:21||460000500||346845||0.00075241
17:22||460000500||346845||0.00075241
17:23||460000500||346845||0.00075241
17:24||460500500||346108||0.00075241
17:25||462004000||349118||0.00075241
17:26||461945500||349118||0.00075241
17:27||461949000||349118||0.00075241
17:28||461952000||349118||0.00075241
17:29||461952000||349118||0.00075241
17:30||459512500||349118||0.00075241
17:31||461952500||349780||0.00075241
17:32||462440500||349780||0.00075241
17:33||462500000||349780||0.00075241
17:34||462504000||349780||0.00075241
17:35||462999500||349780||0.00075241
17:36||462750000||349780||0.00075241
17:37||462750500||349780||0.00075241
17:38||462755500||349780||0.00075241
17:39||462758000||349780||0.00075241
17:40||462757500||349780||0.00075241
17:41||462757500||349780||0.00075241
17:42||462762500||349869||0.00075241
17:43||462762500||349869||0.00075241
17:44||464395000||349870||0.00075241
17:45||464395000||349870||0.00075241
17:46||463147000||350463||0.00075241
17:47||463253000||350623||0.00075241
17:48||463940000||351375||0.00075241
17:49||464067500||351375||0.00075241
17:50||463625000||351288||0.00075241
17:51||463705500||351288||0.00075241
17:52||463705500||351288||0.00075241
17:53||463706000||351288||0.00075241
17:54||463706500||351288||0.00075241
17:55||463710000||351288||0.00075241
17:56||463710000||351288||0.00075241
17:57||463710500||351288||0.00075241
17:58||463710500||351288||0.00075241
17:59||463710500||351288||0.00075241
18:00||463750000||351288||0.00075241
18:01||463781000||351288||0.00075241
18:02||463746500||351288||0.00075241
18:03||463746500||351288||0.00075241
18:04||463746500||351288||0.00075241
18:05||463746500||351288||0.00075241
18:06||463746500||350194||0.00075241
18:07||463746500||350194||0.00075241
18:08||463746500||350194||0.00075241
18:09||463796500||350194||0.00075241
18:10||463746500||350194||0.00075241
18:11||463746500||347660||0.00075241
18:12||463501500||347660||0.00075241
18:13||463256500||347660||0.00075241
18:14||462245500||347660||0.00075241
18:15||462245500||347660||0.00075241
18:16||462245500||347660||0.00075241
18:17||462250000||347660||0.00075241
18:18||462250000||347660||0.00075241
18:19||462245000||347660||0.00075241
18:20||462500000||348742||0.00075241
18:21||462490000||348742||0.00075241
18:22||462490000||348742||0.00075241
18:23||462490000||348742||0.00075241
18:24||462490000||348350||0.00075241
18:25||462490000||348350||0.00075241
18:26||462490000||348350||0.00075241
18:27||462490000||348350||0.00075241
18:28||461733000||347238||0.00075241
18:29||461733000||347238||0.00075241
18:30||461502500||347239||0.00075241
18:31||461502500||347239||0.00075241
18:32||460746500||347238||0.00075241
18:33||459572500||344343||0.00075241
18:34||459572500||344343||0.00075241
18:35||459572500||347230||0.00075241
18:36||459572500||347230||0.00075241
18:37||459572500||347230||0.00075241
18:38||459572500||347230||0.00075241
18:39||459572500||347230||0.00075241
18:40||459572500||347230||0.00075241
18:41||459572500||347230||0.00075241
18:42||459572500||344343||0.00075241
18:43||459572500||347230||0.00075241
18:44||459572500||347230||0.00075241
18:45||459572500||344343||0.00075241
18:46||459572500||347230||0.00075241
18:47||459572500||347230||0.00075241
18:48||459572500||344343||0.00075241
18:49||459572500||344343||0.00075241
18:50||459613500||344343||0.00075241
18:51||459614500||347230||0.00075241
18:53||458199500||347230||0.00075241
18:52||458199500||347230||0.00075241
18:54||458199500||347230||0.00075241
18:55||458199500||347230||0.00075241
18:56||458199500||347230||0.00075241
18:57||460551500||348365||0.00075241
18:58||460508500||348365||0.00075241
18:59||459125000||346450||0.00075241
19:00||458248500||344753||0.00075241
19:01||457649000||343851||0.00075241
19:02||456025000||341224||0.00075241
19:03||455049500||341224||0.00075241
19:04||454000000||338960||0.00075241
19:05||454000000||338960||0.00075241
19:06||454000000||338960||0.00075241
19:07||453950000||338960||0.00075241
19:08||453950000||338960||0.00075241
19:09||453950000||338960||0.00075241
19:10||453750000||338960||0.00075241
19:11||453700000||338960||0.00075241
19:12||453500500||338960||0.00075241
19:13||453750000||338960||0.00075241
19:14||453750000||339336||0.00075241
19:15||453750000||339336||0.00075241
19:16||453750000||339336||0.00075241
19:17||453700000||339336||0.00075241
19:18||452700000||338584||0.00075241
19:19||450712000||337606||0.00075241
19:20||451201500||337606||0.00075241
19:21||450599500||337606||0.00075241
19:22||450599500||337606||0.00075241
19:23||450500000||334822||0.00075241
19:24||450500000||334822||0.00075241
19:25||444999500||334822||0.00075241
19:26||444999500||334822||0.00075241
19:27||442500000||331067||0.00075241
19:28||441863500||331060||0.00075241
19:29||441863000||335574||0.00075241
19:30||447064500||343399||0.00075241
19:31||442610500||343399||0.00075241
19:32||442611500||337078||0.00075241
19:33||450075000||337078||0.00075241
19:34||448575000||337078||0.00075241
19:35||448500000||337079||0.00075241
19:36||449000000||337079||0.00075241
19:37||444000000||334972||0.00075241
19:38||438875000||331060||0.00075241
19:39||440865000||331060||0.00075241
19:40||437865000||329555||0.00075241
19:41||438867000||329555||0.00075241
19:42||439867000||332565||0.00075241
19:43||438999500||329350||0.00075241
19:44||436500000||329555||0.00075241
19:45||436997000||328050||0.00075241
19:46||434252500||327298||0.00075241
19:47||435250000||329555||0.00075241
19:48||435305000||329555||0.00075241
19:49||436500000||329555||0.00075241
19:50||436500000||329555||0.00075241
19:51||436501000||329555||0.00075241
19:52||436228000||330307||0.00075241
19:53||438500500||329556||0.00075241
19:54||434562500||324664||0.00075241
19:55||442501000||332566||0.00075241
19:56||439501000||332565||0.00075241
19:57||439500000||330307||0.00075241
19:58||439500000||331060||0.00075241
19:59||440763500||331060||0.00075241
20:00||441259000||332565||0.00075241
20:01||441500500||332565||0.00075241
20:02||441259000||332565||0.00075241
20:03||441259000||332565||0.00075241
20:04||441259000||332565||0.00075241
20:05||441259000||331449||0.00075241
20:06||441274000||331449||0.00075241
20:07||441274000||331449||0.00075241
20:08||441259000||331449||0.00075241
20:09||441259000||331449||0.00075241
20:10||441259000||331449||0.00075241
20:11||441799000||333317||0.00075241
20:12||441300000||333316||0.00075241
20:13||442998500||333316||0.00075241
20:14||441800000||333316||0.00075241
20:15||441800000||331511||0.00075241
20:16||442800000||334822||0.00075241
20:17||442800000||334822||0.00075241
20:18||441000500||328803||0.00075241
20:19||438500000||328803||0.00075241
20:20||438500000||328803||0.00075241
20:21||438499500||328803||0.00075241
20:22||438499500||331058||0.00075241
20:23||437999500||329555||0.00075241
20:24||437999500||329555||0.00075241
20:25||437999500||329555||0.00075241
20:26||437999500||329555||0.00075241
20:27||437999500||329555||0.00075241
20:28||438021000||328834||0.00075241
20:29||438021500||328834||0.00075241
20:30||438524500||331058||0.00075241
20:31||438554500||331058||0.00075241
20:32||438749000||331058||0.00075241
20:33||439000500||331058||0.00075241
20:34||439000500||330684||0.00075241
20:35||439000500||330307||0.00075241
20:36||438500500||330307||0.00075241
20:37||438000500||329555||0.00075241
20:38||438000500||329556||0.00075241
20:39||437556000||328886||0.00075241
20:40||437492000||329556||0.00075241
20:41||434664000||328790||0.00075241
20:42||434664000||325300||0.00075241
20:43||434614000||325300||0.00075241
20:44||434980500||325300||0.00075241
20:45||435441500||328715||0.00075241
20:46||435441500||328715||0.00075241
20:47||432372000||325976||0.00075241
20:48||430618500||322026||0.00075241
20:49||430671500||322026||0.00075241
20:50||430871500||322106||0.00075241
20:51||430621500||322031||0.00075241
20:52||431121500||322031||0.00075241
20:53||427888500||321863||0.00075241
20:54||427999500||319887||0.00075241
20:55||426604500||319887||0.00075241
20:56||426500000||322031||0.00075241
20:57||426530000||322031||0.00075241
20:58||433739500||322031||0.00075241
20:59||431785500||325041||0.00075241
21:00||429525500||322822||0.00075241
21:01||433528000||328050||0.00075241
21:02||433528000||328050||0.00075241
21:03||433528000||328050||0.00075241
21:04||433060000||328050||0.00075241
21:05||436440000||328050||0.00075241
21:06||436440000||328050||0.00075241
21:07||436440000||328050||0.00075241
21:08||436440000||328050||0.00075241
21:09||436441500||328050||0.00075241
21:10||433441500||323537||0.00075241
21:11||433510500||323537||0.00075241
21:12||434900000||323537||0.00075241
21:13||433000500||323537||0.00075241
21:14||433000500||325793||0.00075241
21:15||433000500||325793||0.00075241
21:16||434602000||326545||0.00075241
21:17||435102000||326699||0.00075241
21:18||434530000||326699||0.00075241
21:19||433530000||326699||0.00075241
21:20||434523500||326545||0.00075241
21:21||434048500||326582||0.00075241
21:22||434048500||326582||0.00075241
21:23||434048500||326582||0.00075241
21:24||434524500||326582||0.00075241
21:25||434524500||326582||0.00075241
21:26||435274500||328426||0.00075241
21:27||435224500||326582||0.00075241
21:28||435274500||326582||0.00075241
21:29||435275000||326582||0.00075241
21:30||435299500||326582||0.00075241
21:31||435496000||328715||0.00075241
21:32||438144000||328790||0.00075241
21:33||438144000||328790||0.00075241
21:34||437288500||328790||0.00075241
21:35||440584500||329031||0.00075241
21:36||440000500||329031||0.00075241
21:37||439500500||331061||0.00075241
21:38||440421000||331061||0.00075241
21:39||439490000||331061||0.00075241
21:40||438775000||329179||0.00075241
21:41||438775000||329179||0.00075241
21:42||437775000||329179||0.00075241
21:43||438510000||329555||0.00075241
21:44||438999500||329555||0.00075241
21:45||441449500||331060||0.00075241
21:46||441547500||333994||0.00075241
21:47||441547500||333994||0.00075241
21:48||440764000||333994||0.00075241
21:49||441034000||333994||0.00075241
21:50||438510000||330307||0.00075241
21:51||440554500||331060||0.00075241
21:52||441540500||331812||0.00075241
21:53||442630500||332565||0.00075241
21:54||442630500||332565||0.00075241
21:55||444784000||334460||0.00075241
21:56||447572000||334822||0.00075241
21:57||448649500||334822||0.00075241
21:58||448649500||334822||0.00075241
21:59||449999500||338584||0.00075241
22:00||452448500||339336||0.00075241
22:01||451336500||336844||0.00075241
22:02||447630500||337502||0.00075241
22:03||447630500||336523||0.00075241
22:04||447623000||336523||0.00075241
22:05||446040000||337079||0.00075241
22:06||446040000||337079||0.00075241
22:07||448446000||340834||0.00075241
22:08||448446000||340834||0.00075241
22:09||448870500||340834||0.00075241
22:10||449761000||340834||0.00075241
22:11||451490000||340834||0.00075241
22:12||451719000||340834||0.00075241
22:13||451862500||340834||0.00075241
22:14||452074000||340819||0.00075241
22:15||452243000||340819||0.00075241
22:16||451504000||340819||0.00075241
22:17||451450500||338628||0.00075241
22:18||451429000||338628||0.00075241
22:19||451404000||340691||0.00075241
22:20||451538500||340691||0.00075241
22:21||452868000||342339||0.00075241
22:22||453193000||342339||0.00075241
22:23||453467500||342339||0.00075241
22:24||453702500||340187||0.00075241
22:25||453923500||340187||0.00075241
22:26||454109500||340187||0.00075241
22:27||458990000||344111||0.00075241
22:28||458990000||346107||0.00075241
22:29||458990000||346107||0.00075241
22:30||458990000||346107||0.00075241
22:31||462514000||346108||0.00075241
22:32||462514000||346108||0.00075241
22:33||462514000||346108||0.00075241
22:34||463040000||349870||0.00075241
22:35||466042000||349870||0.00075241
22:36||466042000||349870||0.00075241
22:37||466042000||349934||0.00075241
22:38||465542500||349934||0.00075241
22:39||463060000||349934||0.00075241
22:40||462668500||349934||0.00075241
22:41||463574000||346286||0.00075241
22:42||463574000||346286||0.00075241
22:43||463508000||351174||0.00075241
22:45||463573000||351174||0.00075241
22:46||463636500||351174||0.00075241
22:47||463636500||351174||0.00075241
22:48||463636500||351174||0.00075241
22:49||463636500||351174||0.00075241
22:50||463702500||351174||0.00075241
22:51||463702500||351273||0.00075241
22:52||463702500||351273||0.00075241
22:53||463702500||351273||0.00075241
22:54||463702500||351273||0.00075241
22:55||463702500||351273||0.00075241
22:56||463702500||351273||0.00075241
22:57||463270000||351273||0.00075241
22:58||463270000||351273||0.00075241
22:59||463270000||351273||0.00075241
23:00||464530000||351273||0.00075241
23:01||464962500||351273||0.00075241
23:02||470740000||353632||0.00075241
23:03||474004500||355889||0.00075241
23:04||474004500||355889||0.00075241
23:05||474004500||357394||0.00075241
23:06||474510000||357394||0.00075241
23:07||474999500||357394||0.00075241
23:08||474999500||357394||0.00075241
23:09||474999500||357394||0.00075241
23:10||474999500||357394||0.00075241
23:11||474999500||357394||0.00075241
23:12||474999500||357394||0.00075241
23:13||474000500||357394||0.00075241
23:14||474000500||357394||0.00075241
23:15||474020000||357394||0.00075241
23:16||474000500||357394||0.00075241
23:17||474000500||357394||0.00075241
23:18||474020000||357394||0.00075241
23:19||474020000||357394||0.00075241
23:20||475954000||357394||0.00075241
23:21||476453500||357394||0.00075241
23:22||475953500||360334||0.00075241
23:23||475894500||360334||0.00075241
23:24||475894500||360334||0.00075241
23:25||475894500||360245||0.00075241
23:26||473454000||355890||0.00075241
23:27||469724500||355890||0.00075241
23:28||469541000||355890||0.00075241
23:29||471770500||355890||0.00075241
23:30||471815500||349872||0.00075241
23:31||471815500||349872||0.00075241
23:32||471815000||349872||0.00075241
23:33||471815000||349872||0.00075241
23:34||465000500||349872||0.00075241
23:35||465000500||349872||0.00075241
23:36||471815000||349871||0.00075241
23:37||467815000||349871||0.00075241
23:38||467815000||349871||0.00075241
23:39||467758500||349871||0.00075241
23:40||467815000||349871||0.00075241
23:41||467758500||349871||0.00075241
23:42||467815000||349871||0.00075241
23:43||467815000||349871||0.00075241
23:44||467815000||349871||0.00075241
23:45||467758500||349871||0.00075241
23:46||467811000||349871||0.00075241
23:47||467811000||349871||0.00075241
23:48||467811000||349871||0.00075241
23:49||467811000||349871||0.00075241
23:50||467811000||349871||0.00075241
23:51||467861000||354100||0.00075241
23:52||467861000||354100||0.00075241
23:53||467861000||354100||0.00075241
23:54||467861000||354100||0.00075241
23:55||467861000||354100||0.00075241
23:56||472000000||360329||0.00075241
23:57||471862000||360121||0.00075241
23:58||471862000||360121||0.00075241
23:59||471862000||360121||0.00075241
