00:00||641520500||483791||0.00075241
00:01||641520500||483785||0.00075241
00:02||641550000||483785||0.00075241
00:03||641549500||481631||0.00075241
00:04||641549500||483784||0.00075241
00:05||641549500||483784||0.00075241
00:06||641548500||483784||0.00075241
00:07||641548000||483784||0.00075241
00:08||641546000||483784||0.00075241
00:09||641546000||483784||0.00075241
00:10||641546000||481631||0.00075241
00:11||641546000||481631||0.00075241
00:12||641546000||481631||0.00075241
00:13||641573500||481631||0.00075241
00:14||641573000||481631||0.00075241
00:15||641573000||481631||0.00075241
00:16||641573000||481631||0.00075241
00:17||641573000||481631||0.00075241
00:18||641573000||481631||0.00075241
00:19||641573000||481631||0.00075241
00:20||641573000||481631||0.00075241
00:21||641573000||481631||0.00075241
00:22||641573000||481631||0.00075241
00:23||641568000||481631||0.00075241
00:24||641573000||481631||0.00075241
00:25||641573000||481631||0.00075241
00:26||641573000||481631||0.00075241
00:27||641573000||481631||0.00075241
00:28||641573000||481631||0.00075241
00:29||641573000||481631||0.00075241
00:30||641573000||481631||0.00075241
00:31||641573000||481631||0.00075241
00:32||641573000||481631||0.00075241
00:33||641573000||481631||0.00075241
00:34||641568500||481631||0.00075241
00:35||641568500||481631||0.00075241
00:36||641568500||481631||0.00075241
00:37||641568500||481631||0.00075241
00:38||641568500||481631||0.00075241
00:39||641568500||481631||0.00075241
00:40||641568500||481631||0.00075241
00:41||641568500||481631||0.00075241
00:42||641568500||481631||0.00075241
00:43||641568500||481631||0.00075241
00:44||641568500||481631||0.00075241
00:45||641568500||481631||0.00075241
00:46||641568500||481631||0.00075241
00:47||641568500||481631||0.00075241
00:48||641568500||481631||0.00075241
00:49||641568500||481631||0.00075241
00:50||641568500||481631||0.00075241
00:51||641568500||481631||0.00075241
00:52||641568500||481631||0.00075241
00:53||641568500||481631||0.00075241
00:54||641568500||481631||0.00075241
00:55||641568500||481631||0.00075241
00:56||641568500||481631||0.00075241
00:57||641568500||481631||0.00075241
00:58||641568500||481631||0.00075241
00:59||641568500||481631||0.00075241
01:00||641568500||481631||0.00075241
01:01||641568500||481631||0.00075241
01:02||641568500||481631||0.00075241
01:03||641568500||481631||0.00075241
01:04||641573000||481631||0.00075241
01:05||641573000||481631||0.00075241
01:06||641573000||481631||0.00075241
01:07||641573000||481675||0.00075241
01:08||641573000||481675||0.00075241
01:09||641573000||481675||0.00075241
01:10||641573000||481675||0.00075241
01:11||641573000||481675||0.00075241
01:12||641538500||481675||0.00075241
01:13||641538500||481675||0.00075241
01:14||641533500||481675||0.00075241
01:15||641533500||481675||0.00075241
01:16||641533500||481675||0.00075241
01:17||641533500||481675||0.00075241
01:18||641533500||481675||0.00075241
01:19||641533500||481675||0.00075241
01:20||641533500||481675||0.00075241
01:21||641533500||481675||0.00075241
01:22||641533500||481675||0.00075241
01:23||641533500||481675||0.00075241
01:24||641533500||481675||0.00075241
01:25||641533500||481675||0.00075241
01:26||641533500||481675||0.00075241
01:27||643349500||483868||0.00075241
01:28||643349500||483868||0.00075241
01:29||643349500||483868||0.00075241
01:30||643349500||483868||0.00075241
01:31||644494000||484552||0.00075241
01:32||644494000||484552||0.00075241
01:33||644494000||484552||0.00075241
01:34||644494000||484552||0.00075241
01:35||645503500||485304||0.00075241
01:36||645503500||485304||0.00075241
01:37||645503500||485304||0.00075241
01:38||645503500||485304||0.00075241
01:39||643119000||485304||0.00075241
01:40||643119000||485304||0.00075241
01:41||643114500||485304||0.00075241
01:42||643114500||485304||0.00075241
01:43||643114500||485304||0.00075241
01:44||643114500||485304||0.00075241
01:45||643114500||486049||0.00075241
01:46||643114500||486049||0.00075241
01:47||643114500||486049||0.00075241
01:48||643114500||486049||0.00075241
01:49||643114500||486049||0.00075241
01:50||643114500||486049||0.00075241
01:51||643114500||486049||0.00075241
01:52||643114500||486049||0.00075241
01:53||643114500||486049||0.00075241
01:54||643114500||486049||0.00075241
01:55||643114500||486049||0.00075241
01:56||643114500||486049||0.00075241
01:57||643114500||486049||0.00075241
01:58||643114500||486049||0.00075241
01:59||643114500||486049||0.00075241
02:00||643114500||486049||0.00075241
02:01||643114500||486049||0.00075241
02:02||643114500||486049||0.00075241
02:03||643114500||486049||0.00075241
02:04||643114500||486049||0.00075241
02:05||643114500||486049||0.00075241
02:06||643114500||486049||0.00075241
02:07||643114500||486049||0.00075241
02:08||643114500||486049||0.00075241
02:09||643114500||486049||0.00075241
02:10||643114500||486049||0.00075241
02:11||643114500||486049||0.00075241
02:12||643114500||486049||0.00075241
02:13||643114500||486049||0.00075241
02:14||643114500||486049||0.00075241
02:15||643114500||486049||0.00075241
02:16||643114500||486049||0.00075241
02:17||643069500||486049||0.00075241
02:18||643019500||486049||0.00075241
02:19||645060000||481722||0.00075241
02:20||645650000||481722||0.00075241
02:21||645650000||481722||0.00075241
02:22||645650000||481722||0.00075241
02:23||645650000||481722||0.00075241
02:24||643017500||481722||0.00075241
02:25||643017500||481722||0.00075241
02:26||643017500||481722||0.00075241
02:27||645909500||485906||0.00075241
02:28||645909500||485906||0.00075241
02:29||645909500||485906||0.00075241
02:30||645909500||485906||0.00075241
02:31||645909500||485906||0.00075241
02:32||645909500||485906||0.00075241
02:33||645909500||485906||0.00075241
02:34||645909500||485906||0.00075241
02:35||645909500||485906||0.00075241
02:36||645909500||485906||0.00075241
02:37||645909500||485906||0.00075241
02:38||645909500||485906||0.00075241
02:39||645909500||485906||0.00075241
02:40||645909500||485906||0.00075241
02:41||645909500||485906||0.00075241
02:42||645909500||485906||0.00075241
02:43||645909500||485906||0.00075241
02:44||645909500||485906||0.00075241
02:45||643119000||485906||0.00075241
02:46||643119000||485906||0.00075241
02:47||646498500||486056||0.00075241
02:48||646498500||486056||0.00075241
02:49||646460000||486056||0.00075241
02:50||646260000||486056||0.00075241
02:51||646260000||486056||0.00075241
02:52||643413000||486056||0.00075241
02:53||643413000||486056||0.00075241
02:54||643413000||486056||0.00075241
02:55||643413000||486056||0.00075241
02:56||643413000||486056||0.00075241
02:57||643750000||486056||0.00075241
02:58||643750000||486056||0.00075241
02:59||643750000||486056||0.00075241
03:00||643750000||486056||0.00075241
03:01||643750000||486056||0.00075241
03:02||643750000||486056||0.00075241
03:03||643750000||486056||0.00075241
03:04||643750000||486056||0.00075241
03:05||646704000||486433||0.00075241
03:06||646704000||486433||0.00075241
03:07||646704000||486433||0.00075241
03:08||646704000||486433||0.00075241
03:09||646704000||486433||0.00075241
03:10||643954000||486433||0.00075241
03:11||643954000||486433||0.00075241
03:12||643954000||486433||0.00075241
03:13||644186500||486433||0.00075241
03:14||644452000||486433||0.00075241
03:15||644646000||486433||0.00075241
03:16||644867000||486433||0.00075241
03:17||645067000||486433||0.00075241
03:18||645213000||486433||0.00075241
03:19||645379500||486433||0.00075241
03:20||645502500||486433||0.00075241
03:21||645615000||486433||0.00075241
03:22||645718000||486433||0.00075241
03:23||645812000||486433||0.00075241
03:24||646020000||486433||0.00075241
03:25||646174500||486433||0.00075241
03:26||646304000||486433||0.00075241
03:27||646410000||486433||0.00075241
03:28||644186500||486433||0.00075241
03:29||644600000||486433||0.00075241
03:30||644949500||486433||0.00075241
03:31||645213000||486433||0.00075241
03:32||645442000||486433||0.00075241
03:33||645640500||486433||0.00075241
03:34||645834500||486433||0.00075241
03:35||645981500||486433||0.00075241
03:36||646109000||486433||0.00075241
03:37||646221000||486433||0.00075241
03:38||646328500||486433||0.00075241
03:39||646410000||486433||0.00075241
03:40||646410000||486433||0.00075241
03:41||646410000||486433||0.00075241
03:42||646410000||486433||0.00075241
03:43||646952500||486734||0.00075241
03:44||646952500||486734||0.00075241
03:45||646952500||486734||0.00075241
03:46||646952500||486734||0.00075241
03:47||647499000||486791||0.00075241
03:48||647499000||486791||0.00075241
03:49||647499000||486791||0.00075241
03:50||647499000||486791||0.00075241
03:51||647499000||486791||0.00075241
03:52||647499000||486791||0.00075241
03:53||647499000||486791||0.00075241
03:54||647499000||486808||0.00075241
03:55||647499000||486808||0.00075241
03:56||647521000||486808||0.00075241
03:57||647600500||486808||0.00075241
03:58||647643000||486808||0.00075241
03:59||649088500||487560||0.00075241
04:00||650734500||489847||0.00075241
04:01||655069000||492076||0.00075241
04:02||655215000||492076||0.00075241
04:03||655280500||492076||0.00075241
04:04||655280500||492076||0.00075241
04:05||655280500||492076||0.00075241
04:06||655280500||492076||0.00075241
04:07||654780500||492076||0.00075241
04:08||654780500||492076||0.00075241
04:09||648203500||492498||0.00075241
04:10||648203500||492498||0.00075241
04:11||648335500||492498||0.00075241
04:12||649561000||492498||0.00075241
04:13||650378000||492498||0.00075241
04:14||651230000||492498||0.00075241
04:15||651926000||492498||0.00075241
04:16||652495000||492498||0.00075241
04:17||652875000||492498||0.00075241
04:18||653306000||492498||0.00075241
04:19||653375500||492498||0.00075241
04:20||653375500||492498||0.00075241
04:21||653375500||492498||0.00075241
04:22||653375500||492498||0.00075241
04:23||653375500||492498||0.00075241
04:24||653375500||492498||0.00075241
04:25||653375500||492498||0.00075241
04:26||654987500||492498||0.00075241
04:27||654987500||492498||0.00075241
04:28||654987500||492498||0.00075241
04:29||651379000||492818||0.00075241
04:30||652046500||492818||0.00075241
04:31||652279500||492818||0.00075241
04:32||652279500||492818||0.00075241
04:33||652387500||492818||0.00075241
04:34||652829500||492818||0.00075241
04:35||653959000||492818||0.00075241
04:36||653959000||492818||0.00075241
04:37||648687000||483146||0.00075241
04:38||651317500||483146||0.00075241
04:39||651676000||483146||0.00075241
04:40||651676000||483146||0.00075241
04:41||651674500||483146||0.00075241
04:42||651242500||483146||0.00075241
04:43||651675000||483146||0.00075241
04:44||651873500||486056||0.00075241
04:45||650826500||486056||0.00075241
04:46||651319000||486056||0.00075241
04:47||650788500||486056||0.00075241
04:48||650837000||486056||0.00075241
04:49||651058500||486056||0.00075241
04:50||651206000||486056||0.00075241
04:51||651332500||486056||0.00075241
04:52||651332500||486056||0.00075241
04:53||651997500||486056||0.00075241
04:54||651997500||486056||0.00075241
04:55||651997500||486056||0.00075241
04:56||652691500||490571||0.00075241
04:57||652739500||490571||0.00075241
04:58||652739500||490571||0.00075241
04:59||652739500||490571||0.00075241
05:00||652739500||490571||0.00075241
05:01||652739500||490571||0.00075241
05:02||652739500||490571||0.00075241
05:03||652739500||490571||0.00075241
05:04||652739500||490571||0.00075241
05:05||652739500||490571||0.00075241
05:06||652739500||490571||0.00075241
05:07||652739500||490571||0.00075241
05:08||652739500||490571||0.00075241
05:09||652739500||490571||0.00075241
05:10||652739500||490571||0.00075241
05:11||652739500||490571||0.00075241
05:12||652739500||490571||0.00075241
05:13||652739500||490571||0.00075241
05:14||652237000||490931||0.00075241
05:15||650738500||488314||0.00075241
05:16||650738500||488314||0.00075241
05:17||650738500||488314||0.00075241
05:18||650738500||488314||0.00075241
05:19||650738500||488314||0.00075241
05:20||650738500||488314||0.00075241
05:21||650500000||488314||0.00075241
05:22||650500000||488314||0.00075241
05:23||650500000||488314||0.00075241
05:24||650500000||488314||0.00075241
05:25||650500000||488314||0.00075241
05:26||650500000||488314||0.00075241
05:27||650530000||488314||0.00075241
05:28||650530000||488314||0.00075241
05:29||650530000||488314||0.00075241
05:30||650530000||488314||0.00075241
05:31||650530000||490571||0.00075241
05:32||650530000||490571||0.00075241
05:33||650530000||490571||0.00075241
05:34||650530000||490571||0.00075241
05:35||650537500||490571||0.00075241
05:36||651000000||490571||0.00075241
05:37||651000000||490571||0.00075241
05:38||651000000||490571||0.00075241
05:39||651500000||490571||0.00075241
05:40||651500000||490571||0.00075241
05:41||651750000||490571||0.00075241
05:42||651999500||490571||0.00075241
05:43||651999500||490571||0.00075241
05:44||651999500||490571||0.00075241
05:45||651999500||490571||0.00075241
05:46||651999500||490571||0.00075241
05:47||651999500||490571||0.00075241
05:48||651999500||490571||0.00075241
05:49||651999500||490571||0.00075241
05:50||651999500||490571||0.00075241
05:51||651999500||490571||0.00075241
05:52||651999500||490571||0.00075241
05:53||651999500||490571||0.00075241
05:54||651999500||490571||0.00075241
05:55||651999500||490571||0.00075241
05:56||651999500||490571||0.00075241
05:57||651999500||490571||0.00075241
05:58||651999500||490571||0.00075241
05:59||651999500||490571||0.00075241
06:00||652238500||490571||0.00075241
06:01||652244000||490571||0.00075241
06:02||652244000||490579||0.00075241
06:03||652244000||490579||0.00075241
06:04||652244000||490579||0.00075241
06:05||652244000||490579||0.00075241
06:06||652155500||490579||0.00075241
06:07||652155500||490579||0.00075241
06:08||652205500||490872||0.00075241
06:09||652205500||490872||0.00075241
06:10||652011500||490872||0.00075241
06:11||652011500||490872||0.00075241
06:12||652011500||490872||0.00075241
06:13||652011500||490872||0.00075241
06:14||651749000||490570||0.00075241
06:15||649181500||489066||0.00075241
06:16||649295000||489066||0.00075241
06:17||649519500||489442||0.00075241
06:18||649662500||489442||0.00075241
06:19||649899500||489442||0.00075241
06:20||649899500||489291||0.00075241
06:21||649899500||489291||0.00075241
06:22||649899000||489291||0.00075241
06:23||649897500||489291||0.00075241
06:24||648399500||487937||0.00075241
06:25||648437000||487937||0.00075241
06:26||648436500||489289||0.00075241
06:27||648436500||489289||0.00075241
06:28||648436000||489289||0.00075241
06:29||648474000||489289||0.00075241
06:30||649171000||489289||0.00075241
06:31||649082000||489289||0.00075241
06:32||649000000||489289||0.00075241
06:33||649296000||489289||0.00075241
06:34||650148500||489066||0.00075241
06:35||650000500||489066||0.00075241
06:36||649751000||489442||0.00075241
06:37||650750000||489442||0.00075241
06:38||650750000||489442||0.00075241
06:39||650750000||489442||0.00075241
06:40||650750000||489442||0.00075241
06:41||650750000||489442||0.00075241
06:42||650750000||489442||0.00075241
06:43||650750000||489442||0.00075241
06:44||650650500||489442||0.00075241
06:45||650600500||489517||0.00075241
06:46||650650500||489443||0.00075241
06:47||650650500||489443||0.00075241
06:48||650650500||489443||0.00075241
06:49||650650500||489443||0.00075241
06:50||650650500||489668||0.00075241
06:51||650650500||489668||0.00075241
06:52||650650500||489668||0.00075241
06:53||650650500||489668||0.00075241
06:54||650725000||489668||0.00075241
06:55||650650500||489668||0.00075241
06:56||650750500||489818||0.00075241
06:57||650751000||489818||0.00075241
06:58||650751000||489818||0.00075241
06:59||650751000||489818||0.00075241
07:00||650751000||489818||0.00075241
07:01||650756000||489818||0.00075241
07:02||650756000||489818||0.00075241
07:03||650751000||489443||0.00075241
07:04||650750500||489818||0.00075241
07:05||650755500||489818||0.00075241
07:06||651514500||489818||0.00075241
07:07||651261500||489818||0.00075241
07:08||651385000||489818||0.00075241
07:09||651373000||489818||0.00075241
07:10||651373000||489818||0.00075241
07:11||651447000||489818||0.00075241
07:12||651523500||489818||0.00075241
07:13||651587000||490563||0.00075241
07:14||651587000||490563||0.00075241
07:15||653490500||491323||0.00075241
07:16||655281500||492828||0.00075241
07:17||655774000||493204||0.00075241
07:18||655774000||493580||0.00075241
07:19||655774000||493580||0.00075241
07:20||655774000||493580||0.00075241
07:21||655774000||493580||0.00075241
07:22||655774000||493580||0.00075241
07:23||655774000||493580||0.00075241
07:24||655774000||493580||0.00075241
07:25||655774000||493580||0.00075241
07:26||655774000||493580||0.00075241
07:27||655774000||493580||0.00075241
07:28||655774000||493580||0.00075241
07:29||655774000||493580||0.00075241
07:30||655774000||493580||0.00075241
07:31||655774000||493580||0.00075241
07:32||655774000||493580||0.00075241
07:33||653592000||489957||0.00075241
07:34||653592500||489957||0.00075241
07:35||653592500||489957||0.00075241
07:36||653592500||489957||0.00075241
07:37||653827500||489957||0.00075241
07:38||653825000||493580||0.00075241
07:39||653825000||493580||0.00075241
07:40||653375000||493580||0.00075241
07:41||653375000||493580||0.00075241
07:42||653375000||493580||0.00075241
07:43||653326000||493580||0.00075241
07:44||653326000||493580||0.00075241
07:45||653326000||493580||0.00075241
07:46||653326000||493580||0.00075241
07:47||653330000||493580||0.00075241
07:48||653330000||493580||0.00075241
07:49||653330000||493580||0.00075241
07:50||653330000||493580||0.00075241
07:51||653570500||493580||0.00075241
07:52||653752500||493580||0.00075241
07:53||653889000||493580||0.00075241
07:54||654047500||493580||0.00075241
07:55||654118500||493580||0.00075241
07:56||654182000||493580||0.00075241
07:57||654296500||491741||0.00075241
07:58||654394500||491741||0.00075241
07:59||654404500||492751||0.00075241
08:00||654404500||492751||0.00075241
08:01||654404500||492751||0.00075241
08:02||654404500||492009||0.00075241
08:03||654404500||492009||0.00075241
08:04||653739500||490972||0.00075241
08:05||653877000||490972||0.00075241
08:06||654018000||490972||0.00075241
08:07||654108000||490972||0.00075241
08:08||654108000||490972||0.00075241
08:09||654108000||490972||0.00075241
08:10||654108000||490972||0.00075241
08:11||653572500||490399||0.00075241
08:12||653777000||490399||0.00075241
08:13||653990500||490399||0.00075241
08:14||654146500||490399||0.00075241
08:15||654218000||490399||0.00075241
08:16||654104000||490399||0.00075241
08:17||654104000||490399||0.00075241
08:18||654104000||490399||0.00075241
08:19||654104000||490399||0.00075241
08:20||654104000||490399||0.00075241
08:21||654497500||492450||0.00075241
08:22||654497500||492450||0.00075241
08:23||654497500||492450||0.00075241
08:24||654497500||492450||0.00075241
08:25||654497500||492450||0.00075241
08:26||654497500||492450||0.00075241
08:27||654497500||492450||0.00075241
08:28||654497500||492450||0.00075241
08:29||654497500||492450||0.00075241
08:30||654497500||492450||0.00075241
08:31||654497500||492450||0.00075241
08:32||654497500||492450||0.00075241
08:33||654497500||492450||0.00075241
08:34||654497500||492450||0.00075241
08:35||654497500||492450||0.00075241
08:36||654497500||492450||0.00075241
08:37||654497500||492450||0.00075241
08:38||654497500||492450||0.00075241
08:39||654497500||492450||0.00075241
08:40||654497500||492450||0.00075241
08:41||654497500||492450||0.00075241
08:42||654497500||492450||0.00075241
08:43||654497500||492450||0.00075241
08:44||654497500||492450||0.00075241
08:45||654497500||492450||0.00075241
08:46||654497500||492450||0.00075241
08:47||654497500||492450||0.00075241
08:48||652001500||492450||0.00075241
08:49||652001500||492450||0.00075241
08:50||652001500||492450||0.00075241
08:51||652001500||492450||0.00075241
08:52||652001500||492450||0.00075241
08:53||652001500||492450||0.00075241
08:54||652001500||492450||0.00075241
08:55||652001500||490572||0.00075241
08:56||652001500||490572||0.00075241
08:57||652001500||490572||0.00075241
08:58||652001500||490572||0.00075241
08:59||652001500||490572||0.00075241
09:00||652001500||490572||0.00075241
09:01||652001500||490572||0.00075241
09:02||652001500||490572||0.00075241
09:03||652001500||490572||0.00075241
09:04||652001500||490572||0.00075241
09:05||652001500||490572||0.00075241
09:06||652001500||490572||0.00075241
09:07||652001500||490572||0.00075241
09:08||652001500||490572||0.00075241
09:09||652001500||490572||0.00075241
09:10||652001500||490572||0.00075241
09:11||652001500||490572||0.00075241
09:12||652001500||490572||0.00075241
09:13||652001500||490572||0.00075241
09:14||652001500||490572||0.00075241
09:15||652001500||490572||0.00075241
09:16||652000500||490572||0.00075241
09:17||652000500||490572||0.00075241
09:18||651889500||490404||0.00075241
09:19||651889500||490404||0.00075241
09:20||651778500||490404||0.00075241
09:21||651889500||490572||0.00075241
09:22||651891000||490572||0.00075241
09:23||651890500||490572||0.00075241
09:24||651894500||490572||0.00075241
09:25||651895000||490572||0.00075241
09:26||651895000||490572||0.00075241
09:27||651894000||490572||0.00075241
09:28||651894000||490572||0.00075241
09:29||651894000||490572||0.00075241
09:30||651894000||490572||0.00075241
09:31||651894000||490572||0.00075241
09:32||651894000||490569||0.00075241
09:33||650999500||489104||0.00075241
09:34||650922500||489104||0.00075241
09:35||650851000||489104||0.00075241
09:36||650817500||490257||0.00075241
09:37||651041500||490257||0.00075241
09:38||650816500||489104||0.00075241
09:39||650816500||489104||0.00075241
09:40||650816500||489104||0.00075241
09:41||650815000||489104||0.00075241
09:42||650815000||489105||0.00075241
09:43||650815000||489105||0.00075241
09:44||650815000||490253||0.00075241
09:45||650815000||490253||0.00075241
09:46||650815000||490253||0.00075241
09:47||650815000||490253||0.00075241
09:48||650815000||490253||0.00075241
09:49||650815000||490253||0.00075241
09:50||646504000||486814||0.00075241
09:51||646504500||486814||0.00075241
09:52||646503000||486814||0.00075241
09:53||646503000||486813||0.00075241
09:54||646504000||486813||0.00075241
09:55||646504000||486814||0.00075241
09:56||646505000||486814||0.00075241
09:57||646002500||486814||0.00075241
09:58||646002500||486814||0.00075241
09:59||646002500||486814||0.00075241
10:00||646003500||486814||0.00075241
10:01||646003500||486814||0.00075241
10:02||646003500||486059||0.00075241
10:03||646506500||486059||0.00075241
10:04||646506500||486814||0.00075241
10:05||646506500||486814||0.00075241
10:06||646506500||486814||0.00075241
10:07||646506500||486814||0.00075241
10:08||646506500||486814||0.00075241
10:09||646506500||486814||0.00075241
10:10||646507000||486814||0.00075241
10:11||646507000||486062||0.00075241
10:12||646507000||486814||0.00075241
10:13||646507000||486814||0.00075241
10:14||646507500||486814||0.00075241
10:15||646508500||486814||0.00075241
10:16||646509500||486814||0.00075241
10:17||646509500||486813||0.00075241
10:18||646509000||486813||0.00075241
10:19||646509000||486813||0.00075241
10:20||646509000||486813||0.00075241
10:21||646509000||486813||0.00075241
10:22||646510500||486813||0.00075241
10:23||646510500||486813||0.00075241
10:24||646510500||486813||0.00075241
10:25||646510500||486813||0.00075241
10:26||646510500||486068||0.00075241
10:27||647004500||486812||0.00075241
10:28||647004500||486812||0.00075241
10:29||647004500||486812||0.00075241
10:30||647004500||486812||0.00075241
10:31||647954500||486814||0.00075241
10:32||647956000||486814||0.00075241
10:33||647956000||486814||0.00075241
10:34||647956500||486818||0.00075241
10:35||647956500||486818||0.00075241
10:36||647958000||486818||0.00075241
10:37||647956500||486818||0.00075241
10:38||647954500||486818||0.00075241
10:39||647954500||486818||0.00075241
10:40||647956000||486818||0.00075241
10:41||647956000||486818||0.00075241
10:42||647956000||486818||0.00075241
10:43||647956000||488232||0.00075241
10:44||647956000||488232||0.00075241
10:45||647957500||488232||0.00075241
10:46||647957500||488232||0.00075241
10:47||647957500||488232||0.00075241
10:48||647957500||488232||0.00075241
10:49||647957500||488232||0.00075241
10:50||647957000||488232||0.00075241
10:51||647957000||488232||0.00075241
10:52||648196000||488232||0.00075241
10:53||648240000||488232||0.00075241
10:54||648240000||488232||0.00075241
10:55||648240000||488232||0.00075241
10:56||648240000||488232||0.00075241
10:57||648236000||488232||0.00075241
10:58||648235500||488222||0.00075241
10:59||648235500||488222||0.00075241
11:00||648235500||488222||0.00075241
11:01||648235500||488222||0.00075241
11:02||648235000||488222||0.00075241
11:03||648235000||488222||0.00075241
11:04||648234000||488222||0.00075241
11:05||648244000||488235||0.00075241
11:06||648244000||488235||0.00075241
11:07||648243000||488235||0.00075241
11:08||648243000||487255||0.00075241
11:09||648446500||487255||0.00075241
11:10||648447500||487255||0.00075241
11:11||648447500||488233||0.00075241
11:12||648447500||488233||0.00075241
11:13||648449000||488233||0.00075241
11:14||648449000||488233||0.00075241
11:15||648449000||488233||0.00075241
11:16||648449000||488233||0.00075241
11:17||648447500||487563||0.00075241
11:18||648447500||487563||0.00075241
11:19||648447500||487563||0.00075241
11:20||648449000||487563||0.00075241
11:21||648449000||487563||0.00075241
11:22||648449000||487563||0.00075241
11:23||648447000||487565||0.00075241
11:24||648669500||487565||0.00075241
11:25||648671000||487565||0.00075241
11:26||648669000||487565||0.00075241
11:27||648669000||487565||0.00075241
11:28||648669000||487565||0.00075241
11:29||648669000||488231||0.00075241
11:30||648671500||488231||0.00075241
11:31||648696500||488233||0.00075241
11:32||648696500||488233||0.00075241
11:33||648696500||488233||0.00075241
11:34||648696500||488233||0.00075241
11:35||648695000||488233||0.00075241
11:36||648695000||488231||0.00075241
11:37||648699500||488231||0.00075241
11:38||648699500||488305||0.00075241
11:39||648754500||488314||0.00075241
11:40||648754500||488314||0.00075241
11:41||648754500||487946||0.00075241
11:42||648754500||487946||0.00075241
11:43||648754000||487946||0.00075241
11:44||648754000||487946||0.00075241
11:45||648754000||487946||0.00075241
11:46||648754000||487946||0.00075241
11:47||648749500||487946||0.00075241
11:48||648745000||487946||0.00075241
11:49||648744500||487946||0.00075241
11:50||648744000||488299||0.00075241
11:51||648744000||488298||0.00075241
11:52||648744000||488298||0.00075241
11:53||648743000||488298||0.00075241
11:54||648743000||488298||0.00075241
11:55||648743000||488298||0.00075241
11:56||648741500||488298||0.00075241
11:57||648746500||488298||0.00075241
11:58||648697000||487952||0.00075241
11:59||648224000||487567||0.00075241
12:00||648000500||487561||0.00075241
12:01||648000500||487561||0.00075241
12:02||648221000||487561||0.00075241
12:03||648441500||487561||0.00075241
12:04||648441500||487894||0.00075241
12:05||648216000||487893||0.00075241
12:06||647793000||487561||0.00075241
12:07||647593500||487256||0.00075241
12:08||647593500||487256||0.00075241
12:09||647593500||487256||0.00075241
12:10||647593500||487256||0.00075241
12:11||647593500||487256||0.00075241
12:12||647593500||487256||0.00075241
12:13||647593500||487256||0.00075241
12:14||648013000||487901||0.00075241
12:15||648013000||487901||0.00075241
12:16||648013000||487901||0.00075241
12:17||648013000||487901||0.00075241
12:18||648013000||487901||0.00075241
12:19||647943000||487255||0.00075241
12:20||647876500||487255||0.00075241
12:21||647815500||487255||0.00075241
12:22||647769500||487255||0.00075241
12:23||647769500||487255||0.00075241
12:24||647769500||487255||0.00075241
12:25||647769500||487255||0.00075241
12:26||647770500||487899||0.00075241
12:27||647596500||487899||0.00075241
12:28||647596500||487258||0.00075241
12:29||647596500||487258||0.00075241
12:30||647596500||487258||0.00075241
12:31||648022500||487258||0.00075241
12:32||648074000||487258||0.00075241
12:33||648074000||487258||0.00075241
12:34||648074000||487258||0.00075241
12:35||648074000||487258||0.00075241
12:36||648074000||487258||0.00075241
12:37||647949500||487258||0.00075241
12:38||647949500||487258||0.00075241
12:39||647949500||487258||0.00075241
12:40||647949500||487258||0.00075241
12:41||647949500||487258||0.00075241
12:42||647949500||487258||0.00075241
12:43||647949500||487258||0.00075241
12:44||647949500||487258||0.00075241
12:45||647949500||487258||0.00075241
12:46||647949500||487258||0.00075241
12:47||648198500||487258||0.00075241
12:48||648198500||487258||0.00075241
12:49||648198500||487258||0.00075241
12:50||648198500||487258||0.00075241
12:51||648198500||487258||0.00075241
12:52||648198500||487711||0.00075241
12:53||648198500||487710||0.00075241
12:54||648198500||487711||0.00075241
12:55||648198500||487710||0.00075241
12:56||648198500||487710||0.00075241
12:57||648198500||487711||0.00075241
12:58||648198500||487711||0.00075241
12:59||648198500||487711||0.00075241
13:00||648198500||487711||0.00075241
13:01||648198500||487711||0.00075241
13:02||648198500||487711||0.00075241
13:03||648198500||487711||0.00075241
13:04||648198500||487711||0.00075241
13:05||648198500||487711||0.00075241
13:06||648198500||487711||0.00075241
13:07||648198500||487711||0.00075241
13:08||648198500||487711||0.00075241
13:09||648198500||487711||0.00075241
13:10||648198500||487710||0.00075241
13:11||648198500||487710||0.00075241
13:12||648198500||487710||0.00075241
13:13||648198500||487710||0.00075241
13:14||648198500||487710||0.00075241
13:15||648198500||487710||0.00075241
13:16||648198500||487710||0.00075241
13:17||648198500||487710||0.00075241
13:18||648198500||487710||0.00075241
13:19||648198500||487710||0.00075241
13:20||648198500||487710||0.00075241
13:21||648198500||487710||0.00075241
13:22||648198500||487710||0.00075241
13:23||648198500||487710||0.00075241
13:24||648198500||487710||0.00075241
13:25||648198500||487710||0.00075241
13:26||648198500||487710||0.00075241
13:27||648198500||487711||0.00075241
13:28||648198500||487711||0.00075241
13:29||648199000||487710||0.00075241
13:30||648199000||487710||0.00075241
13:31||648199500||487710||0.00075241
13:32||648199500||487710||0.00075241
13:33||648199500||487710||0.00075241
13:34||648199500||487710||0.00075241
13:35||648199500||487710||0.00075241
13:36||648199500||487710||0.00075241
13:37||648199500||487710||0.00075241
13:38||648199500||487710||0.00075241
13:39||648199500||487710||0.00075241
13:40||648199500||487710||0.00075241
13:41||648199500||487710||0.00075241
13:42||648199500||487710||0.00075241
13:43||648199500||487710||0.00075241
13:44||648199500||487710||0.00075241
13:45||649844500||489066||0.00075241
13:46||650149000||490571||0.00075241
13:47||650148000||490571||0.00075241
13:48||649869000||490571||0.00075241
13:49||649517000||490571||0.00075241
13:50||649399500||490571||0.00075241
13:51||649402500||489442||0.00075241
13:52||649402500||489442||0.00075241
13:53||649405500||489442||0.00075241
13:54||649163000||489442||0.00075241
13:55||649163000||489442||0.00075241
13:56||649165500||489442||0.00075241
13:57||649165500||489442||0.00075241
13:58||649168500||489064||0.00075241
13:59||649168500||489064||0.00075241
14:00||649200000||489064||0.00075241
14:01||652251000||490571||0.00075241
14:02||653501000||492828||0.00075241
14:03||653551000||492828||0.00075241
14:04||651754500||487945||0.00075241
14:05||651757500||492821||0.00075241
14:06||651995000||492821||0.00075241
14:07||652495000||492821||0.00075241
14:08||652499000||492821||0.00075241
14:09||652462500||492821||0.00075241
14:10||654560500||492828||0.00075241
14:11||654556000||492828||0.00075241
14:12||654800000||492828||0.00075241
14:13||654799500||492828||0.00075241
14:14||654925500||492828||0.00075241
14:15||655050500||492828||0.00075241
14:16||655598500||493204||0.00075241
14:17||655299000||493204||0.00075241
14:18||655299000||493278||0.00075241
14:19||655299000||493278||0.00075241
14:20||655300000||493278||0.00075241
14:21||655300000||493279||0.00075241
14:22||655294000||493279||0.00075241
14:23||655000500||493279||0.00075241
14:24||655000500||492828||0.00075241
14:25||655000500||492828||0.00075241
14:26||655000500||492828||0.00075241
14:27||655000500||492828||0.00075241
14:28||655000500||492828||0.00075241
14:29||655000500||492829||0.00075241
14:30||655000500||492829||0.00075241
14:31||655000500||492829||0.00075241
14:32||655000500||492829||0.00075241
14:33||655000500||492829||0.00075241
14:34||655000500||492829||0.00075241
14:35||655000500||492829||0.00075241
14:36||655000500||492829||0.00075241
14:37||655000500||492829||0.00075241
14:38||655000500||492828||0.00075241
14:39||655000500||492828||0.00075241
14:40||655000500||492828||0.00075241
14:41||655000500||492828||0.00075241
14:42||655000500||492828||0.00075241
14:43||654875500||492828||0.00075241
14:44||654919500||492828||0.00075241
14:45||654917500||492715||0.00075241
14:46||654850500||492715||0.00075241
14:47||654622500||492640||0.00075241
14:48||654625000||492452||0.00075241
14:49||654625000||492452||0.00075241
14:50||654625000||492452||0.00075241
14:51||654625000||492452||0.00075241
14:52||654625000||492452||0.00075241
14:53||654625000||492452||0.00075241
14:54||654622500||492452||0.00075241
14:55||654622500||492452||0.00075241
14:56||654622500||492636||0.00075241
14:57||654625000||492640||0.00075241
14:58||654625000||492640||0.00075241
14:59||653375500||492640||0.00075241
15:00||653375500||492640||0.00075241
15:01||653376500||492640||0.00075241
15:02||653426000||492640||0.00075241
15:03||653626000||492640||0.00075241
15:04||653401500||490724||0.00075241
15:05||653253500||492076||0.00075241
15:06||653253500||492076||0.00075241
15:07||653253500||492076||0.00075241
15:08||653253500||492076||0.00075241
15:09||653252500||490952||0.00075241
15:10||653252500||490952||0.00075241
15:11||653300000||490952||0.00075241
15:12||653300000||492074||0.00075241
15:13||653300000||492074||0.00075241
15:14||653300000||492074||0.00075241
15:15||653300000||492074||0.00075241
15:16||653300000||492074||0.00075241
15:17||653999000||492074||0.00075241
15:18||653999500||492074||0.00075241
15:19||653999500||492074||0.00075241
15:20||653999500||492074||0.00075241
15:21||653999500||492074||0.00075241
15:22||654250000||492076||0.00075241
15:23||654249500||492075||0.00075241
15:24||654249500||492452||0.00075241
15:25||654249500||492452||0.00075241
15:26||654301000||492151||0.00075241
15:27||654301000||492151||0.00075241
15:28||654300500||492151||0.00075241
15:29||654499500||492151||0.00075241
15:30||654499500||492452||0.00075241
15:31||654499500||492452||0.00075241
15:32||654499500||492452||0.00075241
15:33||654499500||492452||0.00075241
15:34||654499500||492452||0.00075241
15:35||654499500||492451||0.00075241
15:36||654625000||492452||0.00075241
15:37||655001000||493204||0.00075241
15:38||655051000||493204||0.00075241
15:39||656001000||494416||0.00075241
15:40||656105500||494416||0.00075241
15:41||656112000||494416||0.00075241
15:42||656556500||494583||0.00075241
15:43||656556500||495085||0.00075241
15:44||657925500||495085||0.00075241
15:45||657925500||495030||0.00075241
15:46||657925500||495030||0.00075241
15:47||657925500||495030||0.00075241
15:48||657925500||495030||0.00075241
15:49||657964000||495030||0.00075241
15:50||657962000||495030||0.00075241
15:51||657962000||495030||0.00075241
15:52||657950500||495030||0.00075241
15:53||657936500||495029||0.00075241
15:54||657935500||495029||0.00075241
15:55||657935500||495045||0.00075241
15:56||657935500||495045||0.00075241
15:57||657945500||495029||0.00075241
15:58||657945500||495029||0.00075241
15:59||657945500||495044||0.00075241
16:00||657945500||495044||0.00075241
16:01||657945500||495044||0.00075241
16:02||657945500||495044||0.00075241
16:03||658072500||495236||0.00075241
16:04||658072500||495236||0.00075241
16:05||658728000||496222||0.00075241
16:06||659462500||496222||0.00075241
16:07||659462500||496214||0.00075241
16:08||659425500||496214||0.00075241
16:09||658611000||496132||0.00075241
16:10||658611000||496132||0.00075241
16:11||658641000||496132||0.00075241
16:12||657419500||495044||0.00075241
16:13||656466500||494333||0.00075241
16:14||656466500||494333||0.00075241
16:15||656466500||494333||0.00075241
16:16||657197000||495422||0.00075241
16:17||657173500||495422||0.00075241
16:18||657201000||495422||0.00075241
16:19||657149500||493580||0.00075241
16:20||657145000||493580||0.00075241
16:21||657141500||493580||0.00075241
16:22||657139000||493580||0.00075241
16:23||657140500||493580||0.00075241
16:24||657140500||493580||0.00075241
16:25||657138000||493580||0.00075241
16:26||658262500||495282||0.00075241
16:27||657115500||495282||0.00075241
16:28||656014500||495282||0.00075241
16:29||657006000||493591||0.00075241
16:30||656927500||493591||0.00075241
16:31||656819500||493591||0.00075241
16:32||657794500||494771||0.00075241
16:33||657030000||494931||0.00075241
16:34||657094000||494931||0.00075241
16:35||657096500||494931||0.00075241
16:36||657096500||494931||0.00075241
16:37||657167500||494931||0.00075241
16:38||657170000||494931||0.00075241
16:39||657167500||494931||0.00075241
16:40||657167000||494931||0.00075241
16:41||657167000||494931||0.00075241
16:42||657167000||494931||0.00075241
16:43||657167000||494931||0.00075241
16:44||657122500||494931||0.00075241
16:45||657122500||494931||0.00075241
16:46||657122000||494931||0.00075241
16:47||657062000||494931||0.00075241
16:48||657062000||494931||0.00075241
16:49||657062000||494931||0.00075241
16:50||657051000||494931||0.00075241
16:51||657061500||494931||0.00075241
16:52||657059000||494931||0.00075241
16:53||657059000||494931||0.00075241
16:54||657059000||494931||0.00075241
16:55||657050500||494931||0.00075241
16:56||657040000||494731||0.00075241
16:57||656305500||493623||0.00075241
16:58||656332000||493623||0.00075241
16:59||657049000||493994||0.00075241
17:00||657136500||493994||0.00075241
17:01||657210000||493994||0.00075241
17:02||657271000||493994||0.00075241
17:03||657526500||493994||0.00075241
17:04||656894500||493994||0.00075241
17:05||657526500||493994||0.00075241
17:06||657526500||493994||0.00075241
17:07||657526500||493994||0.00075241
17:08||657526500||493994||0.00075241
17:09||657526500||493994||0.00075241
17:10||657526500||493994||0.00075241
17:11||657526500||493994||0.00075241
17:12||657526500||493994||0.00075241
17:13||657526500||493994||0.00075241
17:14||657526500||493994||0.00075241
17:15||657526500||493994||0.00075241
17:16||657526500||493994||0.00075241
17:17||657526500||493994||0.00075241
17:18||657526500||493994||0.00075241
17:19||657526500||493994||0.00075241
17:20||657526500||493994||0.00075241
17:21||657526500||493994||0.00075241
17:22||657526500||494729||0.00075241
17:23||657526500||494729||0.00075241
17:24||657526500||494729||0.00075241
17:25||657526500||494729||0.00075241
17:26||657526500||494729||0.00075241
17:27||657526500||494729||0.00075241
17:28||657526500||494729||0.00075241
17:29||657526500||494729||0.00075241
17:30||657526500||494729||0.00075241
17:31||657526500||494729||0.00075241
17:32||657526500||494729||0.00075241
17:33||657526500||494729||0.00075241
17:34||657526500||494729||0.00075241
17:35||657526500||494729||0.00075241
17:36||657526500||494729||0.00075241
17:37||657526500||494729||0.00075241
17:38||657526500||494729||0.00075241
17:39||657526500||494729||0.00075241
17:40||657526500||494729||0.00075241
17:41||657526500||494729||0.00075241
17:42||657526500||494729||0.00075241
17:43||657526500||494729||0.00075241
17:44||657526500||494729||0.00075241
17:45||657526500||494729||0.00075241
17:46||657526500||494729||0.00075241
17:47||657526500||494729||0.00075241
17:48||657526500||494729||0.00075241
17:49||657526500||494729||0.00075241
17:50||657526500||494729||0.00075241
17:51||657526500||494729||0.00075241
17:52||657526500||494729||0.00075241
17:53||657982500||494880||0.00075241
17:54||658214500||494914||0.00075241
17:55||658399500||495291||0.00075241
17:56||658399500||495385||0.00075241
17:57||658399500||495385||0.00075241
17:58||658499500||495461||0.00075241
17:59||658752500||495461||0.00075241
18:00||658752500||495465||0.00075241
18:01||658967000||496158||0.00075241
18:02||658965500||496158||0.00075241
18:03||658505500||496158||0.00075241
18:04||658505500||496158||0.00075241
18:05||658505500||496158||0.00075241
18:06||658505500||496158||0.00075241
18:07||658505500||496158||0.00075241
18:08||658505500||496158||0.00075241
18:09||658505500||496158||0.00075241
18:10||658505500||496158||0.00075241
18:11||658505500||496158||0.00075241
18:12||658505500||496158||0.00075241
18:13||658505500||495466||0.00075241
18:14||658505500||495466||0.00075241
18:15||658505500||495466||0.00075241
18:16||658505500||495466||0.00075241
18:17||658505500||495466||0.00075241
18:18||658505500||495466||0.00075241
18:19||658965500||496158||0.00075241
18:20||658956500||496145||0.00075241
18:21||658956500||495805||0.00075241
18:22||658956500||496145||0.00075241
18:23||659407500||496145||0.00075241
18:24||658967000||495468||0.00075241
18:25||658966500||495468||0.00075241
18:26||659033000||495468||0.00075241
18:27||659106000||495468||0.00075241
18:28||659155500||495468||0.00075241
18:29||659174500||495468||0.00075241
18:30||659174500||495468||0.00075241
18:31||659213500||495468||0.00075241
18:32||659114500||496157||0.00075241
18:33||659114500||496157||0.00075241
18:34||659114500||496157||0.00075241
18:35||659114500||496157||0.00075241
18:36||659424500||496157||0.00075241
18:37||659424500||496157||0.00075241
18:38||659424500||496157||0.00075241
18:39||659424500||496157||0.00075241
18:40||659424500||496157||0.00075241
18:41||658772000||495690||0.00075241
18:42||658743500||495644||0.00075241
18:43||658623500||495644||0.00075241
18:44||657831000||495461||0.00075241
18:45||657831000||495461||0.00075241
18:46||657831000||495461||0.00075241
18:47||657833500||495416||0.00075241
18:48||657802000||495416||0.00075241
18:49||657802000||495416||0.00075241
18:50||657802000||495369||0.00075241
18:51||657802000||495369||0.00075241
18:52||657605500||495369||0.00075241
18:53||657605500||495369||0.00075241
18:54||657605500||495369||0.00075241
18:55||657605500||495369||0.00075241
18:56||657605500||495369||0.00075241
18:57||657896500||495416||0.00075241
18:58||657988500||495416||0.00075241
18:59||658057000||495416||0.00075241
19:00||658115500||495416||0.00075241
19:01||658165500||495416||0.00075241
19:02||658207500||495074||0.00075241
19:03||658935500||495386||0.00075241
19:04||659018500||495386||0.00075241
19:05||659082000||495580||0.00075241
19:06||659086000||495580||0.00075241
19:07||659130000||495580||0.00075241
19:08||659171500||495580||0.00075241
19:09||659294500||495580||0.00075241
19:10||659290500||495580||0.00075241
19:11||659290500||495580||0.00075241
19:12||659290500||495580||0.00075241
19:13||659290500||495580||0.00075241
19:14||659290500||495580||0.00075241
19:15||659290500||495580||0.00075241
19:16||659290500||496057||0.00075241
19:17||659290500||496057||0.00075241
19:18||659290500||496057||0.00075241
19:19||658239000||496056||0.00075241
19:20||658239000||496056||0.00075241
19:21||659121500||496056||0.00075241
19:22||659122500||496056||0.00075241
19:23||659121500||496021||0.00075241
19:24||658092500||494510||0.00075241
19:25||658005500||494510||0.00075241
19:26||657913500||494510||0.00075241
19:27||657831000||494510||0.00075241
19:28||657598500||494511||0.00075241
19:29||657552000||494511||0.00075241
19:30||657511000||494511||0.00075241
19:31||659863500||496270||0.00075241
19:32||658779000||496270||0.00075241
19:33||662628000||498771||0.00075241
19:34||660732500||498771||0.00075241
19:35||661520500||498771||0.00075241
19:36||665578500||500352||0.00075241
19:37||663437000||502602||0.00075241
19:38||664636500||502602||0.00075241
19:39||663547500||502602||0.00075241
19:40||663314000||499259||0.00075241
19:41||663360000||499259||0.00075241
19:42||664738500||500841||0.00075241
19:43||664913000||499555||0.00075241
19:44||665044000||499555||0.00075241
19:45||665089000||500728||0.00075241
19:46||665278000||500728||0.00075241
19:47||663696500||498909||0.00075241
19:48||663692500||498909||0.00075241
19:49||663807000||499736||0.00075241
19:50||663807000||499736||0.00075241
19:51||663757000||499736||0.00075241
19:52||663999500||499598||0.00075241
19:53||664147500||499673||0.00075241
19:54||664179500||499673||0.00075241
19:55||664180000||499673||0.00075241
19:56||665007000||499736||0.00075241
19:57||665499500||500728||0.00075241
19:58||665499500||500728||0.00075241
19:59||665499500||500728||0.00075241
20:00||665499500||500728||0.00075241
20:01||665499500||500728||0.00075241
20:02||665492500||500728||0.00075241
20:03||665487500||500728||0.00075241
20:04||665493500||500719||0.00075241
20:05||665497500||500719||0.00075241
20:06||665498500||500726||0.00075241
20:07||665498500||500726||0.00075241
20:08||665498500||500726||0.00075241
20:09||665498500||500726||0.00075241
20:10||665497500||500726||0.00075241
20:11||664790000||500717||0.00075241
20:12||664714000||500557||0.00075241
20:13||664180500||500557||0.00075241
20:14||664180500||500557||0.00075241
20:15||664214000||500557||0.00075241
20:16||664180500||500557||0.00075241
20:17||664180500||500557||0.00075241
20:18||664180500||499735||0.00075241
20:19||664180500||499735||0.00075241
20:20||664180500||499735||0.00075241
20:21||664180500||499735||0.00075241
20:22||664180500||499736||0.00075241
20:23||664180500||499736||0.00075241
20:24||664180500||499736||0.00075241
20:25||664180500||499736||0.00075241
20:26||664180500||499735||0.00075241
20:27||664180500||499735||0.00075241
20:28||664830500||499788||0.00075241
20:29||664907000||499788||0.00075241
20:30||665011000||500539||0.00075241
20:31||665036000||500631||0.00075241
20:32||665101000||500719||0.00075241
20:33||665101000||500719||0.00075241
20:34||665101000||500719||0.00075241
20:35||666246000||501849||0.00075241
20:36||666995000||500730||0.00075241
20:37||666999000||501855||0.00075241
20:38||667445500||502527||0.00075241
20:39||667999500||502609||0.00075241
20:40||667999500||502609||0.00075241
20:41||667999500||502609||0.00075241
20:42||667999500||502609||0.00075241
20:43||666694500||500728||0.00075241
20:44||666577000||500728||0.00075241
20:45||666449500||500728||0.00075241
20:46||666588500||500728||0.00075241
20:47||666920500||501987||0.00075241
20:48||666920500||501987||0.00075241
20:49||666920500||501987||0.00075241
20:50||666909500||501987||0.00075241
20:51||666231000||501606||0.00075241
20:52||666182500||501606||0.00075241
20:53||666141000||501606||0.00075241
20:54||665705000||500728||0.00075241
20:55||665659000||500728||0.00075241
20:56||665074500||500728||0.00075241
20:57||664702500||500728||0.00075241
20:58||664702500||500728||0.00075241
20:59||664428500||500128||0.00075241
21:00||664077000||499735||0.00075241
21:01||663480000||499598||0.00075241
21:02||662019500||498847||0.00075241
21:03||661048500||498847||0.00075241
21:04||659898000||495647||0.00075241
21:05||659898000||495647||0.00075241
21:06||660129500||495647||0.00075241
21:07||660129500||495647||0.00075241
21:08||660275000||497380||0.00075241
21:09||662452500||500351||0.00075241
21:10||662654500||500276||0.00075241
21:11||662654500||500276||0.00075241
21:12||662366500||500276||0.00075241
21:13||662366500||500276||0.00075241
21:14||661728500||500276||0.00075241
21:15||661999500||500276||0.00075241
21:16||661999500||500276||0.00075241
21:17||660983500||496972||0.00075241
21:18||660983500||496972||0.00075241
21:19||661471500||496972||0.00075241
21:20||661715500||496972||0.00075241
21:21||661715500||496972||0.00075241
21:22||661715500||497697||0.00075241
21:23||661959500||497697||0.00075241
21:24||661959500||497697||0.00075241
21:25||661979500||497697||0.00075241
21:26||661979500||497697||0.00075241
21:27||661979500||497697||0.00075241
21:28||661959500||497697||0.00075241
21:29||661959500||497697||0.00075241
21:30||661959500||498064||0.00075241
21:31||661979500||498065||0.00075241
21:32||661999500||498094||0.00075241
21:33||661999500||498094||0.00075241
21:34||662498500||498095||0.00075241
21:35||662490500||498847||0.00075241
21:36||662469000||498094||0.00075241
21:37||662501500||498096||0.00075241
21:38||662502000||498096||0.00075241
21:39||662502000||498096||0.00075241
21:40||662502000||498096||0.00075241
21:41||662503500||498846||0.00075241
21:42||662505000||498846||0.00075241
21:43||662505000||498846||0.00075241
21:44||662504500||498104||0.00075241
21:45||662506000||498104||0.00075241
21:46||662506000||498104||0.00075241
21:47||662506000||498104||0.00075241
21:48||662506000||498104||0.00075241
21:49||662506000||498104||0.00075241
21:50||662506000||498104||0.00075241
21:51||662506500||498104||0.00075241
21:52||662506500||498104||0.00075241
21:53||662506500||498104||0.00075241
21:54||662506500||498104||0.00075241
21:55||662507000||498104||0.00075241
21:56||662513000||498104||0.00075241
21:57||662994500||498104||0.00075241
21:58||662994500||498104||0.00075241
21:59||662994500||498843||0.00075241
22:00||662994500||498843||0.00075241
22:01||662999500||498845||0.00075241
22:02||662999500||498845||0.00075241
22:03||663997500||499598||0.00075241
22:04||663999500||499598||0.00075241
22:05||664499500||500352||0.00075241
22:06||664499500||500352||0.00075241
22:07||664499500||500352||0.00075241
22:08||664874500||499599||0.00075241
22:09||664876500||500352||0.00075241
22:11||664940000||500352||0.00075241
22:12||665247500||500352||0.00075241
22:13||665371500||500352||0.00075241
22:14||665951500||501068||0.00075241
22:10||664940000||500307||0.00075241
22:15||665952000||501068||0.00075241
22:16||666531000||501856||0.00075241
22:17||666625000||502609||0.00075241
22:18||668311500||503360||0.00075241
22:19||668308000||503360||0.00075241
22:20||668307000||503360||0.00075241
22:21||667621000||503353||0.00075241
22:22||667616000||503345||0.00075241
22:23||667740000||502320||0.00075241
22:24||667700000||502320||0.00075241
22:25||667950000||502320||0.00075241
22:26||667948500||502320||0.00075241
22:27||668198500||502320||0.00075241
22:28||668198500||502320||0.00075241
22:29||668191000||502320||0.00075241
22:30||668815000||502320||0.00075241
22:31||668809000||503174||0.00075241
22:32||668182500||503174||0.00075241
22:33||668182500||503174||0.00075241
22:34||668182500||503174||0.00075241
22:35||668182500||503259||0.00075241
22:36||668182500||503259||0.00075241
22:37||668182000||503259||0.00075241
22:38||668182000||503259||0.00075241
22:39||668431500||503259||0.00075241
22:40||667746000||502609||0.00075241
22:41||667496500||502234||0.00075241
22:42||667245500||501180||0.00075241
22:43||667245000||501180||0.00075241
22:44||667244000||501180||0.00075241
22:45||667244000||501180||0.00075241
22:46||667244000||501180||0.00075241
22:47||667245000||502602||0.00075241
22:48||667245000||502602||0.00075241
22:49||667245000||502602||0.00075241
22:50||667245000||502602||0.00075241
22:51||667680000||501481||0.00075241
22:52||667657000||501481||0.00075241
22:53||666931000||501481||0.00075241
22:54||666868500||501481||0.00075241
22:55||666828500||501482||0.00075241
22:56||667301500||501482||0.00075241
22:57||667220500||501482||0.00075241
22:58||666506500||501486||0.00075241
22:59||666506500||501486||0.00075241
23:00||666506500||501486||0.00075241
23:01||667252000||501486||0.00075241
23:02||667247000||501486||0.00075241
23:03||667248000||501486||0.00075241
23:04||667450500||501486||0.00075241
23:05||667376000||501857||0.00075241
23:06||667451000||502534||0.00075241
23:07||667450000||502534||0.00075241
23:08||667451500||502534||0.00075241
23:09||667423500||502534||0.00075241
23:10||667336500||501861||0.00075241
23:11||667266000||501861||0.00075241
23:12||667213500||501861||0.00075241
23:13||667166000||501858||0.00075241
23:14||667127000||501858||0.00075241
23:15||667095000||502016||0.00075241
23:16||667070500||501974||0.00075241
23:17||667048000||501974||0.00075241
23:18||667002500||501974||0.00075241
23:19||667002500||501858||0.00075241
23:20||667002500||501858||0.00075241
23:21||667002500||501858||0.00075241
23:22||667002500||501858||0.00075241
23:23||667002500||501859||0.00075241
23:24||667002500||501859||0.00075241
23:25||667002500||501859||0.00075241
23:26||667002500||501859||0.00075241
23:27||667002500||501859||0.00075241
23:28||667002500||501859||0.00075241
23:29||667002500||501859||0.00075241
23:30||667002500||501859||0.00075241
23:31||667002500||501859||0.00075241
23:32||667002500||501859||0.00075241
23:33||667002500||501859||0.00075241
23:34||667450000||501859||0.00075241
23:35||667359500||501859||0.00075241
23:36||667285000||501859||0.00075241
23:37||667502500||501859||0.00075241
23:38||667246500||502235||0.00075241
23:39||667187500||501998||0.00075241
23:40||667145000||502235||0.00075241
23:41||667112500||502235||0.00075241
23:42||667002500||501857||0.00075241
23:43||665896500||501485||0.00075241
23:44||665815500||501485||0.00075241
23:45||665756000||501485||0.00075241
23:46||665696500||501485||0.00075241
23:47||665673500||501485||0.00075241
23:48||665673500||501485||0.00075241
23:49||665673500||501485||0.00075241
23:50||665673500||501485||0.00075241
23:51||665673500||501485||0.00075241
23:52||665669500||500856||0.00075241
23:53||665763500||501485||0.00075241
23:54||665606500||500883||0.00075241
23:55||665106500||500432||0.00075241
23:56||665106500||500733||0.00075241
23:57||665281500||500733||0.00075241
23:58||665281500||500733||0.00075241
