00:00||464548500||350246||0.00075241
00:01||464548500||350246||0.00075241
00:02||464748500||350246||0.00075241
00:03||464745000||350243||0.00075241
00:04||464870000||350243||0.00075241
00:05||464870000||350243||0.00075241
00:06||464870000||350243||0.00075241
00:07||464995000||350239||0.00075241
00:08||464995000||350239||0.00075241
00:09||464995000||350239||0.00075241
00:10||464995000||350239||0.00075241
00:11||465001000||350239||0.00075241
00:12||465001000||350239||0.00075241
00:13||465001000||350239||0.00075241
00:14||465001000||350239||0.00075241
00:15||465001000||350239||0.00075241
00:16||465188000||350239||0.00075241
00:17||465189000||350237||0.00075241
00:18||465189000||350237||0.00075241
00:19||465189000||349787||0.00075241
00:20||465189000||350237||0.00075241
00:21||465189000||350237||0.00075241
00:22||465189000||350237||0.00075241
00:23||465189000||350237||0.00075241
00:24||465189000||350237||0.00075241
00:25||465189000||350237||0.00075241
00:26||465189000||350237||0.00075241
00:27||465189000||350237||0.00075241
00:28||465189000||350237||0.00075241
00:29||465126000||350237||0.00075241
00:30||465078500||350237||0.00075241
00:31||465039000||350237||0.00075241
00:32||464696500||349786||0.00075241
00:33||464666500||349732||0.00075241
00:34||464373500||349495||0.00075241
00:35||464349000||349495||0.00075241
00:36||464322500||349495||0.00075241
00:37||464301000||349495||0.00075241
00:38||464283500||349495||0.00075241
00:39||464844500||350237||0.00075241
00:40||464742500||350070||0.00075241
00:41||464770500||350070||0.00075241
00:42||464712500||350070||0.00075241
00:43||464683000||349790||0.00075241
00:44||464645000||349790||0.00075241
00:45||464606500||349699||0.00075241
00:46||464581000||349699||0.00075241
00:47||464557500||349699||0.00075241
00:48||464552500||349573||0.00075241
00:49||464552500||349573||0.00075241
00:50||464547500||349573||0.00075241
00:51||464531000||349543||0.00075241
00:52||464922500||350171||0.00075241
00:53||464836500||350171||0.00075241
00:54||464818500||350171||0.00075241
00:55||464770000||349849||0.00075241
00:56||464740500||349849||0.00075241
00:57||464740500||349849||0.00075241
00:58||464740500||349849||0.00075241
00:59||465002000||350171||0.00075241
01:00||465001000||350171||0.00075241
01:01||464984000||350171||0.00075241
01:02||464904500||350171||0.00075241
01:03||464841500||350171||0.00075241
01:04||464789000||350171||0.00075241
01:05||464746500||350171||0.00075241
01:06||464714000||350171||0.00075241
01:07||464699000||350171||0.00075241
01:08||464682500||349494||0.00075241
01:09||464327500||349494||0.00075241
01:10||464325000||349494||0.00075241
01:11||464310000||349397||0.00075241
01:12||464289500||349397||0.00075241
01:13||464257500||349397||0.00075241
01:14||464087500||349310||0.00075241
01:15||464063500||349310||0.00075241
01:16||464045500||349310||0.00075241
01:17||464036500||349310||0.00075241
01:18||464449500||349784||0.00075241
01:19||464267500||349784||0.00075241
01:20||464221000||349784||0.00075241
01:21||464187000||349784||0.00075241
01:22||464159000||349784||0.00075241
01:23||464143000||349784||0.00075241
01:24||464290500||349494||0.00075241
01:25||464728500||350171||0.00075241
01:26||464281500||350110||0.00075241
01:27||464290500||350110||0.00075241
01:28||464290500||350110||0.00075241
01:29||464290500||350110||0.00075241
01:30||464290500||350110||0.00075241
01:31||464290500||350110||0.00075241
01:32||464290500||350110||0.00075241
01:33||464497500||350110||0.00075241
01:34||464497500||350110||0.00075241
01:35||464497500||350110||0.00075241
01:36||464497500||350110||0.00075241
01:37||464497500||350110||0.00075241
01:38||464497500||350110||0.00075241
01:39||464497500||350110||0.00075241
01:40||464748000||349869||0.00075241
01:41||464748000||349869||0.00075241
01:42||464646500||349869||0.00075241
01:43||464253000||349182||0.00075241
01:44||464190500||349182||0.00075241
01:45||464181000||349182||0.00075241
01:46||464275500||349182||0.00075241
01:47||464275500||349182||0.00075241
01:48||464275500||349182||0.00075241
01:49||464787000||350095||0.00075241
01:50||464787000||350095||0.00075241
01:51||464607500||350095||0.00075241
01:52||464373500||350095||0.00075241
01:53||464352000||349467||0.00075241
01:54||464166500||349325||0.00075241
01:55||464088500||349273||0.00075241
01:56||464088500||349273||0.00075241
01:57||464088500||349185||0.00075241
01:58||464088500||349185||0.00075241
01:59||464088500||349185||0.00075241
02:00||464088500||349185||0.00075241
02:01||464088500||349184||0.00075241
02:02||464294000||349184||0.00075241
02:03||464293500||349184||0.00075241
02:04||464293500||349493||0.00075241
02:05||464293500||349185||0.00075241
02:06||464293500||349185||0.00075241
02:07||464496500||349493||0.00075241
02:08||464496500||349493||0.00075241
02:09||464496500||349493||0.00075241
02:10||464496500||349493||0.00075241
02:11||464496500||349493||0.00075241
02:12||464496500||349493||0.00075241
02:13||464496500||349493||0.00075241
02:14||464496500||349491||0.00075241
02:15||464293500||349491||0.00075241
02:16||464293500||349491||0.00075241
02:17||464496500||349491||0.00075241
02:18||464496500||349491||0.00075241
02:19||464496500||349491||0.00075241
02:20||464496500||349491||0.00075241
02:21||464496500||349491||0.00075241
02:22||464496500||349491||0.00075241
02:23||464496500||349493||0.00075241
02:24||464496500||349493||0.00075241
02:25||464496500||349493||0.00075241
02:26||464496500||349493||0.00075241
02:27||464496500||349493||0.00075241
02:28||464498500||349493||0.00075241
02:29||464498500||349493||0.00075241
02:30||464498500||349493||0.00075241
02:31||464498500||349493||0.00075241
02:32||464276500||349492||0.00075241
02:33||464006500||349182||0.00075241
02:34||463826000||349121||0.00075241
02:35||463794000||349121||0.00075241
02:36||463770500||349121||0.00075241
02:37||463749000||349121||0.00075241
02:38||463701500||349121||0.00075241
02:39||463701500||349121||0.00075241
02:40||463701500||349121||0.00075241
02:41||463879000||349162||0.00075241
02:42||463789500||349162||0.00075241
02:43||463741500||349162||0.00075241
02:44||463701500||349162||0.00075241
02:45||463551500||348823||0.00075241
02:46||463501500||348823||0.00075241
02:47||463501500||348742||0.00075241
02:48||463501500||348742||0.00075241
02:49||463501500||348742||0.00075241
02:50||463501500||348742||0.00075241
02:51||463501500||348742||0.00075241
02:52||463501500||348742||0.00075241
02:53||463501500||348742||0.00075241
02:54||463501500||348742||0.00075241
02:55||463501500||348742||0.00075241
02:56||463701000||348743||0.00075241
02:57||463651500||349036||0.00075241
02:58||463618000||349036||0.00075241
02:59||463589500||349036||0.00075241
03:00||463773000||349036||0.00075241
03:01||463502500||348743||0.00075241
03:02||463502500||348743||0.00075241
03:03||463502500||348743||0.00075241
03:04||463502500||348743||0.00075241
03:05||463502500||348743||0.00075241
03:06||463502500||348743||0.00075241
03:07||463502500||348743||0.00075241
03:08||463502500||348743||0.00075241
03:09||463502500||348743||0.00075241
03:10||463502000||348743||0.00075241
03:11||463502000||348743||0.00075241
03:12||463502000||348743||0.00075241
03:13||463502500||348743||0.00075241
03:14||463780500||349162||0.00075241
03:15||463779500||349162||0.00075241
03:16||463720000||349162||0.00075241
03:17||463676500||349162||0.00075241
03:18||463639000||348992||0.00075241
03:19||463288500||348742||0.00075241
03:20||463257500||348639||0.00075241
03:21||463231500||348639||0.00075241
03:22||463231000||348639||0.00075241
03:23||463231000||348639||0.00075241
03:24||463231000||348639||0.00075241
03:25||463231000||348639||0.00075241
03:26||463231000||348639||0.00075241
03:27||463231000||348639||0.00075241
03:28||463231000||348639||0.00075241
03:29||463231000||348639||0.00075241
03:30||463231000||348639||0.00075241
03:31||463231000||348639||0.00075241
03:32||463231000||348639||0.00075241
03:33||463231000||348639||0.00075241
03:34||463231000||348639||0.00075241
03:35||463231000||348639||0.00075241
03:36||463231000||348639||0.00075241
03:37||463231000||348639||0.00075241
03:38||463231000||348639||0.00075241
03:39||463231000||348639||0.00075241
03:40||463231000||348639||0.00075241
03:41||463231000||348639||0.00075241
03:42||463231000||348639||0.00075241
03:43||463231000||348639||0.00075241
03:44||463231000||348639||0.00075241
03:45||463231000||348639||0.00075241
03:46||463231000||348639||0.00075241
03:47||463231000||348639||0.00075241
03:48||463231000||348639||0.00075241
03:49||463231000||348639||0.00075241
03:50||463231000||348639||0.00075241
03:51||463231000||348639||0.00075241
03:52||463231000||348639||0.00075241
03:53||463222000||348639||0.00075241
03:54||463200500||348639||0.00075241
03:55||463182500||348639||0.00075241
03:56||463152500||348639||0.00075241
03:57||463152500||348639||0.00075241
03:58||463574500||349118||0.00075241
03:59||463080500||348478||0.00075241
04:00||462750500||348377||0.00075241
04:01||462705500||348377||0.00075241
04:02||462658000||348377||0.00075241
04:03||462621000||348377||0.00075241
04:04||462586500||348151||0.00075241
04:05||462564000||348093||0.00075241
04:06||462543500||348093||0.00075241
04:07||462528500||347989||0.00075241
04:08||462500500||347989||0.00075241
04:09||462500500||347989||0.00075241
04:10||462500500||347989||0.00075241
04:11||462500500||347989||0.00075241
04:12||462500500||347989||0.00075241
04:13||463188000||347989||0.00075241
04:14||462287000||347613||0.00075241
04:15||461709500||347613||0.00075241
04:16||460928500||346861||0.00075241
04:17||460900500||346786||0.00075241
04:18||462268000||346786||0.00075241
04:19||461427500||346786||0.00075241
04:20||460949500||346786||0.00075241
04:21||460949500||346786||0.00075241
04:22||460997500||346786||0.00075241
04:23||460997500||346786||0.00075241
04:24||460997500||346786||0.00075241
04:25||460997500||346859||0.00075241
04:26||460997500||346859||0.00075241
04:27||460997500||346859||0.00075241
04:28||461686000||346859||0.00075241
04:29||461200500||346859||0.00075241
04:30||461200500||346859||0.00075241
04:31||461200500||346859||0.00075241
04:32||461200500||346859||0.00075241
04:33||461199500||346859||0.00075241
04:34||461249000||346859||0.00075241
04:35||461249000||346859||0.00075241
04:36||461249000||346859||0.00075241
04:37||461249000||346859||0.00075241
04:38||461249000||346859||0.00075241
04:39||461249000||346859||0.00075241
04:40||461495500||346859||0.00075241
04:41||461495500||346859||0.00075241
04:42||461495500||346859||0.00075241
04:43||461495500||346859||0.00075241
04:44||461495500||346859||0.00075241
04:45||461495500||346859||0.00075241
04:46||461495500||346859||0.00075241
04:47||461749000||347613||0.00075241
04:48||461749000||347613||0.00075241
04:49||461997500||347611||0.00075241
04:50||461999500||347611||0.00075241
04:51||462478500||348365||0.00075241
04:52||462381500||348365||0.00075241
04:53||462302500||348365||0.00075241
04:54||461999500||348365||0.00075241
04:55||461999500||348365||0.00075241
04:56||461999500||348365||0.00075241
04:57||461999500||348365||0.00075241
04:58||461436500||347612||0.00075241
04:59||461330000||347612||0.00075241
05:00||460937000||347612||0.00075241
05:01||460935000||347612||0.00075241
05:02||460900500||347612||0.00075241
05:03||460949000||347612||0.00075241
05:04||461340000||346785||0.00075241
05:05||461254000||346785||0.00075241
05:06||461201500||346785||0.00075241
05:07||461201500||346785||0.00075241
05:08||461201500||346785||0.00075241
05:09||461201500||346785||0.00075241
05:10||461201500||346785||0.00075241
05:11||461249000||346785||0.00075241
05:12||461249000||346785||0.00075241
05:13||461249000||346785||0.00075241
05:14||461249000||346785||0.00075241
05:15||461500000||347611||0.00075241
05:16||461999500||347611||0.00075241
05:17||461999500||347611||0.00075241
05:18||461999500||347611||0.00075241
05:19||461999500||347611||0.00075241
05:20||461999500||347611||0.00075241
05:21||461999500||347611||0.00075241
05:22||461999500||347611||0.00075241
05:23||461999500||347611||0.00075241
05:24||461999500||347611||0.00075241
05:25||461999500||347611||0.00075241
05:26||461999500||347611||0.00075241
05:27||461999500||347611||0.00075241
05:28||461406000||347612||0.00075241
05:29||461171000||347612||0.00075241
05:30||461128500||347612||0.00075241
05:31||461128500||347612||0.00075241
05:32||461128500||347612||0.00075241
05:33||461128500||347612||0.00075241
05:34||461128500||347612||0.00075241
05:35||461088000||347612||0.00075241
05:36||460907500||347612||0.00075241
05:37||460454500||346790||0.00075241
05:38||460455500||346790||0.00075241
05:39||460390000||346790||0.00075241
05:40||460303000||346790||0.00075241
05:41||460239000||346790||0.00075241
05:42||460000500||346108||0.00075241
05:43||459465500||346108||0.00075241
05:44||459465500||346108||0.00075241
05:45||459465500||346108||0.00075241
05:46||459465500||346108||0.00075241
05:47||459485000||346108||0.00075241
05:48||459567000||346054||0.00075241
05:49||459584000||346054||0.00075241
05:50||459465500||346054||0.00075241
05:51||459465500||346054||0.00075241
05:52||459003500||345359||0.00075241
05:53||459003500||345359||0.00075241
05:54||459003500||345359||0.00075241
05:55||459003500||345359||0.00075241
05:56||459001500||345358||0.00075241
05:57||459001500||345358||0.00075241
05:58||459491500||345358||0.00075241
05:59||459502000||345357||0.00075241
06:00||459501000||345357||0.00075241
06:01||459500500||345357||0.00075241
06:02||459500500||345357||0.00075241
06:03||459502000||345357||0.00075241
06:04||459502000||345357||0.00075241
06:05||459502000||345357||0.00075241
06:06||459502000||345357||0.00075241
06:07||459502000||345357||0.00075241
06:08||459502000||345357||0.00075241
06:09||459502000||345357||0.00075241
06:10||459502000||345357||0.00075241
06:11||459502000||345357||0.00075241
06:12||459502000||345357||0.00075241
06:13||459501500||345357||0.00075241
06:14||459501500||345357||0.00075241
06:15||459501500||345357||0.00075241
06:16||459501500||345357||0.00075241
06:17||459251500||345357||0.00075241
06:18||459251500||346107||0.00075241
06:19||459756000||346107||0.00075241
06:20||459756000||346107||0.00075241
06:21||459756000||346107||0.00075241
06:22||459756000||346107||0.00075241
06:23||459505500||346107||0.00075241
06:24||459998500||346107||0.00075241
06:25||459502000||346107||0.00075241
06:26||459501500||346107||0.00075241
06:27||459501500||346107||0.00075241
06:28||459501500||346107||0.00075241
06:29||459500500||346107||0.00075241
06:30||459499000||346107||0.00075241
06:31||459499000||346107||0.00075241
06:32||459251500||346107||0.00075241
06:33||459126500||346107||0.00075241
06:34||459126500||346107||0.00075241
06:35||459126500||346107||0.00075241
06:36||459002000||345358||0.00075241
06:37||459002000||345358||0.00075241
06:38||459125500||345356||0.00075241
06:39||459125500||345356||0.00075241
06:40||459001500||345356||0.00075241
06:41||459001500||345356||0.00075241
06:42||459001500||345356||0.00075241
06:43||459001500||345356||0.00075241
06:44||459001500||345356||0.00075241
06:45||459001500||345356||0.00075241
06:46||459001500||345356||0.00075241
06:47||459001500||345356||0.00075241
06:48||459001500||345356||0.00075241
06:49||459001500||345356||0.00075241
06:50||459001500||345356||0.00075241
06:51||459001500||345356||0.00075241
06:52||459001500||345356||0.00075241
06:53||459001500||345356||0.00075241
06:54||459001500||345356||0.00075241
06:55||459001500||345356||0.00075241
06:56||459001500||345356||0.00075241
06:57||459001500||345356||0.00075241
06:58||459001500||345356||0.00075241
06:59||459001500||345356||0.00075241
07:00||459001500||345356||0.00075241
07:01||459001500||345356||0.00075241
07:02||459001500||345356||0.00075241
07:03||459001500||345356||0.00075241
07:04||459001500||345356||0.00075241
07:05||459001500||345356||0.00075241
07:06||459001500||345356||0.00075241
07:07||459125500||345357||0.00075241
07:08||459125500||345357||0.00075241
07:09||459125500||345357||0.00075241
07:10||459125500||345356||0.00075241
07:11||459125500||345356||0.00075241
07:12||459125500||345356||0.00075241
07:13||459125500||345356||0.00075241
07:14||458751500||344980||0.00075241
07:15||457529000||343943||0.00075241
07:16||457500000||343943||0.00075241
07:17||457500000||343943||0.00075241
07:18||457000500||343943||0.00075241
07:19||457000500||343943||0.00075241
07:20||457000500||343943||0.00075241
07:21||457000500||343943||0.00075241
07:22||457000500||343943||0.00075241
07:23||457000500||343943||0.00075241
07:24||457000500||343852||0.00075241
07:25||457000500||343852||0.00075241
07:26||457000500||343852||0.00075241
07:27||457500000||343852||0.00075241
07:28||439300000||338584||0.00075241
07:29||446679000||338584||0.00075241
07:30||453979000||338584||0.00075241
07:31||456253000||338584||0.00075241
07:32||456203000||342388||0.00075241
07:33||457349500||342388||0.00075241
07:34||456470500||342388||0.00075241
07:35||456470500||342388||0.00075241
07:36||456470000||342388||0.00075241
07:37||456470000||342388||0.00075241
07:38||456420500||342388||0.00075241
07:39||456420500||342388||0.00075241
07:40||456295000||342388||0.00075241
07:41||456420500||344039||0.00075241
07:42||456637500||344039||0.00075241
07:43||456637500||344039||0.00075241
07:44||456637500||344039||0.00075241
07:45||457141000||344039||0.00075241
07:46||457142000||344039||0.00075241
07:47||457142000||344039||0.00075241
07:48||457142000||344039||0.00075241
07:49||457142000||344039||0.00075241
07:50||457125000||344039||0.00075241
07:51||458562500||346101||0.00075241
07:52||458678500||346101||0.00075241
07:53||458678500||346101||0.00075241
07:54||458807500||346101||0.00075241
07:55||459012000||346101||0.00075241
07:56||459182500||346101||0.00075241
07:57||459326000||346101||0.00075241
07:58||459467000||346101||0.00075241
07:59||459552500||346101||0.00075241
08:00||459641500||346101||0.00075241
08:01||459701000||346101||0.00075241
08:02||458614000||346101||0.00075241
08:03||458851000||346101||0.00075241
08:04||459049000||346101||0.00075241
08:05||459208500||344855||0.00075241
08:06||459358500||344855||0.00075241
08:07||459458500||346093||0.00075241
08:08||459482000||346093||0.00075241
08:09||459482000||346093||0.00075241
08:10||459482000||346093||0.00075241
08:11||459482000||346093||0.00075241
08:12||458771000||346093||0.00075241
08:13||458957500||346093||0.00075241
08:14||459001000||346093||0.00075241
08:15||459251000||346093||0.00075241
08:16||459251000||346093||0.00075241
08:17||459250000||346093||0.00075241
08:18||459250000||346093||0.00075241
08:19||459200000||346093||0.00075241
08:20||459200000||345657||0.00075241
08:21||459200000||345356||0.00075241
08:22||459200000||345356||0.00075241
08:23||459199500||345657||0.00075241
08:24||459199500||345657||0.00075241
08:25||459199500||345657||0.00075241
08:26||459199500||345657||0.00075241
08:27||459374500||345919||0.00075241
08:28||459382000||345919||0.00075241
08:29||459431000||345919||0.00075241
08:30||459431000||345919||0.00075241
08:31||459374500||345919||0.00075241
08:32||459350000||345919||0.00075241
08:33||459000500||345356||0.00075241
08:34||459375000||345920||0.00075241
08:35||459375000||345920||0.00075241
08:36||459375000||345920||0.00075241
08:37||459375000||345920||0.00075241
08:38||459375000||345920||0.00075241
08:39||459250000||346107||0.00075241
08:40||459502000||346107||0.00075241
08:41||459501000||346107||0.00075241
08:42||459501000||346107||0.00075241
08:43||459501000||346107||0.00075241
08:44||459452500||345359||0.00075241
08:45||459202000||344983||0.00075241
08:46||459199500||344979||0.00075241
08:47||459150000||344979||0.00075241
08:48||459149500||344979||0.00075241
08:49||459100000||344979||0.00075241
08:50||459100000||344979||0.00075241
08:51||459095000||344979||0.00075241
08:52||459095000||344979||0.00075241
08:53||458501000||344981||0.00075241
08:54||458501000||344981||0.00075241
08:55||458899000||344981||0.00075241
08:56||458899000||344981||0.00075241
08:57||458899000||344979||0.00075241
08:58||458599500||344603||0.00075241
08:59||458499000||344603||0.00075241
09:00||458500000||344603||0.00075241
09:01||458500000||344603||0.00075241
09:02||458500000||344603||0.00075241
09:03||458500000||344603||0.00075241
09:04||458498500||344603||0.00075241
09:05||458498500||344603||0.00075241
09:06||458498500||344603||0.00075241
09:07||458495000||344603||0.00075241
09:08||458199500||344979||0.00075241
09:09||457798500||344979||0.00075241
09:10||457799500||344001||0.00075241
09:11||457799000||344901||0.00075241
09:12||457750000||344901||0.00075241
09:13||457750000||344901||0.00075241
09:14||457202500||344901||0.00075241
09:15||457176500||344901||0.00075241
09:16||457177500||344004||0.00075241
09:17||457202500||344004||0.00075241
09:18||457202500||344004||0.00075241
09:19||457202500||344004||0.00075241
09:20||457202500||344003||0.00075241
09:21||457202500||344003||0.00075241
09:22||457202500||344003||0.00075241
09:23||457202500||344003||0.00075241
09:24||457202500||344003||0.00075241
09:25||458101000||345354||0.00075241
09:26||458101000||345354||0.00075241
09:27||458051500||345354||0.00075241
09:28||458205500||345354||0.00075241
09:29||458206500||345354||0.00075241
09:30||458206500||345354||0.00075241
09:31||458277000||345354||0.00075241
09:32||458167500||344442||0.00075241
09:33||458499500||344442||0.00075241
09:34||458499500||344442||0.00075241
09:35||458499500||344442||0.00075241
09:36||458251000||344442||0.00075241
09:37||458251000||344442||0.00075241
09:38||458250500||344979||0.00075241
09:39||458250500||344979||0.00075241
09:40||458305000||344654||0.00075241
09:41||458499500||344979||0.00075241
09:42||458499500||344979||0.00075241
09:43||458764500||344979||0.00075241
09:44||459380000||345356||0.00075241
09:45||459419000||345857||0.00075241
09:46||459467000||345856||0.00075241
09:47||459468000||345856||0.00075241
09:48||459468000||345856||0.00075241
09:49||458748500||345560||0.00075241
09:50||458843000||345560||0.00075241
09:51||457971000||344244||0.00075241
09:52||457970000||344244||0.00075241
09:53||457970000||344244||0.00075241
09:54||457523000||344245||0.00075241
09:55||457523000||344245||0.00075241
09:56||457523000||344245||0.00075241
09:57||457523000||344245||0.00075241
09:58||457523000||344245||0.00075241
09:59||457523000||344245||0.00075241
10:00||457523000||344245||0.00075241
10:01||457523000||344244||0.00075241
10:02||457751000||344229||0.00075241
10:03||457751000||344602||0.00075241
10:04||457751000||344602||0.00075241
10:05||457751000||344602||0.00075241
10:06||457799500||344602||0.00075241
10:07||457997500||344602||0.00075241
10:08||457997500||344602||0.00075241
10:09||457997500||344602||0.00075241
10:10||457997500||344602||0.00075241
10:11||457997500||344602||0.00075241
10:12||457997500||344602||0.00075241
10:13||457997500||344601||0.00075241
10:14||457997500||344601||0.00075241
10:15||457998500||344603||0.00075241
10:16||458253000||344979||0.00075241
10:17||458253000||344979||0.00075241
10:18||458253000||344979||0.00075241
10:19||458791000||344979||0.00075241
10:20||459124000||345856||0.00075241
10:21||459124000||345856||0.00075241
10:22||459124000||345856||0.00075241
10:23||458999500||345856||0.00075241
10:24||458999500||345856||0.00075241
10:25||458999500||345856||0.00075241
10:26||458999500||345356||0.00075241
10:27||458999500||345355||0.00075241
10:28||458999500||345355||0.00075241
10:29||458999500||345355||0.00075241
10:30||458999500||345355||0.00075241
10:31||458999500||345356||0.00075241
10:32||458999500||345356||0.00075241
10:33||458999500||345356||0.00075241
10:34||458999500||345356||0.00075241
10:35||458999500||345356||0.00075241
10:36||458999500||345356||0.00075241
10:37||458999500||345356||0.00075241
10:38||458999500||345356||0.00075241
10:39||458999500||345356||0.00075241
10:40||458999500||345356||0.00075241
10:41||458999500||345356||0.00075241
10:42||458999500||345356||0.00075241
10:43||458999500||345356||0.00075241
10:44||458999500||345356||0.00075241
10:45||458999500||345356||0.00075241
10:46||458999500||345356||0.00075241
10:47||458999500||345356||0.00075241
10:48||458999500||345356||0.00075241
10:49||458999500||345356||0.00075241
10:50||458999500||345356||0.00075241
10:51||458999500||345356||0.00075241
10:52||458999500||345356||0.00075241
10:53||458999500||345356||0.00075241
10:54||458999500||345356||0.00075241
10:55||457040000||342406||0.00075241
10:56||457040000||342406||0.00075241
10:57||457083000||342406||0.00075241
10:58||457083000||342471||0.00075241
10:59||457083000||342471||0.00075241
11:00||457081000||342471||0.00075241
11:01||457528000||343144||0.00075241
11:02||457773000||345353||0.00075241
11:03||457773000||345353||0.00075241
11:04||457750000||343851||0.00075241
11:05||457749500||343851||0.00075241
11:06||457029500||342722||0.00075241
11:07||456784500||342399||0.00075241
11:08||456782500||342399||0.00075241
11:09||456782500||342399||0.00075241
11:10||456782500||342399||0.00075241
11:11||456782500||342399||0.00075241
11:12||456782500||342399||0.00075241
11:13||456782500||342399||0.00075241
11:14||456782500||342399||0.00075241
11:15||456782500||342399||0.00075241
11:16||456782500||342399||0.00075241
11:17||456784500||344979||0.00075241
11:18||456784500||342399||0.00075241
11:19||457519500||342399||0.00075241
11:20||457749500||344979||0.00075241
11:21||457749500||344979||0.00075241
11:22||457749500||344979||0.00075241
11:23||457749500||344979||0.00075241
11:24||457754500||344979||0.00075241
11:25||457754500||344979||0.00075241
11:26||457754500||344979||0.00075241
11:27||457754500||344979||0.00075241
11:28||457754500||344979||0.00075241
11:29||457625000||343851||0.00075241
11:30||457625000||343851||0.00075241
11:31||457625000||343851||0.00075241
11:32||457762000||344979||0.00075241
11:33||457762000||344979||0.00075241
11:34||457762000||343870||0.00075241
11:35||457762000||344979||0.00075241
11:36||457762000||344979||0.00075241
11:37||457762000||344979||0.00075241
11:38||457892500||344979||0.00075241
11:39||458445000||344979||0.00075241
11:40||458390500||344979||0.00075241
11:41||458445000||344979||0.00075241
11:42||458445000||344979||0.00075241
11:43||458445000||344979||0.00075241
11:44||458445000||344979||0.00075241
11:45||458445000||344979||0.00075241
11:46||458569500||345167||0.00075241
11:47||458130000||345167||0.00075241
11:48||458129000||345167||0.00075241
11:49||457999500||344602||0.00075241
11:50||457755500||344235||0.00075241
11:51||457760500||344235||0.00075241
11:52||457769000||344235||0.00075241
11:53||458679500||344979||0.00075241
11:54||458679500||345168||0.00075241
11:55||458859500||345280||0.00075241
11:56||458909500||345356||0.00075241
11:57||458909500||345356||0.00075241
11:58||458909500||345356||0.00075241
11:59||458999500||345355||0.00075241
12:00||458999500||345355||0.00075241
12:01||459299500||345807||0.00075241
12:02||459300000||345807||0.00075241
12:03||459300000||345356||0.00075241
12:04||459300000||345356||0.00075241
12:05||459300000||345807||0.00075241
12:06||459500500||345357||0.00075241
12:07||459502000||345357||0.00075241
12:08||459501500||345357||0.00075241
12:09||459501500||345357||0.00075241
12:10||459501500||345357||0.00075241
12:11||459497500||345358||0.00075241
12:12||459497500||345367||0.00075241
12:13||459495000||345367||0.00075241
12:14||459412500||346064||0.00075241
12:15||459802500||346064||0.00075241
12:16||459802500||346064||0.00075241
12:17||459802500||346064||0.00075241
12:18||459290500||345733||0.00075241
12:19||459676000||345733||0.00075241
12:20||459712000||345733||0.00075241
12:21||459737000||345733||0.00075241
12:22||459749500||345733||0.00075241
12:23||459749500||345733||0.00075241
12:24||459749500||345733||0.00075241
12:25||459799500||345919||0.00075241
12:26||459949500||346070||0.00075241
12:27||460279500||346108||0.00075241
12:28||460321500||346108||0.00075241
12:29||460355000||346453||0.00075241
12:30||460403000||346453||0.00075241
12:31||460403000||346453||0.00075241
12:32||460403000||346453||0.00075241
12:33||460402000||346453||0.00075241
12:34||460402000||346453||0.00075241
12:35||460402000||346453||0.00075241
12:36||460402000||346453||0.00075241
12:37||460401000||346452||0.00075241
12:38||460345500||346452||0.00075241
12:39||460345500||346368||0.00075241
12:40||460345500||346368||0.00075241
12:41||460345500||346368||0.00075241
12:42||460345500||346368||0.00075241
12:43||459935500||345751||0.00075241
12:44||459980500||345751||0.00075241
12:45||460031500||346334||0.00075241
12:46||460078500||345949||0.00075241
12:47||460100500||345949||0.00075241
12:48||460100500||345949||0.00075241
12:49||460099500||345949||0.00075241
12:50||460099500||346107||0.00075241
12:51||460099500||346107||0.00075241
12:52||460099500||346107||0.00075241
12:53||460099500||346257||0.00075241
12:54||460099500||346109||0.00075241
12:55||460099000||346257||0.00075241
12:56||460097000||346257||0.00075241
12:57||460098500||346257||0.00075241
12:58||460075500||346255||0.00075241
12:59||460075000||346220||0.00075241
13:00||460075000||346220||0.00075241
13:01||460078000||346219||0.00075241
13:02||460083000||346119||0.00075241
13:03||460089500||346220||0.00075241
13:04||460097500||346255||0.00075241
13:05||460098500||346254||0.00075241
13:06||459652500||345367||0.00075241
13:07||460106500||345367||0.00075241
13:08||460106500||346253||0.00075241
13:09||460191500||346253||0.00075241
13:10||460191500||346252||0.00075241
13:11||460191500||346253||0.00075241
13:12||460191500||346253||0.00075241
13:13||460191500||346253||0.00075241
13:14||460191500||346253||0.00075241
13:15||460270500||346368||0.00075241
13:16||460270500||346255||0.00075241
13:17||460270000||346255||0.00075241
13:18||460270000||346255||0.00075241
13:19||460270000||346368||0.00075241
13:20||460195500||346368||0.00075241
13:21||460195500||346256||0.00075241
13:22||460195500||346256||0.00075241
13:23||460195500||346256||0.00075241
13:24||460195500||346255||0.00075241
13:25||460195500||346256||0.00075241
13:26||459659000||346256||0.00075241
13:27||459881500||346251||0.00075241
13:28||459939000||345829||0.00075241
13:29||459979000||346236||0.00075241
13:30||460003000||346236||0.00075241
13:31||460010500||346183||0.00075241
13:32||460097500||346054||0.00075241
13:33||460281000||346256||0.00075241
13:34||460341500||346256||0.00075241
13:35||460344500||346368||0.00075241
13:36||460344500||346367||0.00075241
13:37||460122500||346368||0.00075241
13:38||460122500||346368||0.00075241
13:39||460122500||346366||0.00075241
13:40||460122500||346365||0.00075241
13:41||460138500||346365||0.00075241
13:42||460181000||346366||0.00075241
13:43||460236500||346366||0.00075241
13:44||460341500||346365||0.00075241
13:45||460341500||346365||0.00075241
13:46||460341500||346365||0.00075241
13:47||460341500||346365||0.00075241
13:48||460341500||346365||0.00075241
13:49||460341500||346365||0.00075241
13:50||460341500||346365||0.00075241
13:51||460341500||346365||0.00075241
13:52||460341500||346365||0.00075241
13:53||460341500||346365||0.00075241
13:54||460341500||346365||0.00075241
13:55||460341500||346365||0.00075241
13:56||460414500||346454||0.00075241
13:57||460582500||346484||0.00075241
13:58||460582500||346484||0.00075241
13:59||460582500||346484||0.00075241
14:00||460799000||346547||0.00075241
14:01||461120000||347237||0.00075241
14:02||461191000||346715||0.00075241
14:03||461256000||347236||0.00075241
14:04||461180000||347236||0.00075241
14:05||461498500||347236||0.00075241
14:06||461498500||347236||0.00075241
14:07||461498500||347236||0.00075241
14:08||461498500||347236||0.00075241
14:09||461498500||347236||0.00075241
14:10||461498500||347236||0.00075241
14:11||461498500||347236||0.00075241
14:12||461498500||347236||0.00075241
14:13||461498500||347236||0.00075241
14:14||461498500||347236||0.00075241
14:15||461498500||347236||0.00075241
14:16||460731000||347235||0.00075241
14:17||459958500||346108||0.00075241
14:18||460618000||347131||0.00075241
14:19||459952500||347110||0.00075241
14:20||459952500||347110||0.00075241
14:21||459952500||346037||0.00075241
14:22||459570500||346107||0.00075241
14:23||459642000||346107||0.00075241
14:24||459444000||346107||0.00075241
14:25||459999000||346484||0.00075241
14:26||460098500||346484||0.00075241
14:27||460452500||346861||0.00075241
14:28||460541000||346861||0.00075241
14:29||460216500||346845||0.00075241
14:30||460216500||346845||0.00075241
14:31||460216500||346845||0.00075241
14:32||460215500||346246||0.00075241
14:33||460215500||346295||0.00075241
14:34||460220500||346296||0.00075241
14:35||460220500||346296||0.00075241
14:36||460345500||346484||0.00075241
14:37||460345500||346484||0.00075241
14:38||460470500||346672||0.00075241
14:39||460823000||347203||0.00075241
14:40||460815500||347184||0.00075241
14:41||460788500||347184||0.00075241
14:42||460813500||347184||0.00075241
14:43||460891000||347034||0.00075241
14:44||460550500||346522||0.00075241
14:45||460550500||346522||0.00075241
14:46||460650000||346672||0.00075241
14:47||460650000||346672||0.00075241
14:48||460779500||346861||0.00075241
14:49||460755500||346861||0.00075241
14:50||460755500||346823||0.00075241
14:51||460919500||347049||0.00075241
14:52||460919500||347049||0.00075241
14:53||460947000||347039||0.00075241
14:54||460948500||347039||0.00075241
14:55||460948500||347039||0.00075241
14:56||460948500||347039||0.00075241
14:57||460950000||347039||0.00075241
14:58||460819500||346605||0.00075241
14:59||460804500||346605||0.00075241
15:00||460776500||346614||0.00075241
15:01||460749500||346614||0.00075241
15:02||460726500||346614||0.00075241
15:03||460707000||346614||0.00075241
15:04||460672500||346662||0.00075241
15:05||460672500||346614||0.00075241
15:06||460672500||346614||0.00075241
15:07||460670500||346612||0.00075241
15:08||460670500||346612||0.00075241
15:09||460119000||346296||0.00075241
15:10||459558500||345777||0.00075241
15:11||459558500||345777||0.00075241
15:12||459532000||345776||0.00075241
15:13||459505500||345736||0.00075241
15:14||458797000||345736||0.00075241
15:15||458659000||344696||0.00075241
15:16||458553500||344696||0.00075241
15:17||458499500||345451||0.00075241
15:18||458627500||345451||0.00075241
15:19||458628500||344700||0.00075241
15:20||458840000||345770||0.00075241
15:21||459365000||346597||0.00075241
15:22||459291500||346597||0.00075241
15:23||458971500||344902||0.00075241
15:24||459054000||344902||0.00075241
15:25||459132000||345714||0.00075241
15:26||458945000||345714||0.00075241
15:27||458999500||345355||0.00075241
15:28||458999500||345356||0.00075241
15:29||459597000||346597||0.00075241
15:30||459400000||346597||0.00075241
15:31||459319500||345728||0.00075241
15:32||459319500||345728||0.00075241
15:33||459409500||345732||0.00075241
15:34||459749500||345920||0.00075241
15:35||459749500||345920||0.00075241
15:36||459749500||345919||0.00075241
15:37||459749500||345919||0.00075241
15:38||459749500||345919||0.00075241
15:39||459894000||346107||0.00075241
15:40||461239500||347049||0.00075241
15:41||463527000||348742||0.00075241
15:42||463597000||349118||0.00075241
15:43||463597000||349118||0.00075241
15:44||463596500||349118||0.00075241
15:45||463600500||349117||0.00075241
15:46||464243500||349118||0.00075241
15:47||463844500||348519||0.00075241
15:48||463842500||348519||0.00075241
15:49||463844500||348519||0.00075241
15:50||463801000||348519||0.00075241
15:51||463601000||348519||0.00075241
15:52||463601000||348519||0.00075241
15:53||463503500||349116||0.00075241
15:54||463501000||348966||0.00075241
15:55||463501500||348966||0.00075241
15:56||463501500||348966||0.00075241
15:57||463352500||348892||0.00075241
15:58||462603000||348519||0.00075241
15:59||462499500||348520||0.00075241
16:00||462252000||347240||0.00075241
16:01||462252000||347240||0.00075241
16:02||461752000||348364||0.00075241
16:03||461752500||347611||0.00075241
16:04||461751000||347611||0.00075241
16:05||461751500||347242||0.00075241
16:06||461507500||347242||0.00075241
16:07||461507500||347243||0.00075241
16:08||461507500||347242||0.00075241
16:09||461507500||347242||0.00075241
16:10||461507500||347243||0.00075241
16:11||461750000||347243||0.00075241
16:12||461751000||347243||0.00075241
16:13||461752500||347609||0.00075241
16:14||461775500||347608||0.00075241
16:15||462277000||347608||0.00075241
16:16||462228500||347608||0.00075241
16:17||462128500||348140||0.00075241
16:18||462128500||348140||0.00075241
16:19||462701000||348140||0.00075241
16:20||462626000||348177||0.00075241
16:21||462626000||348177||0.00075241
16:22||462655500||348215||0.00075241
16:23||462655500||348215||0.00075241
16:24||462655500||348215||0.00075241
16:25||462655500||348215||0.00075241
16:26||462655500||348215||0.00075241
16:27||462655500||348215||0.00075241
16:28||462655500||348215||0.00075241
16:29||462655500||348215||0.00075241
16:30||462655500||348215||0.00075241
16:31||462655500||348215||0.00075241
16:32||462625000||347989||0.00075241
16:33||462774000||348214||0.00075241
16:34||462749500||348214||0.00075241
16:35||462749500||348214||0.00075241
16:36||462749500||348177||0.00075241
16:37||462749500||348177||0.00075241
16:38||462749500||348177||0.00075241
16:39||462749500||348177||0.00075241
16:40||462749500||348177||0.00075241
16:41||462749500||348177||0.00075241
16:42||462749500||348177||0.00075241
16:43||462749500||348177||0.00075241
16:44||462749500||348177||0.00075241
16:45||462749500||348177||0.00075241
16:46||462749500||348177||0.00075241
16:47||462623000||348173||0.00075241
16:48||462502500||347989||0.00075241
16:49||462240000||347990||0.00075241
16:50||462186500||347901||0.00075241
16:51||462250000||347989||0.00075241
16:52||462250000||347989||0.00075241
16:53||462250000||347989||0.00075241
16:54||462250000||347989||0.00075241
16:55||462499000||347989||0.00075241
16:56||462223000||347614||0.00075241
16:57||462178000||347614||0.00075241
16:58||462003500||347614||0.00075241
16:59||462003500||347614||0.00075241
17:00||462003500||347614||0.00075241
17:01||462003500||347614||0.00075241
17:02||462003500||347614||0.00075241
17:03||462003500||347614||0.00075241
17:04||462003500||347616||0.00075241
17:05||462003500||347616||0.00075241
17:06||461856500||347613||0.00075241
17:07||461619500||347237||0.00075241
17:08||460672000||346756||0.00075241
17:09||460187500||346485||0.00075241
17:10||460001500||346109||0.00075241
17:11||460001500||346109||0.00075241
17:12||460001500||346109||0.00075241
17:13||459240500||345732||0.00075241
17:14||458011000||344696||0.00075241
17:15||457791000||344620||0.00075241
17:16||457785500||344620||0.00075241
17:17||457560500||344620||0.00075241
17:18||457560500||344273||0.00075241
17:19||457779500||344603||0.00075241
17:20||457783000||344603||0.00075241
17:21||458703500||344603||0.00075241
17:22||458311500||344603||0.00075241
17:23||458311500||344603||0.00075241
17:24||457872500||344415||0.00075241
17:25||457750500||344416||0.00075241
17:26||457750500||344416||0.00075241
17:27||457750500||344416||0.00075241
17:28||457750500||344416||0.00075241
17:29||457750500||344416||0.00075241
17:30||457750500||344416||0.00075241
17:31||457750500||344416||0.00075241
17:32||457874500||344603||0.00075241
17:33||457874500||344603||0.00075241
17:34||457876000||344603||0.00075241
17:35||457876000||344603||0.00075241
17:36||457876000||344603||0.00075241
17:37||458250000||344979||0.00075241
17:38||458250000||344603||0.00075241
17:39||458250000||344603||0.00075241
17:40||458250000||344979||0.00075241
17:41||458251500||344979||0.00075241
17:42||458246500||344979||0.00075241
17:43||458246500||344979||0.00075241
17:44||458246500||344979||0.00075241
17:45||458126500||344979||0.00075241
17:46||458017500||344615||0.00075241
17:47||458017500||344615||0.00075241
17:48||458017500||344615||0.00075241
17:49||458017500||344791||0.00075241
17:50||458133500||344791||0.00075241
17:51||458133000||344791||0.00075241
17:52||458133500||344791||0.00075241
17:53||458132500||344791||0.00075241
17:54||458132500||344791||0.00075241
17:55||458132500||344617||0.00075241
17:56||458131000||344617||0.00075241
17:57||458131000||344617||0.00075241
17:58||458131000||344787||0.00075241
17:59||458128500||344617||0.00075241
18:00||458018500||344617||0.00075241
18:01||457750500||344584||0.00075241
18:02||458408000||344791||0.00075241
18:03||458124000||344791||0.00075241
18:04||458149500||344454||0.00075241
18:05||458254500||344454||0.00075241
18:06||458254500||344454||0.00075241
18:07||458254500||344454||0.00075241
18:08||458254500||344454||0.00075241
18:09||458255500||344979||0.00075241
18:10||458255500||344979||0.00075241
18:11||458255500||344979||0.00075241
18:12||458258000||344979||0.00075241
18:13||458498500||344979||0.00075241
18:14||458498500||344979||0.00075241
18:15||458498500||344979||0.00075241
18:16||458498500||344979||0.00075241
18:17||458498500||344978||0.00075241
18:18||458498500||344978||0.00075241
18:19||458498500||344978||0.00075241
18:20||458498500||344979||0.00075241
18:21||458498500||344979||0.00075241
18:22||458498500||344979||0.00075241
18:23||458498500||344979||0.00075241
18:24||458498500||344979||0.00075241
18:25||458498500||344979||0.00075241
18:26||458498500||344979||0.00075241
18:27||458498500||344979||0.00075241
18:28||458498500||344979||0.00075241
18:29||458498500||344979||0.00075241
18:30||458498500||344979||0.00075241
18:31||458498500||344979||0.00075241
18:32||458498500||344979||0.00075241
18:33||458498500||344979||0.00075241
18:34||458498500||344979||0.00075241
18:35||458498500||344979||0.00075241
18:36||458498500||344979||0.00075241
18:37||458498500||344979||0.00075241
18:38||458498500||344979||0.00075241
18:39||458498500||344979||0.00075241
18:40||458498500||344979||0.00075241
18:41||458498500||344979||0.00075241
18:42||458498500||344979||0.00075241
18:43||458499000||344979||0.00075241
18:44||458499000||344979||0.00075241
18:45||458499000||344979||0.00075241
18:46||458499000||344979||0.00075241
18:47||458748000||345354||0.00075241
18:48||458749500||345354||0.00075241
18:49||458748500||344979||0.00075241
18:50||458748500||345353||0.00075241
18:51||458750000||345353||0.00075241
18:52||458748500||344978||0.00075241
18:53||458748500||345355||0.00075241
18:54||458748500||345353||0.00075241
18:55||458500500||345353||0.00075241
18:56||458753000||344980||0.00075241
18:57||458789000||344980||0.00075241
18:58||458652500||345094||0.00075241
18:59||458652500||345094||0.00075241
19:00||458652500||345094||0.00075241
19:01||458650500||345094||0.00075241
19:02||458650500||345093||0.00075241
19:03||458650500||345093||0.00075241
19:04||458650500||345093||0.00075241
19:05||458650500||345093||0.00075241
19:06||458650500||345093||0.00075241
19:07||458575500||344979||0.00075241
19:08||458575500||344979||0.00075241
19:09||458575500||345093||0.00075241
19:10||458575500||345093||0.00075241
19:11||458576500||345095||0.00075241
19:12||458576500||345095||0.00075241
19:13||458576500||345095||0.00075241
19:14||458652500||345095||0.00075241
19:15||458652500||345095||0.00075241
19:16||458652500||345095||0.00075241
19:17||458652500||345095||0.00075241
19:18||458825500||345355||0.00075241
19:19||458826000||345356||0.00075241
19:20||458855000||345356||0.00075241
19:21||459151500||345731||0.00075241
19:22||459217500||345731||0.00075241
19:23||459273000||345731||0.00075241
19:24||459332000||345731||0.00075241
19:25||459368500||345731||0.00075241
19:26||459784000||346107||0.00075241
19:27||459998500||346107||0.00075241
19:28||459998500||346107||0.00075241
19:29||459998500||346107||0.00075241
19:30||459998500||346107||0.00075241
19:31||459998500||346107||0.00075241
19:32||459998500||346107||0.00075241
19:33||460282500||346484||0.00075241
19:34||460335500||346484||0.00075241
19:35||460367500||346484||0.00075241
19:36||460397500||346484||0.00075241
19:37||460425000||346484||0.00075241
19:38||460442500||346484||0.00075241
19:39||460844000||346860||0.00075241
19:40||460998500||346860||0.00075241
19:41||460998500||346859||0.00075241
19:42||460498500||346859||0.00075241
19:43||460344000||346859||0.00075241
19:44||460246000||346477||0.00075241
19:45||460000500||346110||0.00075241
19:46||460001000||346108||0.00075241
19:47||460001000||346108||0.00075241
19:48||460249000||346484||0.00075241
19:49||460249500||346107||0.00075241
19:50||460250500||346107||0.00075241
19:51||460250500||346107||0.00075241
19:52||460250000||346107||0.00075241
19:53||460250500||346484||0.00075241
19:54||460250500||346484||0.00075241
19:55||460350500||346484||0.00075241
19:56||460350500||346635||0.00075241
19:57||460350500||346635||0.00075241
19:58||460395000||346635||0.00075241
19:59||460454000||346635||0.00075241
20:00||460445500||346327||0.00075241
20:01||460360000||346560||0.00075241
20:02||460310000||346484||0.00075241
20:03||460120500||346484||0.00075241
20:04||460120500||346199||0.00075241
20:05||460120500||346198||0.00075241
20:06||460354000||346247||0.00075241
20:07||460386500||346247||0.00075241
20:08||460410500||346247||0.00075241
20:09||460436000||346484||0.00075241
20:10||460681000||346447||0.00075241
20:11||460721000||346447||0.00075241
20:12||460759000||346785||0.00075241
20:13||460790500||346600||0.00075241
20:14||460860500||346600||0.00075241
20:15||460888000||346600||0.00075241
20:16||460915500||346859||0.00075241
20:17||460923000||346684||0.00075241
20:18||460882500||346859||0.00075241
20:19||460767500||346859||0.00075241
20:20||459664500||346109||0.00075241
20:21||459691500||346109||0.00075241
20:22||460517500||346859||0.00075241
20:23||460517500||346859||0.00075241
20:24||460509000||346859||0.00075241
20:25||460509000||346839||0.00075241
20:26||460509000||346839||0.00075241
20:27||460509000||346839||0.00075241
20:28||459608000||346098||0.00075241
20:29||459547000||346034||0.00075241
20:30||459477500||345912||0.00075241
20:31||459431500||345824||0.00075241
20:32||459389000||345777||0.00075241
20:33||459250500||345545||0.00075241
20:34||459250500||345545||0.00075241
20:35||459250500||345545||0.00075241
20:36||459250500||345545||0.00075241
20:37||459250500||345545||0.00075241
20:38||459250500||345545||0.00075241
20:39||459250500||345545||0.00075241
20:40||459250500||345545||0.00075241
20:41||459250500||345545||0.00075241
20:42||459472000||345544||0.00075241
20:43||459471000||345544||0.00075241
20:44||459473500||345544||0.00075241
20:45||460475000||347387||0.00075241
20:46||461200000||347538||0.00075241
20:47||461201000||347538||0.00075241
20:48||461249500||347611||0.00075241
20:49||461127500||346488||0.00075241
20:50||461126500||346488||0.00075241
20:51||461126500||346488||0.00075241
20:52||461101500||347387||0.00075241
20:53||461225000||347387||0.00075241
20:54||461301000||347387||0.00075241
20:55||461305500||347387||0.00075241
20:56||461305500||347387||0.00075241
20:57||461354000||347387||0.00075241
20:58||461354000||347387||0.00075241
20:59||461354000||347387||0.00075241
21:00||461354000||347387||0.00075241
21:01||461354000||347387||0.00075241
21:02||461355500||347386||0.00075241
21:03||461257000||347386||0.00075241
21:04||461257000||347386||0.00075241
21:05||461257000||347386||0.00075241
21:06||461260500||347386||0.00075241
21:07||461260500||347237||0.00075241
21:08||461398500||347385||0.00075241
21:09||461449500||347385||0.00075241
21:10||461449500||347385||0.00075241
21:11||461453000||347385||0.00075241
21:12||461454000||347385||0.00075241
21:13||461454000||347385||0.00075241
21:14||461453000||347018||0.00075241
21:15||461459000||347385||0.00075241
21:16||461359500||347385||0.00075241
21:17||461360500||347237||0.00075241
21:18||461360500||347237||0.00075241
21:19||461360500||347237||0.00075241
21:20||461360000||347237||0.00075241
21:21||461360500||347237||0.00075241
21:22||461362000||347237||0.00075241
21:23||461361500||347237||0.00075241
21:24||461361500||347237||0.00075241
21:25||461362000||347028||0.00075241
21:26||461363500||347237||0.00075241
21:27||461364000||347236||0.00075241
21:28||461365500||347236||0.00075241
21:29||461365500||347236||0.00075241
21:30||461365500||347236||0.00075241
21:31||461498500||347236||0.00075241
21:32||461498500||347236||0.00075241
21:33||461498500||347236||0.00075241
21:34||461498500||347236||0.00075241
21:35||461498500||347236||0.00075241
21:36||461498500||347236||0.00075241
21:37||461498500||347236||0.00075241
21:38||461498500||347236||0.00075241
21:39||461498500||347236||0.00075241
21:40||461498500||347236||0.00075241
21:41||461498500||347236||0.00075241
21:42||461498500||347236||0.00075241
21:43||461498500||347236||0.00075241
21:44||461498500||347236||0.00075241
21:45||461498500||347236||0.00075241
21:46||461498500||347236||0.00075241
21:47||461498500||347235||0.00075241
21:48||461499000||347237||0.00075241
21:49||461499000||347237||0.00075241
21:50||453310500||347237||0.00075241
21:51||460749000||347237||0.00075241
21:52||457499000||346107||0.00075241
21:53||459749000||346108||0.00075241
21:54||459750000||346108||0.00075241
21:55||459997500||346108||0.00075241
21:56||459997500||346108||0.00075241
21:57||459997500||346106||0.00075241
21:58||459997500||346107||0.00075241
21:59||458999000||345356||0.00075241
22:00||459374000||345356||0.00075241
22:01||459374000||345356||0.00075241
22:02||459374000||345356||0.00075241
22:03||459374000||345356||0.00075241
22:04||459374000||345920||0.00075241
22:05||459375000||345920||0.00075241
22:06||459375000||345920||0.00075241
22:07||459375000||345920||0.00075241
22:08||459375000||345920||0.00075241
22:09||459251000||345920||0.00075241
22:10||459374000||345920||0.00075241
22:11||459375000||345732||0.00075241
22:12||459375000||345732||0.00075241
22:13||459375000||345732||0.00075241
22:14||459375000||345545||0.00075241
22:15||459375000||345545||0.00075241
22:16||459376500||345545||0.00075241
22:17||459377500||345545||0.00075241
22:18||459625500||346107||0.00075241
22:19||459625500||346107||0.00075241
22:20||459625500||346107||0.00075241
22:21||459625500||346107||0.00075241
22:22||459376000||346107||0.00075241
22:23||459376000||345730||0.00075241
22:24||459376000||345547||0.00075241
22:25||459376000||345547||0.00075241
22:26||459376000||345547||0.00075241
22:27||459376000||345730||0.00075241
22:28||459376000||345730||0.00075241
22:29||459377000||345730||0.00075241
22:30||459376000||345730||0.00075241
22:31||459376000||345730||0.00075241
22:32||459374500||345730||0.00075241
22:33||459374500||345730||0.00075241
22:34||459374500||345730||0.00075241
22:35||459374500||345730||0.00075241
22:36||459254500||345548||0.00075241
22:37||459254500||345548||0.00075241
22:38||459254500||345548||0.00075241
22:39||459254500||345548||0.00075241
22:40||459254500||345548||0.00075241
22:41||459254500||345548||0.00075241
22:42||459254500||345548||0.00075241
22:43||459254500||345548||0.00075241
22:44||459254500||345548||0.00075241
22:45||459254500||345548||0.00075241
22:46||459254500||345548||0.00075241
22:47||459250500||345547||0.00075241
22:48||459250500||345545||0.00075241
22:49||459250500||345544||0.00075241
22:50||459250500||345545||0.00075241
22:51||459250500||345545||0.00075241
22:52||459250500||345545||0.00075241
22:53||459250500||345545||0.00075241
22:54||459250500||345544||0.00075241
22:55||459250500||345544||0.00075241
22:56||459250500||345545||0.00075241
22:57||459250500||345545||0.00075241
22:58||459250500||345545||0.00075241
22:59||459250500||345545||0.00075241
23:00||459250500||345545||0.00075241
23:01||459250500||345544||0.00075241
23:02||459250500||345544||0.00075241
23:03||459250500||345545||0.00075241
23:04||459250500||345544||0.00075241
23:05||459250500||345545||0.00075241
23:06||459250500||345545||0.00075241
23:07||459250500||345545||0.00075241
23:08||459250500||345545||0.00075241
23:09||459374000||345730||0.00075241
23:10||459497500||345730||0.00075241
23:11||459497500||345730||0.00075241
23:12||459497500||345730||0.00075241
23:13||459497500||345730||0.00075241
23:14||459497500||345730||0.00075241
23:15||459497500||345730||0.00075241
23:16||459623500||345919||0.00075241
23:17||459599500||345694||0.00075241
23:18||459599000||345694||0.00075241
23:19||459599000||345694||0.00075241
23:20||459599500||345919||0.00075241
23:21||459600000||345919||0.00075241
23:22||459600000||345919||0.00075241
23:23||459600000||345919||0.00075241
23:24||459748500||345919||0.00075241
23:25||459748500||345919||0.00075241
23:26||459748500||345919||0.00075241
23:27||459748500||345919||0.00075241
23:28||459748500||345919||0.00075241
23:29||459748500||345919||0.00075241
23:30||459748500||345919||0.00075241
23:31||459748500||345919||0.00075241
23:32||459748500||345919||0.00075241
23:33||459873000||346107||0.00075241
23:34||459873500||346107||0.00075241
23:35||459874500||346108||0.00075241
23:36||459874500||346108||0.00075241
23:37||459874500||346108||0.00075241
23:38||460374000||346860||0.00075241
23:39||460374000||346860||0.00075241
23:40||460374000||346860||0.00075241
23:41||460374000||346860||0.00075241
23:42||460374000||346860||0.00075241
23:43||460374000||346860||0.00075241
23:44||460373500||346860||0.00075241
23:45||460373500||346860||0.00075241
23:46||459874500||345919||0.00075241
23:47||459874500||346108||0.00075241
23:48||459874000||346108||0.00075241
23:49||459874000||346107||0.00075241
23:50||459873000||346107||0.00075241
23:51||459873000||346107||0.00075241
23:52||459873000||346107||0.00075241
23:53||459873000||346107||0.00075241
23:54||459868500||346107||0.00075241
23:55||459868500||346107||0.00075241
23:56||459868500||346107||0.00075241
23:57||459868500||346107||0.00075241
23:58||459868500||346107||0.00075241
23:59||459875000||346107||0.00075241
