00:00||804997000||604185||0.00075241
00:01||804997000||604185||0.00075241
00:02||804997500||604185||0.00075241
00:03||804997500||607190||0.00075241
00:04||804998500||607190||0.00075241
00:05||805499000||607190||0.00075241
00:06||805504500||607190||0.00075241
00:07||805997000||607190||0.00075241
00:08||806247500||607190||0.00075241
00:09||805997500||607190||0.00075241
00:10||806497000||607190||0.00075241
00:11||806497000||607190||0.00075241
00:12||806498500||606442||0.00075241
00:13||806748500||606442||0.00075241
00:14||806748500||606442||0.00075241
00:15||806748500||606442||0.00075241
00:16||806748000||606442||0.00075241
00:17||806748000||606442||0.00075241
00:18||806748000||606442||0.00075241
00:19||806748000||606442||0.00075241
00:20||806995500||606819||0.00075241
00:21||806748000||607191||0.00075241
00:22||806748000||607191||0.00075241
00:23||806747500||606819||0.00075241
00:24||806747000||607190||0.00075241
00:25||806993500||606818||0.00075241
00:26||806993500||606818||0.00075241
00:27||806993500||606818||0.00075241
00:28||806496500||606443||0.00075241
00:29||806449500||606443||0.00075241
00:30||806299500||606443||0.00075241
00:31||806298000||606443||0.00075241
00:32||806298000||606443||0.00075241
00:33||806001500||606443||0.00075241
00:34||806001500||606443||0.00075241
00:35||806001500||606443||0.00075241
00:36||806299500||606443||0.00075241
00:37||806294500||606443||0.00075241
00:38||806316000||606443||0.00075241
00:39||806314500||606443||0.00075241
00:40||806313000||606443||0.00075241
00:41||806313000||606443||0.00075241
00:42||806324000||606443||0.00075241
00:43||806324000||606443||0.00075241
00:44||806324000||606443||0.00075241
00:45||806074000||606443||0.00075241
00:46||806050500||606443||0.00075241
00:47||806050500||606443||0.00075241
00:48||806050500||606443||0.00075241
00:49||805500000||606442||0.00075241
00:50||805500500||605690||0.00075241
00:51||805500500||605690||0.00075241
00:52||805500500||605690||0.00075241
00:53||805501500||605690||0.00075241
00:54||805501500||605690||0.00075241
00:55||805501500||605690||0.00075241
00:56||805501500||605690||0.00075241
00:57||805501500||605690||0.00075241
00:58||805501500||605690||0.00075241
00:59||805501500||605690||0.00075241
01:00||805500500||605692||0.00075241
01:01||805500500||605690||0.00075241
01:02||805500500||605692||0.00075241
01:03||805500500||605692||0.00075241
01:04||805502500||605692||0.00075241
01:05||805501000||605692||0.00075241
01:06||805503000||605692||0.00075241
01:07||805503000||605692||0.00075241
01:08||805503000||605692||0.00075241
01:09||805503000||605698||0.00075241
01:10||805503000||605698||0.00075241
01:11||805503000||605698||0.00075241
01:12||805503000||605698||0.00075241
01:13||805503500||605698||0.00075241
01:14||805504500||605698||0.00075241
01:15||805504500||605698||0.00075241
01:16||805504500||605698||0.00075241
01:17||805504500||605698||0.00075241
01:18||805504500||605698||0.00075241
01:19||805504500||605698||0.00075241
01:20||805503000||605698||0.00075241
01:21||805504000||605698||0.00075241
01:22||805504000||605698||0.00075241
01:23||805504000||605698||0.00075241
01:24||805504000||605698||0.00075241
01:25||805505500||605702||0.00075241
01:26||805505500||605702||0.00075241
01:27||805505500||605702||0.00075241
01:28||805508000||605702||0.00075241
01:29||805509500||605702||0.00075241
01:30||805512000||605702||0.00075241
01:31||805513000||605702||0.00075241
01:32||805513000||605711||0.00075241
01:33||805513000||605711||0.00075241
01:34||805509500||605711||0.00075241
01:35||805509500||605711||0.00075241
01:36||805509500||605711||0.00075241
01:37||805511000||605711||0.00075241
01:38||805544000||605711||0.00075241
01:39||805544000||605765||0.00075241
01:40||805544000||605765||0.00075241
01:41||805544000||605765||0.00075241
01:42||805544000||605765||0.00075241
01:43||805544000||605765||0.00075241
01:44||805544000||605765||0.00075241
01:45||805544500||605765||0.00075241
01:46||805544500||605765||0.00075241
01:47||805544500||605765||0.00075241
01:48||805544500||605765||0.00075241
01:49||805544500||605765||0.00075241
01:50||805544500||605765||0.00075241
01:51||805544500||605765||0.00075241
01:52||805543000||605765||0.00075241
01:53||805541500||605765||0.00075241
01:54||805541000||605765||0.00075241
01:55||807880500||607856||0.00075241
01:56||807880500||607856||0.00075241
01:57||807880500||607856||0.00075241
01:58||807880500||607856||0.00075241
01:59||807880500||607856||0.00075241
02:00||807880500||607856||0.00075241
02:01||807880500||607856||0.00075241
02:02||807880500||607856||0.00075241
02:03||807880500||607856||0.00075241
02:04||808170500||609361||0.00075241
02:05||807880500||607856||0.00075241
02:06||806387000||607856||0.00075241
02:07||807354000||605773||0.00075241
02:08||807215000||605765||0.00075241
02:09||807089000||605765||0.00075241
02:10||809040500||605765||0.00075241
02:11||809040500||605765||0.00075241
02:12||809040500||605765||0.00075241
02:13||809040500||605765||0.00075241
02:14||807069000||608729||0.00075241
02:15||806951500||608729||0.00075241
02:16||807073000||608729||0.00075241
02:17||806993000||608729||0.00075241
02:18||806916500||608729||0.00075241
02:19||806807500||608729||0.00075241
02:20||806704500||608729||0.00075241
02:21||806639000||608729||0.00075241
02:22||806546000||608729||0.00075241
02:23||806458500||608729||0.00075241
02:24||806403000||608729||0.00075241
02:25||806323500||608729||0.00075241
02:26||806993000||608729||0.00075241
02:27||806916500||608729||0.00075241
02:28||806808000||608729||0.00075241
02:29||806705000||608729||0.00075241
02:30||806639500||608729||0.00075241
02:31||806546500||608729||0.00075241
02:32||806515500||605769||0.00075241
02:33||806515500||605769||0.00075241
02:34||806515500||605769||0.00075241
02:35||806459500||605769||0.00075241
02:36||806300500||605769||0.00075241
02:37||806274000||605769||0.00075241
02:38||806274000||605769||0.00075241
02:39||806274000||605769||0.00075241
02:40||806274000||605769||0.00075241
02:41||806274000||605769||0.00075241
02:42||806274000||605769||0.00075241
02:43||806274000||605769||0.00075241
02:44||806274000||605769||0.00075241
02:45||806274000||605769||0.00075241
02:46||806274000||605769||0.00075241
02:47||806274000||605769||0.00075241
02:48||806274000||605769||0.00075241
02:49||806203000||605769||0.00075241
02:50||806157500||605769||0.00075241
02:51||806093000||605769||0.00075241
02:52||806092000||605769||0.00075241
02:53||806092000||605769||0.00075241
02:54||806092000||605769||0.00075241
02:55||806092000||605769||0.00075241
02:56||806092000||605769||0.00075241
02:57||806092000||605769||0.00075241
02:58||806092000||605769||0.00075241
02:59||806092000||605769||0.00075241
03:00||806092000||605769||0.00075241
03:01||807488000||605769||0.00075241
03:02||808678000||605769||0.00075241
03:03||809273500||605769||0.00075241
03:04||809274500||605769||0.00075241
03:05||809274500||605769||0.00075241
03:06||809274500||605769||0.00075241
03:07||809274500||605769||0.00075241
03:08||809274500||605769||0.00075241
03:09||809274500||605769||0.00075241
03:10||809276000||605769||0.00075241
03:11||809276000||605769||0.00075241
03:12||809276000||608461||0.00075241
03:13||809276000||608461||0.00075241
03:14||809276000||608461||0.00075241
03:15||809873500||609352||0.00075241
03:16||807434000||609352||0.00075241
03:17||807385500||609352||0.00075241
03:18||807339000||609352||0.00075241
03:19||807338000||609352||0.00075241
03:20||807163000||609352||0.00075241
03:21||806961500||609352||0.00075241
03:22||806814500||609352||0.00075241
03:23||808303500||609352||0.00075241
03:24||808303500||609352||0.00075241
03:25||808303500||609352||0.00075241
03:26||808303500||609352||0.00075241
03:27||806903000||608175||0.00075241
03:28||806931500||608175||0.00075241
03:29||806931500||608175||0.00075241
03:30||806931000||608175||0.00075241
03:31||806929500||608175||0.00075241
03:32||806902500||608175||0.00075241
03:33||806799500||608175||0.00075241
03:34||806521000||607592||0.00075241
03:35||806444500||607592||0.00075241
03:36||806357500||607592||0.00075241
03:37||806278000||607592||0.00075241
03:38||806262500||607592||0.00075241
03:39||806262500||607592||0.00075241
03:40||806262500||607592||0.00075241
03:41||806262500||607592||0.00075241
03:42||806262500||607592||0.00075241
03:43||806262500||607592||0.00075241
03:44||806262500||607592||0.00075241
03:45||806262500||607592||0.00075241
03:46||806232000||606115||0.00075241
03:47||805291500||606109||0.00075241
03:48||803907000||604185||0.00075241
03:49||804747000||604185||0.00075241
03:50||804615000||604185||0.00075241
03:51||804279500||604185||0.00075241
03:52||804499000||604185||0.00075241
03:53||803999000||604185||0.00075241
03:54||803919500||603432||0.00075241
03:55||803731000||603432||0.00075241
03:56||803695000||603432||0.00075241
03:57||804195500||604185||0.00075241
03:58||804195500||604185||0.00075241
03:59||804245500||604185||0.00075241
04:00||804247500||604185||0.00075241
04:01||804247500||604185||0.00075241
04:02||806370500||607592||0.00075241
04:03||806215000||607592||0.00075241
04:04||805967000||607592||0.00075241
04:05||805967000||607592||0.00075241
04:06||804399500||607592||0.00075241
04:07||804928000||607592||0.00075241
04:08||804899000||607592||0.00075241
04:09||803728000||607592||0.00075241
04:10||803503000||607592||0.00075241
04:11||803503000||607592||0.00075241
04:12||803505500||604565||0.00075241
04:13||803505500||604565||0.00075241
04:14||803505500||604565||0.00075241
04:15||803505500||604565||0.00075241
04:16||803928000||604565||0.00075241
04:17||804430500||604565||0.00075241
04:18||804431000||604565||0.00075241
04:19||804433000||604565||0.00075241
04:20||804433000||604565||0.00075241
04:21||804433000||604565||0.00075241
04:22||804433000||604565||0.00075241
04:23||804675500||604565||0.00075241
04:24||805850000||605953||0.00075241
04:25||807174500||606705||0.00075241
04:26||808284000||606705||0.00075241
04:27||809998500||608373||0.00075241
04:28||809284500||609451||0.00075241
04:29||809004000||607947||0.00075241
04:30||809990500||607947||0.00075241
04:31||809994000||607947||0.00075241
04:32||809994000||607984||0.00075241
04:33||809024000||607984||0.00075241
04:34||809024000||607984||0.00075241
04:35||809024000||607984||0.00075241
04:36||809007500||607984||0.00075241
04:37||809006500||607984||0.00075241
04:38||809006500||607984||0.00075241
04:39||809006500||607984||0.00075241
04:40||809006500||607984||0.00075241
04:41||809006500||607984||0.00075241
04:42||809979000||608699||0.00075241
04:43||810499500||609451||0.00075241
04:44||810500000||609452||0.00075241
04:45||810499500||610204||0.00075241
04:46||810525000||609452||0.00075241
04:47||810505000||609459||0.00075241
04:48||810576500||609463||0.00075241
04:49||810560500||610204||0.00075241
04:50||810575000||609564||0.00075241
04:51||810750000||609580||0.00075241
04:52||810540000||609512||0.00075241
04:53||810100500||609527||0.00075241
04:54||810550500||609528||0.00075241
04:55||810175500||609640||0.00075241
04:56||810310500||609543||0.00075241
04:57||810499500||609827||0.00075241
04:58||810499500||609827||0.00075241
04:59||810750000||609828||0.00075241
05:00||810506000||609828||0.00075241
05:01||810511500||609836||0.00075241
05:02||810511500||609836||0.00075241
05:03||810777500||609836||0.00075241
05:04||810778500||609871||0.00075241
05:05||810779500||609872||0.00075241
05:06||810879000||609871||0.00075241
05:07||810925000||609941||0.00075241
05:08||810751500||610017||0.00075241
05:09||810751500||610017||0.00075241
05:10||810751500||610017||0.00075241
05:11||810975500||610018||0.00075241
05:12||810982500||610023||0.00075241
05:13||810982500||610020||0.00075241
05:14||810983500||610027||0.00075241
05:15||810600000||609452||0.00075241
05:16||810657500||609455||0.00075241
05:17||810702000||609541||0.00075241
05:18||810604000||609541||0.00075241
05:19||810604000||609621||0.00075241
05:20||810224500||609621||0.00075241
05:21||810224500||609621||0.00075241
05:22||810224500||609621||0.00075241
05:23||810224500||609621||0.00075241
05:24||810224500||609621||0.00075241
05:25||810611500||609621||0.00075241
05:26||810611500||609621||0.00075241
05:27||810611500||610203||0.00075241
05:28||810611500||610203||0.00075241
05:29||810613000||610203||0.00075241
05:30||810562000||610203||0.00075241
05:31||810500000||610203||0.00075241
05:32||810699500||609978||0.00075241
05:33||810750000||609978||0.00075241
05:34||810799500||609978||0.00075241
05:35||811099500||610505||0.00075241
05:36||811095500||610573||0.00075241
05:37||811195500||610573||0.00075241
05:38||811195500||610573||0.00075241
05:39||811194500||610573||0.00075241
05:40||811194500||610573||0.00075241
05:41||811439000||610573||0.00075241
05:42||811439000||610573||0.00075241
05:43||811688500||610873||0.00075241
05:44||811684000||610873||0.00075241
05:45||811879500||610873||0.00075241
05:46||811879500||610873||0.00075241
05:47||811879500||610873||0.00075241
05:48||811879500||610873||0.00075241
05:49||811671500||610865||0.00075241
05:50||811671500||610847||0.00075241
05:51||811578000||610847||0.00075241
05:52||810648500||610271||0.00075241
05:53||810648500||610271||0.00075241
05:54||809588000||606358||0.00075241
05:55||809495000||606358||0.00075241
05:56||809557000||606358||0.00075241
05:57||809557500||609452||0.00075241
05:58||809560000||609452||0.00075241
05:59||809641000||609452||0.00075241
06:00||809643500||609452||0.00075241
06:01||809654500||609452||0.00075241
06:02||809655000||608932||0.00075241
06:03||809659000||608932||0.00075241
06:04||809659000||608932||0.00075241
06:05||808548000||608786||0.00075241
06:06||808540500||607955||0.00075241
06:07||808534000||607955||0.00075241
06:08||808517500||607955||0.00075241
06:09||808948500||608031||0.00075241
06:10||808932500||608031||0.00075241
06:11||808558000||608135||0.00075241
06:12||808557000||608157||0.00075241
06:13||808279500||608157||0.00075241
06:14||808279500||608157||0.00075241
06:15||808628000||608160||0.00075241
06:16||808965500||608160||0.00075241
06:17||808965500||608160||0.00075241
06:18||808966500||608160||0.00075241
06:19||809463000||608674||0.00075241
06:20||809416500||609418||0.00075241
06:21||809394000||608676||0.00075241
06:22||808343500||607955||0.00075241
06:23||808021500||607963||0.00075241
06:24||808021500||607955||0.00075241
06:25||808021500||607963||0.00075241
06:26||807539500||607239||0.00075241
06:27||808593500||607973||0.00075241
06:28||809000500||607973||0.00075241
06:29||809000500||607973||0.00075241
06:30||809000500||607973||0.00075241
06:31||809000500||607973||0.00075241
06:32||809000500||607973||0.00075241
06:33||809000500||607973||0.00075241
06:34||808627000||608699||0.00075241
06:35||808601000||608150||0.00075241
06:36||808271500||608152||0.00075241
06:37||808271500||608150||0.00075241
06:38||808886000||608150||0.00075241
06:39||809749000||609075||0.00075241
06:40||809997500||609075||0.00075241
06:41||809997500||609450||0.00075241
06:42||809997500||609450||0.00075241
06:43||809997500||609449||0.00075241
06:44||809497500||609449||0.00075241
06:45||809497500||609449||0.00075241
06:46||809497500||609449||0.00075241
06:47||809497500||609449||0.00075241
06:48||809997500||609074||0.00075241
06:49||810988500||609452||0.00075241
06:50||810988500||609452||0.00075241
06:51||810988500||609452||0.00075241
06:52||810988500||609452||0.00075241
06:53||810988500||609452||0.00075241
06:54||810988500||610195||0.00075241
06:55||810988500||610195||0.00075241
06:56||810988500||610195||0.00075241
06:57||810988500||610195||0.00075241
06:58||810988500||610195||0.00075241
06:59||810988500||610195||0.00075241
07:00||810988500||610195||0.00075241
07:01||810988500||610195||0.00075241
07:02||810988500||610195||0.00075241
07:03||810988500||610196||0.00075241
07:04||811950000||610880||0.00075241
07:05||811950500||610956||0.00075241
07:06||811997500||610956||0.00075241
07:07||811997500||610955||0.00075241
07:08||811997500||610955||0.00075241
07:09||811494500||610954||0.00075241
07:10||811494500||610954||0.00075241
07:11||811494500||610954||0.00075241
07:12||811484000||610212||0.00075241
07:13||811482500||610212||0.00075241
07:14||811493000||610212||0.00075241
07:15||811493000||610212||0.00075241
07:16||811594000||610421||0.00075241
07:17||811612000||610421||0.00075241
07:18||811893500||610421||0.00075241
07:19||811893500||610421||0.00075241
07:20||811438500||610421||0.00075241
07:21||811410000||610421||0.00075241
07:22||811366000||610421||0.00075241
07:23||811333500||610421||0.00075241
07:24||811297000||610421||0.00075241
07:25||811264000||610421||0.00075241
07:26||811239000||610421||0.00075241
07:27||811000500||610205||0.00075241
07:28||810517500||610196||0.00075241
07:29||810481500||610196||0.00075241
07:30||810431500||609519||0.00075241
07:31||809890500||608792||0.00075241
07:32||809813500||608792||0.00075241
07:33||809710500||608792||0.00075241
07:34||809651000||608792||0.00075241
07:35||809597000||608792||0.00075241
07:36||809535000||608792||0.00075241
07:37||808649000||608519||0.00075241
07:38||808633000||608361||0.00075241
07:39||808623000||608361||0.00075241
07:40||808680500||608361||0.00075241
07:41||808884500||608361||0.00075241
07:42||808885500||608767||0.00075241
07:43||808885500||608460||0.00075241
07:44||808885500||608460||0.00075241
07:45||808886500||608460||0.00075241
07:46||808889000||608460||0.00075241
07:47||808893000||608460||0.00075241
07:48||810069500||609452||0.00075241
07:49||811275500||609828||0.00075241
07:50||811309000||610806||0.00075241
07:51||811351000||610806||0.00075241
07:52||811799500||610806||0.00075241
07:53||811799500||610806||0.00075241
07:54||811799500||610806||0.00075241
07:55||811799500||610806||0.00075241
07:56||811799500||610806||0.00075241
07:57||811799500||610806||0.00075241
07:58||812400500||611333||0.00075241
07:59||812500000||611333||0.00075241
08:00||813275000||611709||0.00075241
08:01||813499500||612085||0.00075241
08:02||813499500||612085||0.00075241
08:03||813701500||612084||0.00075241
08:04||815108000||613214||0.00075241
08:05||816200000||613966||0.00075241
08:06||816193000||613590||0.00075241
08:07||816958500||615633||0.00075241
08:08||817108000||615633||0.00075241
08:09||817156500||615633||0.00075241
08:10||817161500||615633||0.00075241
08:11||817362500||615633||0.00075241
08:12||818313500||615633||0.00075241
08:13||818957500||616374||0.00075241
08:14||818956500||615783||0.00075241
08:15||818954000||615783||0.00075241
08:16||818954000||615783||0.00075241
08:17||819344500||616483||0.00075241
08:18||819416500||616483||0.00075241
08:19||819344500||616483||0.00075241
08:20||818880000||616483||0.00075241
08:21||818173500||614719||0.00075241
08:22||818173500||614719||0.00075241
08:23||818672000||614719||0.00075241
08:24||818132500||614719||0.00075241
08:25||818134500||614719||0.00075241
08:26||818165000||614750||0.00075241
08:27||818164000||614796||0.00075241
08:28||818164000||614797||0.00075241
08:29||818099000||614797||0.00075241
08:30||818022500||614797||0.00075241
08:31||817150500||614797||0.00075241
08:32||817150500||614797||0.00075241
08:33||817150500||614797||0.00075241
08:34||817150500||614797||0.00075241
08:35||817150500||614797||0.00075241
08:36||817150500||614831||0.00075241
08:37||817825000||614832||0.00075241
08:38||817875000||614832||0.00075241
08:39||818499500||615846||0.00075241
08:40||819449500||617277||0.00075241
08:41||819650000||617277||0.00075241
08:42||819650000||616148||0.00075241
08:43||819650000||616148||0.00075241
08:44||819700000||616148||0.00075241
08:45||819700000||616148||0.00075241
08:46||819700500||616148||0.00075241
08:47||820099500||617727||0.00075241
08:48||820100500||616375||0.00075241
08:49||820099500||617727||0.00075241
08:50||820909000||616375||0.00075241
08:51||820861500||616375||0.00075241
08:52||820874000||617653||0.00075241
08:53||820850500||617653||0.00075241
08:54||820850500||617653||0.00075241
08:55||820850500||617653||0.00075241
08:56||820850500||617653||0.00075241
08:57||820025500||616375||0.00075241
08:58||820550000||616375||0.00075241
08:59||820448000||616601||0.00075241
09:00||820046000||617576||0.00075241
09:01||820095500||617576||0.00075241
09:02||820095500||617048||0.00075241
09:03||819996500||616973||0.00075241
09:04||819602000||616973||0.00075241
09:05||819602500||616380||0.00075241
09:06||819602500||616380||0.00075241
09:07||819897000||616380||0.00075241
09:08||819897000||616823||0.00075241
09:09||819996500||616973||0.00075241
09:10||819996500||616973||0.00075241
09:11||819996500||616973||0.00075241
09:12||819996500||616973||0.00075241
09:13||819996500||616973||0.00075241
09:14||819996500||616973||0.00075241
09:15||819996500||616973||0.00075241
09:16||820414000||617051||0.00075241
09:17||820423500||617601||0.00075241
09:18||820400500||617601||0.00075241
09:19||820699500||617578||0.00075241
09:20||820799500||617578||0.00075241
09:21||820848500||617613||0.00075241
09:22||820848500||617614||0.00075241
09:23||820848500||617614||0.00075241
09:24||820848500||617614||0.00075241
09:25||820848500||617614||0.00075241
09:26||820848500||617614||0.00075241
09:27||821250500||617728||0.00075241
09:28||821244500||617728||0.00075241
09:29||820395500||617614||0.00075241
09:30||820252500||616979||0.00075241
09:31||820004000||616979||0.00075241
09:32||820000500||616979||0.00075241
09:33||820000500||616979||0.00075241
09:34||819549000||616457||0.00075241
09:35||819311500||616457||0.00075241
09:36||819311500||616457||0.00075241
09:37||819311500||616457||0.00075241
09:38||819311500||616457||0.00075241
09:39||819311500||616457||0.00075241
09:40||819311500||616457||0.00075241
09:41||818101000||614869||0.00075241
09:42||818095500||614869||0.00075241
09:43||818097000||614946||0.00075241
09:44||818097000||614946||0.00075241
09:45||818196500||614946||0.00075241
09:46||818196500||616141||0.00075241
09:47||818238500||616202||0.00075241
09:48||817751500||616202||0.00075241
09:49||816649000||613590||0.00075241
09:50||816574000||613590||0.00075241
09:51||816548500||613816||0.00075241
09:52||815800500||614869||0.00075241
09:53||815800500||614869||0.00075241
09:54||815800500||614869||0.00075241
09:55||815800500||613816||0.00075241
09:56||815800500||613816||0.00075241
09:57||815800500||613816||0.00075241
09:58||815800500||613816||0.00075241
09:59||815800500||613816||0.00075241
10:00||815800500||613816||0.00075241
10:01||815800500||613816||0.00075241
10:02||815800500||613816||0.00075241
10:03||815800500||613816||0.00075241
10:04||816499500||614793||0.00075241
10:05||816749500||613966||0.00075241
10:06||816500500||614342||0.00075241
10:07||816500500||614342||0.00075241
10:08||816500500||614342||0.00075241
10:09||816500500||614342||0.00075241
10:10||816500500||614342||0.00075241
10:11||816500500||614342||0.00075241
10:12||816500500||614343||0.00075241
10:13||816500500||614343||0.00075241
10:14||816500500||614343||0.00075241
10:15||816500500||614343||0.00075241
10:16||816500500||614343||0.00075241
10:17||816500500||614343||0.00075241
10:18||816500500||614343||0.00075241
10:19||816500500||614343||0.00075241
10:20||816500500||614343||0.00075241
10:21||816500500||614342||0.00075241
10:22||816500500||614342||0.00075241
10:23||816500500||614342||0.00075241
10:24||816500500||614342||0.00075241
10:25||816500500||614342||0.00075241
10:26||816800000||614794||0.00075241
10:27||817099500||614794||0.00075241
10:28||817099500||614794||0.00075241
10:29||817099500||614794||0.00075241
10:30||817099500||614794||0.00075241
10:31||817099500||614794||0.00075241
10:32||816450500||613816||0.00075241
10:33||816450500||613816||0.00075241
10:34||816450500||613816||0.00075241
10:35||816450500||613816||0.00075241
10:36||816451000||613816||0.00075241
10:37||816451000||613817||0.00075241
10:38||815451000||612312||0.00075241
10:39||815500500||612312||0.00075241
10:40||815504000||612462||0.00075241
10:41||815832500||612837||0.00075241
10:42||816003000||614718||0.00075241
10:43||816504000||614718||0.00075241
10:44||816514000||614718||0.00075241
10:45||817049500||615319||0.00075241
10:46||817199000||615319||0.00075241
10:47||817249000||615319||0.00075241
10:48||818255500||615319||0.00075241
10:49||818455500||615319||0.00075241
10:50||818505500||615319||0.00075241
10:51||818706000||616458||0.00075241
10:52||818600000||615546||0.00075241
10:53||818600000||615546||0.00075241
10:54||818601000||615546||0.00075241
10:55||818591000||615546||0.00075241
10:56||818026000||615546||0.00075241
10:57||817746000||615546||0.00075241
10:58||817735000||615546||0.00075241
10:59||817751500||615433||0.00075241
11:00||817751000||615433||0.00075241
11:01||817752000||615433||0.00075241
11:02||817752000||615433||0.00075241
11:03||817752000||615433||0.00075241
11:04||817752000||615433||0.00075241
11:05||817752000||615433||0.00075241
11:06||817752000||615433||0.00075241
11:07||818002500||615472||0.00075241
11:08||817747000||615472||0.00075241
11:09||817747000||615472||0.00075241
11:10||817747000||615096||0.00075241
11:11||817747000||615096||0.00075241
11:12||817747000||615096||0.00075241
11:13||817747000||615096||0.00075241
11:14||817747000||615096||0.00075241
11:15||817747000||615096||0.00075241
11:16||817747000||615096||0.00075241
11:17||817747000||615096||0.00075241
11:18||817747000||615096||0.00075241
11:19||817747000||615096||0.00075241
11:20||817747000||615465||0.00075241
11:21||817747500||615465||0.00075241
11:22||817503500||615465||0.00075241
11:23||817503500||615097||0.00075241
11:24||817747500||615097||0.00075241
11:25||817752500||615465||0.00075241
11:26||818001500||615472||0.00075241
11:27||818001500||615471||0.00075241
11:28||818001500||615471||0.00075241
11:29||818002500||615471||0.00075241
11:30||818002500||615471||0.00075241
11:31||818002500||615471||0.00075241
11:32||818002500||615472||0.00075241
11:33||818002500||615472||0.00075241
11:34||818002500||615472||0.00075241
11:35||818002500||615472||0.00075241
11:36||818002500||615472||0.00075241
11:37||818655000||615473||0.00075241
11:38||817751500||615472||0.00075241
11:39||817751500||615472||0.00075241
11:40||816999500||613967||0.00075241
11:41||816999500||613967||0.00075241
11:42||816998000||613967||0.00075241
11:43||816996500||613967||0.00075241
11:44||816995000||613967||0.00075241
11:45||816995000||613967||0.00075241
11:46||816993500||613967||0.00075241
11:47||816993500||613967||0.00075241
11:48||816950000||613967||0.00075241
11:49||816950000||615394||0.00075241
11:50||816002500||615394||0.00075241
11:51||816002500||615394||0.00075241
11:52||816002500||615394||0.00075241
11:53||816002500||615394||0.00075241
11:54||816002500||615394||0.00075241
11:55||816002500||615394||0.00075241
11:56||816002500||613968||0.00075241
11:57||816002500||613968||0.00075241
11:58||816002500||613968||0.00075241
11:59||816002500||613968||0.00075241
12:00||816002500||613968||0.00075241
12:01||815751000||613966||0.00075241
12:02||816946500||613968||0.00075241
12:04||816648500||613968||0.00075241
12:05||816648500||613968||0.00075241
12:06||816648000||613968||0.00075241
12:07||816648000||613968||0.00075241
12:08||815501000||613592||0.00075241
12:09||815502500||613592||0.00075241
12:10||816649500||613591||0.00075241
12:11||816649000||613591||0.00075241
12:12||816649500||615317||0.00075241
12:13||816652500||615317||0.00075241
12:14||816704000||615317||0.00075241
12:16||816706000||613677||0.00075241
12:17||816704000||613677||0.00075241
12:18||816699000||613677||0.00075241
12:19||816747500||613677||0.00075241
12:20||816747500||613677||0.00075241
12:21||816747500||613677||0.00075241
12:22||816747000||613677||0.00075241
12:23||816747000||613677||0.00075241
12:24||816747000||613677||0.00075241
12:25||816746500||613677||0.00075241
12:26||816746500||613677||0.00075241
12:27||816746500||613677||0.00075241
12:28||816746500||613677||0.00075241
12:29||816747000||613677||0.00075241
12:30||815716500||613677||0.00075241
12:31||815716500||613677||0.00075241
12:32||815716500||613753||0.00075241
12:33||815716500||613753||0.00075241
12:34||817697500||613753||0.00075241
12:35||816874000||615243||0.00075241
12:36||816874000||615244||0.00075241
12:37||816874500||615244||0.00075241
12:38||816874500||615244||0.00075241
12:39||816874500||615244||0.00075241
12:40||816874000||614005||0.00075241
12:41||816902500||614005||0.00075241
12:42||816903000||614005||0.00075241
12:43||818347500||616223||0.00075241
12:44||818353500||616223||0.00075241
12:45||818363500||616223||0.00075241
12:46||818363500||616223||0.00075241
12:47||818364000||616223||0.00075241
12:48||818519000||616223||0.00075241
12:49||818519000||616457||0.00075241
12:50||818519000||616457||0.00075241
12:51||818518500||616457||0.00075241
12:52||818519000||616457||0.00075241
12:53||818519000||616457||0.00075241
12:54||818518500||615267||0.00075241
12:55||818519000||616456||0.00075241
12:56||818524000||616456||0.00075241
12:57||818524000||616456||0.00075241
12:58||818529500||616456||0.00075241
12:59||818569000||616515||0.00075241
13:00||818569500||616515||0.00075241
13:01||817880000||616515||0.00075241
13:02||817880000||615290||0.00075241
13:03||817899500||615290||0.00075241
13:04||817899500||615290||0.00075241
13:05||817900000||615290||0.00075241
13:06||817849500||615290||0.00075241
13:07||817849500||615290||0.00075241
13:08||817850000||615290||0.00075241
13:09||817850000||615290||0.00075241
13:10||817850000||615290||0.00075241
13:11||817850000||615290||0.00075241
13:12||817849000||615290||0.00075241
13:13||817849000||615395||0.00075241
13:14||817849000||615395||0.00075241
13:15||817849000||615395||0.00075241
13:16||817849000||615395||0.00075241
13:17||817849000||615395||0.00075241
13:18||817849000||615395||0.00075241
13:19||817849000||615395||0.00075241
13:20||817849000||615395||0.00075241
13:21||817849000||615395||0.00075241
13:22||817849000||615395||0.00075241
13:23||817849000||615320||0.00075241
13:24||817849000||615320||0.00075241
13:25||817849000||615320||0.00075241
13:26||817849000||615320||0.00075241
13:27||817849000||615320||0.00075241
13:28||818399500||615471||0.00075241
13:29||818399500||615471||0.00075241
13:30||818408500||615471||0.00075241
13:31||818408500||615471||0.00075241
13:32||818399500||615320||0.00075241
13:33||818399500||615320||0.00075241
13:34||818399500||615320||0.00075241
13:35||818400000||615320||0.00075241
13:36||818400000||615320||0.00075241
13:37||818408500||615320||0.00075241
13:38||818408500||615320||0.00075241
13:39||818408500||615320||0.00075241
13:40||818408500||615320||0.00075241
13:41||818408500||615320||0.00075241
13:42||818408500||615320||0.00075241
13:43||818408500||615320||0.00075241
13:44||818408500||615320||0.00075241
13:45||818408500||615320||0.00075241
13:46||818408500||615320||0.00075241
13:47||818364000||615320||0.00075241
13:48||818194000||615010||0.00075241
13:49||817759000||614356||0.00075241
13:50||817759000||614356||0.00075241
13:51||816518000||614355||0.00075241
13:52||816518500||614355||0.00075241
13:53||816518500||614357||0.00075241
13:54||816518500||614357||0.00075241
13:55||816518500||614357||0.00075241
13:56||815718500||613755||0.00075241
13:57||815718500||613755||0.00075241
13:58||815718500||613755||0.00075241
13:59||815718500||613755||0.00075241
14:00||815718500||613755||0.00075241
14:01||815719500||613755||0.00075241
14:02||815719500||613755||0.00075241
14:03||815719500||613755||0.00075241
14:04||815719500||613755||0.00075241
14:05||815719500||613755||0.00075241
14:06||815859500||613755||0.00075241
14:07||815859500||613755||0.00075241
14:08||815859500||613755||0.00075241
14:09||815859500||613755||0.00075241
14:10||815859500||613755||0.00075241
14:11||815859500||613755||0.00075241
14:12||815859500||613755||0.00075241
14:13||815859500||613755||0.00075241
14:14||815859500||613755||0.00075241
14:15||815894000||613755||0.00075241
14:16||815894000||613966||0.00075241
14:17||815894000||613966||0.00075241
14:18||815894000||613966||0.00075241
14:19||815894000||613966||0.00075241
14:20||815894000||613966||0.00075241
14:21||815895000||613966||0.00075241
14:22||815895000||613966||0.00075241
14:23||815895000||613966||0.00075241
14:24||815895000||613966||0.00075241
14:25||815895000||613966||0.00075241
14:26||815895000||613966||0.00075241
14:27||815895000||613966||0.00075241
14:28||815895000||613966||0.00075241
14:29||815895000||613966||0.00075241
14:30||815895000||613966||0.00075241
14:31||815895000||613966||0.00075241
14:32||815895000||613966||0.00075241
14:33||815845000||613966||0.00075241
14:34||815845000||613966||0.00075241
14:35||815845000||613966||0.00075241
14:36||815845000||613891||0.00075241
14:37||815845000||613808||0.00075241
14:38||815845000||613808||0.00075241
14:39||815845000||613891||0.00075241
14:40||815895000||613966||0.00075241
14:41||815895000||613966||0.00075241
14:42||815500000||613214||0.00075241
14:43||815500000||613214||0.00075241
14:44||815499500||613214||0.00075241
14:45||815499500||613214||0.00075241
14:46||815499500||613214||0.00075241
14:47||815499500||613214||0.00075241
14:48||815499500||613214||0.00075241
14:49||814308000||612001||0.00075241
14:50||814308000||612001||0.00075241
14:51||814306000||611420||0.00075241
14:52||814303000||611420||0.00075241
14:53||814302500||611420||0.00075241
14:54||814302500||611420||0.00075241
14:55||814302500||611420||0.00075241
14:56||814298000||611420||0.00075241
14:57||814297500||611420||0.00075241
14:58||814295500||611420||0.00075241
14:59||814295500||611420||0.00075241
15:00||814293000||611420||0.00075241
15:01||814293000||611420||0.00075241
15:02||814292500||611420||0.00075241
15:03||814291500||611420||0.00075241
15:04||814291000||611420||0.00075241
15:05||814288500||611420||0.00075241
15:06||814288500||611420||0.00075241
15:07||814288500||611420||0.00075241
15:08||814288500||611420||0.00075241
15:09||814288500||611421||0.00075241
15:10||814286000||611421||0.00075241
15:11||814284000||611421||0.00075241
15:12||814281500||611421||0.00075241
15:13||814347500||611421||0.00075241
15:14||814345000||611421||0.00075241
15:15||814340000||611421||0.00075241
15:16||814325000||611521||0.00075241
15:17||814324500||611521||0.00075241
15:18||814324500||611521||0.00075241
15:19||814317500||611521||0.00075241
15:20||814274500||611521||0.00075241
15:21||814125000||611521||0.00075241
15:22||814124500||611521||0.00075241
15:23||814075500||613515||0.00075241
15:24||814075500||613515||0.00075241
15:25||814101000||613515||0.00075241
15:26||814222500||613515||0.00075241
15:27||814220500||613515||0.00075241
15:28||814220000||613515||0.00075241
15:29||814219500||613515||0.00075241
15:30||814174000||613515||0.00075241
15:31||814173500||613515||0.00075241
15:32||814124000||613515||0.00075241
15:33||814190000||613515||0.00075241
15:34||814168500||613515||0.00075241
15:35||814237000||613515||0.00075241
15:36||814284500||613515||0.00075241
15:37||814344000||613515||0.00075241
15:38||814345000||613515||0.00075241
15:39||814345000||613515||0.00075241
15:40||814345000||613515||0.00075241
15:41||814344500||613515||0.00075241
15:42||814344500||613213||0.00075241
15:43||814371500||613213||0.00075241
15:44||814424000||613213||0.00075241
15:45||814460000||613213||0.00075241
15:46||814505500||613212||0.00075241
15:47||814505500||613212||0.00075241
15:48||814269000||613212||0.00075241
15:49||814269000||613212||0.00075241
15:50||814269000||613212||0.00075241
15:51||814269000||613212||0.00075241
15:52||814269000||613212||0.00075241
15:53||814268000||611521||0.00075241
15:54||814269000||612117||0.00075241
15:55||814269000||613213||0.00075241
15:56||814269500||613213||0.00075241
15:57||814269500||612115||0.00075241
15:58||814269500||612115||0.00075241
15:59||814269500||612115||0.00075241
16:00||814269500||612115||0.00075241
16:01||813807500||613211||0.00075241
16:02||813806000||613211||0.00075241
16:03||813806000||613211||0.00075241
16:04||813806000||613211||0.00075241
16:05||813806000||613211||0.00075241
16:06||813806000||613211||0.00075241
16:07||813805500||613211||0.00075241
16:08||813803000||611421||0.00075241
16:09||813798000||611421||0.00075241
16:10||813759000||611421||0.00075241
16:11||813758000||611420||0.00075241
16:12||813755500||611420||0.00075241
16:13||813755500||611420||0.00075241
16:14||813754000||611420||0.00075241
16:15||813748000||611420||0.00075241
16:16||813748000||611420||0.00075241
16:17||813748000||611421||0.00075241
16:18||813733500||611421||0.00075241
16:19||813730500||611421||0.00075241
16:20||813730000||613063||0.00075241
16:21||813730000||613063||0.00075241
16:22||813728000||613063||0.00075241
16:23||813728000||613063||0.00075241
16:24||813725000||613063||0.00075241
16:25||813720500||613063||0.00075241
16:26||813720500||613063||0.00075241
16:27||812200000||610956||0.00075241
16:28||810699000||610956||0.00075241
16:29||810699000||610956||0.00075241
16:30||810400500||610956||0.00075241
16:31||810400500||610956||0.00075241
16:32||810400500||610956||0.00075241
16:33||810400500||610956||0.00075241
16:34||810400500||610956||0.00075241
16:35||810400500||610956||0.00075241
16:36||810400500||610956||0.00075241
16:37||810400500||609753||0.00075241
16:38||810775000||609828||0.00075241
16:39||810776000||609828||0.00075241
16:40||810787000||609828||0.00075241
16:41||810812000||609899||0.00075241
16:42||810834000||609899||0.00075241
16:43||810851500||609899||0.00075241
16:44||810869500||609899||0.00075241
16:45||810888000||609899||0.00075241
16:46||810899000||610203||0.00075241
16:47||810899000||610203||0.00075241
16:48||810899000||610203||0.00075241
16:49||810899000||610203||0.00075241
16:50||810899000||610053||0.00075241
16:51||810899000||610053||0.00075241
16:52||811601000||610204||0.00075241
16:53||812546000||610956||0.00075241
16:54||812584500||611634||0.00075241
16:55||812672500||611709||0.00075241
16:56||812708500||611709||0.00075241
16:57||812741500||611709||0.00075241
16:58||812771000||611709||0.00075241
16:59||812797500||611364||0.00075241
17:00||812813500||611364||0.00075241
17:01||812813500||611364||0.00075241
17:02||812813500||611364||0.00075241
17:03||812813500||611364||0.00075241
17:04||812813500||611364||0.00075241
17:05||812813500||611364||0.00075241
17:06||811515000||611428||0.00075241
17:07||811663500||611428||0.00075241
17:08||811664500||609978||0.00075241
17:09||811664500||609978||0.00075241
17:10||811663500||609978||0.00075241
17:11||811663500||609978||0.00075241
17:12||811813500||609978||0.00075241
17:13||811579000||610255||0.00075241
17:14||811620500||610364||0.00075241
17:15||811667000||610939||0.00075241
17:16||811708000||610939||0.00075241
17:17||811744500||610939||0.00075241
17:18||811776500||610939||0.00075241
17:19||811976500||610939||0.00075241
17:20||811976500||610939||0.00075241
17:21||811976500||610939||0.00075241
17:22||812271500||610956||0.00075241
17:23||812303000||610956||0.00075241
17:24||812767000||611333||0.00075241
17:25||813546000||611709||0.00075241
17:26||814409500||612837||0.00075241
17:27||814409500||612837||0.00075241
17:28||814319500||612837||0.00075241
17:29||814319500||612837||0.00075241
17:30||814319500||612837||0.00075241
17:31||814319500||612837||0.00075241
17:32||813251500||612837||0.00075241
17:33||813359000||612837||0.00075241
17:34||813437500||612837||0.00075241
17:35||813509500||612837||0.00075241
17:36||813576000||612837||0.00075241
17:37||813652000||612837||0.00075241
17:38||814947000||613132||0.00075241
17:39||814947000||613199||0.00075241
17:40||814947000||613199||0.00075241
17:41||814947000||613199||0.00075241
17:42||814947000||613199||0.00075241
17:43||813961500||611535||0.00075241
17:44||814044500||611535||0.00075241
17:45||814121000||611535||0.00075241
17:46||814191500||611535||0.00075241
17:47||814256000||613197||0.00075241
17:48||814316000||612201||0.00075241
17:49||815361500||613381||0.00075241
17:50||815862500||613740||0.00075241
17:51||815979500||613950||0.00075241
17:52||815866000||613951||0.00075241
17:53||815754000||613951||0.00075241
17:54||815749000||613782||0.00075241
17:55||815745500||613782||0.00075241
17:56||815745500||613775||0.00075241
17:57||815745500||613775||0.00075241
17:58||815745500||613775||0.00075241
17:59||815745500||613775||0.00075241
18:00||814682000||613774||0.00075241
18:01||814746500||613774||0.00075241
18:02||814808000||613774||0.00075241
18:03||814884500||613774||0.00075241
18:04||815147000||613774||0.00075241
18:05||815197000||613774||0.00075241
18:06||815243000||613774||0.00075241
18:07||815286000||613774||0.00075241
18:08||815325000||613774||0.00075241
18:09||815361500||613774||0.00075241
18:10||815362500||613774||0.00075241
18:11||815362500||613774||0.00075241
18:12||815340000||613740||0.00075241
18:13||815213500||613234||0.00075241
18:14||815223500||613381||0.00075241
18:15||815878500||613394||0.00075241
18:16||816029500||613621||0.00075241
18:17||816826500||614457||0.00075241
18:18||816733500||614468||0.00075241
18:19||817344500||614567||0.00075241
18:20||817389500||614620||0.00075241
18:21||817438500||615387||0.00075241
18:22||818444500||615847||0.00075241
18:23||818067500||615492||0.00075241
18:24||818167500||615546||0.00075241
18:25||818961500||616139||0.00075241
18:26||819625500||616825||0.00075241
18:27||819588000||616825||0.00075241
18:28||818833000||616825||0.00075241
18:29||818896500||616825||0.00075241
18:30||818941000||616825||0.00075241
18:31||818996000||615766||0.00075241
18:32||819023000||616675||0.00075241
18:33||818949000||615704||0.00075241
18:34||818605500||616149||0.00075241
18:35||818606500||616149||0.00075241
18:36||818799500||616072||0.00075241
18:37||818799500||616072||0.00075241
18:38||818556500||615706||0.00075241
18:39||818599500||615922||0.00075241
18:40||818457000||615922||0.00075241
18:41||818409500||615639||0.00075241
18:42||818410500||615639||0.00075241
18:43||818410500||615639||0.00075241
18:44||818311500||615639||0.00075241
18:45||818311500||615639||0.00075241
18:46||818311500||615640||0.00075241
18:47||818311500||615640||0.00075241
18:48||818310500||615639||0.00075241
18:49||818309000||615639||0.00075241
18:50||818309000||615639||0.00075241
18:51||818223500||615639||0.00075241
18:52||818223500||615639||0.00075241
18:53||818128000||615639||0.00075241
18:54||818035500||615639||0.00075241
18:55||818035500||615639||0.00075241
18:56||817329500||615299||0.00075241
18:57||816717500||614620||0.00075241
18:58||816707000||613715||0.00075241
18:59||815833000||613715||0.00075241
19:00||815832000||613715||0.00075241
19:01||815666500||613715||0.00075241
19:02||815666500||613715||0.00075241
19:03||815666500||613715||0.00075241
19:04||815396000||613415||0.00075241
19:05||815396000||613387||0.00075241
19:06||815396000||613387||0.00075241
19:07||815264500||613387||0.00075241
19:08||815230500||613387||0.00075241
19:09||815230500||613387||0.00075241
19:10||815230500||613387||0.00075241
19:11||815230500||613387||0.00075241
19:12||815230500||613387||0.00075241
19:13||815230500||613387||0.00075241
19:14||815230500||613387||0.00075241
19:15||815230500||613387||0.00075241
19:16||815230500||613387||0.00075241
19:17||815230500||613387||0.00075241
19:18||815230500||613387||0.00075241
19:19||814966500||613387||0.00075241
19:20||814951000||613387||0.00075241
19:21||814901000||613387||0.00075241
19:22||814702500||613387||0.00075241
19:23||814702500||612989||0.00075241
19:24||815751500||613387||0.00075241
19:25||816308500||613966||0.00075241
19:26||816308500||613966||0.00075241
19:27||816213500||613966||0.00075241
19:28||815856500||613966||0.00075241
19:29||816000500||613966||0.00075241
19:30||816000500||613966||0.00075241
19:31||816000500||613966||0.00075241
19:32||816000500||613966||0.00075241
19:33||816000500||613966||0.00075241
19:34||816000500||613966||0.00075241
19:35||816000500||613966||0.00075241
19:36||816000500||613966||0.00075241
19:37||816000500||613966||0.00075241
19:38||816000500||613966||0.00075241
19:39||815751500||613966||0.00075241
19:40||815701500||613966||0.00075241
19:41||815503500||613966||0.00075241
19:42||815503500||613966||0.00075241
19:43||815503500||613966||0.00075241
19:44||815503500||613966||0.00075241
19:45||815503500||613592||0.00075241
19:46||815503500||613592||0.00075241
19:47||815103000||612989||0.00075241
19:48||815102500||612989||0.00075241
19:49||815301500||612989||0.00075241
19:50||815301500||613289||0.00075241
19:51||815301500||613289||0.00075241
19:52||815301500||613289||0.00075241
19:53||815301500||613289||0.00075241
19:54||815301500||613289||0.00075241
19:55||815301500||613289||0.00075241
19:56||815301500||613289||0.00075241
19:57||815502500||613289||0.00075241
19:58||815301500||613289||0.00075241
19:59||815301500||613289||0.00075241
20:00||815301500||613289||0.00075241
20:01||815301000||613289||0.00075241
20:02||814901500||612989||0.00075241
20:03||814901500||612989||0.00075241
20:04||814901500||612990||0.00075241
20:05||814901500||612990||0.00075241
20:06||814901500||612990||0.00075241
20:07||814901500||612990||0.00075241
20:08||814901000||612990||0.00075241
20:09||814902000||612990||0.00075241
20:10||814901000||612990||0.00075241
20:11||814703500||612992||0.00075241
20:12||814703500||612992||0.00075241
20:13||814703500||612992||0.00075241
20:14||814703500||612992||0.00075241
20:15||814703500||612992||0.00075241
20:16||814703500||612992||0.00075241
20:17||814702500||612990||0.00075241
20:18||814702500||612990||0.00075241
20:19||814703000||612989||0.00075241
20:20||814703000||612989||0.00075241
20:21||814902000||612991||0.00075241
20:22||814902000||612991||0.00075241
20:23||814900500||612991||0.00075241
20:24||814796000||612837||0.00075241
20:25||814795000||612837||0.00075241
20:26||814794000||612837||0.00075241
20:27||814798500||612837||0.00075241
20:28||814798500||612839||0.00075241
20:29||814798500||612839||0.00075241
20:30||814798500||612839||0.00075241
20:31||814811500||612839||0.00075241
20:32||814837500||612898||0.00075241
20:33||814571000||612907||0.00075241
20:34||814570000||612907||0.00075241
20:35||814501000||612837||0.00075241
20:36||814251000||612462||0.00075241
20:37||814000500||612147||0.00075241
20:38||813791000||612147||0.00075241
20:39||813791000||612147||0.00075241
20:40||813790500||612147||0.00075241
20:41||813390000||612092||0.00075241
20:42||813390000||612092||0.00075241
20:43||813390500||611544||0.00075241
20:44||813390500||611544||0.00075241
20:45||812890500||611544||0.00075241
20:46||812892500||611545||0.00075241
20:47||812893500||611709||0.00075241
20:48||812891500||611709||0.00075241
20:49||812892000||611546||0.00075241
20:50||812890500||611546||0.00075241
20:51||812782500||611546||0.00075241
20:52||812397500||610965||0.00075241
20:53||812397500||610965||0.00075241
20:54||812397500||610965||0.00075241
20:55||812397500||610965||0.00075241
20:56||812397500||611546||0.00075241
20:57||812397500||611546||0.00075241
20:58||812256000||610965||0.00075241
20:59||812256000||610965||0.00075241
21:00||812256000||610965||0.00075241
21:01||812256000||610965||0.00075241
21:02||812264500||610965||0.00075241
21:03||812648000||611342||0.00075241
21:04||812782500||611546||0.00075241
21:05||812782500||611546||0.00075241
21:06||812782500||611546||0.00075241
21:07||812782500||611546||0.00075241
21:08||813500000||612461||0.00075241
21:09||813999500||612461||0.00075241
21:10||813999500||612461||0.00075241
21:11||813999500||612461||0.00075241
21:12||813999500||612460||0.00075241
21:13||813999500||612460||0.00075241
21:14||813999500||612460||0.00075241
21:15||813999500||612460||0.00075241
21:16||813391000||611545||0.00075241
21:17||813391000||611545||0.00075241
21:18||813391000||611545||0.00075241
21:19||813391000||611545||0.00075241
21:20||813391000||612461||0.00075241
21:21||813391000||612461||0.00075241
21:22||813400000||612461||0.00075241
21:23||813400000||612461||0.00075241
21:24||813400000||612461||0.00075241
21:25||813400000||612461||0.00075241
21:26||813400000||612461||0.00075241
21:27||813500000||612461||0.00075241
21:28||813400000||612461||0.00075241
21:29||813400000||612461||0.00075241
21:30||813400500||612461||0.00075241
21:31||813400500||612461||0.00075241
21:32||813388500||612461||0.00075241
21:33||813400500||612461||0.00075241
21:34||813400000||611558||0.00075241
21:35||813400000||611558||0.00075241
21:36||813388000||611558||0.00075241
21:37||813388000||611558||0.00075241
21:38||811976500||610956||0.00075241
21:39||811500000||610204||0.00075241
21:40||811500000||610204||0.00075241
21:41||811500000||610204||0.00075241
21:42||811490000||610204||0.00075241
21:43||811490000||610204||0.00075241
21:44||811490000||610204||0.00075241
21:45||811490000||610204||0.00075241
21:46||811490000||610204||0.00075241
21:47||811490000||610204||0.00075241
21:48||811490000||610204||0.00075241
21:49||811490000||610941||0.00075241
21:50||811245000||609835||0.00075241
21:51||811245000||609835||0.00075241
21:52||811245500||609835||0.00075241
21:53||811500000||609835||0.00075241
21:54||811500000||609835||0.00075241
21:55||811500000||610219||0.00075241
21:56||811500000||610219||0.00075241
21:57||811745000||610219||0.00075241
21:58||811745000||610219||0.00075241
21:59||811745000||610941||0.00075241
22:00||811744500||610941||0.00075241
22:01||811744500||610941||0.00075241
22:02||811000500||610204||0.00075241
22:03||809092000||608850||0.00075241
22:04||807758500||607947||0.00075241
22:05||807758500||607947||0.00075241
22:06||807767500||607947||0.00075241
22:07||807858000||607947||0.00075241
22:08||807224500||607357||0.00075241
22:09||807224500||606632||0.00075241
22:10||807224500||606632||0.00075241
22:11||807224500||606632||0.00075241
22:12||807244000||606662||0.00075241
22:13||811599500||610934||0.00075241
22:14||811499500||610956||0.00075241
22:15||811534000||608775||0.00075241
22:16||812510000||608775||0.00075241
22:17||812999500||608775||0.00075241
22:18||812999500||608775||0.00075241
22:19||812999500||608775||0.00075241
22:20||812999500||608775||0.00075241
22:21||812999500||608775||0.00075241
22:22||813200000||611709||0.00075241
22:23||813591500||612460||0.00075241
22:24||813591500||612460||0.00075241
22:25||813548500||612460||0.00075241
22:26||813591500||612460||0.00075241
22:27||813001000||612462||0.00075241
22:28||813250500||612462||0.00075241
22:29||813250500||612462||0.00075241
22:30||813250000||612462||0.00075241
22:31||813000000||610956||0.00075241
22:32||812999000||610956||0.00075241
22:33||812999000||610956||0.00075241
22:34||812999000||610957||0.00075241
22:35||812999000||612459||0.00075241
22:36||812999000||612459||0.00075241
22:37||812999000||610957||0.00075241
22:38||812979000||612429||0.00075241
22:39||812735500||612429||0.00075241
22:40||812735500||612429||0.00075241
22:41||812490500||612429||0.00075241
22:42||812490500||610957||0.00075241
22:43||812240000||610957||0.00075241
22:44||812240000||610957||0.00075241
22:45||812170500||610957||0.00075241
22:46||812139000||610957||0.00075241
22:47||812067500||610957||0.00075241
22:48||812067500||611434||0.00075241
22:49||812067500||611434||0.00075241
22:50||812067500||611434||0.00075241
22:51||812067500||611434||0.00075241
22:52||812632500||611434||0.00075241
22:53||811500500||610580||0.00075241
22:54||811001500||610580||0.00075241
22:55||810502500||609829||0.00075241
22:56||811726000||609829||0.00075241
22:57||810844000||609829||0.00075241
22:58||810795000||609829||0.00075241
22:59||810795000||610270||0.00075241
23:00||807044000||604185||0.00075241
23:01||806094500||604185||0.00075241
23:02||803957000||604185||0.00075241
23:03||804151500||604185||0.00075241
23:04||805402000||607799||0.00075241
23:05||805402500||604185||0.00075241
23:06||805903500||608552||0.00075241
23:07||805903500||608552||0.00075241
23:08||805903500||608552||0.00075241
23:09||806153500||608552||0.00075241
23:10||806153500||608552||0.00075241
23:11||806100500||608552||0.00075241
23:12||806100500||608473||0.00075241
23:13||806100500||608473||0.00075241
23:14||808583000||608473||0.00075241
23:15||805990000||608473||0.00075241
23:16||805939500||608230||0.00075241
23:17||805939500||608230||0.00075241
23:18||805939500||608230||0.00075241
23:19||805890000||608230||0.00075241
23:20||805890000||608230||0.00075241
23:21||805890000||608230||0.00075241
23:22||805890500||608230||0.00075241
23:23||803503500||608156||0.00075241
23:24||803503500||604563||0.00075241
23:25||804540500||606124||0.00075241
23:26||803503500||606124||0.00075241
23:27||804541000||604564||0.00075241
23:28||804542000||604564||0.00075241
23:29||805892000||608229||0.00075241
23:30||805840500||608229||0.00075241
23:31||805793000||608078||0.00075241
23:32||805744500||608078||0.00075241
23:33||805254000||604568||0.00075241
23:34||803508000||604568||0.00075241
23:35||803508000||604568||0.00075241
23:36||803508000||604568||0.00075241
23:37||803509500||604568||0.00075241
23:38||803508000||604565||0.00075241
23:39||805254000||604568||0.00075241
23:40||805254000||604568||0.00075241
23:41||805254000||604568||0.00075241
23:42||805254000||604568||0.00075241
23:43||805254000||604568||0.00075241
23:44||805219000||604568||0.00075241
23:45||805219000||604568||0.00075241
