00:00||762998500||574088||0.00075241
00:01||763199500||574088||0.00075241
00:02||763200000||574088||0.00075241
00:03||763105000||574246||0.00075241
00:04||763209500||574246||0.00075241
00:05||763209500||574246||0.00075241
00:06||763209500||574246||0.00075241
00:07||763209500||574246||0.00075241
00:08||763209500||574246||0.00075241
00:09||763209500||574246||0.00075241
00:10||763209500||574246||0.00075241
00:11||763209500||574246||0.00075241
00:12||763209500||574246||0.00075241
00:13||762773000||574088||0.00075241
00:14||762331000||573712||0.00075241
00:15||761672000||572848||0.00075241
00:16||761535000||572641||0.00075241
00:17||761535000||572641||0.00075241
00:18||760778500||572641||0.00075241
00:19||760778500||572632||0.00075241
00:20||760778500||572632||0.00075241
00:21||760778500||572632||0.00075241
00:22||760492500||572632||0.00075241
00:23||760492500||572632||0.00075241
00:24||759747000||571079||0.00075241
00:25||758235500||571079||0.00075241
00:26||758250500||571079||0.00075241
00:27||758966500||571079||0.00075241
00:28||758994000||571079||0.00075241
00:29||758994000||571079||0.00075241
00:30||758994000||571079||0.00075241
00:31||758776000||571079||0.00075241
00:32||759484500||571091||0.00075241
00:33||758300000||571092||0.00075241
00:34||758300000||571092||0.00075241
00:35||758300000||571092||0.00075241
00:36||758286000||571092||0.00075241
00:37||758550000||571092||0.00075241
00:38||758800000||571092||0.00075241
00:39||758778000||569991||0.00075241
00:40||759000000||569991||0.00075241
00:41||758999500||569991||0.00075241
00:42||758735000||569991||0.00075241
00:43||758735000||569991||0.00075241
00:44||758490000||569991||0.00075241
00:45||758490000||569991||0.00075241
00:46||758245000||570695||0.00075241
00:47||758245000||570695||0.00075241
00:48||758980500||571831||0.00075241
00:49||758980000||571831||0.00075241
00:50||758956000||570327||0.00075241
00:51||758931500||570327||0.00075241
00:52||758490000||571064||0.00075241
00:53||759470000||571064||0.00075241
00:54||759470000||571064||0.00075241
00:55||759470000||571064||0.00075241
00:56||759470000||571064||0.00075241
00:57||759470000||571064||0.00075241
00:58||759435500||571064||0.00075241
00:59||759435500||571064||0.00075241
01:00||759435500||571064||0.00075241
01:01||759435500||571064||0.00075241
01:02||759435500||571064||0.00075241
01:03||759435500||571064||0.00075241
01:04||759435500||571064||0.00075241
01:05||759435500||571064||0.00075241
01:06||759435500||571064||0.00075241
01:07||759435500||571064||0.00075241
01:08||759435500||571064||0.00075241
01:09||759435500||571064||0.00075241
01:10||759435500||571064||0.00075241
01:11||759435500||571064||0.00075241
01:12||759435500||572486||0.00075241
01:13||759435500||570326||0.00075241
01:14||759435500||570326||0.00075241
01:15||759435500||570326||0.00075241
01:16||759435500||570326||0.00075241
01:17||759435500||570326||0.00075241
01:18||759435500||570326||0.00075241
01:19||759435500||570326||0.00075241
01:20||759435500||570326||0.00075241
01:21||759127500||570326||0.00075241
01:22||759127500||570326||0.00075241
01:23||759127500||570326||0.00075241
01:24||759127500||570326||0.00075241
01:25||759127500||570326||0.00075241
01:26||759127500||570326||0.00075241
01:27||757763000||570304||0.00075241
01:28||757324000||569991||0.00075241
01:29||757324000||569991||0.00075241
01:30||757324000||569991||0.00075241
01:31||757324000||569991||0.00075241
01:32||757324000||569991||0.00075241
01:33||757324000||569991||0.00075241
01:34||757324000||569991||0.00075241
01:35||757324000||569991||0.00075241
01:36||757324000||569991||0.00075241
01:37||757119500||569766||0.00075241
01:38||756743500||569574||0.00075241
01:39||756230500||569248||0.00075241
01:40||756230500||569248||0.00075241
01:41||756230500||569248||0.00075241
01:42||756230500||569236||0.00075241
01:43||756230500||569236||0.00075241
01:44||756230500||569236||0.00075241
01:45||756230500||569236||0.00075241
01:46||756230500||568754||0.00075241
01:47||756230500||569236||0.00075241
01:48||756230500||569236||0.00075241
01:49||756230500||569236||0.00075241
01:50||756230500||569236||0.00075241
01:51||756230500||569236||0.00075241
01:52||756230500||569236||0.00075241
01:53||756230500||568754||0.00075241
01:54||756230500||568754||0.00075241
01:55||756230500||568754||0.00075241
01:56||756230500||568754||0.00075241
01:57||756230500||568754||0.00075241
01:58||756230500||568754||0.00075241
01:59||756230500||568754||0.00075241
02:00||756230500||568754||0.00075241
02:01||756230500||568754||0.00075241
02:02||756230500||568754||0.00075241
02:03||756230500||568754||0.00075241
02:04||756230500||568754||0.00075241
02:05||755909500||568754||0.00075241
02:06||755909500||568754||0.00075241
02:07||755704500||568445||0.00075241
02:08||755499500||568445||0.00075241
02:09||755499500||568445||0.00075241
02:10||755499500||568445||0.00075241
02:11||755499500||568445||0.00075241
02:12||755499500||568445||0.00075241
02:13||755499500||568445||0.00075241
02:14||755499500||568445||0.00075241
02:15||755499500||568445||0.00075241
02:16||755499500||568445||0.00075241
02:17||755499500||568445||0.00075241
02:18||755499500||568445||0.00075241
02:19||755499500||568445||0.00075241
02:20||755499500||568445||0.00075241
02:21||755499500||568445||0.00075241
02:22||755499500||568445||0.00075241
02:23||755499500||568445||0.00075241
02:24||755499500||568445||0.00075241
02:25||758621000||568445||0.00075241
02:26||759988000||568445||0.00075241
02:27||759656500||568445||0.00075241
02:28||756866500||570590||0.00075241
02:29||757550500||570590||0.00075241
02:30||757550500||570590||0.00075241
02:31||756866500||570502||0.00075241
02:32||756866500||570502||0.00075241
02:33||756866500||570502||0.00075241
02:34||756866500||570502||0.00075241
02:35||757117000||570502||0.00075241
02:36||757117000||570502||0.00075241
02:37||757117000||570502||0.00075241
02:38||757117000||570502||0.00075241
02:39||757117000||570502||0.00075241
02:40||757117000||570502||0.00075241
02:41||757117000||570502||0.00075241
02:42||757117000||570502||0.00075241
02:43||757117000||570502||0.00075241
02:44||757117000||570502||0.00075241
02:45||757117000||570502||0.00075241
02:46||757117000||570502||0.00075241
02:47||757117000||570502||0.00075241
02:48||757117000||570502||0.00075241
02:49||757117000||570502||0.00075241
02:50||757117000||570502||0.00075241
02:51||757117000||570502||0.00075241
02:52||757117000||570502||0.00075241
02:53||757117000||570502||0.00075241
02:54||757117000||570502||0.00075241
02:55||755747500||568821||0.00075241
02:56||754440000||568069||0.00075241
02:57||754440000||568069||0.00075241
02:58||754440000||568069||0.00075241
02:59||754440000||567977||0.00075241
03:00||754440000||567977||0.00075241
03:01||754440000||567977||0.00075241
03:02||754440000||567977||0.00075241
03:03||754440000||567977||0.00075241
03:04||754440000||567977||0.00075241
03:05||754440000||567977||0.00075241
03:06||754440000||567977||0.00075241
03:07||754440000||567977||0.00075241
03:08||754440000||567977||0.00075241
03:09||754440000||567977||0.00075241
03:10||754440000||567977||0.00075241
03:11||754440000||567977||0.00075241
03:12||754440000||567977||0.00075241
03:13||754599500||567558||0.00075241
03:14||754599500||567558||0.00075241
03:15||754599500||567558||0.00075241
03:16||754599500||567558||0.00075241
03:17||754599500||567558||0.00075241
03:18||754599500||567558||0.00075241
03:19||754599500||567558||0.00075241
03:20||754440500||567319||0.00075241
03:21||754440500||567319||0.00075241
03:22||754440500||567319||0.00075241
03:23||754440500||567319||0.00075241
03:24||754440500||567319||0.00075241
03:25||754449500||567319||0.00075241
03:26||754510500||567319||0.00075241
03:27||754510500||567319||0.00075241
03:28||754510500||567319||0.00075241
03:29||754510500||567319||0.00075241
03:30||754510500||567319||0.00075241
03:31||754510500||567319||0.00075241
03:32||754501500||567319||0.00075241
03:33||754501500||567319||0.00075241
03:34||754501500||567319||0.00075241
03:35||754491500||567319||0.00075241
03:36||754491500||567319||0.00075241
03:37||754501500||567319||0.00075241
03:38||754511500||567319||0.00075241
03:39||754501500||567319||0.00075241
03:40||754501500||567319||0.00075241
03:41||754491500||567319||0.00075241
03:42||754491500||567319||0.00075241
03:43||754491500||567319||0.00075241
03:44||754491500||567319||0.00075241
03:45||754491500||567319||0.00075241
03:46||754491500||567319||0.00075241
03:47||748656500||563912||0.00075241
03:48||745436000||563160||0.00075241
03:49||745640500||563160||0.00075241
03:50||745640500||563160||0.00075241
03:51||741377000||558645||0.00075241
03:52||740689000||557588||0.00075241
03:53||740689000||557049||0.00075241
03:54||737270500||556783||0.00075241
03:55||737270500||556340||0.00075241
03:56||737270500||556340||0.00075241
03:57||737270500||556340||0.00075241
03:58||737315500||556340||0.00075241
03:59||734309000||553021||0.00075241
04:00||734309000||553021||0.00075241
04:01||733051500||552264||0.00075241
04:02||731264500||550409||0.00075241
04:03||731264500||550409||0.00075241
04:04||731279000||550409||0.00075241
04:05||735423500||550409||0.00075241
04:06||735934000||556653||0.00075241
04:07||736031000||556653||0.00075241
04:08||737444500||556653||0.00075241
04:09||737444500||557912||0.00075241
04:10||737499500||557911||0.00075241
04:11||736755000||557911||0.00075241
04:12||737867500||557911||0.00075241
04:13||737867000||557911||0.00075241
04:14||737867000||556782||0.00075241
04:15||737869000||556782||0.00075241
04:16||739999500||556782||0.00075241
04:17||739999500||556783||0.00075241
04:18||739999500||556783||0.00075241
04:19||742500000||556783||0.00075241
04:20||741999500||556783||0.00075241
04:21||741499500||556783||0.00075241
04:22||741499500||556783||0.00075241
04:23||741499500||556783||0.00075241
04:24||741499500||556783||0.00075241
04:25||741499500||556783||0.00075241
04:26||741499500||556783||0.00075241
04:27||740749500||557912||0.00075241
04:28||740749500||557912||0.00075241
04:29||740616500||557912||0.00075241
04:30||740616500||557912||0.00075241
04:31||740601500||557912||0.00075241
04:32||740599500||557912||0.00075241
04:33||740599500||557912||0.00075241
04:34||740002500||556782||0.00075241
04:35||739999500||556782||0.00075241
04:36||730800000||550011||0.00075241
04:37||730800000||550011||0.00075241
04:38||730800000||550011||0.00075241
04:39||730800000||550011||0.00075241
04:40||734550500||555654||0.00075241
04:41||737551000||555654||0.00075241
04:42||737550000||555654||0.00075241
04:43||733625000||545497||0.00075241
04:44||723000500||545497||0.00075241
04:45||723000500||545497||0.00075241
04:46||722500500||545497||0.00075241
04:47||722500500||545497||0.00075241
04:48||724020000||545497||0.00075241
04:49||724529500||545497||0.00075241
04:50||724784000||545497||0.00075241
04:51||724999500||545497||0.00075241
04:52||729849500||552795||0.00075241
04:53||729849500||552795||0.00075241
04:54||730850000||552795||0.00075241
04:55||731850000||548506||0.00075241
04:56||731750000||548506||0.00075241
04:57||731745000||548506||0.00075241
04:58||727500000||547754||0.00075241
04:59||727000000||546249||0.00075241
05:00||727020000||546249||0.00075241
05:01||726999000||546249||0.00075241
05:02||727018500||546249||0.00075241
05:03||727998500||547752||0.00075241
05:04||727019500||547754||0.00075241
05:05||733999500||547754||0.00075241
05:06||730148500||552268||0.00075241
05:07||733994500||552268||0.00075241
05:08||733994000||552260||0.00075241
05:09||730075000||552260||0.00075241
05:10||730810000||547476||0.00075241
05:11||730765000||552261||0.00075241
05:12||730777000||552261||0.00075241
05:13||730935500||552261||0.00075241
05:14||731195000||552261||0.00075241
05:15||731194500||552261||0.00075241
05:16||731442500||552261||0.00075241
05:17||731442500||548571||0.00075241
05:18||731442500||548571||0.00075241
05:19||731441500||548571||0.00075241
05:20||731442500||548571||0.00075241
05:21||731937000||548571||0.00075241
05:22||731738000||548571||0.00075241
05:23||732153500||551817||0.00075241
05:24||732516500||551516||0.00075241
05:25||732522000||551098||0.00075241
05:26||732599500||551098||0.00075241
05:27||732599500||551098||0.00075241
05:28||732599500||551098||0.00075241
05:29||732599500||551098||0.00075241
05:30||732599500||551098||0.00075241
05:31||732599500||551098||0.00075241
05:32||732599500||551098||0.00075241
05:33||731803500||551214||0.00075241
05:34||731803500||551214||0.00075241
05:35||731673000||550042||0.00075241
05:36||731799500||550612||0.00075241
05:37||732596500||551213||0.00075241
05:38||732599500||551213||0.00075241
05:39||732599500||551213||0.00075241
05:40||733048500||551891||0.00075241
05:41||733497500||551891||0.00075241
05:42||733497500||551890||0.00075241
05:43||736999500||552261||0.00075241
05:44||736999500||552261||0.00075241
05:45||737499000||554526||0.00075241
05:46||739004500||555278||0.00075241
05:47||740275000||557912||0.00075241
05:48||742249500||559040||0.00075241
05:49||742749500||559793||0.00075241
05:50||742749500||559793||0.00075241
05:51||742749000||557911||0.00075241
05:52||742920500||560094||0.00075241
05:53||742724500||559755||0.00075241
05:54||742719500||559755||0.00075241
05:55||743969500||559793||0.00075241
05:56||742949000||560093||0.00075241
05:57||744449000||560169||0.00075241
05:58||744449000||560169||0.00075241
05:59||744449000||560169||0.00075241
06:00||744449000||560169||0.00075241
06:01||744449000||560169||0.00075241
06:02||744749500||560169||0.00075241
06:03||744749500||560544||0.00075241
06:04||744749500||560544||0.00075241
06:05||744749500||560544||0.00075241
06:06||742743000||560544||0.00075241
06:07||744995500||560544||0.00075241
06:08||744995500||560541||0.00075241
06:09||744995500||560541||0.00075241
06:10||741037000||560422||0.00075241
06:11||741410500||560422||0.00075241
06:12||741166000||560422||0.00075241
06:13||741061500||560422||0.00075241
06:14||740768500||560422||0.00075241
06:15||741307000||560422||0.00075241
06:16||742814500||559182||0.00075241
06:17||740646000||559182||0.00075241
06:18||740646000||559182||0.00075241
06:19||740646000||559182||0.00075241
06:20||740646000||559182||0.00075241
06:21||741136000||559182||0.00075241
06:22||741136000||559182||0.00075241
06:23||741536000||559784||0.00075241
06:24||741536000||559784||0.00075241
06:25||741536000||559784||0.00075241
06:26||742034000||559784||0.00075241
06:27||742034000||559784||0.00075241
06:28||742034000||559784||0.00075241
06:29||747121000||560545||0.00075241
06:30||747121000||560545||0.00075241
06:31||747121000||560545||0.00075241
06:32||747121000||560545||0.00075241
06:33||747120500||560545||0.00075241
06:34||748141000||560545||0.00075241
06:35||748841000||560545||0.00075241
06:36||748180500||560545||0.00075241
06:37||748180500||562215||0.00075241
06:38||748179000||562215||0.00075241
06:39||748619500||562215||0.00075241
06:40||746640000||562215||0.00075241
06:41||747127500||563611||0.00075241
06:42||747127500||563611||0.00075241
06:43||747125000||563659||0.00075241
06:44||747125000||563659||0.00075241
06:45||747154500||563659||0.00075241
06:46||747154500||563659||0.00075241
06:47||747154500||563659||0.00075241
06:48||747090500||563659||0.00075241
06:49||746179000||563659||0.00075241
06:50||746178500||563659||0.00075241
06:51||746199500||562184||0.00075241
06:52||746200000||562184||0.00075241
06:53||746200000||562184||0.00075241
06:54||746200000||562184||0.00075241
06:55||746200000||562184||0.00075241
06:56||746200000||562184||0.00075241
06:57||746200000||562184||0.00075241
06:58||746601500||562184||0.00075241
06:59||748019500||562080||0.00075241
07:00||748019500||562080||0.00075241
07:01||748019500||563554||0.00075241
07:02||748019500||563554||0.00075241
07:03||748019500||563554||0.00075241
07:04||748015000||563554||0.00075241
07:05||747031500||563547||0.00075241
07:06||747008000||563547||0.00075241
07:07||747007000||563547||0.00075241
07:08||747007000||563547||0.00075241
07:09||747007000||563547||0.00075241
07:10||747007000||563547||0.00075241
07:11||754689000||567828||0.00075241
07:12||756672500||568069||0.00075241
07:13||759083000||570527||0.00075241
07:14||752499000||570527||0.00075241
07:15||753199500||570527||0.00075241
07:16||753450500||570527||0.00075241
07:17||755949500||570527||0.00075241
07:18||755950000||570527||0.00075241
07:19||757454000||570527||0.00075241
07:20||757454000||570527||0.00075241
07:21||757454000||570527||0.00075241
07:22||757454000||571754||0.00075241
07:23||757435000||568077||0.00075241
07:24||757930000||568077||0.00075241
07:25||757935000||568077||0.00075241
07:26||757935000||568077||0.00075241
07:27||758005000||571831||0.00075241
07:28||758005000||571831||0.00075241
07:29||758005000||571831||0.00075241
07:30||758005000||571831||0.00075241
07:31||758005000||571831||0.00075241
07:32||758500000||571831||0.00075241
07:33||758500000||571831||0.00075241
07:34||758500000||571831||0.00075241
07:35||759502500||572587||0.00075241
07:36||760005000||572587||0.00075241
07:37||760007000||575593||0.00075241
07:38||762000000||575593||0.00075241
07:39||761995500||575586||0.00075241
07:40||761995000||575585||0.00075241
07:41||761999000||575585||0.00075241
07:42||761999000||571085||0.00075241
07:43||762494500||571085||0.00075241
07:44||762495000||571085||0.00075241
07:45||762524500||571085||0.00075241
07:46||762524000||571085||0.00075241
07:47||762525000||571085||0.00075241
07:48||762540000||571085||0.00075241
07:49||762545000||571085||0.00075241
07:50||762989500||571085||0.00075241
07:51||762980500||572592||0.00075241
07:52||763490500||575571||0.00075241
07:53||763490500||575571||0.00075241
07:54||763584500||575571||0.00075241
07:55||763725000||575571||0.00075241
07:56||764400000||575571||0.00075241
07:57||762783500||571906||0.00075241
07:58||762783500||571906||0.00075241
07:59||762780000||575267||0.00075241
08:00||762783500||575267||0.00075241
08:01||762783500||575267||0.00075241
08:02||762784000||575267||0.00075241
08:03||762780500||575267||0.00075241
08:04||762778000||575258||0.00075241
08:05||762778000||575258||0.00075241
08:06||762775500||575258||0.00075241
08:07||762750000||575258||0.00075241
08:08||762770000||575258||0.00075241
08:09||762745500||575258||0.00075241
08:10||762000500||575258||0.00075241
08:11||762000500||575258||0.00075241
08:12||761750500||575258||0.00075241
08:13||761750500||575258||0.00075241
08:14||761750500||575258||0.00075241
08:15||761745500||575258||0.00075241
08:16||761250500||572584||0.00075241
08:17||761250500||572584||0.00075241
08:18||761250500||572584||0.00075241
08:19||761001500||572584||0.00075241
08:20||761001500||572585||0.00075241
08:21||760550500||572584||0.00075241
08:22||760551000||572584||0.00075241
08:23||760601000||572584||0.00075241
08:24||760750000||572584||0.00075241
08:25||760750500||572584||0.00075241
08:26||760750500||572584||0.00075241
08:27||761250500||572584||0.00075241
08:28||761726000||573675||0.00075241
08:29||761726000||573675||0.00075241
08:30||761995000||573675||0.00075241
08:31||762999500||573712||0.00075241
08:32||767100500||579355||0.00075241
08:33||768600000||579355||0.00075241
08:34||771601000||583870||0.00075241
08:35||776450000||583794||0.00075241
08:36||775900500||583795||0.00075241
08:37||772951000||579356||0.00075241
08:38||772952500||579359||0.00075241
08:39||772900500||579359||0.00075241
08:40||772401000||579359||0.00075241
08:41||772386000||579359||0.00075241
08:42||772059500||579359||0.00075241
08:43||771060000||579359||0.00075241
08:44||772061500||582365||0.00075241
08:45||772749500||582365||0.00075241
08:46||773124500||581424||0.00075241
08:47||772786500||581424||0.00075241
08:48||773250000||582365||0.00075241
08:49||773300000||582365||0.00075241
08:50||771710000||582365||0.00075241
08:51||773589000||584621||0.00075241
08:52||773597000||584621||0.00075241
08:53||774050000||584621||0.00075241
08:54||776899500||584546||0.00075241
08:55||774750000||584621||0.00075241
08:56||774995000||584621||0.00075241
08:57||775245000||584621||0.00075241
08:58||775495000||584621||0.00075241
08:59||775495000||584615||0.00075241
09:00||775495000||584615||0.00075241
09:01||775995000||584615||0.00075241
09:02||775996000||584615||0.00075241
09:03||776495500||583870||0.00075241
09:04||776496000||583871||0.00075241
09:05||776496000||583871||0.00075241
09:06||776994500||584615||0.00075241
09:07||777050500||585374||0.00075241
09:08||778500000||586127||0.00075241
09:09||780499500||588383||0.00075241
09:10||782499000||589136||0.00075241
09:11||781499500||589136||0.00075241
09:12||780500000||589136||0.00075241
09:13||780500000||589136||0.00075241
09:14||780900000||587632||0.00075241
09:15||781999000||587632||0.00075241
09:16||781999000||589135||0.00075241
09:17||782039000||589135||0.00075241
09:18||781750000||589135||0.00075241
09:19||781750000||588384||0.00075241
09:20||781745000||588384||0.00075241
09:21||781500500||588009||0.00075241
09:22||781500500||588009||0.00075241
09:23||781500500||588009||0.00075241
09:24||781500500||588009||0.00075241
09:25||781751000||588384||0.00075241
09:26||782250000||588760||0.00075241
09:27||782250000||588760||0.00075241
09:28||782275000||588760||0.00075241
09:29||782270500||588760||0.00075241
09:30||782270500||588754||0.00075241
09:31||782265500||588746||0.00075241
09:32||782050500||588746||0.00075241
09:33||782050500||588422||0.00075241
09:34||782050500||588422||0.00075241
09:35||781542000||588422||0.00075241
09:36||781081500||587693||0.00075241
09:37||780500500||587632||0.00075241
09:38||779495000||586879||0.00075241
09:39||778002500||586119||0.00075241
09:40||776003000||583873||0.00075241
09:41||774037500||582421||0.00075241
09:42||774037000||582421||0.00075241
09:43||774037500||582421||0.00075241
09:44||774025500||582402||0.00075241
09:45||774026000||582402||0.00075241
09:46||776451000||586052||0.00075241
09:47||778945000||586052||0.00075241
09:48||778995000||586879||0.00075241
09:49||779995000||586872||0.00075241
09:50||779000000||586879||0.00075241
09:51||779000000||586879||0.00075241
09:52||779000000||586879||0.00075241
09:53||779000000||586879||0.00075241
09:54||779000000||586879||0.00075241
09:55||779000500||586879||0.00075241
09:56||779002500||586883||0.00075241
09:57||777312000||586883||0.00075241
09:58||777312000||586883||0.00075241
09:59||777312000||586883||0.00075241
10:00||777312000||586883||0.00075241
10:01||777318000||586883||0.00075241
10:02||777502500||586883||0.00075241
10:03||778502500||586883||0.00075241
10:04||778507000||586883||0.00075241
10:05||778512000||586883||0.00075241
10:06||778612000||586883||0.00075241
10:07||778667000||586883||0.00075241
10:08||778727000||586883||0.00075241
10:09||779224500||587632||0.00075241
10:10||779750000||585043||0.00075241
10:11||780005500||588008||0.00075241
10:12||780005000||588008||0.00075241
10:13||779064500||588008||0.00075241
10:14||779169500||588008||0.00075241
10:15||779175000||588008||0.00075241
10:16||779180500||586879||0.00075241
10:17||780145000||588383||0.00075241
10:18||780146000||588383||0.00075241
10:19||779683000||588383||0.00075241
10:20||779656500||588383||0.00075241
10:21||779631500||588383||0.00075241
10:22||779413500||588383||0.00075241
10:23||779439500||588383||0.00075241
10:24||779440500||588383||0.00075241
10:25||778941000||588383||0.00075241
10:26||778941000||586503||0.00075241
10:27||778946000||586503||0.00075241
10:28||778946000||586503||0.00075241
10:29||779000000||585751||0.00075241
10:30||779000000||585751||0.00075241
10:31||779235000||586879||0.00075241
10:32||779235000||586879||0.00075241
10:33||779235000||586879||0.00075241
10:34||779235000||585751||0.00075241
10:35||779225000||585751||0.00075241
10:36||779225000||585751||0.00075241
10:37||779225000||585751||0.00075241
10:38||779225000||585751||0.00075241
10:39||779225000||585751||0.00075241
10:40||779225000||585751||0.00075241
10:41||779239500||586834||0.00075241
10:42||779239500||586856||0.00075241
10:43||779239500||586856||0.00075241
10:44||779239500||586856||0.00075241
10:45||779239500||586856||0.00075241
10:46||779239500||586856||0.00075241
10:47||779244000||586856||0.00075241
10:48||779247000||586856||0.00075241
10:49||779247500||586856||0.00075241
10:50||779249500||585770||0.00075241
10:51||779251000||585770||0.00075241
10:52||779983500||586856||0.00075241
10:53||779984500||586879||0.00075241
10:54||779269500||586879||0.00075241
10:55||779269500||586879||0.00075241
10:56||779272500||586879||0.00075241
10:57||779273000||586879||0.00075241
10:58||779298000||586879||0.00075241
10:59||779298000||586879||0.00075241
11:00||779298000||586879||0.00075241
11:01||779798000||587631||0.00075241
11:02||780499500||588383||0.00075241
11:03||780749500||588383||0.00075241
11:04||780750000||588383||0.00075241
11:05||783250000||590927||0.00075241
11:06||783970000||591018||0.00075241
11:07||783970500||591018||0.00075241
11:08||784000000||590972||0.00075241
11:09||784000000||588761||0.00075241
11:10||784003500||588761||0.00075241
11:11||784003500||588766||0.00075241
11:12||784245000||591010||0.00075241
11:13||784245000||589137||0.00075241
11:14||784245500||589137||0.00075241
11:15||784245500||589137||0.00075241
11:16||783500500||589137||0.00075241
11:17||783001500||589138||0.00075241
11:18||783001500||589138||0.00075241
11:19||783001500||589138||0.00075241
11:20||783001500||589138||0.00075241
11:21||783001500||589138||0.00075241
11:22||783001500||589138||0.00075241
11:23||783001500||589138||0.00075241
11:24||781320500||586503||0.00075241
11:25||781321000||589138||0.00075241
11:26||781367500||589138||0.00075241
11:27||781465000||589138||0.00075241
11:28||782035500||589889||0.00075241
11:29||782074500||589889||0.00075241
11:30||782074000||586933||0.00075241
11:31||782148000||586933||0.00075241
11:32||782234500||589888||0.00075241
11:33||782401500||589888||0.00075241
11:34||782923500||589888||0.00075241
11:35||782924000||589888||0.00075241
11:36||783179000||589888||0.00075241
11:37||783179000||589888||0.00075241
11:38||783178500||589887||0.00075241
11:39||783195500||589887||0.00075241
11:40||783547000||589887||0.00075241
11:41||783178500||588656||0.00075241
11:42||782680500||588656||0.00075241
11:43||783453500||589887||0.00075241
11:44||783462500||589887||0.00075241
11:45||783519500||589889||0.00075241
11:46||783553500||589889||0.00075241
11:47||783999500||589889||0.00075241
11:48||783999500||589888||0.00075241
11:49||783999500||589888||0.00075241
11:50||783999500||589889||0.00075241
11:51||783999500||589889||0.00075241
11:52||783999500||589889||0.00075241
11:53||783999500||589889||0.00075241
11:54||783999500||589889||0.00075241
11:55||783999500||589889||0.00075241
11:56||783999500||589889||0.00075241
11:57||783999500||589889||0.00075241
11:58||783999500||589889||0.00075241
11:59||783999500||589889||0.00075241
12:00||783999500||589889||0.00075241
12:01||783999500||589889||0.00075241
12:02||783999500||589889||0.00075241
12:03||783999500||589889||0.00075241
12:04||783999500||589889||0.00075241
12:05||783999500||589889||0.00075241
12:06||783999500||589889||0.00075241
12:07||783999500||589889||0.00075241
12:08||783999500||589888||0.00075241
12:09||783999500||589888||0.00075241
12:10||783999500||589889||0.00075241
12:11||783500500||589888||0.00075241
12:12||783500500||589888||0.00075241
12:13||783500500||589888||0.00075241
12:14||783500500||589889||0.00075241
12:15||783300500||589889||0.00075241
12:16||783000500||589889||0.00075241
12:17||783300000||589889||0.00075241
12:18||783300000||589137||0.00075241
12:19||783300000||589588||0.00075241
12:20||783300000||589588||0.00075241
12:21||783300000||589588||0.00075241
12:22||783300000||589588||0.00075241
12:23||783300000||589588||0.00075241
12:24||783300000||589588||0.00075241
12:25||783300000||589588||0.00075241
12:26||783300000||589588||0.00075241
12:27||783300000||589588||0.00075241
12:28||783300000||589588||0.00075241
12:29||783300000||589137||0.00075241
12:30||783300000||589137||0.00075241
12:31||783300000||589137||0.00075241
12:32||783306000||589137||0.00075241
12:33||783306000||589137||0.00075241
12:34||783306000||589588||0.00075241
12:35||784505500||589889||0.00075241
12:36||784554000||589889||0.00075241
12:37||784589000||589889||0.00075241
12:38||785509500||589889||0.00075241
12:39||785994500||589889||0.00075241
12:40||785994500||589889||0.00075241
12:41||785995000||589889||0.00075241
12:42||785995000||591393||0.00075241
12:43||785995000||591393||0.00075241
12:44||785995000||591393||0.00075241
12:45||785992500||591393||0.00075241
12:46||785992500||591393||0.00075241
12:47||785994500||591393||0.00075241
12:48||785994500||591393||0.00075241
12:49||785994500||591393||0.00075241
12:50||785994500||591386||0.00075241
12:51||785994500||591393||0.00075241
12:52||785998500||591393||0.00075241
12:53||785998500||591392||0.00075241
12:54||785998500||591392||0.00075241
12:55||785998500||591392||0.00075241
12:56||785998500||591392||0.00075241
12:57||786499000||592146||0.00075241
12:58||786498500||592146||0.00075241
12:59||786498500||592146||0.00075241
13:00||786998500||592146||0.00075241
13:01||786998500||592145||0.00075241
13:02||788999500||592146||0.00075241
13:03||788999500||592146||0.00075241
13:04||788999500||592146||0.00075241
13:05||788999500||593651||0.00075241
13:06||788999500||593651||0.00075241
13:07||788999500||593651||0.00075241
13:08||788999500||593651||0.00075241
13:09||788999500||593651||0.00075241
13:10||788999500||593650||0.00075241
13:11||788999500||593650||0.00075241
13:12||788999500||593650||0.00075241
13:13||788999500||593650||0.00075241
13:14||788999500||593650||0.00075241
13:15||788999500||593650||0.00075241
13:16||791470000||594433||0.00075241
13:17||791068500||594506||0.00075241
13:18||791518500||596585||0.00075241
13:19||790568500||594506||0.00075241
13:20||790999500||594506||0.00075241
13:21||790999500||594506||0.00075241
13:22||791049500||595231||0.00075241
13:23||791051000||595908||0.00075241
13:24||791523000||595908||0.00075241
13:25||791754500||595908||0.00075241
13:26||791999500||595908||0.00075241
13:27||792500000||595908||0.00075241
13:28||792745000||596646||0.00075241
13:29||792745000||596646||0.00075241
13:30||792865000||596646||0.00075241
13:31||792928500||596568||0.00075241
13:32||792979500||596645||0.00075241
13:33||792979500||596645||0.00075241
13:34||792984500||596653||0.00075241
13:35||793489500||597413||0.00075241
13:36||793510000||597413||0.00075241
13:37||793755000||597413||0.00075241
13:38||793755000||597413||0.00075241
13:39||793755000||597413||0.00075241
13:40||793755000||597413||0.00075241
13:41||793760500||597413||0.00075241
13:42||793912500||597413||0.00075241
13:43||793999500||597413||0.00075241
13:44||793999500||597413||0.00075241
13:45||794510000||597413||0.00075241
13:46||794510000||598165||0.00075241
13:47||794510000||598165||0.00075241
13:48||794999500||598165||0.00075241
13:49||795999500||598917||0.00075241
13:50||795999500||598917||0.00075241
13:51||795999500||598917||0.00075241
13:52||795999500||598917||0.00075241
13:53||795999500||598917||0.00075241
13:54||795999500||598918||0.00075241
13:55||795999500||598917||0.00075241
13:56||795999500||598917||0.00075241
13:57||795999500||598918||0.00075241
13:58||796999500||599670||0.00075241
13:59||796999500||599670||0.00075241
14:00||797220000||599685||0.00075241
14:01||797220000||599685||0.00075241
14:02||797524500||599685||0.00075241
14:03||796999500||599670||0.00075241
14:04||795504000||598917||0.00075241
14:05||795294000||598172||0.00075241
14:06||795294000||598172||0.00075241
14:07||795109000||598172||0.00075241
14:08||785654500||587632||0.00075241
14:09||786216000||588506||0.00075241
14:10||786294000||588629||0.00075241
14:11||786294000||594484||0.00075241
14:12||786060000||594484||0.00075241
14:13||786120000||594484||0.00075241
14:14||786177500||594484||0.00075241
14:15||787741500||591757||0.00075241
14:16||787741500||593651||0.00075241
14:17||787741000||593651||0.00075241
14:18||787135000||592738||0.00075241
14:19||787135000||592738||0.00075241
14:20||787135000||592738||0.00075241
14:21||787135000||592738||0.00075241
14:22||787134000||591757||0.00075241
14:23||787134000||591757||0.00075241
14:24||787134000||591757||0.00075241
14:25||787134000||591757||0.00075241
14:26||787134000||591757||0.00075241
14:27||787134000||592737||0.00075241
14:28||787134000||592737||0.00075241
14:29||787741500||592738||0.00075241
14:30||788664500||593651||0.00075241
14:31||789903500||594409||0.00075241
14:32||789903500||594409||0.00075241
14:33||789903500||594409||0.00075241
14:34||789903500||594409||0.00075241
14:35||790012500||594409||0.00075241
14:36||790061000||594412||0.00075241
14:37||790061000||594412||0.00075241
14:38||790061000||594412||0.00075241
14:39||790061000||594412||0.00075241
14:40||790106500||594484||0.00075241
14:41||790110500||594490||0.00075241
14:42||790110500||594490||0.00075241
14:43||790111500||594490||0.00075241
14:44||790115500||594497||0.00075241
14:45||791510000||595156||0.00075241
14:46||791999500||595908||0.00075241
14:47||791999500||595907||0.00075241
14:48||791999500||595907||0.00075241
14:49||791999500||595907||0.00075241
14:50||791999500||595907||0.00075241
14:51||791999500||595907||0.00075241
14:52||791999500||595907||0.00075241
14:53||791113500||595908||0.00075241
14:54||791113500||595908||0.00075241
14:55||791113500||595908||0.00075241
14:56||792900000||597263||0.00075241
14:57||792950000||597263||0.00075241
14:58||792950000||597263||0.00075241
14:59||793548500||598163||0.00075241
15:00||793549000||598164||0.00075241
15:01||793774500||598164||0.00075241
15:02||793750000||598164||0.00075241
15:03||793799500||598164||0.00075241
15:04||793799500||598165||0.00075241
15:05||794797500||599667||0.00075241
15:06||794797000||599667||0.00075241
15:07||794700000||596360||0.00075241
15:08||794656500||596360||0.00075241
15:09||794356500||596360||0.00075241
15:10||794263000||596360||0.00075241
15:11||794263000||596360||0.00075241
15:12||794263000||596360||0.00075241
15:13||794263000||598862||0.00075241
15:14||794262500||598862||0.00075241
15:15||795092500||598862||0.00075241
15:16||795092500||598862||0.00075241
15:17||795760000||598862||0.00075241
15:18||795460000||598862||0.00075241
15:19||793800000||597609||0.00075241
15:20||793750000||597609||0.00075241
15:21||791413500||596360||0.00075241
15:23||790013000||594403||0.00075241
15:24||790013000||594403||0.00075241
15:25||790013000||594403||0.00075241
15:26||789399500||594252||0.00075241
15:27||789250000||594252||0.00075241
15:28||789250000||594252||0.00075241
15:29||789250000||594027||0.00075241
15:30||789250000||594027||0.00075241
15:31||789250000||594027||0.00075241
15:32||789250000||594027||0.00075241
15:33||789250000||594027||0.00075241
15:34||789250000||593651||0.00075241
15:35||792140500||595758||0.00075241
15:36||792140000||594020||0.00075241
15:37||792138500||594017||0.00075241
15:38||792138500||594017||0.00075241
15:39||790006500||594017||0.00075241
15:40||790008500||594412||0.00075241
15:41||789861000||594422||0.00075241
15:42||792402500||594422||0.00075241
15:43||792363000||594422||0.00075241
15:44||792362500||597939||0.00075241
15:45||792339000||597939||0.00075241
15:46||792334500||597939||0.00075241
15:47||790003500||597939||0.00075241
15:48||790008500||597939||0.00075241
15:49||789999500||597939||0.00075241
15:50||789999500||594403||0.00075241
15:51||789999500||594403||0.00075241
15:52||789999500||594403||0.00075241
15:53||789994500||594395||0.00075241
15:54||789999500||594395||0.00075241
15:55||789999500||594403||0.00075241
15:56||789999500||594403||0.00075241
15:57||789999500||594403||0.00075241
15:58||789999500||594403||0.00075241
15:59||789999500||594403||0.00075241
16:00||789999500||594403||0.00075241
16:01||789999500||594403||0.00075241
16:02||789999500||594403||0.00075241
16:03||789999500||594403||0.00075241
16:04||789999500||594403||0.00075241
16:05||789999500||594403||0.00075241
16:06||789999500||594403||0.00075241
16:07||789999500||594403||0.00075241
16:08||789999500||594403||0.00075241
16:09||789994000||594403||0.00075241
16:10||789994000||594403||0.00075241
16:11||789994000||594403||0.00075241
16:12||789994000||594403||0.00075241
16:13||789994000||594403||0.00075241
16:14||789987000||594394||0.00075241
16:15||789987000||594394||0.00075241
16:16||789987000||594394||0.00075241
16:17||789993000||594394||0.00075241
16:18||789009500||594394||0.00075241
16:19||788250000||592899||0.00075241
16:20||786882000||592055||0.00075241
16:21||788002000||592899||0.00075241
16:22||788002000||592899||0.00075241
16:23||788002000||592899||0.00075241
16:24||788002000||592899||0.00075241
16:25||788002000||592899||0.00075241
16:26||788002000||592899||0.00075241
16:27||788000500||592899||0.00075241
16:28||788000500||592899||0.00075241
16:29||788000500||592899||0.00075241
16:30||788002500||592899||0.00075241
16:31||788002500||592899||0.00075241
16:32||788002500||592899||0.00075241
16:33||788002500||592899||0.00075241
16:34||788000500||592899||0.00075241
16:35||788000500||592899||0.00075241
16:36||788000500||592899||0.00075241
16:37||788000500||592899||0.00075241
16:38||788000500||592899||0.00075241
16:39||788000500||592899||0.00075241
16:40||788000500||592899||0.00075241
16:41||788000500||592899||0.00075241
16:42||788000500||592899||0.00075241
16:43||788000500||592899||0.00075241
16:44||788000500||592899||0.00075241
16:45||788000500||592899||0.00075241
16:46||788000500||592899||0.00075241
16:47||788000500||592899||0.00075241
16:48||789584500||594403||0.00075241
16:49||797397000||599670||0.00075241
16:50||797397000||599682||0.00075241
16:51||797507000||600256||0.00075241
16:52||797507000||600256||0.00075241
16:53||799507500||601928||0.00075241
16:54||799457500||601928||0.00075241
16:55||799507500||601928||0.00075241
16:56||799457500||601928||0.00075241
16:57||799457500||601928||0.00075241
16:58||799404000||599682||0.00075241
16:59||797517500||600423||0.00075241
17:00||797035500||600423||0.00075241
17:01||797035500||599697||0.00075241
17:02||797035500||599697||0.00075241
17:03||797557500||599697||0.00075241
17:04||797557500||599697||0.00075241
17:05||797575500||599697||0.00075241
17:06||797575500||600375||0.00075241
17:07||797481000||600375||0.00075241
17:08||797226500||600197||0.00075241
17:09||797853000||600197||0.00075241
17:10||797853000||600423||0.00075241
17:11||797853000||600423||0.00075241
17:12||797853000||600423||0.00075241
17:13||797853000||600423||0.00075241
17:14||797998500||600423||0.00075241
17:15||797998500||600423||0.00075241
17:16||797998500||600423||0.00075241
17:17||797998500||600423||0.00075241
17:18||797998500||600423||0.00075241
17:19||797998500||600423||0.00075241
17:20||797998500||600423||0.00075241
17:21||797998500||600423||0.00075241
17:22||797998500||600423||0.00075241
17:23||797998500||600423||0.00075241
17:24||797998500||600422||0.00075241
17:25||797998500||600422||0.00075241
17:26||797999000||600423||0.00075241
17:27||797999000||600423||0.00075241
17:28||797999000||600423||0.00075241
17:29||797999000||600421||0.00075241
17:30||797999000||600421||0.00075241
17:31||797999000||600421||0.00075241
17:32||797999000||600421||0.00075241
17:33||797998500||600421||0.00075241
17:34||797999000||600421||0.00075241
17:35||797999000||600423||0.00075241
17:36||797999500||600422||0.00075241
17:37||797999500||600422||0.00075241
17:38||797999500||600422||0.00075241
17:39||797999500||600422||0.00075241
17:40||797999500||600422||0.00075241
17:41||797999500||600422||0.00075241
17:42||797999500||600422||0.00075241
17:43||797999500||600422||0.00075241
17:44||797999500||600422||0.00075241
17:45||797999500||600422||0.00075241
17:46||797999500||600422||0.00075241
17:47||797999500||600422||0.00075241
17:48||797999500||600422||0.00075241
17:49||797999500||600422||0.00075241
17:50||797999500||600423||0.00075241
17:51||797999500||600423||0.00075241
17:52||797853000||600422||0.00075241
17:53||797507500||599682||0.00075241
17:54||797507500||599682||0.00075241
17:55||797507500||599682||0.00075241
17:56||797507000||599682||0.00075241
17:57||797507000||599682||0.00075241
17:58||797507000||599682||0.00075241
17:59||797507000||599682||0.00075241
18:00||797507500||599682||0.00075241
18:01||795509500||597415||0.00075241
18:02||795501000||597415||0.00075241
18:03||795501000||599670||0.00075241
18:04||795501000||599670||0.00075241
18:05||795501500||599670||0.00075241
18:06||795501500||599670||0.00075241
18:07||795511500||599670||0.00075241
18:08||795511500||599670||0.00075241
18:09||795771500||599670||0.00075241
18:10||794543000||597822||0.00075241
18:11||794539000||597822||0.00075241
18:12||794539000||597822||0.00075241
18:13||794534500||597816||0.00075241
18:14||794533500||597816||0.00075241
18:15||795716500||597816||0.00075241
18:16||795725500||597816||0.00075241
18:17||796871500||599574||0.00075241
18:18||796411000||599574||0.00075241
18:19||796951000||599600||0.00075241
18:20||796473000||598881||0.00075241
18:21||796473000||599667||0.00075241
18:22||796472500||599667||0.00075241
18:23||796472500||599667||0.00075241
18:24||796472500||599667||0.00075241
18:25||796470500||599666||0.00075241
18:26||796472500||599663||0.00075241
18:27||796472500||599663||0.00075241
18:28||796477500||599670||0.00075241
18:29||796499500||599670||0.00075241
18:30||796499000||599670||0.00075241
18:31||796499000||599670||0.00075241
18:32||796499000||599670||0.00075241
18:33||796499000||599667||0.00075241
18:34||796499000||599667||0.00075241
18:35||796499000||599667||0.00075241
18:36||796499000||599667||0.00075241
18:37||796499000||599667||0.00075241
18:38||796499000||599667||0.00075241
18:39||796499000||599667||0.00075241
18:40||796499000||599667||0.00075241
18:41||796499000||598919||0.00075241
18:42||796548000||598919||0.00075241
18:43||796548000||598919||0.00075241
18:44||796545000||598919||0.00075241
18:45||796544500||598919||0.00075241
18:46||796102500||599667||0.00075241
18:47||796102500||599667||0.00075241
18:48||796102500||598995||0.00075241
18:49||796102500||598995||0.00075241
18:50||796102500||598995||0.00075241
18:51||796102500||598995||0.00075241
18:52||796102500||598995||0.00075241
18:53||796102500||598995||0.00075241
18:54||796548500||599667||0.00075241
18:55||796548500||599667||0.00075241
18:56||796549000||599667||0.00075241
18:57||796572500||599667||0.00075241
18:58||796573000||599667||0.00075241
18:59||796573000||599667||0.00075241
19:00||796573000||599667||0.00075241
19:01||796573000||599667||0.00075241
19:02||796572500||599667||0.00075241
19:03||796572000||599667||0.00075241
19:04||796572500||599667||0.00075241
19:05||796572500||599667||0.00075241
19:06||796572000||599667||0.00075241
19:07||796573500||599668||0.00075241
19:08||796574500||599669||0.00075241
19:09||796574500||599669||0.00075241
19:10||796574500||599669||0.00075241
19:11||796574000||599669||0.00075241
19:12||796574500||599031||0.00075241
19:13||796152500||599031||0.00075241
19:14||796573500||599031||0.00075241
19:15||796573500||599031||0.00075241
19:16||796153500||599031||0.00075241
19:17||796153500||599031||0.00075241
19:18||796153500||599031||0.00075241
19:19||796153500||599034||0.00075241
19:20||796177000||599034||0.00075241
19:21||796177000||599068||0.00075241
19:22||796177000||599068||0.00075241
19:23||796177000||599068||0.00075241
19:24||796177500||599068||0.00075241
19:25||796199500||599068||0.00075241
19:26||796199500||599068||0.00075241
19:27||796199500||599068||0.00075241
19:28||796199500||599068||0.00075241
19:29||796199500||599068||0.00075241
19:30||796599500||599068||0.00075241
19:31||796799500||599971||0.00075241
19:32||797100000||599971||0.00075241
19:33||797099500||599971||0.00075241
19:34||797000000||599971||0.00075241
19:35||797000000||599821||0.00075241
19:36||797000000||599821||0.00075241
19:37||797399500||600422||0.00075241
19:38||797101500||600423||0.00075241
19:39||797252500||600423||0.00075241
19:40||797403000||599298||0.00075241
19:41||797653000||599298||0.00075241
19:42||798499500||600423||0.00075241
19:43||798699500||601100||0.00075241
19:44||798800000||600423||0.00075241
19:45||799788500||601925||0.00075241
19:46||799994500||601925||0.00075241
19:47||799994500||601923||0.00075241
19:48||799994500||601923||0.00075241
19:49||799994500||601924||0.00075241
19:50||799994500||601923||0.00075241
19:51||799908500||601549||0.00075241
19:52||799993500||601549||0.00075241
19:53||799993500||601549||0.00075241
19:54||799993500||601922||0.00075241
19:55||799993500||601922||0.00075241
19:56||799993500||601922||0.00075241
19:57||799993500||601922||0.00075241
19:58||799993500||601923||0.00075241
19:59||799993500||601923||0.00075241
20:00||798204000||599528||0.00075241
20:01||797794000||601549||0.00075241
20:02||797795500||601549||0.00075241
20:03||797798000||599610||0.00075241
20:04||797800500||599610||0.00075241
20:05||797455500||599614||0.00075241
20:06||797454500||599614||0.00075241
20:07||796965000||599676||0.00075241
20:08||796966000||599676||0.00075241
20:09||796966000||599676||0.00075241
20:10||796966000||599676||0.00075241
20:11||796966000||599676||0.00075241
20:12||796925500||599676||0.00075241
20:13||796925500||599614||0.00075241
20:14||796925500||599614||0.00075241
20:15||796925500||599614||0.00075241
20:16||796925500||599614||0.00075241
20:17||796925500||599615||0.00075241
20:18||796922000||599615||0.00075241
20:19||796918500||599603||0.00075241
20:20||796918500||599603||0.00075241
20:21||796918500||599603||0.00075241
20:22||796918500||599615||0.00075241
20:23||796919000||599615||0.00075241
20:24||796919000||599615||0.00075241
20:25||796918500||599603||0.00075241
20:26||796918500||599615||0.00075241
20:27||796925500||599615||0.00075241
20:28||796925500||599615||0.00075241
20:29||796925500||599615||0.00075241
20:30||796925500||599615||0.00075241
20:31||797962500||599614||0.00075241
20:32||798000000||599614||0.00075241
20:33||798999500||599614||0.00075241
20:34||798999500||599614||0.00075241
20:35||798999500||601175||0.00075241
20:36||798999500||601175||0.00075241
20:37||798999500||601175||0.00075241
20:38||799449500||601852||0.00075241
20:39||799498500||601927||0.00075241
20:40||799498500||601926||0.00075241
20:41||799499000||601926||0.00075241
20:42||799499500||601926||0.00075241
20:43||799500000||601926||0.00075241
20:44||799999500||601927||0.00075241
20:45||799999500||601928||0.00075241
20:46||800001500||601929||0.00075241
20:47||800001500||601929||0.00075241
20:48||800001500||601929||0.00075241
20:49||800001500||601929||0.00075241
20:50||800500500||602680||0.00075241
20:51||800500500||602680||0.00075241
20:52||800500500||602680||0.00075241
20:53||800490500||602680||0.00075241
20:54||800490500||602680||0.00075241
20:55||800476000||602665||0.00075241
20:56||800001500||602665||0.00075241
20:57||800001500||602665||0.00075241
20:58||800001500||601928||0.00075241
20:59||800001500||601928||0.00075241
21:00||800449000||601928||0.00075241
21:01||800449500||601928||0.00075241
21:02||800449500||601929||0.00075241
21:03||803430500||607194||0.00075241
21:04||801184000||607194||0.00075241
21:05||800945500||607194||0.00075241
21:06||800945500||602678||0.00075241
21:07||800945500||602678||0.00075241
21:08||800891500||602598||0.00075241
21:09||800883500||602587||0.00075241
21:10||800877500||602597||0.00075241
21:11||800440000||602588||0.00075241
21:12||800140500||601929||0.00075241
21:13||800002500||601929||0.00075241
21:14||800002500||601929||0.00075241
21:15||800002500||601929||0.00075241
21:16||800002500||601930||0.00075241
21:17||800002500||601930||0.00075241
21:18||799487500||601928||0.00075241
21:19||799487500||601176||0.00075241
21:20||799487000||601175||0.00075241
21:21||799487000||601175||0.00075241
21:22||799487000||601175||0.00075241
21:23||799487000||601175||0.00075241
21:24||799487000||601175||0.00075241
21:25||799487000||601908||0.00075241
21:26||799487000||601908||0.00075241
21:27||799487000||601175||0.00075241
21:28||799487000||601175||0.00075241
21:29||799487000||601175||0.00075241
21:30||799487000||601175||0.00075241
21:31||799487000||601175||0.00075241
21:32||799487000||601175||0.00075241
21:33||799487500||601175||0.00075241
21:34||797561000||600475||0.00075241
21:35||797512000||600439||0.00075241
21:36||797512000||600439||0.00075241
21:37||797512000||600439||0.00075241
21:38||797512000||600439||0.00075241
21:39||797512000||599672||0.00075241
21:40||797512000||600439||0.00075241
21:41||797512500||600439||0.00075241
21:42||797512500||600439||0.00075241
21:43||797513000||600439||0.00075241
21:44||797513000||600439||0.00075241
21:45||797513000||600439||0.00075241
21:46||797513000||600439||0.00075241
21:47||797513000||600439||0.00075241
21:48||797536000||599708||0.00075241
21:49||797918500||599708||0.00075241
21:50||797901000||600988||0.00075241
21:51||797901000||600988||0.00075241
21:52||797883500||600961||0.00075241
21:53||797883500||600961||0.00075241
21:54||797883500||600961||0.00075241
21:55||797883500||600961||0.00075241
21:56||797883500||599709||0.00075241
21:57||798258000||599709||0.00075241
21:58||798558000||599709||0.00075241
21:59||797418500||600724||0.00075241
22:00||797394000||599709||0.00075241
22:01||797842500||599709||0.00075241
22:02||797843000||600961||0.00075241
22:03||797100000||600961||0.00075241
22:04||797826000||599818||0.00075241
22:05||797826000||599818||0.00075241
22:06||797587500||599818||0.00075241
22:07||797587500||600112||0.00075241
22:08||797587500||600113||0.00075241
22:09||797587500||600113||0.00075241
22:10||797295500||599673||0.00075241
22:11||797003500||599673||0.00075241
22:12||797003500||599673||0.00075241
22:13||796453500||599603||0.00075241
22:14||796453500||598919||0.00075241
22:15||796453500||599600||0.00075241
22:16||796428500||598918||0.00075241
22:17||795951500||598882||0.00075241
22:18||795951500||598882||0.00075241
22:19||795951500||598882||0.00075241
22:20||795951500||598882||0.00075241
22:21||795951500||598882||0.00075241
22:22||795951500||598882||0.00075241
22:23||795951500||598882||0.00075241
22:24||795951500||598882||0.00075241
22:25||795951500||598882||0.00075241
22:26||795951500||598882||0.00075241
22:27||795951500||598881||0.00075241
22:28||795951500||598881||0.00075241
22:29||795951500||598881||0.00075241
22:30||796428500||599600||0.00075241
22:31||796428500||599600||0.00075241
22:32||796428500||599600||0.00075241
22:33||796428500||599600||0.00075241
22:34||796428500||599600||0.00075241
22:35||796428500||599600||0.00075241
22:36||796428500||598882||0.00075241
22:37||796428500||598882||0.00075241
22:38||796428500||598882||0.00075241
22:39||796378500||598882||0.00075241
22:40||796378500||598882||0.00075241
22:41||796437500||599600||0.00075241
22:42||796433000||599600||0.00075241
22:43||796433000||599600||0.00075241
22:44||796433000||599600||0.00075241
22:45||796777500||599600||0.00075241
22:46||796777500||599600||0.00075241
22:47||796777500||599600||0.00075241
22:48||796793500||599600||0.00075241
22:49||797300000||599600||0.00075241
22:50||797294000||600113||0.00075241
22:51||797648500||600113||0.00075241
22:52||797648000||599670||0.00075241
22:53||797648000||600645||0.00075241
22:54||797648000||600645||0.00075241
22:55||797647500||600645||0.00075241
22:56||797647500||600645||0.00075241
22:57||797647500||600645||0.00075241
22:58||797647500||600645||0.00075241
22:59||797647500||600645||0.00075241
23:00||797647500||600645||0.00075241
23:01||797647500||600645||0.00075241
23:02||797647500||600645||0.00075241
23:03||797660500||600645||0.00075241
23:04||797100500||599690||0.00075241
23:05||797697500||599690||0.00075241
23:06||797647000||599670||0.00075241
23:07||797621000||599670||0.00075241
23:08||797621000||600605||0.00075241
23:09||797000500||600605||0.00075241
23:10||797000500||600605||0.00075241
23:11||797000500||599671||0.00075241
23:12||797000500||599671||0.00075241
23:13||797000500||599671||0.00075241
23:14||796250500||598893||0.00075241
23:15||795952500||598893||0.00075241
23:16||795952500||598893||0.00075241
23:17||795952500||598893||0.00075241
23:18||795952500||598882||0.00075241
23:19||795952500||598882||0.00075241
23:20||795952500||598882||0.00075241
23:21||795952500||598882||0.00075241
23:22||795952500||598882||0.00075241
23:23||795438000||598881||0.00075241
23:24||793687000||597803||0.00075241
23:25||793687000||597803||0.00075241
23:26||793687000||597694||0.00075241
23:27||793687000||596661||0.00075241
23:28||792227000||596661||0.00075241
23:29||791773000||595573||0.00075241
23:30||791773000||595573||0.00075241
23:31||791626000||595573||0.00075241
23:32||791626000||595573||0.00075241
23:33||791626000||595573||0.00075241
23:34||791626000||595573||0.00075241
23:35||791626000||595573||0.00075241
23:36||791696500||595573||0.00075241
23:37||791696500||595573||0.00075241
23:38||791696500||595573||0.00075241
23:39||793963500||595908||0.00075241
23:40||793917500||595908||0.00075241
23:41||791926000||595908||0.00075241
23:42||792149500||595908||0.00075241
23:43||792149500||595908||0.00075241
23:44||792149500||595908||0.00075241
23:45||792149500||595908||0.00075241
23:46||792149500||595908||0.00075241
23:47||792149500||596020||0.00075241
23:48||793546000||596021||0.00075241
23:49||793619000||596021||0.00075241
23:50||792913500||598120||0.00075241
23:51||793619000||598120||0.00075241
23:52||793671000||598120||0.00075241
23:53||793720000||598120||0.00075241
23:54||793715000||598120||0.00075241
23:55||793715000||598120||0.00075241
23:56||793715000||598120||0.00075241
23:57||793715000||598120||0.00075241
23:58||793690500||596284||0.00075241
23:59||793770000||596284||0.00075241
