00:00||489999500||368680||0.00075241
00:01||489999500||368680||0.00075241
00:02||489999500||368680||0.00075241
00:03||490500000||370938||0.00075241
00:04||490984500||370938||0.00075241
00:05||490984500||371667||0.00075241
00:06||490984500||371667||0.00075241
00:07||490998500||371667||0.00075241
00:08||490984500||371667||0.00075241
00:09||491498500||372062||0.00075241
00:10||491500000||372062||0.00075241
00:11||491500000||372062||0.00075241
00:12||491500000||372062||0.00075241
00:13||491500000||372062||0.00075241
00:14||491500000||372062||0.00075241
00:15||491500000||372062||0.00075241
00:16||491500000||372062||0.00075241
00:17||491500000||372062||0.00075241
00:18||491500500||372062||0.00075241
00:19||491500000||372062||0.00075241
00:20||491750000||372062||0.00075241
00:21||491749500||372062||0.00075241
00:22||491749500||372062||0.00075241
00:23||491749500||372062||0.00075241
00:24||491749500||372062||0.00075241
00:25||491799500||372062||0.00075241
00:26||491799500||372062||0.00075241
00:27||493399500||372062||0.00075241
00:28||491799500||372062||0.00075241
00:29||491799500||372062||0.00075241
00:30||491799500||372062||0.00075241
00:31||491799500||372062||0.00075241
00:32||491799500||372062||0.00075241
00:33||491799500||372062||0.00075241
00:34||491999500||372062||0.00075241
00:35||491999500||372062||0.00075241
00:36||491999500||372062||0.00075241
00:37||491999500||372062||0.00075241
00:38||491999500||372062||0.00075241
00:39||491999500||372062||0.00075241
00:40||491999500||372062||0.00075241
00:41||491999500||372442||0.00075241
00:42||491999500||372442||0.00075241
00:43||491999500||372442||0.00075241
00:44||494999500||372442||0.00075241
00:45||492000000||372442||0.00075241
00:46||492000000||372442||0.00075241
00:47||492000000||372442||0.00075241
00:48||492000000||372442||0.00075241
00:49||492000000||372442||0.00075241
00:50||492000000||372442||0.00075241
00:51||492000000||372442||0.00075241
00:52||492000000||372442||0.00075241
00:53||492000000||372442||0.00075241
00:54||491999500||372442||0.00075241
00:55||491999500||372442||0.00075241
00:56||491999500||372442||0.00075241
00:57||491999500||372442||0.00075241
00:58||491999500||372442||0.00075241
00:59||491999500||372442||0.00075241
01:00||491999500||372442||0.00075241
01:01||491999500||372442||0.00075241
01:02||491999500||372442||0.00075241
01:03||491999500||372442||0.00075241
01:04||491999500||372442||0.00075241
01:05||491999500||372442||0.00075241
01:06||491999500||372442||0.00075241
01:07||491999500||372442||0.00075241
01:08||491999500||372442||0.00075241
01:09||492000000||372442||0.00075241
01:10||492000000||372442||0.00075241
01:11||492000000||372442||0.00075241
01:12||492000000||372442||0.00075241
01:13||492499500||372442||0.00075241
01:14||495250000||372442||0.00075241
01:15||495881500||372442||0.00075241
01:16||495735000||372442||0.00075241
01:17||495612500||372442||0.00075241
01:18||495612500||372442||0.00075241
01:19||495625000||372442||0.00075241
01:20||495735000||372442||0.00075241
01:21||493700500||372442||0.00075241
01:22||493646500||372442||0.00075241
01:23||493646500||372442||0.00075241
01:24||493646500||372442||0.00075241
01:25||494146000||372442||0.00075241
01:26||494146000||372442||0.00075241
01:27||494146000||372442||0.00075241
01:29||494146000||372442||0.00075241
01:30||494146000||372442||0.00075241
01:28||494146000||372442||0.00075241
01:31||494146000||372442||0.00075241
01:32||494399500||372442||0.00075241
01:33||494399500||372442||0.00075241
01:34||494351500||370185||0.00075241
01:35||494351500||370185||0.00075241
01:36||494351500||370185||0.00075241
01:37||494351500||370185||0.00075241
01:38||494362500||370185||0.00075241
01:39||494601500||370185||0.00075241
01:40||494601500||370185||0.00075241
01:41||495425500||373953||0.00075241
01:42||495425500||373953||0.00075241
01:43||495425000||373953||0.00075241
01:44||495436000||373953||0.00075241
01:45||495223000||373953||0.00075241
01:46||495223000||373953||0.00075241
01:47||495212000||373953||0.00075241
01:48||495212000||373953||0.00075241
01:49||495212000||373953||0.00075241
01:50||495212000||373953||0.00075241
01:51||495212000||373953||0.00075241
01:52||495212000||373953||0.00075241
01:53||495212000||373953||0.00075241
01:54||495212000||373953||0.00075241
01:55||495212000||373953||0.00075241
01:56||495212000||373953||0.00075241
01:57||495212000||373953||0.00075241
01:58||495212000||373953||0.00075241
01:59||495212000||373953||0.00075241
02:00||494940000||373953||0.00075241
02:01||494940000||373953||0.00075241
02:02||494940000||373953||0.00075241
02:03||494940000||373953||0.00075241
02:04||494940000||373953||0.00075241
02:06||494450000||373872||0.00075241
02:05||494450000||373872||0.00075241
02:07||494450000||373872||0.00075241
02:08||494450000||373872||0.00075241
02:09||494450000||373872||0.00075241
02:10||494450000||373872||0.00075241
02:11||494450000||373872||0.00075241
02:12||494450000||373872||0.00075241
02:13||494450000||373872||0.00075241
02:14||494450000||373872||0.00075241
02:15||494450000||373872||0.00075241
02:16||494450000||373872||0.00075241
02:17||494450000||373872||0.00075241
02:18||494450000||373872||0.00075241
02:19||494450000||373872||0.00075241
02:20||494450000||373872||0.00075241
02:21||494450000||373872||0.00075241
02:22||494450000||373872||0.00075241
02:23||494450000||373872||0.00075241
02:24||494450000||373872||0.00075241
02:25||494450000||373872||0.00075241
02:26||494450000||373872||0.00075241
02:27||494450000||373872||0.00075241
02:28||494450000||373872||0.00075241
02:29||494450000||373872||0.00075241
02:30||494450000||373872||0.00075241
02:31||494450000||373872||0.00075241
02:32||494450000||373872||0.00075241
02:33||494450000||373872||0.00075241
02:34||494450000||373872||0.00075241
02:35||494450000||373872||0.00075241
02:36||494450000||373872||0.00075241
02:37||494450000||373872||0.00075241
02:38||494450000||373872||0.00075241
02:39||494450000||373872||0.00075241
02:40||494450000||373872||0.00075241
02:41||494450000||373872||0.00075241
02:42||494450000||373872||0.00075241
02:43||494450000||373872||0.00075241
02:44||494450000||373872||0.00075241
02:45||494450000||373872||0.00075241
02:46||494450000||373872||0.00075241
02:47||494450000||373872||0.00075241
02:48||494450000||373872||0.00075241
02:49||494450000||373872||0.00075241
02:50||494450000||373872||0.00075241
02:51||494450000||373872||0.00075241
02:52||494450000||373872||0.00075241
02:53||494450000||373872||0.00075241
02:54||494450000||373872||0.00075241
02:55||494450000||373872||0.00075241
02:56||494450000||373872||0.00075241
02:57||494450000||373872||0.00075241
02:58||494450000||373872||0.00075241
02:59||494450000||373872||0.00075241
03:00||494450000||373872||0.00075241
03:01||494450000||373872||0.00075241
03:02||494450000||373872||0.00075241
03:03||494450000||373872||0.00075241
03:04||494450000||373872||0.00075241
03:05||494450000||373872||0.00075241
03:06||494450000||373872||0.00075241
03:07||494450000||373872||0.00075241
03:08||494450000||373872||0.00075241
03:09||494450000||373872||0.00075241
03:10||494450000||373872||0.00075241
03:11||494450000||373872||0.00075241
03:12||494450000||373872||0.00075241
03:13||494450000||373872||0.00075241
03:14||494205000||373872||0.00075241
03:15||493250000||373872||0.00075241
03:16||493250000||373872||0.00075241
03:17||493225000||373872||0.00075241
03:18||493225000||373872||0.00075241
03:19||493225000||373872||0.00075241
03:20||493250000||370185||0.00075241
03:21||493225000||370185||0.00075241
03:22||493225000||370185||0.00075241
03:23||493225000||370185||0.00075241
03:24||493225000||370185||0.00075241
03:25||493225000||370185||0.00075241
03:26||493225000||370185||0.00075241
03:27||493225000||370185||0.00075241
03:28||493174500||370185||0.00075241
03:29||492992000||370185||0.00075241
03:30||492801500||370185||0.00075241
03:31||492660000||370185||0.00075241
03:32||492554000||370185||0.00075241
03:33||492506000||370185||0.00075241
03:34||492433500||370185||0.00075241
03:35||492345500||370185||0.00075241
03:36||492329000||370185||0.00075241
03:37||492329000||370185||0.00075241
03:38||492329000||370185||0.00075241
03:39||493056500||370185||0.00075241
03:40||492854500||370185||0.00075241
03:41||492853500||370185||0.00075241
03:42||492853500||370185||0.00075241
03:43||492854000||370185||0.00075241
03:44||492854000||370185||0.00075241
03:45||492854000||370185||0.00075241
03:46||492854000||370185||0.00075241
03:47||492854000||370185||0.00075241
03:48||492854000||370185||0.00075241
03:49||492854000||370185||0.00075241
03:50||492852500||370185||0.00075241
03:51||492849500||370185||0.00075241
03:52||492849500||370185||0.00075241
03:53||492849500||370185||0.00075241
03:54||492849500||370185||0.00075241
03:55||492849000||370185||0.00075241
03:56||492849000||370185||0.00075241
03:57||492849000||371463||0.00075241
03:58||492849000||371463||0.00075241
03:59||492849000||371463||0.00075241
04:00||492849000||371463||0.00075241
04:01||492849000||371463||0.00075241
04:02||492849000||371463||0.00075241
04:03||492849000||371463||0.00075241
04:04||492849000||371463||0.00075241
04:05||492832000||371463||0.00075241
04:06||492715500||371463||0.00075241
04:07||492627000||371463||0.00075241
04:08||492627000||371463||0.00075241
04:09||492588000||371463||0.00075241
04:10||492526000||371463||0.00075241
04:11||492526000||371463||0.00075241
04:12||492526000||371463||0.00075241
04:13||492526000||371463||0.00075241
04:14||492526000||371463||0.00075241
04:15||492526000||371463||0.00075241
04:16||492526000||371463||0.00075241
04:17||492526000||371463||0.00075241
04:18||492526000||371463||0.00075241
04:19||492526000||371463||0.00075241
04:20||492526500||371463||0.00075241
04:21||492526000||371463||0.00075241
04:22||492526000||371463||0.00075241
04:23||492526000||371463||0.00075241
04:24||492526000||371463||0.00075241
04:25||492526000||371463||0.00075241
04:26||492526500||371463||0.00075241
04:27||492526500||371463||0.00075241
04:28||492526500||371463||0.00075241
04:29||492526000||371463||0.00075241
04:30||492526000||371463||0.00075241
04:31||492526000||371463||0.00075241
04:32||492526000||371463||0.00075241
04:33||492526000||371463||0.00075241
04:34||492526000||370185||0.00075241
04:35||492526000||370185||0.00075241
04:36||492526000||370185||0.00075241
04:37||492526000||370185||0.00075241
04:38||492526000||370185||0.00075241
04:39||492450000||370185||0.00075241
04:40||492359500||370185||0.00075241
04:41||492342500||370185||0.00075241
04:42||492342500||370185||0.00075241
04:43||492342500||370185||0.00075241
04:44||492335500||370185||0.00075241
04:45||492335500||370185||0.00075241
04:46||492342500||370185||0.00075241
04:47||492342500||370185||0.00075241
04:48||492342500||370185||0.00075241
04:49||492335500||370185||0.00075241
04:50||492335500||370185||0.00075241
04:51||492342500||370185||0.00075241
04:52||492342500||370185||0.00075241
04:53||492342500||370185||0.00075241
04:54||492342500||370185||0.00075241
04:55||492342500||370185||0.00075241
04:56||492342500||370185||0.00075241
04:57||492342500||370185||0.00075241
04:58||492342500||370185||0.00075241
04:59||492342500||370185||0.00075241
05:00||492342500||370185||0.00075241
05:01||492343000||370185||0.00075241
05:02||492343000||370185||0.00075241
05:03||492343000||370185||0.00075241
05:04||492343000||370185||0.00075241
05:05||492343000||370185||0.00075241
05:06||492343500||370185||0.00075241
05:07||492343500||370185||0.00075241
05:08||492343500||370185||0.00075241
05:09||492336000||370185||0.00075241
05:10||492336000||370690||0.00075241
05:11||492336000||370690||0.00075241
05:12||492336000||370690||0.00075241
05:13||492336000||370690||0.00075241
05:14||492336000||370690||0.00075241
05:15||492336000||370690||0.00075241
05:16||492336000||370690||0.00075241
05:17||492336000||370690||0.00075241
05:18||492328500||370186||0.00075241
05:19||492259500||370186||0.00075241
05:20||492213500||370186||0.00075241
05:21||492170500||370186||0.00075241
05:22||492133000||370386||0.00075241
05:23||492101000||370386||0.00075241
05:24||492071500||370386||0.00075241
05:25||492054000||370386||0.00075241
05:26||492036500||370386||0.00075241
05:27||492001500||370386||0.00075241
05:28||492001500||370386||0.00075241
05:29||492001500||370386||0.00075241
05:30||492001500||370386||0.00075241
05:31||492001500||370386||0.00075241
05:32||492087500||370386||0.00075241
05:33||492088500||370386||0.00075241
05:34||492087500||370386||0.00075241
05:35||492084500||370386||0.00075241
05:36||492072000||370386||0.00075241
05:37||492066000||370386||0.00075241
05:38||492063500||370386||0.00075241
05:39||492053500||370386||0.00075241
05:40||492044500||370386||0.00075241
05:41||492036500||370386||0.00075241
05:42||492029000||370386||0.00075241
05:43||492003500||370386||0.00075241
05:44||492003500||370386||0.00075241
05:45||492003500||370386||0.00075241
05:46||492003500||370386||0.00075241
05:47||492003500||370386||0.00075241
05:48||492003500||370386||0.00075241
05:49||492003500||370386||0.00075241
05:50||492003500||370386||0.00075241
05:51||492003500||370386||0.00075241
05:52||491502000||370185||0.00075241
05:53||491459000||370185||0.00075241
05:54||491420000||370185||0.00075241
05:55||491375000||370185||0.00075241
05:56||491349000||370185||0.00075241
05:57||491501500||370185||0.00075241
05:58||491502500||370185||0.00075241
05:59||491502500||370185||0.00075241
06:00||491502500||370185||0.00075241
06:01||491502500||370185||0.00075241
06:02||491501500||370185||0.00075241
06:03||491501500||370185||0.00075241
06:04||491480500||370185||0.00075241
06:05||491429500||370185||0.00075241
06:06||491383500||370185||0.00075241
06:07||491350000||370185||0.00075241
06:08||491311500||370185||0.00075241
06:09||491277000||370185||0.00075241
06:10||491246000||370185||0.00075241
06:11||491223000||370185||0.00075241
06:12||491491500||370185||0.00075241
06:13||491449500||370185||0.00075241
06:14||491501500||370185||0.00075241
06:15||491501500||370185||0.00075241
06:16||491501500||370188||0.00075241
06:17||491501500||370188||0.00075241
06:18||491501500||370188||0.00075241
06:19||491501500||370188||0.00075241
06:20||491501500||369434||0.00075241
06:21||491501500||369434||0.00075241
06:22||491501500||369434||0.00075241
06:23||491501500||369434||0.00075241
06:24||491501500||369434||0.00075241
06:25||491501500||369434||0.00075241
06:26||491501500||370188||0.00075241
06:27||491501500||370188||0.00075241
06:28||491501500||370188||0.00075241
06:29||491501500||370188||0.00075241
06:30||491501500||370188||0.00075241
06:31||491499500||370188||0.00075241
06:32||491499500||370188||0.00075241
06:33||491499500||370188||0.00075241
06:34||491499500||370188||0.00075241
06:35||491502500||370188||0.00075241
06:36||492003500||370188||0.00075241
06:37||492003500||370188||0.00075241
06:38||492003500||370188||0.00075241
06:39||492003500||370188||0.00075241
06:40||492003500||370188||0.00075241
06:41||492003500||370188||0.00075241
06:42||492003500||370188||0.00075241
06:43||492003500||370188||0.00075241
06:44||492003500||370188||0.00075241
06:45||491502500||370188||0.00075241
06:46||491502500||370188||0.00075241
06:47||491552500||370188||0.00075241
06:48||492003500||370188||0.00075241
06:49||492003500||370188||0.00075241
06:50||492003500||370188||0.00075241
06:51||492003500||370188||0.00075241
06:52||492003500||370188||0.00075241
06:53||492003500||370188||0.00075241
06:54||492003500||370188||0.00075241
06:55||492003500||370188||0.00075241
06:56||492003500||370188||0.00075241
06:57||492003500||370188||0.00075241
06:58||492003500||370188||0.00075241
06:59||492003500||370188||0.00075241
07:00||492003500||370188||0.00075241
07:01||492003500||370188||0.00075241
07:02||492003500||370188||0.00075241
07:03||492003500||370188||0.00075241
07:04||491503000||370188||0.00075241
07:05||491503000||370188||0.00075241
07:06||491503000||370188||0.00075241
07:07||491503000||370188||0.00075241
07:08||491503000||370188||0.00075241
07:09||492003500||370188||0.00075241
07:10||495245000||372442||0.00075241
07:11||493746500||372811||0.00075241
07:12||493753000||372811||0.00075241
07:13||495750000||372819||0.00075241
07:14||495750000||372819||0.00075241
07:15||495750000||372819||0.00075241
07:16||495750000||373187||0.00075241
07:17||495745000||372819||0.00075241
07:18||495745000||372819||0.00075241
07:19||495999500||373194||0.00075241
07:20||496499500||373947||0.00075241
07:21||496499500||373947||0.00075241
07:22||498050000||376205||0.00075241
07:23||498500000||376205||0.00075241
07:24||499499500||376205||0.00075241
07:25||499499500||376205||0.00075241
07:26||499499500||376205||0.00075241
07:27||499524500||376205||0.00075241
07:28||499524500||376205||0.00075241
07:29||499524500||376205||0.00075241
07:30||499749500||376205||0.00075241
07:31||499749500||376205||0.00075241
07:32||499749500||376205||0.00075241
07:33||499749500||376205||0.00075241
07:34||499749500||376205||0.00075241
07:35||499749500||376205||0.00075241
07:36||499749500||376205||0.00075241
07:37||499000000||376205||0.00075241
07:38||499500000||375452||0.00075241
07:39||499500500||375452||0.00075241
07:40||499500500||375452||0.00075241
07:41||499500500||375452||0.00075241
07:42||499500500||375452||0.00075241
07:43||499500500||375452||0.00075241
07:44||499500500||375452||0.00075241
07:45||499500500||376205||0.00075241
07:46||499500000||376205||0.00075241
07:47||499500000||376205||0.00075241
07:48||499500000||376205||0.00075241
07:49||499500000||376205||0.00075241
07:50||498999500||376205||0.00075241
07:51||499000000||376205||0.00075241
07:52||499000000||376205||0.00075241
07:53||499000000||376205||0.00075241
07:54||499000000||376205||0.00075241
07:55||499000000||376204||0.00075241
07:56||499000000||376204||0.00075241
07:57||498999500||376204||0.00075241
07:58||498999500||376204||0.00075241
07:59||498999500||376204||0.00075241
08:00||498999000||376204||0.00075241
08:01||498524000||373985||0.00075241
08:02||498025000||373985||0.00075241
08:03||498000000||375452||0.00075241
08:04||497500000||375452||0.00075241
08:05||497500000||375452||0.00075241
08:06||497500000||373947||0.00075241
08:07||497499000||373947||0.00075241
08:08||497499000||373947||0.00075241
08:09||497499000||373947||0.00075241
08:10||497499000||373947||0.00075241
08:11||497499000||373947||0.00075241
08:12||497499000||373947||0.00075241
08:13||497499000||373947||0.00075241
08:14||496524000||372480||0.00075241
08:15||495504000||370945||0.00075241
08:16||495005000||370945||0.00075241
08:17||495005000||370945||0.00075241
08:18||495000500||372444||0.00075241
08:19||495000500||372444||0.00075241
08:20||495000500||372444||0.00075241
08:21||495000500||372444||0.00075241
08:22||495000500||372444||0.00075241
08:23||495000500||372442||0.00075241
08:24||495000500||372442||0.00075241
08:25||494501500||371690||0.00075241
08:26||494501500||371690||0.00075241
08:27||494500500||371690||0.00075241
08:28||494001000||371690||0.00075241
08:29||494001000||371690||0.00075241
08:30||494001000||371690||0.00075241
08:31||494001000||371690||0.00075241
08:32||494001000||371690||0.00075241
08:33||494003000||371692||0.00075241
08:34||494003500||371692||0.00075241
08:35||494003500||371693||0.00075241
08:36||494502000||371693||0.00075241
08:37||494502000||371693||0.00075241
08:38||494501000||371693||0.00075241
08:39||494539500||371693||0.00075241
08:40||494541000||372442||0.00075241
08:41||494546500||372442||0.00075241
08:42||494546500||372442||0.00075241
08:43||494545000||372442||0.00075241
08:44||494545000||372442||0.00075241
08:45||494547500||372442||0.00075241
08:46||494548500||372441||0.00075241
08:47||494550000||372441||0.00075241
08:48||494550000||372441||0.00075241
08:49||494550000||372441||0.00075241
08:50||494549000||372441||0.00075241
08:51||494550000||372443||0.00075241
08:52||494550000||372443||0.00075241
08:53||495000500||372443||0.00075241
08:54||495000500||372443||0.00075241
08:55||495499000||372443||0.00075241
08:56||495499000||372443||0.00075241
08:57||495500000||373193||0.00075241
08:58||495501000||373195||0.00075241
08:59||495501000||373195||0.00075241
09:00||495501500||372445||0.00075241
09:01||495999500||372445||0.00075241
09:02||495999500||372445||0.00075241
09:03||496510000||373947||0.00075241
09:04||498012000||373947||0.00075241
09:05||499018500||376205||0.00075241
09:06||499099000||376205||0.00075241
09:07||499797000||376956||0.00075241
09:08||499961500||376956||0.00075241
09:09||500124500||376956||0.00075241
09:10||500562000||376956||0.00075241
09:11||500609500||376957||0.00075241
09:12||500501000||376957||0.00075241
09:13||500582000||376957||0.00075241
09:14||502530000||378454||0.00075241
09:15||503803000||379965||0.00075241
09:16||505059500||379967||0.00075241
09:17||505282500||379967||0.00075241
09:18||504531000||379967||0.00075241
09:19||504495000||378463||0.00075241
09:20||502203500||374907||0.00075241
09:21||503163000||380702||0.00075241
09:22||503354500||380702||0.00075241
09:23||503619500||380702||0.00075241
09:24||503800500||380702||0.00075241
09:25||504042500||380702||0.00075241
09:26||503505500||379214||0.00075241
09:27||503504000||378842||0.00075241
09:28||502501500||377333||0.00075241
09:29||502263500||377333||0.00075241
09:30||502337000||377333||0.00075241
09:31||502323500||377446||0.00075241
09:32||502337000||377446||0.00075241
09:33||502754500||377446||0.00075241
09:34||503498500||378837||0.00075241
09:35||503498500||378837||0.00075241
09:36||503498500||378837||0.00075241
09:37||503498500||378837||0.00075241
09:38||503498500||378837||0.00075241
09:39||503498500||378836||0.00075241
09:40||503499500||378838||0.00075241
09:41||503499500||378838||0.00075241
09:42||503499500||378838||0.00075241
09:43||503499000||378838||0.00075241
09:44||503498500||378838||0.00075241
09:45||503498500||378837||0.00075241
09:46||503498500||378837||0.00075241
09:47||503498500||378837||0.00075241
09:48||503498500||378837||0.00075241
09:49||503498500||378837||0.00075241
09:50||503498500||378836||0.00075241
09:51||503498500||378836||0.00075241
09:52||503498500||378836||0.00075241
09:53||502499500||378837||0.00075241
09:54||502499500||378837||0.00075241
09:55||502499000||378837||0.00075241
09:56||502499000||378837||0.00075241
09:57||502519000||378837||0.00075241
09:58||502600000||378837||0.00075241
09:59||502499500||378836||0.00075241
10:00||502499500||378836||0.00075241
10:01||502499500||378836||0.00075241
10:02||502499500||378836||0.00075241
10:03||502499000||378836||0.00075241
10:04||502499000||378836||0.00075241
10:05||502499000||378836||0.00075241
10:06||502499000||378836||0.00075241
10:07||502499000||378836||0.00075241
10:08||502499000||378836||0.00075241
10:09||502499000||378836||0.00075241
10:10||502499000||378836||0.00075241
10:11||502450000||378836||0.00075241
10:12||502250000||378836||0.00075241
10:13||502250000||378836||0.00075241
10:14||502250000||378836||0.00075241
10:15||502250000||378836||0.00075241
10:16||502250000||378836||0.00075241
10:17||502250000||378836||0.00075241
10:18||500794500||376205||0.00075241
10:19||500794500||376205||0.00075241
10:20||500794500||375144||0.00075241
10:21||500794500||375144||0.00075241
10:22||501499500||375144||0.00075241
10:23||501499500||376205||0.00075241
10:24||501499500||376205||0.00075241
10:25||501499500||376205||0.00075241
10:26||501560000||376205||0.00075241
10:27||501530500||378461||0.00075241
10:28||501648000||378461||0.00075241
10:29||501649000||378461||0.00075241
10:30||501649000||378461||0.00075241
10:31||501648500||378461||0.00075241
10:32||500797000||376205||0.00075241
10:33||500842500||376205||0.00075241
10:34||500842000||375217||0.00075241
10:35||501998500||375217||0.00075241
10:36||501998500||375217||0.00075241
10:37||501998500||375217||0.00075241
10:38||501998500||375217||0.00075241
10:39||501998500||375217||0.00075241
10:40||501998500||375217||0.00075241
10:41||501998500||375217||0.00075241
10:42||501998500||375217||0.00075241
10:43||501248500||375217||0.00075241
10:44||501248500||375217||0.00075241
10:45||501248500||375217||0.00075241
10:46||501283500||375217||0.00075241
10:47||502997500||378459||0.00075241
10:48||502997500||378459||0.00075241
10:49||502997500||378459||0.00075241
10:50||502997500||378459||0.00075241
10:51||502997500||378460||0.00075241
10:52||502997500||378460||0.00075241
10:53||502997500||378460||0.00075241
10:54||502997500||378460||0.00075241
10:55||502997500||378460||0.00075241
10:56||502997500||378460||0.00075241
10:57||502998500||378462||0.00075241
10:58||502998500||378462||0.00075241
10:59||502998500||378459||0.00075241
11:00||502999500||378459||0.00075241
11:01||502999500||378459||0.00075241
11:02||502999500||378459||0.00075241
11:03||502999500||378459||0.00075241
11:04||502999500||378459||0.00075241
11:05||502998500||378459||0.00075241
11:06||502998500||378462||0.00075241
11:07||502997500||378462||0.00075241
11:08||502997500||378462||0.00075241
11:09||502997500||378460||0.00075241
11:10||502997500||378460||0.00075241
11:11||502997500||378460||0.00075241
11:12||502997500||378460||0.00075241
11:13||502997500||378460||0.00075241
11:14||502997500||378460||0.00075241
11:15||502997500||378460||0.00075241
11:16||502997500||378460||0.00075241
11:17||502997500||378460||0.00075241
11:18||502997500||378460||0.00075241
11:19||502997500||378460||0.00075241
11:20||502997500||378460||0.00075241
11:21||502997500||378460||0.00075241
11:22||502997500||378460||0.00075241
11:23||502997500||378460||0.00075241
11:24||502997500||378460||0.00075241
11:25||502997500||378460||0.00075241
11:26||502997500||378460||0.00075241
11:27||502997500||378460||0.00075241
11:28||502997500||378460||0.00075241
11:29||502997500||378460||0.00075241
11:30||502997500||378460||0.00075241
11:31||502997500||378460||0.00075241
11:32||502997500||378460||0.00075241
11:33||502997500||378460||0.00075241
11:34||502997500||378460||0.00075241
11:35||502997500||378460||0.00075241
11:36||502997500||378460||0.00075241
11:37||502997500||378459||0.00075241
11:38||502997500||378459||0.00075241
11:39||502997500||378459||0.00075241
11:40||502997500||378459||0.00075241
11:41||502997500||378459||0.00075241
11:42||502997500||378459||0.00075241
11:43||502997500||378459||0.00075241
11:44||502997500||378459||0.00075241
11:45||503247000||378836||0.00075241
11:46||503247000||378836||0.00075241
11:47||503247000||378836||0.00075241
11:48||503247000||378836||0.00075241
11:49||503247000||378836||0.00075241
11:50||503247000||378836||0.00075241
11:51||503247000||378836||0.00075241
11:52||502997500||378836||0.00075241
11:53||502997500||378836||0.00075241
11:54||502997500||378836||0.00075241
11:55||502997500||378836||0.00075241
11:56||502997500||378836||0.00075241
11:57||502997500||378836||0.00075241
11:58||502997500||378836||0.00075241
11:59||502997500||378836||0.00075241
12:00||502997500||378836||0.00075241
12:01||503198000||378836||0.00075241
12:02||503198000||378836||0.00075241
12:03||503198000||378836||0.00075241
12:04||502699500||377709||0.00075241
12:05||502699500||377709||0.00075241
12:06||501499500||376205||0.00075241
12:07||500935500||376107||0.00075241
12:08||500935500||376107||0.00075241
12:09||500935500||376107||0.00075241
12:10||500935500||376107||0.00075241
12:11||500935500||376107||0.00075241
12:12||500935500||376107||0.00075241
12:13||500935500||376107||0.00075241
12:14||500935500||376107||0.00075241
12:15||500935500||376107||0.00075241
12:16||500935500||376107||0.00075241
12:17||500935500||376107||0.00075241
12:18||500435000||376107||0.00075241
12:19||500435000||376107||0.00075241
12:20||500550000||376107||0.00075241
12:21||500550000||376107||0.00075241
12:22||500550000||376107||0.00075241
12:23||500435000||376957||0.00075241
12:24||500435000||376957||0.00075241
12:25||500435000||376957||0.00075241
12:26||500435000||376957||0.00075241
12:27||500435000||376957||0.00075241
12:28||500440000||376957||0.00075241
12:29||499940000||376957||0.00075241
12:30||499940000||376957||0.00075241
12:31||499940000||376957||0.00075241
12:32||499940000||376957||0.00075241
12:33||499940000||376957||0.00075241
12:34||499940000||376957||0.00075241
12:35||499940000||376957||0.00075241
12:36||499940000||376957||0.00075241
12:37||499940000||376957||0.00075241
12:38||499940000||376957||0.00075241
12:39||499940000||376957||0.00075241
12:40||499940000||376957||0.00075241
12:41||499940000||376957||0.00075241
12:42||499940000||376957||0.00075241
12:43||499940000||376114||0.00075241
12:44||499940000||376114||0.00075241
12:45||499940000||376114||0.00075241
12:46||499940000||376114||0.00075241
12:47||499940000||376114||0.00075241
12:48||499940000||376114||0.00075241
12:49||499940000||376114||0.00075241
12:50||499940000||376114||0.00075241
12:51||499940000||376114||0.00075241
12:52||499940000||376114||0.00075241
12:53||499940000||376114||0.00075241
12:54||499940000||376114||0.00075241
12:55||499940000||376114||0.00075241
12:56||499940000||376114||0.00075241
12:57||499940000||376114||0.00075241
12:58||499940000||376114||0.00075241
12:59||499940000||376114||0.00075241
13:00||499940000||376114||0.00075241
13:01||499940000||376114||0.00075241
13:02||499940000||376114||0.00075241
13:03||499940000||376114||0.00075241
13:04||499940000||376114||0.00075241
13:05||499940000||376114||0.00075241
13:06||499940000||376114||0.00075241
13:07||499940000||376114||0.00075241
13:08||499150500||376114||0.00075241
13:09||498301500||376114||0.00075241
13:10||498301500||374926||0.00075241
13:11||498301500||374926||0.00075241
13:12||498301500||374926||0.00075241
13:13||498301500||374926||0.00075241
13:14||498301500||374926||0.00075241
13:15||498301500||374926||0.00075241
13:16||498301500||374926||0.00075241
13:17||496048500||373949||0.00075241
13:18||497174000||373232||0.00075241
13:19||497175000||373232||0.00075241
13:20||497288000||373232||0.00075241
13:21||497427500||373524||0.00075241
13:22||497564000||373524||0.00075241
13:23||497681000||373524||0.00075241
13:24||497792500||373524||0.00075241
13:25||497894500||373524||0.00075241
13:26||497307500||373524||0.00075241
13:27||497480500||373524||0.00075241
13:28||497175000||373524||0.00075241
13:29||497174000||373524||0.00075241
13:30||497174000||373524||0.00075241
13:31||497174000||373524||0.00075241
13:32||497174000||373524||0.00075241
13:33||497024000||373524||0.00075241
13:34||497023000||373524||0.00075241
13:35||497023000||373524||0.00075241
13:36||496500000||374700||0.00075241
13:37||496501000||374700||0.00075241
13:38||496501000||374700||0.00075241
13:39||496501000||374700||0.00075241
13:40||496531000||374700||0.00075241
13:41||496481000||374700||0.00075241
13:42||496481000||374700||0.00075241
13:43||496185500||374700||0.00075241
13:44||496999500||374700||0.00075241
13:45||496999500||374700||0.00075241
13:46||496999500||374700||0.00075241
13:47||496999500||373947||0.00075241
13:48||496999500||373947||0.00075241
13:49||496999500||373947||0.00075241
13:50||496999500||373947||0.00075241
13:51||497543500||373947||0.00075241
13:52||497635000||373947||0.00075241
13:53||497659500||373947||0.00075241
13:54||497659500||373947||0.00075241
13:55||497659500||374187||0.00075241
13:56||497659500||374187||0.00075241
13:57||497659500||374187||0.00075241
13:58||497999500||374187||0.00075241
13:59||497999500||374187||0.00075241
14:00||498151000||374700||0.00075241
14:01||498151000||374700||0.00075241
14:02||497999500||374700||0.00075241
14:03||496548500||372517||0.00075241
14:04||496548500||372517||0.00075241
14:05||496544000||372517||0.00075241
14:06||496544000||372517||0.00075241
14:07||496573000||372517||0.00075241
14:08||496573000||372517||0.00075241
14:09||496594000||372517||0.00075241
14:10||496627500||374700||0.00075241
14:11||497001000||374700||0.00075241
14:12||497001000||374700||0.00075241
14:13||497042500||374700||0.00075241
14:14||497042500||374700||0.00075241
14:15||497042500||374700||0.00075241
14:16||497043500||374700||0.00075241
14:17||497043500||374700||0.00075241
14:18||497043500||374700||0.00075241
14:19||497043500||374700||0.00075241
14:20||497043500||374700||0.00075241
14:21||497043500||374700||0.00075241
14:22||497043500||374700||0.00075241
14:23||497043500||373260||0.00075241
14:24||497043500||373260||0.00075241
14:25||497043500||373260||0.00075241
14:26||497043500||373260||0.00075241
14:27||496543500||374700||0.00075241
14:28||496543500||374700||0.00075241
14:29||497043500||374700||0.00075241
14:30||496543500||374700||0.00075241
14:31||496543500||374700||0.00075241
14:32||495500000||372442||0.00075241
14:33||495499500||372442||0.00075241
14:34||495500000||372442||0.00075241
14:35||494545500||370254||0.00075241
14:36||494046000||373195||0.00075241
14:37||493575500||373195||0.00075241
14:38||494075000||373195||0.00075241
14:39||494025500||373195||0.00075241
14:40||494774500||373195||0.00075241
14:41||495000500||373195||0.00075241
14:42||494999500||373195||0.00075241
14:43||494998500||373195||0.00075241
14:44||494000500||373195||0.00075241
14:45||493750500||373195||0.00075241
14:46||493500500||373195||0.00075241
14:47||493500500||373195||0.00075241
14:48||494498500||373193||0.00075241
14:49||494528500||373193||0.00075241
14:50||494525000||373193||0.00075241
14:51||494770000||373193||0.00075241
14:52||495495000||373193||0.00075241
14:53||495495000||373193||0.00075241
14:54||495495000||373193||0.00075241
14:55||495495000||373193||0.00075241
14:56||495495000||373193||0.00075241
14:57||495505000||373193||0.00075241
14:58||495505000||373193||0.00075241
14:59||495505000||373193||0.00075241
15:00||495505000||372457||0.00075241
15:01||495509000||372457||0.00075241
15:02||495749000||372457||0.00075241
15:03||495749000||372457||0.00075241
15:04||494529000||372457||0.00075241
15:05||494588000||371072||0.00075241
15:06||493178500||371072||0.00075241
15:07||494588000||371072||0.00075241
15:08||494584000||371072||0.00075241
15:09||494588000||371072||0.00075241
15:10||494587500||371072||0.00075241
15:11||494773500||371072||0.00075241
15:12||495498500||371072||0.00075241
15:13||495498500||371072||0.00075241
15:14||495453500||371072||0.00075241
15:15||494020000||372066||0.00075241
15:16||493105500||370260||0.00075241
15:17||493105500||370230||0.00075241
15:18||493143000||370230||0.00075241
15:19||493999500||370230||0.00075241
15:20||493999500||370230||0.00075241
15:21||493039500||369433||0.00075241
15:22||494499500||369433||0.00075241
15:23||494495000||369433||0.00075241
15:24||494000500||369433||0.00075241
15:25||494000500||369433||0.00075241
15:26||493510000||371690||0.00075241
15:27||493999500||371690||0.00075241
15:28||493999500||371690||0.00075241
15:29||493999500||371690||0.00075241
15:30||493999500||371690||0.00075241
15:31||493999500||371690||0.00075241
15:32||493999500||371690||0.00075241
15:33||493999500||371690||0.00075241
15:34||494000000||371691||0.00075241
15:35||494000500||371691||0.00075241
15:36||494000000||371689||0.00075241
15:37||494000000||371689||0.00075241
15:38||494000000||371689||0.00075241
15:39||494000000||371689||0.00075241
15:40||493999500||371689||0.00075241
15:41||493999500||371689||0.00075241
15:42||493999500||371689||0.00075241
15:43||493999500||371689||0.00075241
15:44||493999500||371689||0.00075241
15:45||493999500||371689||0.00075241
15:46||493999500||371689||0.00075241
15:47||493999500||371689||0.00075241
15:48||493999500||371689||0.00075241
15:49||493999500||371689||0.00075241
15:50||493999500||371690||0.00075241
15:51||493999500||371690||0.00075241
15:52||493999500||371690||0.00075241
15:53||493999500||371690||0.00075241
15:54||493999500||371690||0.00075241
15:55||494528000||371691||0.00075241
15:56||494528500||371691||0.00075241
15:57||494528500||371691||0.00075241
15:58||494528500||372368||0.00075241
15:59||494528500||372368||0.00075241
16:00||494528500||372368||0.00075241
16:01||494528500||372368||0.00075241
16:02||494528500||372368||0.00075241
16:03||494528500||372368||0.00075241
16:04||494528500||372368||0.00075241
16:05||494528500||372368||0.00075241
16:06||494528500||372368||0.00075241
16:07||494528500||372368||0.00075241
16:08||494528500||371807||0.00075241
16:09||494528500||372368||0.00075241
16:10||494528500||372368||0.00075241
16:11||494528500||372368||0.00075241
16:12||494528500||372368||0.00075241
16:13||494528500||372368||0.00075241
16:14||494900500||372368||0.00075241
16:15||494900500||372368||0.00075241
16:16||494900500||372368||0.00075241
16:17||494900500||372368||0.00075241
16:18||495509000||372442||0.00075241
16:19||495509000||372442||0.00075241
16:20||495509000||372442||0.00075241
16:21||495509000||372442||0.00075241
16:22||495509000||372442||0.00075241
16:23||495509000||372442||0.00075241
16:24||495509000||372442||0.00075241
16:25||495509000||372442||0.00075241
16:26||495509000||372442||0.00075241
16:27||495509000||372442||0.00075241
16:28||495508500||373193||0.00075241
16:29||495508500||373193||0.00075241
16:30||495508500||373193||0.00075241
16:31||494972500||373193||0.00075241
16:32||494972500||373124||0.00075241
16:33||494950000||373124||0.00075241
16:34||494951000||373124||0.00075241
16:35||494950000||373124||0.00075241
16:36||494592500||370938||0.00075241
16:37||494793500||373117||0.00075241
16:38||494794500||373117||0.00075241
16:39||494794500||373117||0.00075241
16:40||494794500||373117||0.00075241
16:41||494449500||373117||0.00075241
16:42||494449500||373117||0.00075241
16:43||494449500||373117||0.00075241
16:44||494448500||373117||0.00075241
16:45||493051000||369433||0.00075241
16:46||492993000||369362||0.00075241
16:47||489499000||368680||0.00075241
16:48||489510000||368680||0.00075241
16:49||489500000||368680||0.00075241
16:50||488510000||367928||0.00075241
16:51||488510000||367928||0.00075241
16:52||488510000||367928||0.00075241
16:53||488510000||367928||0.00075241
16:54||488020500||367191||0.00075241
16:55||488020500||367191||0.00075241
16:56||488510000||367928||0.00075241
16:57||488510000||367928||0.00075241
16:58||488510000||367928||0.00075241
16:59||488513500||367928||0.00075241
17:00||488513500||367928||0.00075241
17:01||488513500||367928||0.00075241
17:02||488523000||367928||0.00075241
17:03||488523000||367928||0.00075241
17:04||488523000||367928||0.00075241
17:05||488523000||367928||0.00075241
17:06||488523000||367210||0.00075241
17:07||488523000||367210||0.00075241
17:08||488523000||367210||0.00075241
17:09||488513500||367210||0.00075241
17:10||488513500||367210||0.00075241
17:11||488513500||367210||0.00075241
17:12||488523000||367210||0.00075241
17:13||488523000||367210||0.00075241
17:14||488523000||367210||0.00075241
17:15||488523000||367210||0.00075241
17:16||488523000||367210||0.00075241
17:17||488523000||367210||0.00075241
17:18||488523000||367210||0.00075241
17:19||488523000||367210||0.00075241
17:20||488523000||367210||0.00075241
17:21||488513500||367210||0.00075241
17:22||488513500||367210||0.00075241
17:23||488523000||367210||0.00075241
17:24||488523000||367210||0.00075241
17:25||489023000||368680||0.00075241
17:26||489500000||368680||0.00075241
17:27||489500000||368680||0.00075241
17:28||489500500||368680||0.00075241
17:29||489500500||368680||0.00075241
17:30||489500500||368680||0.00075241
17:31||489500500||368680||0.00075241
17:32||489500500||368680||0.00075241
17:33||489500500||368680||0.00075241
17:34||489500500||368680||0.00075241
17:35||489500500||368680||0.00075241
17:36||489500500||368680||0.00075241
17:37||489500500||368680||0.00075241
17:38||489500500||368680||0.00075241
17:39||489500000||367928||0.00075241
17:40||489500000||368680||0.00075241
17:41||489500000||368680||0.00075241
17:42||489500000||368680||0.00075241
17:43||489500000||368680||0.00075241
17:44||489499500||368680||0.00075241
17:45||489499500||368680||0.00075241
17:46||489499500||368680||0.00075241
17:47||489499500||368680||0.00075241
17:48||489499500||368680||0.00075241
17:49||489499500||368680||0.00075241
17:50||489499500||367928||0.00075241
17:51||489499500||367928||0.00075241
17:52||487750000||367176||0.00075241
17:53||487750000||367176||0.00075241
17:54||487750000||367176||0.00075241
17:55||487750000||367176||0.00075241
17:56||487750000||367176||0.00075241
17:57||487750000||367176||0.00075241
17:58||487750000||367176||0.00075241
17:59||487750000||367176||0.00075241
18:00||487755000||367176||0.00075241
18:01||487750000||367176||0.00075241
18:02||487755000||367176||0.00075241
18:03||487755000||367176||0.00075241
18:04||487755000||367176||0.00075241
18:05||487755000||367176||0.00075241
18:06||487999500||367176||0.00075241
18:07||487999500||367175||0.00075241
18:08||487999500||367175||0.00075241
18:09||487999500||367175||0.00075241
18:10||487999500||367175||0.00075241
18:11||487999500||367175||0.00075241
18:12||487999500||367175||0.00075241
18:13||487999500||367175||0.00075241
18:14||487999500||367175||0.00075241
18:15||487999500||367175||0.00075241
18:16||487999500||367175||0.00075241
18:17||487999500||367176||0.00075241
18:18||487999500||367176||0.00075241
18:19||487999500||367176||0.00075241
18:20||487999500||367176||0.00075241
18:21||487999500||367176||0.00075241
18:22||487999500||367176||0.00075241
18:23||487999500||367176||0.00075241
18:24||488999000||367176||0.00075241
18:25||488999000||367176||0.00075241
18:26||488999000||367176||0.00075241
18:27||488999000||367176||0.00075241
18:28||488999000||367176||0.00075241
18:29||488999000||367176||0.00075241
18:30||488999000||367176||0.00075241
18:31||488999000||367176||0.00075241
18:32||488999000||367176||0.00075241
18:33||488999000||367176||0.00075241
18:34||488999000||367176||0.00075241
18:35||488999000||367176||0.00075241
18:36||488999000||367176||0.00075241
18:37||488999000||367176||0.00075241
18:38||488999000||367176||0.00075241
18:39||486001000||364919||0.00075241
18:40||486001000||364919||0.00075241
18:41||486001000||364919||0.00075241
18:42||486000500||364918||0.00075241
18:43||486000500||364918||0.00075241
18:44||486000500||364918||0.00075241
18:45||486000500||364918||0.00075241
18:46||486000500||364918||0.00075241
18:47||486000500||364918||0.00075241
18:48||486000500||364918||0.00075241
18:49||486000000||364918||0.00075241
18:50||486000000||364918||0.00075241
18:51||486000000||364918||0.00075241
18:52||486000000||364918||0.00075241
18:53||486000000||364918||0.00075241
18:54||485050000||364166||0.00075241
18:55||485050000||364166||0.00075241
18:56||485050000||364166||0.00075241
18:57||482627000||363414||0.00075241
18:58||482627000||363414||0.00075241
18:59||482627000||363414||0.00075241
19:00||482627000||363414||0.00075241
19:01||482627000||363414||0.00075241
19:02||482677000||363414||0.00075241
19:03||482627000||363414||0.00075241
19:04||482627000||363414||0.00075241
19:05||482627000||363414||0.00075241
19:06||482500000||362660||0.00075241
19:07||482500000||362660||0.00075241
19:08||482500000||362660||0.00075241
19:09||482500000||363414||0.00075241
19:10||482510500||366423||0.00075241
19:11||484510000||366423||0.00075241
19:12||484560500||362677||0.00075241
19:13||484560500||362677||0.00075241
19:14||485006000||362677||0.00075241
19:15||485345000||362677||0.00075241
19:16||484695500||362677||0.00075241
19:17||484833000||362677||0.00075241
19:18||484833000||362677||0.00075241
19:19||484833000||362677||0.00075241
19:20||484833000||362677||0.00075241
19:21||484964500||362677||0.00075241
19:22||485344500||362677||0.00075241
19:23||485656000||362677||0.00075241
19:24||485886500||362677||0.00075241
19:25||486075500||362677||0.00075241
19:26||484957500||362677||0.00075241
19:27||485528500||362677||0.00075241
19:28||484635500||362677||0.00075241
19:29||485218500||362677||0.00075241
19:30||485218500||362677||0.00075241
19:31||484636000||362677||0.00075241
19:32||485795500||362677||0.00075241
19:33||485800500||364641||0.00075241
19:34||485800500||364641||0.00075241
19:35||485800500||364641||0.00075241
19:36||485800500||364641||0.00075241
19:37||485800500||364641||0.00075241
19:38||485800500||364641||0.00075241
19:39||485800500||366401||0.00075241
19:40||485800500||366401||0.00075241
19:41||483985500||362661||0.00075241
19:42||483990500||362661||0.00075241
19:43||483990500||362661||0.00075241
19:44||483990500||362661||0.00075241
19:45||483990500||362661||0.00075241
19:46||483990500||362661||0.00075241
19:47||483990500||362661||0.00075241
19:48||483990500||362661||0.00075241
19:49||483985500||362661||0.00075241
19:50||483985500||362661||0.00075241
19:51||483985500||362661||0.00075241
19:52||483985500||362661||0.00075241
19:53||483985500||362661||0.00075241
19:54||483985500||362661||0.00075241
19:55||483985500||362661||0.00075241
19:56||483985500||362661||0.00075241
19:57||483980500||362661||0.00075241
19:58||483980500||362661||0.00075241
19:59||483980500||362661||0.00075241
20:00||483981000||362661||0.00075241
20:01||484015500||362661||0.00075241
20:02||484015500||362661||0.00075241
20:03||484015500||362661||0.00075241
20:04||483990500||362661||0.00075241
20:05||484490500||362661||0.00075241
20:06||484490500||362661||0.00075241
20:07||484490500||362661||0.00075241
20:08||484490500||362661||0.00075241
20:09||484490500||362661||0.00075241
20:10||484490500||362661||0.00075241
20:11||484490500||362661||0.00075241
20:12||484490500||362661||0.00075241
20:13||482539500||361156||0.00075241
20:14||482338500||361156||0.00075241
20:15||482349000||361156||0.00075241
20:16||482349000||361156||0.00075241
20:17||482349000||361156||0.00075241
20:18||482249000||359651||0.00075241
20:19||481949000||359651||0.00075241
20:20||481501500||359651||0.00075241
20:21||481570000||359651||0.00075241
20:22||481570000||359651||0.00075241
20:23||481569000||359651||0.00075241
20:24||481500000||359651||0.00075241
20:25||481500000||359651||0.00075241
20:26||481772500||359651||0.00075241
20:27||481772500||359651||0.00075241
20:28||481772500||359651||0.00075241
20:29||481772500||359651||0.00075241
20:30||481772500||359651||0.00075241
20:31||481837000||359651||0.00075241
20:32||481837000||359651||0.00075241
20:33||481837000||359651||0.00075241
20:34||481837000||359651||0.00075241
20:35||481837000||359651||0.00075241
20:36||481837000||359651||0.00075241
20:37||481836000||359651||0.00075241
20:38||481771500||359651||0.00075241
20:39||481771500||359651||0.00075241
20:40||481771500||359651||0.00075241
20:41||481771500||359651||0.00075241
20:42||481771500||359651||0.00075241
20:43||481836000||359651||0.00075241
20:44||481836000||359651||0.00075241
20:45||481836000||359651||0.00075241
20:46||481836000||359651||0.00075241
20:47||481836000||359651||0.00075241
20:48||481836000||359651||0.00075241
20:49||481836000||359651||0.00075241
20:50||481836000||359651||0.00075241
20:51||481836000||359651||0.00075241
20:52||481836000||359651||0.00075241
20:53||481836000||359651||0.00075241
20:54||481836000||359651||0.00075241
20:55||478684500||360167||0.00075241
20:56||478684500||360167||0.00075241
20:57||478684500||360167||0.00075241
20:58||478684500||360166||0.00075241
20:59||478684500||360166||0.00075241
21:00||478684500||360166||0.00075241
21:01||478684500||360166||0.00075241
21:02||478684500||360166||0.00075241
21:03||479747000||360167||0.00075241
21:04||483923000||361672||0.00075241
21:05||483923000||361672||0.00075241
21:06||483995000||361672||0.00075241
21:07||481850000||363414||0.00075241
21:08||481850000||363414||0.00075241
21:09||484454000||363414||0.00075241
21:10||484454000||364179||0.00075241
21:11||484454000||364179||0.00075241
21:12||484504000||364179||0.00075241
21:13||484513500||364179||0.00075241
21:14||484513500||364179||0.00075241
21:15||484513500||364194||0.00075241
21:16||484989500||364194||0.00075241
21:17||484989500||364194||0.00075241
21:18||484989500||364194||0.00075241
21:19||484989500||364194||0.00075241
21:20||482790500||364910||0.00075241
21:21||482965000||364910||0.00075241
21:22||483202000||364910||0.00075241
21:23||483344500||364910||0.00075241
21:24||482983000||364910||0.00075241
21:25||483067000||364910||0.00075241
21:26||483085500||364910||0.00075241
21:27||483085500||364910||0.00075241
21:28||483085500||364910||0.00075241
21:29||483085000||364910||0.00075241
21:30||481999500||362790||0.00075241
21:31||481999500||362790||0.00075241
21:32||481960000||362790||0.00075241
21:33||481911500||362790||0.00075241
21:34||481750500||362790||0.00075241
21:35||481750000||362790||0.00075241
21:36||482250000||362790||0.00075241
21:37||482250000||362790||0.00075241
21:38||482225000||362790||0.00075241
21:39||481725000||362790||0.00075241
21:40||479342000||361156||0.00075241
21:41||479329000||361156||0.00075241
21:42||479280000||361156||0.00075241
21:43||479280000||360166||0.00075241
21:44||477019000||360069||0.00075241
21:45||477019000||360069||0.00075241
21:46||475981000||356642||0.00075241
21:47||475981000||356642||0.00075241
21:48||477582500||356642||0.00075241
21:49||477632500||356642||0.00075241
21:50||477632500||356642||0.00075241
21:51||477632500||356642||0.00075241
21:52||477632500||356642||0.00075241
21:53||477632500||356718||0.00075241
21:54||475050500||358147||0.00075241
21:55||475100500||358147||0.00075241
21:56||475101500||356795||0.00075241
21:57||475101500||356795||0.00075241
21:58||475102000||356795||0.00075241
21:59||475102000||356795||0.00075241
22:00||475102000||356795||0.00075241
22:01||475102000||356795||0.00075241
22:02||475102000||356795||0.00075241
22:03||475102000||356795||0.00075241
22:04||475084000||356795||0.00075241
22:05||475084000||356795||0.00075241
22:06||475102000||356795||0.00075241
22:07||474102000||356795||0.00075241
22:08||474102000||356795||0.00075241
22:09||474102000||356795||0.00075241
22:10||474100000||356642||0.00075241
22:11||473974500||356604||0.00075241
22:12||477556500||356604||0.00075241
22:13||477217000||356322||0.00075241
22:14||471610000||354550||0.00075241
22:15||471610500||354550||0.00075241
22:16||471610500||354550||0.00075241
22:17||471610500||354550||0.00075241
22:18||471611000||354550||0.00075241
22:19||471611500||354550||0.00075241
22:20||471611500||354550||0.00075241
22:21||476410000||355137||0.00075241
22:22||472500000||355137||0.00075241
22:23||476410500||355137||0.00075241
22:24||476415000||355137||0.00075241
22:25||476415000||355137||0.00075241
22:26||476415000||355137||0.00075241
22:27||476415000||355137||0.00075241
22:28||476415000||355137||0.00075241
22:29||476415000||355137||0.00075241
22:30||476415000||355137||0.00075241
22:31||473505000||355137||0.00075241
22:32||473505000||355137||0.00075241
22:33||476405000||355137||0.00075241
22:34||476317000||355137||0.00075241
22:35||476219000||355137||0.00075241
22:36||476219000||355137||0.00075241
22:37||476220000||355145||0.00075241
22:38||476224000||355145||0.00075241
22:39||476230500||355145||0.00075241
22:40||476230500||355145||0.00075241
22:41||476240500||355145||0.00075241
22:42||476240500||355145||0.00075241
22:43||474464500||355145||0.00075241
22:44||474464500||355145||0.00075241
22:45||476527500||361909||0.00075241
22:46||475767000||361909||0.00075241
22:47||475770500||361909||0.00075241
22:48||475970500||361909||0.00075241
22:49||475970500||361909||0.00075241
22:50||477440500||361909||0.00075241
22:51||477381000||361909||0.00075241
22:52||478716500||361909||0.00075241
22:53||478000500||361909||0.00075241
22:54||478000500||361909||0.00075241
22:55||478000500||361909||0.00075241
22:56||478000500||361909||0.00075241
22:57||476470000||359651||0.00075241
22:58||476470000||357394||0.00075241
22:59||476213500||357394||0.00075241
23:00||476213500||357394||0.00075241
23:01||476213500||357394||0.00075241
23:02||476213500||357394||0.00075241
23:03||476213500||357394||0.00075241
23:04||476500500||357394||0.00075241
23:05||476500500||357394||0.00075241
23:06||476500500||359652||0.00075241
23:07||476500500||359652||0.00075241
23:08||476500500||359652||0.00075241
23:09||476500500||359652||0.00075241
23:10||476501000||359652||0.00075241
23:11||476501000||359652||0.00075241
23:12||476501000||359652||0.00075241
23:13||476501000||359652||0.00075241
23:14||476471000||359652||0.00075241
23:15||476471000||359652||0.00075241
23:16||476471000||359652||0.00075241
23:17||476471000||359652||0.00075241
23:18||476471000||359652||0.00075241
23:19||476471000||359607||0.00075241
23:20||476471000||359607||0.00075241
23:21||476471000||359607||0.00075241
23:22||473353000||357394||0.00075241
23:23||473353000||357394||0.00075241
23:24||473353000||357394||0.00075241
23:25||473323500||357394||0.00075241
23:26||473323500||357394||0.00075241
23:27||471557500||355145||0.00075241
23:28||469712000||353610||0.00075241
23:29||468392500||352857||0.00075241
23:30||467282500||352857||0.00075241
23:31||467815000||352857||0.00075241
23:32||465685000||349870||0.00075241
23:33||465735000||349870||0.00075241
23:34||465815500||349870||0.00075241
23:35||465815500||349870||0.00075241
23:36||465815500||349870||0.00075241
23:37||465815500||349870||0.00075241
23:38||468415000||352139||0.00075241
23:39||464177500||350276||0.00075241
23:40||465290000||350276||0.00075241
23:41||465290000||350276||0.00075241
23:42||465290000||350276||0.00075241
23:43||465290000||350276||0.00075241
23:44||471391000||350276||0.00075241
23:45||471391000||350276||0.00075241
23:46||471391000||350276||0.00075241
23:47||471391000||350276||0.00075241
23:48||468730000||354190||0.00075241
23:49||469230000||354190||0.00075241
23:50||466303000||351924||0.00075241
23:51||467066000||351924||0.00075241
23:52||467066000||351924||0.00075241
23:53||467066000||351801||0.00075241
23:54||467066000||351801||0.00075241
23:55||465714500||351048||0.00075241
23:56||466239000||351048||0.00075241
23:57||466388500||351048||0.00075241
23:58||466388500||350915||0.00075241
23:59||466388500||350915||0.00075241
