00:00||715219500||537822||0.00075241
00:01||715219500||537822||0.00075241
00:02||715219500||537822||0.00075241
00:03||715219500||538426||0.00075241
00:04||717319500||540980||0.00075241
00:05||717319500||540980||0.00075241
00:06||717320000||540980||0.00075241
00:07||717286500||540980||0.00075241
00:08||716071000||540980||0.00075241
00:09||716071000||539101||0.00075241
00:10||716080000||539101||0.00075241
00:11||716080000||539101||0.00075241
00:12||716080000||539101||0.00075241
00:13||716293500||538791||0.00075241
00:14||716317000||538791||0.00075241
00:15||716316500||538826||0.00075241
00:16||716316500||538826||0.00075241
00:17||716313000||539101||0.00075241
00:18||716313500||539101||0.00075241
00:19||716313500||539101||0.00075241
00:20||716313000||539101||0.00075241
00:21||716071000||539101||0.00075241
00:22||716071000||539101||0.00075241
00:23||716071000||539101||0.00075241
00:24||716071000||539101||0.00075241
00:25||715821500||539101||0.00075241
00:26||715821500||539101||0.00075241
00:27||715821500||539101||0.00075241
00:28||714579500||538456||0.00075241
00:29||714673000||538575||0.00075241
00:30||714696000||538575||0.00075241
00:31||714745000||538575||0.00075241
00:32||714744500||538575||0.00075241
00:33||714917500||538575||0.00075241
00:34||714768000||537247||0.00075241
00:35||714768000||537247||0.00075241
00:36||714768000||537247||0.00075241
00:37||714768000||537247||0.00075241
00:38||714782500||538348||0.00075241
00:39||715009500||538348||0.00075241
00:40||715009500||538348||0.00075241
00:41||714999000||537596||0.00075241
00:42||714999000||537596||0.00075241
00:43||714999000||538347||0.00075241
00:44||714999000||537596||0.00075241
00:45||714999000||537596||0.00075241
00:46||715498500||538347||0.00075241
00:47||715498500||538348||0.00075241
00:48||715498500||538348||0.00075241
00:49||715498500||538348||0.00075241
00:50||715499500||538348||0.00075241
00:51||715499500||538349||0.00075241
00:52||715499500||538349||0.00075241
00:53||715499500||538349||0.00075241
00:54||715499500||538349||0.00075241
00:55||715649000||538574||0.00075241
00:56||715744000||538724||0.00075241
00:57||715744000||538724||0.00075241
00:58||714705000||538347||0.00075241
00:59||714509000||538347||0.00075241
01:00||714509000||538347||0.00075241
01:01||714509000||538347||0.00075241
01:02||714509000||538347||0.00075241
01:03||714718500||537248||0.00075241
01:04||714718500||537248||0.00075241
01:05||714705000||537248||0.00075241
01:06||714486500||537248||0.00075241
01:07||714486500||537248||0.00075241
01:08||714561500||537248||0.00075241
01:09||714561500||537248||0.00075241
01:10||714564000||537248||0.00075241
01:11||714564000||537248||0.00075241
01:12||714365000||537248||0.00075241
01:13||714365000||537248||0.00075241
01:14||713740000||536469||0.00075241
01:15||713740000||537954||0.00075241
01:16||713531500||537954||0.00075241
01:17||713531500||537640||0.00075241
01:18||713552000||537640||0.00075241
01:19||713773000||537640||0.00075241
01:20||713273000||537640||0.00075241
01:21||713273000||537640||0.00075241
01:22||713519000||538723||0.00075241
01:23||714252500||537199||0.00075241
01:24||713288000||537199||0.00075241
01:25||714020000||537199||0.00075241
01:26||714020000||537199||0.00075241
01:27||714270000||537199||0.00075241
01:28||714734500||539100||0.00075241
01:29||714769500||539101||0.00075241
01:30||714769000||539101||0.00075241
01:31||714770500||539101||0.00075241
01:32||714946500||539101||0.00075241
01:33||714945500||539101||0.00075241
01:34||714914500||539101||0.00075241
01:35||714914500||539101||0.00075241
01:36||714198000||539101||0.00075241
01:37||715041500||539101||0.00075241
01:38||715012500||539101||0.00075241
01:39||714292000||539101||0.00075241
01:40||714292000||539101||0.00075241
01:41||714292000||539101||0.00075241
01:42||714792000||539101||0.00075241
01:43||715012000||539101||0.00075241
01:44||715012000||539101||0.00075241
01:45||715012000||539101||0.00075241
01:46||716225500||539101||0.00075241
01:47||714753000||539101||0.00075241
01:48||714777500||539101||0.00075241
01:49||714263000||539101||0.00075241
01:50||714277500||539101||0.00075241
01:51||714277500||539101||0.00075241
01:52||714263000||539101||0.00075241
01:53||713777500||536886||0.00075241
01:54||714263000||536886||0.00075241
01:55||714263000||536886||0.00075241
01:56||714263000||536886||0.00075241
01:57||714263000||536886||0.00075241
01:58||714263000||536886||0.00075241
01:59||714263000||536886||0.00075241
02:00||714263000||536886||0.00075241
02:01||714263000||537951||0.00075241
02:02||714263000||537951||0.00075241
02:03||714263000||537951||0.00075241
02:04||714263000||536092||0.00075241
02:05||714261000||536092||0.00075241
02:06||714261000||536092||0.00075241
02:07||714261000||536092||0.00075241
02:08||714261000||536092||0.00075241
02:09||714261000||536092||0.00075241
02:10||711556000||535715||0.00075241
02:11||711556000||535715||0.00075241
02:12||709745000||534203||0.00075241
02:13||709745000||534203||0.00075241
02:14||712929500||534203||0.00075241
02:15||711215000||534203||0.00075241
02:16||711215000||533834||0.00075241
02:17||711215000||533834||0.00075241
02:18||709750000||533834||0.00075241
02:19||710725000||536415||0.00075241
02:20||710235000||534940||0.00075241
02:21||710235000||534940||0.00075241
02:22||710235000||534940||0.00075241
02:23||710235000||534940||0.00075241
02:24||710249500||534940||0.00075241
02:25||710249500||534940||0.00075241
02:26||710264500||534940||0.00075241
02:27||710279000||534940||0.00075241
02:28||710279000||534940||0.00075241
02:29||710293500||534940||0.00075241
02:30||710293500||534940||0.00075241
02:31||710293500||534940||0.00075241
02:32||710293500||534940||0.00075241
02:33||710293500||534940||0.00075241
02:34||710293500||534940||0.00075241
02:35||710293500||534940||0.00075241
02:36||710293500||534940||0.00075241
02:37||710293500||534940||0.00075241
02:38||710293500||534940||0.00075241
02:39||710293500||534940||0.00075241
02:40||710293500||534940||0.00075241
02:41||710293500||534940||0.00075241
02:42||710307500||534940||0.00075241
02:43||710307500||533943||0.00075241
02:44||710307500||533943||0.00075241
02:45||710307500||533943||0.00075241
02:46||710307500||533943||0.00075241
02:47||710294000||533943||0.00075241
02:48||710307500||533943||0.00075241
02:49||710307500||533943||0.00075241
02:50||710307500||533943||0.00075241
02:51||710690500||533943||0.00075241
02:52||710837500||533943||0.00075241
02:53||710250000||533943||0.00075241
02:54||710250000||533943||0.00075241
02:55||710250000||533943||0.00075241
02:56||710250000||533943||0.00075241
02:57||710264500||533943||0.00075241
02:58||710264500||533943||0.00075241
02:59||710264500||533943||0.00075241
03:00||710264500||533943||0.00075241
03:01||710264500||533943||0.00075241
03:02||710264500||533943||0.00075241
03:03||710264500||533943||0.00075241
03:04||710236000||533943||0.00075241
03:05||710236000||533943||0.00075241
03:06||710236000||533943||0.00075241
03:07||710236000||533857||0.00075241
03:08||710220500||533853||0.00075241
03:09||710220500||534919||0.00075241
03:10||710220500||534919||0.00075241
03:11||710220500||534919||0.00075241
03:12||710220500||534919||0.00075241
03:13||710220500||534919||0.00075241
03:14||710220500||534919||0.00075241
03:15||710220500||534919||0.00075241
03:16||710220500||534919||0.00075241
03:17||710235000||534919||0.00075241
03:18||710249500||534919||0.00075241
03:19||710249500||534919||0.00075241
03:20||710249500||534919||0.00075241
03:21||710249500||534919||0.00075241
03:22||710249500||534919||0.00075241
03:23||710249500||534919||0.00075241
03:24||710249500||534919||0.00075241
03:25||710249500||534919||0.00075241
03:26||710249500||534919||0.00075241
03:27||710969500||534919||0.00075241
03:28||710969500||534919||0.00075241
03:29||710969500||534919||0.00075241
03:30||710969500||534919||0.00075241
03:31||710969500||534919||0.00075241
03:32||710969500||534919||0.00075241
03:33||710969500||534919||0.00075241
03:34||710969500||534919||0.00075241
03:35||710969500||534919||0.00075241
03:36||710969500||534919||0.00075241
03:37||710969500||534919||0.00075241
03:38||710969500||534919||0.00075241
03:39||710969500||534919||0.00075241
03:40||710955500||534940||0.00075241
03:41||710955500||534940||0.00075241
03:42||710485500||534940||0.00075241
03:43||710485500||534940||0.00075241
03:44||710485500||534940||0.00075241
03:45||710485500||534940||0.00075241
03:46||710485500||534940||0.00075241
03:47||710485500||534940||0.00075241
03:48||710485500||534940||0.00075241
03:49||710485500||534940||0.00075241
03:50||710485500||534940||0.00075241
03:51||710485500||534940||0.00075241
03:52||710485500||534940||0.00075241
03:53||710485500||534940||0.00075241
03:54||710485500||534940||0.00075241
03:55||710485500||534940||0.00075241
03:56||710484500||534940||0.00075241
03:57||710484500||534940||0.00075241
03:58||710484500||534940||0.00075241
03:59||710485500||534940||0.00075241
04:00||710486500||534940||0.00075241
04:01||710486500||534940||0.00075241
04:02||710486500||534940||0.00075241
04:03||710486500||534940||0.00075241
04:04||711466500||534940||0.00075241
04:05||711466500||534940||0.00075241
04:06||711468000||534940||0.00075241
04:07||711468000||534940||0.00075241
04:08||711468000||534940||0.00075241
04:09||711468000||534940||0.00075241
04:10||711468000||534940||0.00075241
04:11||711468000||534940||0.00075241
04:12||711468000||538724||0.00075241
04:13||712698000||538724||0.00075241
04:14||712485500||538724||0.00075241
04:15||712197500||538724||0.00075241
04:16||712064500||538724||0.00075241
04:17||712453500||538724||0.00075241
04:18||712454500||538724||0.00075241
04:19||711964500||538724||0.00075241
04:20||711964500||538724||0.00075241
04:21||712004500||538724||0.00075241
04:22||712004500||538724||0.00075241
04:23||712004500||538724||0.00075241
04:24||712004500||538724||0.00075241
04:25||712004500||538724||0.00075241
04:26||713001000||538724||0.00075241
04:27||713001000||538724||0.00075241
04:28||713001000||538724||0.00075241
04:29||711985500||538724||0.00075241
04:30||713951000||537145||0.00075241
04:31||714440000||537145||0.00075241
04:32||713950000||537145||0.00075241
04:33||713947000||537147||0.00075241
04:34||713947000||537147||0.00075241
04:35||713991500||537147||0.00075241
04:36||713991500||537147||0.00075241
04:37||713991500||537147||0.00075241
04:38||713991500||537147||0.00075241
04:39||714994500||537147||0.00075241
04:40||714994500||537147||0.00075241
04:41||714746500||537147||0.00075241
04:42||714715000||537147||0.00075241
04:43||714994500||537147||0.00075241
04:44||715360500||537147||0.00075241
04:45||714950000||538724||0.00075241
04:46||714907500||538724||0.00075241
04:47||714685000||538724||0.00075241
04:48||714950500||538724||0.00075241
04:49||714950500||538724||0.00075241
04:50||714950500||538724||0.00075241
04:51||714929500||538724||0.00075241
04:52||714929500||538724||0.00075241
04:53||714394000||538724||0.00075241
04:54||714394000||538724||0.00075241
04:55||714394000||538724||0.00075241
04:56||714394000||538724||0.00075241
04:57||714394000||538724||0.00075241
04:58||714394000||538724||0.00075241
04:59||714394000||538724||0.00075241
05:00||714394000||538724||0.00075241
05:01||714394000||538724||0.00075241
05:02||714394000||538724||0.00075241
05:03||714394000||538724||0.00075241
05:04||714394000||538724||0.00075241
05:05||714394000||538724||0.00075241
05:06||714394000||538724||0.00075241
05:07||714394000||538724||0.00075241
05:08||714302000||538724||0.00075241
05:09||714202000||538724||0.00075241
05:10||714202000||538724||0.00075241
05:11||714202000||538724||0.00075241
05:12||714202000||538724||0.00075241
05:13||714202000||538724||0.00075241
05:14||714202000||538724||0.00075241
05:15||714202000||538724||0.00075241
05:16||714202000||537596||0.00075241
05:17||714202000||537596||0.00075241
05:18||714202000||537596||0.00075241
05:19||714203500||537596||0.00075241
05:20||714253500||537672||0.00075241
05:21||714253500||537672||0.00075241
05:22||714253500||537672||0.00075241
05:23||714253500||537672||0.00075241
05:24||714301000||537672||0.00075241
05:25||714301000||537672||0.00075241
05:26||714301000||537672||0.00075241
05:27||714301000||537672||0.00075241
05:28||714301000||537672||0.00075241
05:29||714301000||537672||0.00075241
05:30||714301000||537672||0.00075241
05:31||714301000||537672||0.00075241
05:32||714301000||537672||0.00075241
05:33||714301000||537672||0.00075241
05:34||714301000||537222||0.00075241
05:35||714300000||537222||0.00075241
05:36||714252500||537149||0.00075241
05:37||714252500||537149||0.00075241
05:38||714252500||537149||0.00075241
05:39||714252500||537149||0.00075241
05:40||714252500||537149||0.00075241
05:41||714202500||537149||0.00075241
05:42||714202500||537149||0.00075241
05:43||714202500||537149||0.00075241
05:44||714202500||537149||0.00075241
05:45||714202500||537149||0.00075241
05:46||714202500||537149||0.00075241
05:47||714208500||537149||0.00075241
05:48||714208500||537158||0.00075241
05:49||714203500||537158||0.00075241
05:50||714202500||537158||0.00075241
05:51||714202500||537158||0.00075241
05:52||714202500||537158||0.00075241
05:53||714202500||537158||0.00075241
05:54||714202500||537158||0.00075241
05:55||714202500||537158||0.00075241
05:56||713917500||537159||0.00075241
05:57||713917500||537159||0.00075241
05:58||713917500||537159||0.00075241
05:59||713917500||537159||0.00075241
06:00||713917500||537159||0.00075241
06:01||713917500||537159||0.00075241
06:02||713917500||537159||0.00075241
06:03||713917500||537159||0.00075241
06:04||713917500||537159||0.00075241
06:05||713917500||537159||0.00075241
06:06||713917500||537159||0.00075241
06:07||713917500||537159||0.00075241
06:08||713917500||537159||0.00075241
06:09||713917500||537159||0.00075241
06:10||713917500||537159||0.00075241
06:11||713917500||537159||0.00075241
06:12||713917500||537159||0.00075241
06:13||713917500||537159||0.00075241
06:14||713917500||537159||0.00075241
06:15||713917500||537159||0.00075241
06:16||713917500||537159||0.00075241
06:17||713917500||537159||0.00075241
06:18||713917500||537159||0.00075241
06:19||713917500||537159||0.00075241
06:20||713917500||537159||0.00075241
06:21||713917500||537159||0.00075241
06:22||713917500||537159||0.00075241
06:23||713917500||537159||0.00075241
06:24||713917500||537159||0.00075241
06:25||713917500||537159||0.00075241
06:26||713917500||537159||0.00075241
06:27||714209000||537159||0.00075241
06:28||714209000||537159||0.00075241
06:29||714209000||537159||0.00075241
06:30||714209000||537159||0.00075241
06:31||714209000||537159||0.00075241
06:32||714209000||537159||0.00075241
06:33||714209000||537159||0.00075241
06:34||714209000||537159||0.00075241
06:35||714209000||537159||0.00075241
06:36||713247500||535715||0.00075241
06:37||713247500||535715||0.00075241
06:38||713247500||535715||0.00075241
06:39||713247500||535715||0.00075241
06:40||713247500||535715||0.00075241
06:41||713247500||537589||0.00075241
06:42||713248500||537589||0.00075241
06:43||713248500||537589||0.00075241
06:44||713248000||537589||0.00075241
06:45||713248000||537589||0.00075241
06:46||713247500||537589||0.00075241
06:47||713248500||535721||0.00075241
06:48||713249500||535725||0.00075241
06:49||713248000||535725||0.00075241
06:50||713248000||535725||0.00075241
06:51||713248000||535725||0.00075241
06:52||713246500||535725||0.00075241
06:53||713246500||535725||0.00075241
06:54||713247500||535725||0.00075241
06:55||713246000||535725||0.00075241
06:56||713246500||535725||0.00075241
06:57||713247500||535725||0.00075241
06:58||713247000||535725||0.00075241
06:59||713246000||535725||0.00075241
07:00||713246000||535725||0.00075241
07:01||713246000||535725||0.00075241
07:02||713246000||535725||0.00075241
07:03||713246000||535725||0.00075241
07:04||713246000||535725||0.00075241
07:05||713246000||535725||0.00075241
07:06||713246000||535725||0.00075241
07:07||713246000||535725||0.00075241
07:08||713245000||535725||0.00075241
07:09||713246500||537575||0.00075241
07:10||713246500||537575||0.00075241
07:11||713246500||537575||0.00075241
07:12||713246500||537575||0.00075241
07:13||713246500||537575||0.00075241
07:14||713246500||537575||0.00075241
07:15||713246500||537575||0.00075241
07:16||713246500||537575||0.00075241
07:17||713246500||537575||0.00075241
07:18||713248500||537575||0.00075241
07:19||713498500||537575||0.00075241
07:20||713485500||537575||0.00075241
07:21||713485500||537575||0.00075241
07:22||713499500||537575||0.00075241
07:23||713499500||537575||0.00075241
07:24||713499500||537575||0.00075241
07:25||714471500||537575||0.00075241
07:26||714471500||537575||0.00075241
07:27||714471500||537575||0.00075241
07:28||714471500||537575||0.00075241
07:29||714471500||537575||0.00075241
07:30||714471500||537575||0.00075241
07:31||714471500||537575||0.00075241
07:32||714471500||537575||0.00075241
07:33||714471500||537575||0.00075241
07:34||714471500||537575||0.00075241
07:35||713497500||537575||0.00075241
07:36||713497500||537575||0.00075241
07:37||713497000||537575||0.00075241
07:38||713497000||537575||0.00075241
07:39||710035500||534238||0.00075241
07:40||710035500||534238||0.00075241
07:41||710035500||534238||0.00075241
07:42||710035500||534238||0.00075241
07:43||710035500||534238||0.00075241
07:44||710035500||534238||0.00075241
07:45||710035500||534238||0.00075241
07:46||710035500||534238||0.00075241
07:47||710035500||534238||0.00075241
07:48||710035500||534238||0.00075241
07:49||710035500||534238||0.00075241
07:50||710035500||534238||0.00075241
07:51||710035500||534238||0.00075241
07:52||710035500||534238||0.00075241
07:53||710035500||534238||0.00075241
07:54||710035500||534238||0.00075241
07:55||710035500||534238||0.00075241
07:56||710035500||534238||0.00075241
07:57||710035500||534238||0.00075241
07:58||710035500||534238||0.00075241
07:59||710035500||534238||0.00075241
08:00||710035500||534238||0.00075241
08:01||710035500||534238||0.00075241
08:02||710035500||534238||0.00075241
08:03||710035500||534238||0.00075241
08:04||710035500||534238||0.00075241
08:05||710035500||534238||0.00075241
08:06||710035500||534238||0.00075241
08:07||709754000||534211||0.00075241
08:08||709130500||533270||0.00075241
08:09||709376000||534211||0.00075241
08:10||709376000||534211||0.00075241
08:11||709376000||534211||0.00075241
08:12||709375500||534210||0.00075241
08:13||709375000||534209||0.00075241
08:14||709374000||534209||0.00075241
08:15||709372500||534209||0.00075241
08:16||706621500||534205||0.00075241
08:17||706622500||529136||0.00075241
08:18||706500500||529136||0.00075241
08:19||706500500||531202||0.00075241
08:20||706501500||531954||0.00075241
08:21||706500500||531202||0.00075241
08:22||706500500||531202||0.00075241
08:23||706501000||531203||0.00075241
08:24||706502000||531953||0.00075241
08:25||706502000||531954||0.00075241
08:26||706503000||531954||0.00075241
08:27||706504500||531954||0.00075241
08:28||706504500||531954||0.00075241
08:29||706506000||531954||0.00075241
08:30||706506000||531954||0.00075241
08:31||706506000||531954||0.00075241
08:32||706506000||531954||0.00075241
08:33||706506000||531954||0.00075241
08:34||706756500||531954||0.00075241
08:35||706756500||531954||0.00075241
08:36||706756500||531954||0.00075241
08:37||706505000||531208||0.00075241
08:38||706505000||531208||0.00075241
08:39||706505000||531208||0.00075241
08:40||706505000||531208||0.00075241
08:41||706505000||531208||0.00075241
08:42||706506500||531210||0.00075241
08:43||706506500||531954||0.00075241
08:44||706508000||531211||0.00075241
08:45||706513000||531211||0.00075241
08:46||706515000||531211||0.00075241
08:47||706517000||531953||0.00075241
08:48||706520000||531953||0.00075241
08:49||706523500||531953||0.00075241
08:50||706523500||531953||0.00075241
08:51||706523000||531953||0.00075241
08:52||706523000||531953||0.00075241
08:53||706522500||531953||0.00075241
08:54||706522500||531953||0.00075241
08:55||706522500||531953||0.00075241
08:56||706524500||531953||0.00075241
08:57||706524500||531953||0.00075241
08:58||706524500||531951||0.00075241
08:59||706524500||531951||0.00075241
09:00||706524500||531951||0.00075241
09:01||706526000||531951||0.00075241
09:02||706527500||531951||0.00075241
09:03||710030500||534238||0.00075241
09:04||710035500||534238||0.00075241
09:05||710035500||534238||0.00075241
09:06||712000000||534211||0.00075241
09:07||712000000||534211||0.00075241
09:08||712000000||534211||0.00075241
09:09||711995500||534211||0.00075241
09:10||711995500||534211||0.00075241
09:11||712495500||534211||0.00075241
09:12||712495500||534211||0.00075241
09:13||712495500||534211||0.00075241
09:14||712495500||534211||0.00075241
09:15||711998500||534217||0.00075241
09:16||711998500||534217||0.00075241
09:17||712001500||534222||0.00075241
09:18||712000000||534222||0.00075241
09:19||712000000||534222||0.00075241
09:20||712000000||534222||0.00075241
09:21||712001500||534222||0.00075241
09:22||712001500||534222||0.00075241
09:23||712001500||534222||0.00075241
09:24||712001500||534229||0.00075241
09:25||712001500||537204||0.00075241
09:26||712001500||537204||0.00075241
09:27||711513500||537204||0.00075241
09:28||711513500||537204||0.00075241
09:29||711513000||537204||0.00075241
09:30||711302000||536150||0.00075241
09:31||711302000||536150||0.00075241
09:32||711302000||536150||0.00075241
09:33||711302000||536150||0.00075241
09:34||711302000||536150||0.00075241
09:35||712003500||537203||0.00075241
09:36||712177500||537203||0.00075241
09:37||712167500||537201||0.00075241
09:38||711938000||537201||0.00075241
09:39||712138000||537136||0.00075241
09:40||712139500||537136||0.00075241
09:41||712134000||537136||0.00075241
09:42||711586000||537128||0.00075241
09:43||712139000||537128||0.00075241
09:44||712139000||537128||0.00075241
09:45||712140000||537128||0.00075241
09:46||712137500||537126||0.00075241
09:47||710403500||537124||0.00075241
09:48||712131500||537124||0.00075241
09:49||712128000||537124||0.00075241
09:50||712103000||537124||0.00075241
09:51||712103000||537124||0.00075241
09:52||712103000||537124||0.00075241
09:53||712103000||537124||0.00075241
09:54||712103000||537070||0.00075241
09:55||712104000||537070||0.00075241
09:56||712054000||537068||0.00075241
09:57||712055000||537068||0.00075241
09:58||712055000||536995||0.00075241
09:59||712056500||536995||0.00075241
10:00||712057500||536995||0.00075241
10:01||712056500||534524||0.00075241
10:02||712059500||536994||0.00075241
10:03||713696500||536994||0.00075241
10:04||713696500||536992||0.00075241
10:05||713696500||536992||0.00075241
10:06||713696500||536992||0.00075241
10:07||713696500||536992||0.00075241
10:08||710429500||532075||0.00075241
10:09||710381500||532075||0.00075241
10:10||710394000||532103||0.00075241
10:11||710358000||536857||0.00075241
10:12||710093500||536857||0.00075241
10:13||710103500||536857||0.00075241
10:14||710064000||536391||0.00075241
10:15||710058000||536391||0.00075241
10:16||710058000||536381||0.00075241
10:17||710055000||536381||0.00075241
10:18||710054000||532132||0.00075241
10:19||710052000||532132||0.00075241
10:20||710052000||532890||0.00075241
10:21||710046500||532890||0.00075241
10:22||709910000||532890||0.00075241
10:23||710045500||535601||0.00075241
10:24||710054000||535609||0.00075241
10:25||710055000||535605||0.00075241
10:26||710214500||535605||0.00075241
10:27||710399500||535605||0.00075241
10:28||710401000||535605||0.00075241
10:29||710537000||535561||0.00075241
10:30||710534500||535560||0.00075241
10:31||710534500||535560||0.00075241
10:32||710529500||535560||0.00075241
10:33||710535000||533670||0.00075241
10:34||710535000||533670||0.00075241
10:35||710535000||535556||0.00075241
10:36||710535000||535556||0.00075241
10:37||710535000||535556||0.00075241
10:38||710535000||535556||0.00075241
10:39||710536000||535557||0.00075241
10:40||710536000||535557||0.00075241
10:41||710536000||535557||0.00075241
10:42||710536000||535557||0.00075241
10:43||710535500||535557||0.00075241
10:44||710535500||535557||0.00075241
10:45||711628000||537201||0.00075241
10:46||711628000||537201||0.00075241
10:47||711629500||537201||0.00075241
10:48||711629000||537147||0.00075241
10:49||711636000||533674||0.00075241
10:50||711637500||533674||0.00075241
10:51||711952000||533674||0.00075241
10:52||711949500||534439||0.00075241
10:53||711951500||534442||0.00075241
10:54||711951000||534442||0.00075241
10:55||711952500||534442||0.00075241
10:56||711953500||534442||0.00075241
10:57||711454000||536156||0.00075241
10:58||711455000||536156||0.00075241
10:59||711457000||536156||0.00075241
11:00||711457000||536156||0.00075241
11:01||711457000||536156||0.00075241
11:02||711457000||536156||0.00075241
11:03||711457000||536156||0.00075241
11:04||711458500||536154||0.00075241
11:05||711458500||536154||0.00075241
11:06||711460000||536154||0.00075241
11:07||711460000||536154||0.00075241
11:08||711460000||536154||0.00075241
11:09||711460000||536154||0.00075241
11:10||711455500||536146||0.00075241
11:11||712034500||536146||0.00075241
11:12||712283500||536146||0.00075241
11:13||712284500||536146||0.00075241
11:14||712284500||535715||0.00075241
11:15||712284500||535715||0.00075241
11:16||712291000||536153||0.00075241
11:17||712292500||536153||0.00075241
11:18||712293500||536153||0.00075241
11:19||712004000||535719||0.00075241
11:20||712002500||535719||0.00075241
11:21||712004500||535719||0.00075241
11:22||712292500||536154||0.00075241
11:23||712102500||535867||0.00075241
11:24||712102500||535867||0.00075241
11:25||712102500||535867||0.00075241
11:26||712104000||535867||0.00075241
11:27||712104000||535867||0.00075241
11:28||712105500||535867||0.00075241
11:29||712105500||535867||0.00075241
11:30||712105500||535867||0.00075241
11:31||712105500||535867||0.00075241
11:32||712105500||535867||0.00075241
11:33||712105500||535867||0.00075241
11:34||712105500||535867||0.00075241
11:35||712200500||535867||0.00075241
11:36||712200500||535867||0.00075241
11:37||712200500||535867||0.00075241
11:38||712200500||535867||0.00075241
11:39||712203500||535867||0.00075241
11:40||712203500||535867||0.00075241
11:41||712203500||535867||0.00075241
11:42||712852000||536843||0.00075241
11:43||712854500||536843||0.00075241
11:44||712854500||536843||0.00075241
11:45||713091500||535873||0.00075241
11:46||713093500||535875||0.00075241
11:47||713099000||537204||0.00075241
11:48||713099000||537204||0.00075241
11:49||713099000||537204||0.00075241
11:50||713099000||537204||0.00075241
11:51||713099000||537204||0.00075241
11:52||713100500||535884||0.00075241
11:53||713100500||535884||0.00075241
11:54||713100500||537204||0.00075241
11:55||713101500||537204||0.00075241
11:56||713101500||537204||0.00075241
11:57||712724000||537204||0.00075241
11:58||712612000||537204||0.00075241
11:59||712612000||536468||0.00075241
12:00||712662500||536468||0.00075241
12:01||713077500||537204||0.00075241
12:02||713202500||537204||0.00075241
12:03||713414000||537204||0.00075241
12:04||713664000||537204||0.00075241
12:05||713650500||537089||0.00075241
12:06||713551000||537089||0.00075241
12:07||713551000||536919||0.00075241
12:08||713551000||536919||0.00075241
12:09||713551000||536919||0.00075241
12:10||713551000||536919||0.00075241
12:11||712806500||535727||0.00075241
12:12||713295000||536918||0.00075241
12:13||713002500||536469||0.00075241
12:14||713002500||536469||0.00075241
12:15||713002500||536469||0.00075241
12:16||713002500||536470||0.00075241
12:17||713002500||536470||0.00075241
12:18||713002500||536470||0.00075241
12:19||713002500||536470||0.00075241
12:20||713002500||536470||0.00075241
12:21||713002500||536470||0.00075241
12:22||713002500||536470||0.00075241
12:23||713002500||536470||0.00075241
12:24||713002500||536470||0.00075241
12:25||712561000||535805||0.00075241
12:26||712607000||536470||0.00075241
12:27||712608500||536470||0.00075241
12:28||712612000||536470||0.00075241
12:29||712611000||535880||0.00075241
12:30||712611000||535880||0.00075241
12:31||712612000||536470||0.00075241
12:32||712611000||535882||0.00075241
12:33||713000500||535876||0.00075241
12:34||713002500||536470||0.00075241
12:35||712608500||536468||0.00075241
12:36||712710000||536470||0.00075241
12:37||712709000||536470||0.00075241
12:38||712709000||536469||0.00075241
12:39||712709000||536030||0.00075241
12:40||712710000||536030||0.00075241
12:41||712708500||536030||0.00075241
12:42||712708500||536030||0.00075241
12:43||712709500||536468||0.00075241
12:44||712709500||536468||0.00075241
12:45||712709500||536468||0.00075241
12:46||712998500||536468||0.00075241
12:47||712998500||536468||0.00075241
12:48||712998500||536468||0.00075241
12:49||712998500||536467||0.00075241
12:50||712998500||536467||0.00075241
12:51||712998500||536467||0.00075241
12:52||713323500||536470||0.00075241
12:53||713456500||536909||0.00075241
12:54||713456500||536909||0.00075241
12:55||713587000||536910||0.00075241
12:56||713700500||536919||0.00075241
12:57||713699500||536921||0.00075241
12:58||713702000||537069||0.00075241
12:59||713812000||537088||0.00075241
13:00||713977500||537204||0.00075241
13:01||713977500||537204||0.00075241
13:02||713977500||537204||0.00075241
13:03||713977500||537204||0.00075241
13:04||713977500||537204||0.00075241
13:05||713977500||537204||0.00075241
13:06||713977500||537204||0.00075241
13:07||713977500||537204||0.00075241
13:08||713977500||537204||0.00075241
13:09||713977500||537204||0.00075241
13:10||713977500||537204||0.00075241
13:11||713977500||537204||0.00075241
13:12||713977500||537204||0.00075241
13:13||713977500||537204||0.00075241
13:14||713977500||537204||0.00075241
13:15||713977500||537204||0.00075241
13:16||714162500||537463||0.00075241
13:17||714322500||537463||0.00075241
13:18||714362000||537521||0.00075241
13:19||714189500||537203||0.00075241
13:20||714398500||537203||0.00075241
13:21||714398500||537520||0.00075241
13:22||714398500||537520||0.00075241
13:23||714398500||537520||0.00075241
13:24||714398500||537520||0.00075241
13:25||714398500||537520||0.00075241
13:26||714398500||537520||0.00075241
13:27||714398500||537520||0.00075241
13:28||714399500||537520||0.00075241
13:29||715546000||538718||0.00075241
13:30||716499500||539101||0.00075241
13:31||716499500||539101||0.00075241
13:32||716499500||539101||0.00075241
13:33||716499500||539101||0.00075241
13:34||716499500||539101||0.00075241
13:35||716499500||539101||0.00075241
13:36||716499500||539101||0.00075241
13:37||716499500||539101||0.00075241
13:38||716499500||539101||0.00075241
13:39||716499500||539101||0.00075241
13:40||716499500||539101||0.00075241
13:41||716499500||539101||0.00075241
13:42||716499500||539101||0.00075241
13:43||716499500||539101||0.00075241
13:44||716499500||539101||0.00075241
13:45||716499500||539101||0.00075241
13:46||716499500||539101||0.00075241
13:47||716499500||539101||0.00075241
13:48||716499500||539101||0.00075241
13:49||716499500||539101||0.00075241
13:50||716499500||539101||0.00075241
13:51||716499500||539101||0.00075241
13:52||716499500||539101||0.00075241
13:53||716499500||539101||0.00075241
13:54||716499500||539101||0.00075241
13:55||716499500||539101||0.00075241
13:56||716499500||539101||0.00075241
13:57||716499500||539101||0.00075241
13:58||716499500||539101||0.00075241
13:59||716499500||539101||0.00075241
14:00||716499500||539101||0.00075241
14:01||716499500||539101||0.00075241
14:02||716499500||539101||0.00075241
14:03||716499500||539101||0.00075241
14:04||716499500||539101||0.00075241
14:05||716499500||539101||0.00075241
14:06||716499500||539101||0.00075241
14:07||716499500||539101||0.00075241
14:08||716750000||539101||0.00075241
14:09||716997500||539101||0.00075241
14:10||716997500||539101||0.00075241
14:11||716997500||539101||0.00075241
14:13||716997500||539101||0.00075241
14:14||716997500||539476||0.00075241
14:12||716997500||539476||0.00075241
14:15||716997500||539475||0.00075241
14:17||716997500||539476||0.00075241
14:18||716997500||539476||0.00075241
14:18||716997500||539476||0.00075241
14:19||716997500||539476||0.00075241
14:21||716997500||539476||0.00075241
14:20||716997500||539476||0.00075241
14:23||716999500||539477||0.00075241
14:24||716999500||539477||0.00075241
14:25||716999500||539477||0.00075241
14:26||716999500||539477||0.00075241
14:27||716999500||539477||0.00075241
14:28||716999500||539477||0.00075241
14:29||716999500||539477||0.00075241
14:30||716999500||539475||0.00075241
14:31||716999500||539477||0.00075241
14:32||716999500||539853||0.00075241
14:33||717248000||539477||0.00075241
14:34||716999500||539477||0.00075241
14:35||716999500||539477||0.00075241
14:36||716999500||539477||0.00075241
14:37||716999500||539477||0.00075241
14:38||716999500||539477||0.00075241
14:39||716999500||539477||0.00075241
14:40||716999500||539477||0.00075241
14:41||716999500||539477||0.00075241
14:42||716999500||539477||0.00075241
14:43||716999500||539477||0.00075241
14:44||716999500||539477||0.00075241
14:45||716999500||539477||0.00075241
14:46||716999500||539477||0.00075241
14:47||716999500||539477||0.00075241
14:48||716999500||539477||0.00075241
14:49||716993500||539475||0.00075241
14:50||716990500||539475||0.00075241
14:51||716990500||539471||0.00075241
14:52||716499500||539462||0.00075241
14:53||716499500||539462||0.00075241
14:54||716499500||539462||0.00075241
14:55||715808000||539101||0.00075241
14:56||715807000||539101||0.00075241
14:57||715832000||539101||0.00075241
14:58||716249000||539101||0.00075241
15:00||716495000||539101||0.00075241
15:01||716495000||539468||0.00075241
15:02||716495000||539468||0.00075241
15:03||716493500||538727||0.00075241
15:04||716493000||538727||0.00075241
15:05||716492000||538727||0.00075241
15:06||716492000||538727||0.00075241
15:07||716490500||538727||0.00075241
15:08||716489000||538727||0.00075241
15:09||716489000||538727||0.00075241
15:10||716489000||538727||0.00075241
15:11||716489000||538727||0.00075241
15:12||716490000||539461||0.00075241
15:13||716489500||539461||0.00075241
15:14||716490000||539461||0.00075241
15:15||716490000||539461||0.00075241
15:16||716490000||539461||0.00075241
15:17||716490000||539461||0.00075241
15:18||716480000||539461||0.00075241
15:19||715542000||538725||0.00075241
15:20||715502000||538599||0.00075241
15:21||715480500||538599||0.00075241
15:22||715482000||538599||0.00075241
15:23||715482000||538599||0.00075241
15:24||715482000||538599||0.00075241
15:25||715482000||538599||0.00075241
15:26||715482000||538599||0.00075241
15:27||716074000||539461||0.00075241
15:28||715205500||539461||0.00075241
15:29||715601500||538127||0.00075241
15:30||715566000||538123||0.00075241
15:31||715202500||538123||0.00075241
15:32||715251000||538123||0.00075241
15:33||715202500||538125||0.00075241
15:34||715251000||538125||0.00075241
15:35||715251000||538200||0.00075241
15:36||715252000||538200||0.00075241
15:37||715301500||538200||0.00075241
15:38||715403000||538200||0.00075241
15:39||715403000||538200||0.00075241
15:40||715403000||538350||0.00075241
15:41||715403000||538350||0.00075241
15:42||715607000||538657||0.00075241
15:43||715607500||538201||0.00075241
15:44||715612500||538201||0.00075241
15:45||715613500||538201||0.00075241
15:46||715658500||538725||0.00075241
15:47||715658500||538725||0.00075241
15:48||715658500||538725||0.00075241
15:49||715658500||538725||0.00075241
15:50||716146500||539458||0.00075241
15:51||716146500||539458||0.00075241
15:52||716162000||539458||0.00075241
15:53||716162500||539458||0.00075241
15:54||716146500||539458||0.00075241
15:55||716130000||539408||0.00075241
15:56||715926000||539408||0.00075241
15:57||715927500||539101||0.00075241
15:58||715927500||539101||0.00075241
15:59||715921000||539101||0.00075241
16:00||715921000||539101||0.00075241
16:01||715922500||539101||0.00075241
16:02||715923000||539101||0.00075241
16:03||715923000||539101||0.00075241
16:04||715361500||539101||0.00075241
16:05||715361500||539101||0.00075241
16:06||715361500||539101||0.00075241
16:07||715361500||539101||0.00075241
16:08||715924500||538245||0.00075241
16:09||715924500||538245||0.00075241
16:10||715928500||539091||0.00075241
16:11||715928000||539091||0.00075241
16:12||715927000||539091||0.00075241
16:13||715926500||539091||0.00075241
16:14||715915000||539069||0.00075241
16:15||715680500||539069||0.00075241
16:16||715374500||538715||0.00075241
16:17||715374500||538715||0.00075241
16:18||715374500||538254||0.00075241
16:19||715167500||538162||0.00075241
16:20||715119000||538098||0.00075241
16:21||715103500||538098||0.00075241
16:22||715101500||538049||0.00075241
16:23||715101500||538049||0.00075241
16:24||715101500||538049||0.00075241
16:25||715101500||538049||0.00075241
16:26||715101500||538049||0.00075241
16:27||715101500||538049||0.00075241
16:28||715101500||538049||0.00075241
16:29||714745000||537973||0.00075241
16:30||714749500||537596||0.00075241
16:31||714749500||537596||0.00075241
16:32||714750500||537596||0.00075241
16:33||714750500||537596||0.00075241
16:34||714750500||537596||0.00075241
16:35||714750500||537596||0.00075241
16:36||714772500||537596||0.00075241
16:37||714832000||537596||0.00075241
16:38||714998500||537596||0.00075241
16:39||715191000||538255||0.00075241
16:40||715209000||538255||0.00075241
16:41||715237500||538255||0.00075241
16:42||715245000||538253||0.00075241
16:43||715372500||538254||0.00075241
16:44||715372500||538254||0.00075241
16:45||715372500||538253||0.00075241
16:46||715372500||538253||0.00075241
16:47||715372500||538253||0.00075241
16:48||715372500||538253||0.00075241
16:49||715372500||538253||0.00075241
16:50||715372500||538253||0.00075241
16:51||715372500||538253||0.00075241
16:52||715372500||538253||0.00075241
16:53||714938000||538253||0.00075241
16:54||714938000||538251||0.00075241
16:55||714988000||537679||0.00075241
16:56||714610500||537680||0.00075241
16:57||714986000||538247||0.00075241
16:58||714801000||538247||0.00075241
16:59||714985500||537962||0.00075241
17:00||714985500||537962||0.00075241
17:01||714985500||537962||0.00075241
17:02||714985500||537961||0.00075241
17:03||714985500||537962||0.00075241
17:04||714985500||537961||0.00075241
17:05||714985500||537961||0.00075241
17:06||714985500||537961||0.00075241
17:07||714985500||537961||0.00075241
17:08||714985500||537961||0.00075241
17:09||714985500||537961||0.00075241
17:10||714985500||537961||0.00075241
17:11||714985500||537962||0.00075241
17:12||714985500||537961||0.00075241
17:13||714985500||537961||0.00075241
17:14||715192500||537976||0.00075241
17:15||716032500||538328||0.00075241
17:16||716975500||539464||0.00075241
17:17||716500000||539464||0.00075241
17:18||716515000||538740||0.00075241
17:19||716514500||538755||0.00075241
17:20||716514500||538755||0.00075241
17:21||716514500||539469||0.00075241
17:22||716510500||539469||0.00075241
17:23||716041500||539469||0.00075241
17:24||716041500||538756||0.00075241
17:25||716041500||538756||0.00075241
17:26||716011500||538755||0.00075241
17:27||715247000||538343||0.00075241
17:28||714687000||537878||0.00075241
17:29||714687000||537878||0.00075241
17:30||714647000||537818||0.00075241
17:31||714647000||537818||0.00075241
17:32||714647000||537818||0.00075241
17:33||713792500||537520||0.00075241
17:34||713073000||536718||0.00075241
17:35||713334500||536718||0.00075241
17:36||712629000||536317||0.00075241
17:37||712560000||536092||0.00075241
17:38||712560000||536092||0.00075241
17:39||712200000||535941||0.00075241
17:40||711895500||535341||0.00075241
17:41||711887000||535341||0.00075241
17:42||711874500||535920||0.00075241
17:43||711748000||535920||0.00075241
17:44||711748000||535920||0.00075241
17:45||711748000||535920||0.00075241
17:46||711748000||535341||0.00075241
17:47||711846500||535490||0.00075241
17:48||711846500||535490||0.00075241
17:49||711847000||535710||0.00075241
17:50||711847000||535710||0.00075241
17:51||711847000||535710||0.00075241
17:52||711846500||535710||0.00075241
17:53||711846500||535710||0.00075241
17:54||711846500||535710||0.00075241
17:55||711847000||535710||0.00075241
17:56||711847000||535710||0.00075241
17:57||711572500||535490||0.00075241
17:58||711572500||535490||0.00075241
17:59||711572500||535490||0.00075241
18:00||711572500||535490||0.00075241
18:01||711572500||535490||0.00075241
18:02||711032000||535038||0.00075241
18:03||711032000||535038||0.00075241
18:04||711063500||534963||0.00075241
18:05||711063500||535011||0.00075241
18:06||711032000||535011||0.00075241
18:07||711000500||535011||0.00075241
18:08||711000500||534964||0.00075241
18:09||711000500||534964||0.00075241
18:10||710743500||534963||0.00075241
18:11||710743500||534963||0.00075241
18:12||710417000||534964||0.00075241
18:13||710668000||534463||0.00075241
18:14||710334500||534462||0.00075241
18:15||710334500||534462||0.00075241
18:16||710479500||534463||0.00075241
18:17||710480500||534463||0.00075241
18:18||710480500||534463||0.00075241
18:19||710482000||534463||0.00075241
18:20||710482000||534665||0.00075241
18:21||710553000||534665||0.00075241
18:22||710553000||534665||0.00075241
18:23||710553000||534665||0.00075241
18:24||710553000||534665||0.00075241
18:25||710430000||534479||0.00075241
18:26||710430000||534479||0.00075241
18:27||710502500||534479||0.00075241
18:28||710393500||534588||0.00075241
18:29||710393500||534588||0.00075241
18:30||710429500||534588||0.00075241
18:31||710429500||534534||0.00075241
18:32||710429500||534534||0.00075241
18:33||711383000||534665||0.00075241
18:34||711838500||536468||0.00075241
18:35||711677000||536468||0.00075241
18:36||711676500||536468||0.00075241
18:37||711689000||536224||0.00075241
18:38||711838000||536224||0.00075241
18:39||711693500||536224||0.00075241
18:40||712340000||536224||0.00075241
18:41||712340000||536224||0.00075241
18:42||712340000||536224||0.00075241
18:43||711696000||534749||0.00075241
18:44||711696000||534749||0.00075241
18:45||711839000||536224||0.00075241
18:46||711698500||536224||0.00075241
18:47||711701000||536224||0.00075241
18:48||712675500||536224||0.00075241
18:49||712675500||536224||0.00075241
18:50||712676000||536225||0.00075241
18:51||712676000||536225||0.00075241
18:52||712676500||536225||0.00075241
18:53||712676500||536225||0.00075241
18:54||712676500||536225||0.00075241
18:55||712676500||536225||0.00075241
18:56||712676500||536225||0.00075241
18:57||712676500||536225||0.00075241
18:58||712676500||536225||0.00075241
18:59||712676500||536225||0.00075241
19:00||712676500||536225||0.00075241
19:01||712676500||536225||0.00075241
19:02||712676500||536225||0.00075241
19:03||712676500||536225||0.00075241
19:04||712676500||536225||0.00075241
19:05||712676500||536225||0.00075241
19:06||712676500||536225||0.00075241
19:07||712676500||536251||0.00075241
19:08||712694000||536251||0.00075241
19:09||712838000||536468||0.00075241
19:10||712838000||536468||0.00075241
19:11||712838000||536844||0.00075241
19:12||712838000||536844||0.00075241
19:13||713087500||536843||0.00075241
19:14||712838000||536843||0.00075241
19:15||712838000||536843||0.00075241
19:16||712838000||536224||0.00075241
19:17||712838000||536224||0.00075241
19:18||712838000||536224||0.00075241
19:19||712838000||536468||0.00075241
19:20||712838000||536468||0.00075241
19:21||712838000||536468||0.00075241
19:22||712074500||536468||0.00075241
19:23||712074500||536468||0.00075241
19:24||712188500||536468||0.00075241
19:25||712188500||536468||0.00075241
19:26||712998500||536467||0.00075241
19:27||712998500||536467||0.00075241
19:28||712998500||536467||0.00075241
19:29||712998500||536466||0.00075241
19:30||712998500||536466||0.00075241
19:31||712998500||536466||0.00075241
19:32||712998500||536466||0.00075241
19:33||712998500||536466||0.00075241
19:34||712998500||536466||0.00075241
19:35||712998500||536466||0.00075241
19:36||712998500||536466||0.00075241
19:37||712998500||536466||0.00075241
19:38||711866500||534796||0.00075241
19:39||711867000||534796||0.00075241
19:40||711867000||534796||0.00075241
19:41||711867000||534796||0.00075241
19:42||711867000||534796||0.00075241
19:43||711867000||534796||0.00075241
19:44||711867000||534796||0.00075241
19:45||711999000||534796||0.00075241
19:46||711997500||534965||0.00075241
19:47||711897500||534814||0.00075241
19:48||711897500||536460||0.00075241
19:49||711897500||536460||0.00075241
19:50||711896000||536460||0.00075241
19:51||711896000||536460||0.00075241
19:52||711896000||536460||0.00075241
19:53||711896000||536460||0.00075241
19:54||711897500||536460||0.00075241
19:55||711897500||536456||0.00075241
19:56||711895500||536453||0.00075241
19:57||711895000||536453||0.00075241
19:58||711895000||536453||0.00075241
19:59||711896500||536452||0.00075241
20:00||711898500||536452||0.00075241
20:01||711940500||536452||0.00075241
20:02||711943500||536452||0.00075241
20:03||712490500||536452||0.00075241
20:04||712496500||536452||0.00075241
20:05||712494500||536452||0.00075241
20:06||712457000||536452||0.00075241
20:07||712494500||536449||0.00075241
20:08||711899500||534831||0.00075241
20:09||711899500||534831||0.00075241
20:10||711897500||536447||0.00075241
20:11||711899000||536445||0.00075241
20:12||711864000||536445||0.00075241
20:13||711898500||536445||0.00075241
20:14||711898000||536445||0.00075241
20:15||711898000||536445||0.00075241
20:16||711898000||536445||0.00075241
20:17||711896000||534834||0.00075241
20:18||711896000||534834||0.00075241
20:19||711892000||536441||0.00075241
20:20||711892000||536441||0.00075241
20:21||711892000||536441||0.00075241
20:22||711892000||536441||0.00075241
20:23||711892000||536441||0.00075241
20:24||709359500||534211||0.00075241
20:25||708807000||533571||0.00075241
20:26||708807000||532897||0.00075241
20:27||708807000||532897||0.00075241
20:28||708807000||533729||0.00075241
20:29||708807000||533729||0.00075241
20:30||708807000||533729||0.00075241
20:31||708807000||531201||0.00075241
20:32||708806500||531201||0.00075241
20:33||708627000||533458||0.00075241
20:34||708626500||533457||0.00075241
20:35||708626500||533457||0.00075241
20:36||703863500||529696||0.00075241
20:37||703600000||529696||0.00075241
20:38||703865000||529696||0.00075241
20:39||703863500||529696||0.00075241
20:40||703863500||529696||0.00075241
20:41||703864000||529696||0.00075241
20:42||703863500||529696||0.00075241
20:43||703750000||529696||0.00075241
20:44||703999500||529696||0.00075241
20:45||703999500||529696||0.00075241
20:46||703999500||529696||0.00075241
20:47||702950000||529621||0.00075241
20:48||702950000||529621||0.00075241
20:49||702950000||529621||0.00075241
20:50||702950000||529621||0.00075241
20:51||702950500||529621||0.00075241
20:52||702976000||529621||0.00075241
20:53||702976000||529621||0.00075241
20:54||702889500||529320||0.00075241
20:55||702889500||529320||0.00075241
20:56||702889500||529320||0.00075241
20:57||702889500||529320||0.00075241
20:58||702889500||529320||0.00075241
20:59||702891000||529320||0.00075241
21:00||702891000||529320||0.00075241
21:01||702891000||529320||0.00075241
21:02||703196500||529320||0.00075241
21:03||703250000||529320||0.00075241
21:04||703251000||529320||0.00075241
21:05||703251000||529320||0.00075241
21:06||703251000||529320||0.00075241
21:07||703251000||529320||0.00075241
21:08||703195500||528944||0.00075241
21:09||703195500||528862||0.00075241
21:10||703195500||528862||0.00075241
21:11||702945500||529320||0.00075241
21:12||702500500||528192||0.00075241
21:13||702990000||528192||0.00075241
21:14||703241000||528942||0.00075241
21:15||703499500||529320||0.00075241
21:16||701934000||528191||0.00075241
21:17||701934000||529320||0.00075241
21:18||701000000||522966||0.00075241
21:19||701000000||522966||0.00075241
21:20||699251000||528191||0.00075241
21:21||699500500||524094||0.00075241
21:22||699750000||524805||0.00075241
21:23||700000000||528190||0.00075241
21:24||700250000||528190||0.00075241
21:25||700750000||526310||0.00075241
21:26||700754500||528190||0.00075241
21:27||700755000||526319||0.00075241
21:28||700754000||526319||0.00075241
21:29||700753000||526321||0.00075241
21:30||700754000||528187||0.00075241
21:31||700758000||528187||0.00075241
21:32||700775500||528187||0.00075241
21:33||700779000||528190||0.00075241
21:34||700783000||528190||0.00075241
21:35||702744500||528190||0.00075241
21:36||701746500||529310||0.00075241
21:37||701742500||526687||0.00075241
21:38||701740500||526687||0.00075241
21:39||701738000||529303||0.00075241
21:40||701735500||526687||0.00075241
21:41||701736500||529294||0.00075241
21:42||702467000||529294||0.00075241
21:43||703265500||529294||0.00075241
21:44||703463500||529292||0.00075241
21:45||703463500||529292||0.00075241
21:46||701740500||526695||0.00075241
21:47||702465000||526695||0.00075241
21:48||702463000||529290||0.00075241
21:49||702463000||529290||0.00075241
21:50||702459500||527790||0.00075241
21:51||701731500||526702||0.00075241
21:52||701735500||526702||0.00075241
21:53||701714000||526702||0.00075241
21:54||701715000||526702||0.00075241
21:55||701718000||526716||0.00075241
21:56||703380000||529229||0.00075241
21:57||701708500||526716||0.00075241
21:58||701670500||529169||0.00075241
21:59||701672500||529166||0.00075241
22:00||700069000||526738||0.00075241
22:01||700069500||526738||0.00075241
22:02||700069500||526738||0.00075241
22:03||700069500||526738||0.00075241
22:04||700069500||526739||0.00075241
22:05||700069500||526739||0.00075241
22:06||700069500||526738||0.00075241
22:07||700069500||526738||0.00075241
22:08||700069500||526738||0.00075241
22:09||700069500||526738||0.00075241
22:10||700069500||526738||0.00075241
22:11||700069500||526738||0.00075241
22:12||700069500||526739||0.00075241
22:13||700069500||526739||0.00075241
22:14||700069500||526739||0.00075241
22:15||700069500||526739||0.00075241
22:16||700069500||526738||0.00075241
22:17||700069500||526738||0.00075241
22:18||700069500||526739||0.00075241
22:19||700069500||526739||0.00075241
22:20||700069500||526738||0.00075241
22:21||700069500||526739||0.00075241
22:22||700069500||526739||0.00075241
22:23||700069500||526739||0.00075241
22:24||700069500||526739||0.00075241
22:25||700069500||526739||0.00075241
22:26||700069500||526739||0.00075241
22:27||700069500||526739||0.00075241
22:28||700069500||526739||0.00075241
22:29||700069500||526739||0.00075241
22:30||700069500||526738||0.00075241
22:31||700069500||526739||0.00075241
22:32||700069500||526739||0.00075241
22:33||700069500||526739||0.00075241
22:34||700069500||526739||0.00075241
22:35||700069500||526739||0.00075241
22:36||700069500||526739||0.00075241
22:37||700069500||526739||0.00075241
22:38||700069500||526739||0.00075241
22:39||700069500||526739||0.00075241
22:40||700069500||526739||0.00075241
22:41||700069500||526739||0.00075241
22:42||700069500||526739||0.00075241
22:43||700069500||526738||0.00075241
22:44||700069500||526739||0.00075241
22:45||700069500||526739||0.00075241
22:46||700069500||526739||0.00075241
22:47||700069500||526738||0.00075241
22:48||700069500||526738||0.00075241
22:49||700069500||526738||0.00075241
22:50||700069500||526738||0.00075241
22:51||700069500||526739||0.00075241
22:52||700069500||526739||0.00075241
22:53||700069500||526739||0.00075241
22:54||700069500||526739||0.00075241
22:55||700069500||526739||0.00075241
22:56||700069500||526739||0.00075241
22:57||700069500||526739||0.00075241
22:58||700069500||526739||0.00075241
22:59||700069500||526739||0.00075241
23:00||700069500||526739||0.00075241
23:01||700069500||526739||0.00075241
23:02||700069500||526739||0.00075241
23:03||700069500||526739||0.00075241
23:04||700069500||526739||0.00075241
23:05||700069500||526739||0.00075241
23:06||700069500||526739||0.00075241
23:07||700069500||526739||0.00075241
23:08||700069500||526739||0.00075241
23:09||699768000||526687||0.00075241
23:10||699733000||526739||0.00075241
23:11||699734000||526739||0.00075241
23:12||698350000||524204||0.00075241
23:13||697654500||526685||0.00075241
23:14||698000000||523378||0.00075241
23:15||698003000||523677||0.00075241
23:16||697999500||526677||0.00075241
23:17||698000500||526679||0.00075241
23:18||698000500||526679||0.00075241
23:19||697994500||526679||0.00075241
23:20||697505500||526670||0.00075241
23:21||697005500||523685||0.00075241
23:22||696506000||522933||0.00075241
23:23||696506000||522933||0.00075241
23:24||696506000||525178||0.00075241
23:25||696502500||525173||0.00075241
23:26||697045000||525173||0.00075241
23:27||696750000||523752||0.00075241
23:28||697200000||523752||0.00075241
23:29||697397500||523752||0.00075241
23:30||697397500||523752||0.00075241
23:31||697397500||524728||0.00075241
23:32||698250000||526611||0.00075241
23:33||698952000||526611||0.00075241
23:34||699202000||526611||0.00075241
23:35||699202500||526611||0.00075241
23:36||699207000||525567||0.00075241
23:37||699207000||526610||0.00075241
23:38||699206500||526610||0.00075241
23:39||698448000||523752||0.00075241
23:40||698945000||523752||0.00075241
23:41||699194500||523752||0.00075241
23:42||699190000||523752||0.00075241
23:43||699175000||525558||0.00075241
23:44||699150000||526536||0.00075241
23:45||699141000||526535||0.00075241
23:46||699158500||526607||0.00075241
23:47||699158000||526607||0.00075241
23:48||699158000||526607||0.00075241
23:49||699158000||526607||0.00075241
23:50||699158000||526607||0.00075241
23:51||699160500||526607||0.00075241
23:52||699160500||525574||0.00075241
23:53||699111500||525575||0.00075241
23:54||699111500||526459||0.00075241
23:55||699113000||526459||0.00075241
23:56||699110500||526459||0.00075241
23:57||699110000||526459||0.00075241
23:58||699110000||526459||0.00075241
23:59||699015500||526459||0.00075241
