00:00||675966500||508353||0.00075241
00:01||675966500||508353||0.00075241
00:02||675966500||508353||0.00075241
00:03||675966500||508353||0.00075241
00:04||676342500||508854||0.00075241
00:05||676342500||508918||0.00075241
00:06||676342500||508918||0.00075241
00:07||676342500||508854||0.00075241
00:08||676345000||508854||0.00075241
00:09||676345000||508858||0.00075241
00:10||676345000||508858||0.00075241
00:11||676342500||508858||0.00075241
00:12||676342500||508858||0.00075241
00:13||676342500||508858||0.00075241
00:14||676345000||508918||0.00075241
00:15||676345000||508918||0.00075241
00:16||676345000||508918||0.00075241
00:17||676345000||508918||0.00075241
00:18||676345000||508918||0.00075241
00:19||676345000||508918||0.00075241
00:20||676347000||508918||0.00075241
00:21||676347000||508918||0.00075241
00:22||676347000||508918||0.00075241
00:23||676347000||508918||0.00075241
00:24||676347000||508918||0.00075241
00:25||676347000||508918||0.00075241
00:26||676347000||508918||0.00075241
00:27||676347000||508918||0.00075241
00:28||676347000||508918||0.00075241
00:29||676347000||508918||0.00075241
00:30||676347000||508918||0.00075241
00:31||676347000||508918||0.00075241
00:32||676347000||508918||0.00075241
00:33||675878500||508854||0.00075241
00:34||675878500||508854||0.00075241
00:35||675878500||508854||0.00075241
00:36||675878500||508722||0.00075241
00:37||675878500||508722||0.00075241
00:38||675878500||508722||0.00075241
00:39||675878500||508722||0.00075241
00:40||674716500||507808||0.00075241
00:41||674716500||507808||0.00075241
00:42||675474500||507808||0.00075241
00:43||675474500||507808||0.00075241
00:44||675474500||507808||0.00075241
00:45||675474500||507808||0.00075241
00:46||674276500||507125||0.00075241
00:47||673877000||506824||0.00075241
00:48||673877000||506824||0.00075241
00:49||674101500||506824||0.00075241
00:50||674083500||506824||0.00075241
00:51||672519000||506523||0.00075241
00:52||672519000||506523||0.00075241
00:53||672519000||506523||0.00075241
00:54||672519000||506523||0.00075241
00:55||672519000||506523||0.00075241
00:56||672485500||506523||0.00075241
00:57||672424500||506523||0.00075241
00:58||672424500||506523||0.00075241
00:59||672424500||506523||0.00075241
01:00||672424500||506523||0.00075241
01:01||672424500||506523||0.00075241
01:02||672425500||506523||0.00075241
01:03||672425500||506523||0.00075241
01:04||672425500||506523||0.00075241
01:05||672425500||506523||0.00075241
01:06||672425500||506523||0.00075241
01:07||672425500||504133||0.00075241
01:08||671195000||504133||0.00075241
01:09||671012000||504133||0.00075241
01:10||671012000||504133||0.00075241
01:11||670953500||504135||0.00075241
01:12||670859000||504135||0.00075241
01:13||672269000||504135||0.00075241
01:14||671895000||504135||0.00075241
01:15||671424500||504135||0.00075241
01:16||671259500||504135||0.00075241
01:17||671114000||505951||0.00075241
01:18||670984000||505951||0.00075241
01:19||670869500||505545||0.00075241
01:20||670767500||505545||0.00075241
01:21||670677000||504114||0.00075241
01:22||670594500||504114||0.00075241
01:23||670544500||504114||0.00075241
01:24||670498500||504114||0.00075241
01:25||670456000||504114||0.00075241
01:26||670426500||504114||0.00075241
01:27||669471000||504072||0.00075241
01:28||669422000||503983||0.00075241
01:29||669394500||503983||0.00075241
01:30||669713000||503983||0.00075241
01:31||669713000||503983||0.00075241
01:32||669713000||503983||0.00075241
01:33||669713000||503983||0.00075241
01:34||669713000||503983||0.00075241
01:35||669770000||504415||0.00075241
01:36||669835000||504415||0.00075241
01:37||671279500||504415||0.00075241
01:38||671352500||504415||0.00075241
01:39||670642000||504415||0.00075241
01:40||670801500||504415||0.00075241
01:41||670920000||504415||0.00075241
01:42||670556000||504415||0.00075241
01:43||670724500||504415||0.00075241
01:44||670731500||504415||0.00075241
01:45||670282500||504415||0.00075241
01:46||670126500||504415||0.00075241
01:47||669934000||504415||0.00075241
01:48||669916500||504415||0.00075241
01:49||669972500||504415||0.00075241
01:50||670059500||504415||0.00075241
01:51||670138500||504415||0.00075241
01:52||670169000||504415||0.00075241
01:53||670169000||504415||0.00075241
01:54||670169000||504415||0.00075241
01:55||670703000||507861||0.00075241
01:56||670496000||507861||0.00075241
01:57||670069500||507861||0.00075241
01:58||669884500||507861||0.00075241
01:59||669714000||507861||0.00075241
02:00||670529500||505619||0.00075241
02:01||670421000||505619||0.00075241
02:02||670122000||505619||0.00075241
02:03||669908000||505619||0.00075241
02:04||669798000||505619||0.00075241
02:05||669798000||505619||0.00075241
02:06||669798000||505619||0.00075241
02:07||669798000||505619||0.00075241
02:08||669798000||505619||0.00075241
02:09||669798000||505619||0.00075241
02:10||669798000||505619||0.00075241
02:11||669798000||505619||0.00075241
02:12||669798000||505619||0.00075241
02:13||669798000||505619||0.00075241
02:14||669672500||505619||0.00075241
02:15||669541000||505619||0.00075241
02:16||669443000||505619||0.00075241
02:17||669353500||505619||0.00075241
02:18||669280500||505619||0.00075241
02:19||669254000||505619||0.00075241
02:20||669254000||505619||0.00075241
02:21||669254000||505619||0.00075241
02:22||669254000||505619||0.00075241
02:23||670297000||505314||0.00075241
02:24||670119500||505314||0.00075241
02:25||670007000||505314||0.00075241
02:26||669886500||505314||0.00075241
02:27||669780000||505314||0.00075241
02:28||669700500||505314||0.00075241
02:29||669602000||505314||0.00075241
02:30||669540000||505314||0.00075241
02:31||669527500||505314||0.00075241
02:32||669603500||505314||0.00075241
02:33||669527500||505314||0.00075241
02:34||669528500||505314||0.00075241
02:35||669550500||505314||0.00075241
02:36||669613500||505314||0.00075241
02:37||669614500||505314||0.00075241
02:38||669614500||505314||0.00075241
02:39||670672000||505618||0.00075241
02:40||670854000||505618||0.00075241
02:41||671011500||505618||0.00075241
02:42||671073500||505618||0.00075241
02:43||671073500||505618||0.00075241
02:44||671073500||505618||0.00075241
02:45||671073500||505618||0.00075241
02:46||671073500||505618||0.00075241
02:47||671055000||505618||0.00075241
02:48||671055000||505590||0.00075241
02:49||671055000||505590||0.00075241
02:50||671055000||505590||0.00075241
02:51||671055000||505590||0.00075241
02:52||671055000||505590||0.00075241
02:53||671055000||505590||0.00075241
02:54||671055000||505590||0.00075241
02:55||671055000||505590||0.00075241
02:56||671055000||505590||0.00075241
02:57||671055000||505590||0.00075241
02:58||671055000||505590||0.00075241
02:59||671055000||505590||0.00075241
03:00||671055000||505590||0.00075241
03:01||671055000||505590||0.00075241
03:02||671055000||505590||0.00075241
03:03||671055000||505590||0.00075241
03:04||671055000||505590||0.00075241
03:05||671055000||505590||0.00075241
03:06||671055000||505590||0.00075241
03:07||671055000||505590||0.00075241
03:08||671055000||505590||0.00075241
03:09||671055000||505590||0.00075241
03:10||671055000||505590||0.00075241
03:11||671055000||505590||0.00075241
03:12||671055000||505590||0.00075241
03:13||671055000||505590||0.00075241
03:14||671055000||505590||0.00075241
03:15||671055000||505590||0.00075241
03:16||671055000||505590||0.00075241
03:17||671055000||505590||0.00075241
03:18||671055000||505590||0.00075241
03:19||671055000||505590||0.00075241
03:20||668120000||503362||0.00075241
03:21||666919000||502609||0.00075241
03:22||669279000||502609||0.00075241
03:23||669279000||502609||0.00075241
03:24||669279000||502609||0.00075241
03:25||668299500||502609||0.00075241
03:26||668299500||502609||0.00075241
03:27||668299500||502609||0.00075241
03:28||666590500||501606||0.00075241
03:29||667500000||500352||0.00075241
03:30||667500000||500352||0.00075241
03:31||667500000||500352||0.00075241
03:32||667500000||500352||0.00075241
03:33||667500000||500352||0.00075241
03:34||667550000||500352||0.00075241
03:35||667500000||500352||0.00075241
03:36||667550000||500427||0.00075241
03:37||667500000||500427||0.00075241
03:38||667500000||500427||0.00075241
03:39||667500000||500427||0.00075241
03:40||667500000||500427||0.00075241
03:41||667500000||500427||0.00075241
03:42||667500000||500427||0.00075241
03:43||667500000||500427||0.00075241
03:44||667500000||500427||0.00075241
03:45||667500000||500427||0.00075241
03:46||667550000||500427||0.00075241
03:47||667550000||500427||0.00075241
03:48||667550000||500427||0.00075241
03:49||667550000||504114||0.00075241
03:50||667550000||504114||0.00075241
03:51||667550000||504114||0.00075241
03:52||667550000||504114||0.00075241
03:53||667550000||504114||0.00075241
03:54||667550000||504114||0.00075241
03:55||667550000||504114||0.00075241
03:56||667550000||504114||0.00075241
03:57||667550000||504114||0.00075241
03:58||667550000||504114||0.00075241
03:59||667550000||504114||0.00075241
04:00||667550000||504114||0.00075241
04:01||667500000||504114||0.00075241
04:02||667550000||504114||0.00075241
04:03||667550000||504114||0.00075241
04:04||667550000||504114||0.00075241
04:05||667550000||504114||0.00075241
04:06||667550000||504114||0.00075241
04:07||667550000||504114||0.00075241
04:08||667550000||504114||0.00075241
04:09||667550000||504114||0.00075241
04:10||667550000||504114||0.00075241
04:11||667550000||504114||0.00075241
04:12||667550000||504114||0.00075241
04:13||667550000||504114||0.00075241
04:14||667550000||504114||0.00075241
04:15||667550000||504114||0.00075241
04:16||667550000||504114||0.00075241
04:17||667550000||504114||0.00075241
04:18||667550000||504114||0.00075241
04:19||667550000||504114||0.00075241
04:20||667550000||504114||0.00075241
04:21||667550000||504114||0.00075241
04:22||667550000||504114||0.00075241
04:23||668500000||504114||0.00075241
04:24||668500000||504114||0.00075241
04:25||668500000||504114||0.00075241
04:26||668500000||504114||0.00075241
04:27||668500000||504114||0.00075241
04:28||668530000||504114||0.00075241
04:29||668530000||504114||0.00075241
04:30||668530000||501902||0.00075241
04:31||668530000||501902||0.00075241
04:32||668530000||501902||0.00075241
04:33||668530000||501902||0.00075241
04:34||668530000||501902||0.00075241
04:35||669475500||505537||0.00075241
04:36||669475500||505537||0.00075241
04:37||669475500||505537||0.00075241
04:38||669460500||505537||0.00075241
04:39||669460500||505537||0.00075241
04:40||669460500||505537||0.00075241
04:41||669460500||505537||0.00075241
04:42||669460500||505537||0.00075241
04:43||669460500||505537||0.00075241
04:44||669460500||505537||0.00075241
04:45||671876000||505514||0.00075241
04:46||669545500||505514||0.00075241
04:47||669592500||505537||0.00075241
04:48||669592500||505537||0.00075241
04:49||669592500||505537||0.00075241
04:50||669592500||505537||0.00075241
04:51||669592500||505537||0.00075241
04:52||669592500||505537||0.00075241
04:53||669592500||505537||0.00075241
04:54||669592500||505537||0.00075241
04:55||669592500||505537||0.00075241
04:56||669592500||505537||0.00075241
04:57||669592500||505537||0.00075241
04:58||669646500||505618||0.00075241
04:59||669646500||505618||0.00075241
05:00||669646500||505618||0.00075241
05:01||669646500||505618||0.00075241
05:02||669646500||505618||0.00075241
05:03||669646500||505618||0.00075241
05:04||669646500||505618||0.00075241
05:05||669646500||505618||0.00075241
05:06||669646500||505618||0.00075241
05:07||669646500||505618||0.00075241
05:08||669646500||505618||0.00075241
05:09||669646500||505618||0.00075241
05:10||669646500||505618||0.00075241
05:11||669646500||505618||0.00075241
05:12||669642000||505618||0.00075241
05:13||669642000||505618||0.00075241
05:14||669642000||505618||0.00075241
05:15||669642000||505618||0.00075241
05:16||669642000||505618||0.00075241
05:17||669642000||505611||0.00075241
05:18||669642000||505611||0.00075241
05:19||669642000||505611||0.00075241
05:20||669595000||505611||0.00075241
05:21||669599500||505618||0.00075241
05:22||669599500||505618||0.00075241
05:23||669599500||505618||0.00075241
05:24||669647500||502080||0.00075241
05:25||669647500||502080||0.00075241
05:26||669647500||502080||0.00075241
05:27||669647500||502080||0.00075241
05:28||669599500||505618||0.00075241
05:29||669599500||505618||0.00075241
05:30||669599500||505618||0.00075241
05:31||669599500||505618||0.00075241
05:32||669647500||505618||0.00075241
05:33||670035000||505618||0.00075241
05:34||669595000||505618||0.00075241
05:35||669745000||505618||0.00075241
05:36||669745000||505611||0.00075241
05:37||669745000||505611||0.00075241
05:38||669790000||505611||0.00075241
05:39||669790000||505611||0.00075241
05:40||670750000||505611||0.00075241
05:41||670250000||505611||0.00075241
05:42||670250000||504490||0.00075241
05:43||670250000||504490||0.00075241
05:44||670250000||504490||0.00075241
05:45||670250000||504490||0.00075241
05:46||670250000||504490||0.00075241
05:47||670500000||504867||0.00075241
05:48||670499000||504867||0.00075241
05:49||670499000||504867||0.00075241
05:50||669264500||504114||0.00075241
05:51||669526000||504114||0.00075241
05:52||669746000||503739||0.00075241
05:53||669745000||503739||0.00075241
05:54||669745000||503739||0.00075241
05:55||669745000||503739||0.00075241
05:56||669744000||503739||0.00075241
05:57||669744000||503739||0.00075241
05:58||669744000||503739||0.00075241
05:59||669744000||503739||0.00075241
06:00||669760500||503739||0.00075241
06:01||669987500||503739||0.00075241
06:02||670917000||504114||0.00075241
06:03||671251500||504867||0.00075241
06:04||671698500||505243||0.00075241
06:05||671698500||505544||0.00075241
06:06||671698500||505544||0.00075241
06:07||671697500||505544||0.00075241
06:08||671697500||505544||0.00075241
06:09||671697500||505544||0.00075241
06:10||671697500||505544||0.00075241
06:11||671697500||505544||0.00075241
06:12||671697500||505544||0.00075241
06:13||671697500||505544||0.00075241
06:14||671697500||505544||0.00075241
06:15||671697500||505544||0.00075241
06:16||671697500||505542||0.00075241
06:17||671697500||505542||0.00075241
06:18||671697500||505542||0.00075241
06:19||671698000||505542||0.00075241
06:20||671699000||505542||0.00075241
06:21||671695000||505542||0.00075241
06:22||671695000||505542||0.00075241
06:23||671708500||505542||0.00075241
06:24||671989500||505544||0.00075241
06:25||672543000||506371||0.00075241
06:26||672543000||506371||0.00075241
06:27||672543000||506371||0.00075241
06:28||672543000||506371||0.00075241
06:29||672543000||506371||0.00075241
06:30||672543000||506371||0.00075241
06:31||672543000||506371||0.00075241
06:32||672543000||506371||0.00075241
06:33||672543000||506371||0.00075241
06:34||672543000||506371||0.00075241
06:35||672543000||506371||0.00075241
06:36||672543000||506371||0.00075241
06:37||672543000||506371||0.00075241
06:38||672543000||506371||0.00075241
06:39||672543500||506371||0.00075241
06:40||672543500||506371||0.00075241
06:41||672543500||506371||0.00075241
06:42||672543500||506371||0.00075241
06:43||672543500||506371||0.00075241
06:44||672543500||506371||0.00075241
06:45||672543500||506371||0.00075241
06:46||672543500||506371||0.00075241
06:47||672543500||506371||0.00075241
06:48||672543500||506371||0.00075241
06:49||672543500||506371||0.00075241
06:50||672543500||506371||0.00075241
06:51||672543500||506371||0.00075241
06:52||672543500||506371||0.00075241
06:53||672543500||506371||0.00075241
06:54||672543500||506371||0.00075241
06:55||672995000||506371||0.00075241
06:56||672995000||506371||0.00075241
06:57||672995000||506371||0.00075241
06:58||672995000||506371||0.00075241
06:59||672990500||506371||0.00075241
07:00||672990500||506371||0.00075241
07:01||672990500||506371||0.00075241
07:02||672990500||506371||0.00075241
07:03||672990500||506371||0.00075241
07:04||672990500||506371||0.00075241
07:05||672990500||506371||0.00075241
07:06||672990500||506371||0.00075241
07:07||672990500||506371||0.00075241
07:08||672990500||506371||0.00075241
07:09||672990500||506371||0.00075241
07:10||672990500||506371||0.00075241
07:11||672990500||506371||0.00075241
07:12||672990500||506371||0.00075241
07:13||672990500||506371||0.00075241
07:14||672990500||506365||0.00075241
07:15||672990500||506365||0.00075241
07:16||672990500||506365||0.00075241
07:17||672990500||506365||0.00075241
07:18||672990500||506365||0.00075241
07:19||672990500||506365||0.00075241
07:20||672990500||506365||0.00075241
07:21||672990500||506365||0.00075241
07:22||672990500||506365||0.00075241
07:23||672990500||506365||0.00075241
07:24||672990500||506365||0.00075241
07:25||672990500||506365||0.00075241
07:26||672990500||506365||0.00075241
07:27||672990500||506365||0.00075241
07:28||672990500||506365||0.00075241
07:29||672990500||506365||0.00075241
07:30||672990500||506365||0.00075241
07:31||672990500||506365||0.00075241
07:32||672990500||506365||0.00075241
07:33||672990500||506365||0.00075241
07:34||672990500||506365||0.00075241
07:35||672990500||506365||0.00075241
07:36||672990500||506365||0.00075241
07:37||672990500||506365||0.00075241
07:38||672990500||506364||0.00075241
07:39||672990500||506364||0.00075241
07:40||672990500||506364||0.00075241
07:41||672990500||506364||0.00075241
07:42||672990500||506364||0.00075241
07:43||672990500||506364||0.00075241
07:44||672990500||506365||0.00075241
07:45||672990500||506365||0.00075241
07:46||673495000||507124||0.00075241
07:47||673495000||507124||0.00075241
07:48||673495000||507124||0.00075241
07:49||673496000||507124||0.00075241
07:50||673558000||507124||0.00075241
07:51||673596000||507124||0.00075241
07:52||673596000||507124||0.00075241
07:53||674497000||507859||0.00075241
07:54||674497000||507859||0.00075241
07:55||674497000||507859||0.00075241
07:56||674497000||507859||0.00075241
07:57||674485500||507859||0.00075241
07:58||674489000||507859||0.00075241
07:59||674489000||507859||0.00075241
08:00||674489000||507859||0.00075241
08:01||674489000||507859||0.00075241
08:02||674689500||507859||0.00075241
08:03||674689500||507859||0.00075241
08:04||674689500||507859||0.00075241
08:05||674689500||507859||0.00075241
08:06||674689500||507859||0.00075241
08:07||674689500||507859||0.00075241
08:08||674689500||507859||0.00075241
08:09||674689500||507859||0.00075241
08:10||674689500||507859||0.00075241
08:11||674689500||507859||0.00075241
08:12||674689500||507859||0.00075241
08:13||674689500||507859||0.00075241
08:14||674689500||507859||0.00075241
08:15||674689500||507859||0.00075241
08:16||674689500||507859||0.00075241
08:17||674689500||507859||0.00075241
08:18||674689500||507859||0.00075241
08:19||674689500||507859||0.00075241
08:20||674689000||507859||0.00075241
08:21||674690000||507859||0.00075241
08:22||674690000||507859||0.00075241
08:23||674695500||507859||0.00075241
08:24||674695500||507436||0.00075241
08:25||675431500||508461||0.00075241
08:26||675787000||508476||0.00075241
08:27||675796500||508476||0.00075241
08:28||675796500||508476||0.00075241
08:29||675117000||508475||0.00075241
08:30||675117000||508476||0.00075241
08:31||675635000||507474||0.00075241
08:32||675796500||508475||0.00075241
08:33||675796500||508475||0.00075241
08:34||675848000||508553||0.00075241
08:35||675949500||508629||0.00075241
08:36||677344000||509381||0.00075241
08:37||677344000||509381||0.00075241
08:38||677544000||510058||0.00075241
08:39||677544000||510133||0.00075241
08:40||678141500||510133||0.00075241
08:41||678456000||510343||0.00075241
08:42||678456000||510343||0.00075241
08:43||678774000||510553||0.00075241
08:44||679178000||511262||0.00075241
08:45||679227500||511561||0.00075241
08:46||677985500||508614||0.00075241
08:47||679997500||511636||0.00075241
08:48||679998500||511636||0.00075241
08:49||679999000||511636||0.00075241
08:50||679999500||511637||0.00075241
08:51||679999500||511638||0.00075241
08:52||679999500||511638||0.00075241
08:53||679999500||511638||0.00075241
08:54||679999500||511638||0.00075241
08:55||679999500||511638||0.00075241
08:56||679999500||511638||0.00075241
08:57||679999500||511638||0.00075241
08:58||679999500||511638||0.00075241
08:59||679999500||511638||0.00075241
09:00||679999500||511638||0.00075241
09:01||679999500||511638||0.00075241
09:02||678040000||508629||0.00075241
09:03||678039000||508629||0.00075241
09:04||678039000||508629||0.00075241
09:05||678196000||508690||0.00075241
09:06||678195500||508690||0.00075241
09:07||678194500||508926||0.00075241
09:08||678193000||508926||0.00075241
09:09||678193000||508926||0.00075241
09:10||678192500||508926||0.00075241
09:11||678187500||508926||0.00075241
09:12||675949500||508553||0.00075241
09:13||675949500||508553||0.00075241
09:14||675058000||507184||0.00075241
09:15||675188500||508627||0.00075241
09:16||675359500||508627||0.00075241
09:17||675207500||508627||0.00075241
09:18||675233500||508627||0.00075241
09:19||675266000||508627||0.00075241
09:20||674995500||508627||0.00075241
09:21||674586500||507243||0.00075241
09:22||674539000||507243||0.00075241
09:23||674465500||507243||0.00075241
09:24||674483000||507243||0.00075241
09:25||674499000||507575||0.00075241
09:26||674782000||507801||0.00075241
09:27||674782000||507623||0.00075241
09:28||675232000||507801||0.00075241
09:29||675261500||507801||0.00075241
09:30||675758000||508553||0.00075241
09:31||676544500||508629||0.00075241
09:32||676593000||508629||0.00075241
09:33||676645000||509381||0.00075241
09:34||676524500||509381||0.00075241
09:35||676524500||509381||0.00075241
09:36||676524500||509381||0.00075241
09:37||676523500||509380||0.00075241
09:38||676523500||509380||0.00075241
09:39||676523500||509380||0.00075241
09:40||676523000||509380||0.00075241
09:41||676526000||509380||0.00075241
09:42||676525500||509380||0.00075241
09:43||676525000||509380||0.00075241
09:44||676055500||509380||0.00075241
09:45||676055500||509380||0.00075241
09:46||676055500||509380||0.00075241
09:47||676055500||509380||0.00075241
09:48||676055500||509380||0.00075241
09:49||676055500||508670||0.00075241
09:50||676055500||507876||0.00075241
09:51||675529000||508671||0.00075241
09:52||675001000||507878||0.00075241
09:53||675001500||507878||0.00075241
09:54||675001500||507878||0.00075241
09:55||675001500||507877||0.00075241
09:56||675498500||508627||0.00075241
09:57||675498500||508627||0.00075241
09:58||675498500||508627||0.00075241
09:59||675504500||508629||0.00075241
10:00||675504500||508629||0.00075241
10:01||675533000||508671||0.00075241
10:02||675533500||508671||0.00075241
10:03||675535000||508671||0.00075241
10:04||675535000||508671||0.00075241
10:05||675535000||508671||0.00075241
10:06||675535000||508671||0.00075241
10:07||675535000||508671||0.00075241
10:08||675535000||508671||0.00075241
10:09||675534000||508671||0.00075241
10:10||675015500||508670||0.00075241
10:11||675015500||507888||0.00075241
10:12||675015500||507888||0.00075241
10:13||675015500||507888||0.00075241
10:14||675015500||507888||0.00075241
10:15||675015500||507888||0.00075241
10:16||675015500||507888||0.00075241
10:17||675015500||507888||0.00075241
10:18||675015500||507888||0.00075241
10:19||675015500||507888||0.00075241
10:20||675015500||507888||0.00075241
10:21||675503000||507888||0.00075241
10:22||675503500||507888||0.00075241
10:23||675504500||507888||0.00075241
10:24||675989500||507891||0.00075241
10:25||675989500||508621||0.00075241
10:26||675989500||508621||0.00075241
10:27||675502000||508619||0.00075241
10:28||675502500||508619||0.00075241
10:29||675502000||508619||0.00075241
10:30||675504000||508621||0.00075241
10:31||675504000||508621||0.00075241
10:32||675504000||508621||0.00075241
10:33||675504000||508621||0.00075241
10:34||675504000||508621||0.00075241
10:35||675504000||508621||0.00075241
10:36||675503000||507890||0.00075241
10:37||675503000||507890||0.00075241
10:38||675503000||507890||0.00075241
10:39||675504000||508621||0.00075241
10:40||675504000||508621||0.00075241
10:41||673787500||507124||0.00075241
10:42||673787500||507124||0.00075241
10:43||673787500||507124||0.00075241
10:44||673787500||507124||0.00075241
10:45||674038500||507500||0.00075241
10:46||674248000||506804||0.00075241
10:47||672289500||504114||0.00075241
10:48||672480500||507492||0.00075241
10:49||672349500||507492||0.00075241
10:50||672481000||507492||0.00075241
10:51||672579000||507492||0.00075241
10:52||672634500||507041||0.00075241
10:53||672775500||507041||0.00075241
10:54||672404000||507041||0.00075241
10:55||672442000||507041||0.00075241
10:56||672478500||507041||0.00075241
10:57||672532500||507041||0.00075241
10:58||673463000||506371||0.00075241
10:59||673500500||506371||0.00075241
11:00||673998500||507123||0.00075241
11:01||673998500||507122||0.00075241
11:02||673998500||507122||0.00075241
11:03||673998500||507122||0.00075241
11:04||673998500||507122||0.00075241
11:05||672531500||507122||0.00075241
11:06||672809500||507123||0.00075241
11:07||673037000||507123||0.00075241
11:08||673205500||507123||0.00075241
11:09||673372500||506181||0.00075241
11:10||673506500||506181||0.00075241
11:11||673597500||506181||0.00075241
11:12||673664000||506181||0.00075241
11:13||673664000||506181||0.00075241
11:14||673721000||506181||0.00075241
11:15||673740500||506181||0.00075241
11:16||673740500||506181||0.00075241
11:17||673740500||506181||0.00075241
11:18||673740500||506181||0.00075241
11:19||673740500||507122||0.00075241
11:20||673740000||507122||0.00075241
11:21||673740000||507122||0.00075241
11:22||673867500||506736||0.00075241
11:23||673906000||506736||0.00075241
11:24||673931000||507019||0.00075241
11:25||673995500||507019||0.00075241
11:26||673995500||507019||0.00075241
11:27||673995500||507019||0.00075241
11:28||673995500||507019||0.00075241
11:29||673995500||507019||0.00075241
11:30||673995500||507019||0.00075241
11:31||674204500||507124||0.00075241
11:32||674231000||507124||0.00075241
11:33||674252000||507124||0.00075241
11:34||674298500||507349||0.00075241
11:35||674298500||507349||0.00075241
11:36||674298500||507349||0.00075241
11:37||674298500||507349||0.00075241
11:38||674298500||507349||0.00075241
11:39||674298500||507349||0.00075241
11:40||674298500||507349||0.00075241
11:41||674298500||507349||0.00075241
11:42||674298500||507349||0.00075241
11:43||674298500||507349||0.00075241
11:44||674298500||507349||0.00075241
11:45||674298500||507349||0.00075241
11:46||674298500||507349||0.00075241
11:47||674298500||507349||0.00075241
11:48||673745500||507492||0.00075241
11:49||673745500||507492||0.00075241
11:50||673553500||506027||0.00075241
11:51||673647500||506027||0.00075241
11:52||673716500||506027||0.00075241
11:53||673749000||506027||0.00075241
11:54||673747500||506027||0.00075241
11:55||673747500||506027||0.00075241
11:56||673747500||506027||0.00075241
11:57||673462000||506027||0.00075241
11:58||673405500||506027||0.00075241
11:59||673369500||506027||0.00075241
12:00||673318500||506027||0.00075241
12:01||671446500||505619||0.00075241
12:02||670809000||504755||0.00075241
12:03||670434500||504755||0.00075241
12:04||670410000||504755||0.00075241
12:05||670394500||504755||0.00075241
12:06||670372500||504755||0.00075241
12:07||670351500||504755||0.00075241
12:08||670338500||504755||0.00075241
12:09||670320000||504755||0.00075241
12:10||670302500||504755||0.00075241
12:11||670291500||504167||0.00075241
12:12||670011500||504167||0.00075241
12:13||670000500||504114||0.00075241
12:14||672178000||507130||0.00075241
12:15||672358500||507130||0.00075241
12:16||672428000||507187||0.00075241
12:17||672583500||507187||0.00075241
12:18||672667500||507187||0.00075241
12:19||672795000||507087||0.00075241
12:20||671940000||504119||0.00075241
12:21||671902500||504119||0.00075241
12:22||670160500||504119||0.00075241
12:23||671946000||504235||0.00075241
12:24||671916000||504349||0.00075241
12:25||671968000||504349||0.00075241
12:26||671859500||504349||0.00075241
12:27||671821000||504790||0.00075241
12:28||671838000||504925||0.00075241
12:29||671416500||504925||0.00075241
12:30||671174500||504490||0.00075241
12:31||671105000||504490||0.00075241
12:32||670958000||504490||0.00075241
12:33||670909500||504490||0.00075241
12:34||670882000||504490||0.00075241
12:35||670882000||504490||0.00075241
12:36||670889000||504490||0.00075241
12:37||670897000||505064||0.00075241
12:38||671250000||505064||0.00075241
12:39||671296000||504685||0.00075241
12:40||671296000||504685||0.00075241
12:41||671788500||504685||0.00075241
12:42||671788500||504685||0.00075241
12:43||671788500||505460||0.00075241
12:44||671788500||505460||0.00075241
12:45||671788500||505460||0.00075241
12:46||671788500||505460||0.00075241
12:47||671788500||505460||0.00075241
12:48||671788500||505460||0.00075241
12:49||671788500||505460||0.00075241
12:50||671788500||505460||0.00075241
12:51||671788500||505460||0.00075241
12:52||671788500||505460||0.00075241
12:53||671788500||505460||0.00075241
12:54||672182000||505462||0.00075241
12:55||672182000||506037||0.00075241
12:56||672443000||506037||0.00075241
12:57||672500000||506037||0.00075241
12:58||672500000||506037||0.00075241
12:59||672480000||506037||0.00075241
13:00||672480000||505620||0.00075241
13:01||672480000||505620||0.00075241
13:02||672500500||506371||0.00075241
13:03||672500500||506371||0.00075241
13:04||672500500||506371||0.00075241
13:05||672515500||506371||0.00075241
13:06||672515500||506371||0.00075241
13:07||672515000||506371||0.00075241
13:08||672031500||506371||0.00075241
13:09||672522500||505643||0.00075241
13:10||672522000||505643||0.00075241
13:11||672754000||506371||0.00075241
13:12||672754500||506371||0.00075241
13:13||672901500||506371||0.00075241
13:14||672950500||506371||0.00075241
13:15||672905500||506300||0.00075241
13:16||672905500||506300||0.00075241
13:17||672905500||506300||0.00075241
13:18||672905500||506301||0.00075241
13:19||672905500||506301||0.00075241
13:20||672905500||506301||0.00075241
13:21||672905500||506300||0.00075241
13:22||672905500||506300||0.00075241
13:23||672905500||506300||0.00075241
13:24||672905500||506371||0.00075241
13:25||672998500||506371||0.00075241
13:26||672998500||506371||0.00075241
13:27||671819500||505620||0.00075241
13:28||671963000||505620||0.00075241
13:29||672057000||505620||0.00075241
13:30||672056500||505620||0.00075241
13:31||671904000||505994||0.00075241
13:32||671305000||504867||0.00075241
13:33||671305000||504867||0.00075241
13:34||671305000||504867||0.00075241
13:35||671154000||504495||0.00075241
13:36||670753500||504495||0.00075241
13:37||670753500||504495||0.00075241
13:38||670753500||504495||0.00075241
13:39||669755000||504114||0.00075241
13:40||669756000||504114||0.00075241
13:41||670011000||504498||0.00075241
13:42||670016000||503738||0.00075241
13:43||670016000||503755||0.00075241
13:44||670026500||503755||0.00075241
13:45||670026500||503755||0.00075241
13:46||670113000||503755||0.00075241
13:47||670260000||504122||0.00075241
13:48||670259500||504122||0.00075241
13:49||670259500||504122||0.00075241
13:50||670259500||504122||0.00075241
13:51||670255000||504122||0.00075241
13:52||670499500||504490||0.00075241
13:53||670499500||504490||0.00075241
13:54||670499500||504490||0.00075241
13:55||670252500||504490||0.00075241
13:56||669792000||503738||0.00075241
13:57||669782000||503414||0.00075241
13:58||669782000||504487||0.00075241
13:59||669782000||504487||0.00075241
14:00||669782500||504487||0.00075241
14:01||669721500||504487||0.00075241
14:02||669130000||502802||0.00075241
14:03||668764500||502802||0.00075241
14:04||668999500||503361||0.00075241
14:05||668999500||503361||0.00075241
14:06||668999500||503361||0.00075241
14:07||668999500||503361||0.00075241
14:08||668999500||503362||0.00075241
14:09||668620500||502802||0.00075241
14:10||668622000||502802||0.00075241
14:11||668622500||502802||0.00075241
14:12||668622500||502802||0.00075241
14:13||668622500||502802||0.00075241
14:14||668622500||502802||0.00075241
14:15||668622500||502802||0.00075241
14:16||668305500||502609||0.00075241
14:17||666282000||501105||0.00075241
14:18||665999500||500785||0.00075241
14:19||665999500||501105||0.00075241
14:20||665799000||501105||0.00075241
14:21||665799000||501105||0.00075241
14:22||665799000||501105||0.00075241
14:23||665749500||501105||0.00075241
14:24||665599500||500803||0.00075241
14:25||665599500||500803||0.00075241
14:26||665599500||500803||0.00075241
14:27||665599500||500803||0.00075241
14:28||665599500||500803||0.00075241
14:29||665599500||500803||0.00075241
14:30||665599500||500803||0.00075241
14:31||665599500||500804||0.00075241
14:32||665782500||501098||0.00075241
14:33||665272500||500785||0.00075241
14:34||665269000||500352||0.00075241
14:35||665269000||500352||0.00075241
14:36||665269000||500352||0.00075241
14:37||664296500||500352||0.00075241
14:38||664322000||500757||0.00075241
14:39||664577500||500757||0.00075241
14:40||664577500||498965||0.00075241
14:41||664577500||498965||0.00075241
14:42||664576500||498965||0.00075241
14:43||664554000||501102||0.00075241
14:44||664611000||501102||0.00075241
14:45||665020000||501102||0.00075241
14:46||664520000||500352||0.00075241
14:47||664999500||500352||0.00075241
14:48||665509500||500352||0.00075241
14:49||665521500||500352||0.00075241
14:50||665049500||500352||0.00075241
14:51||665051000||500352||0.00075241
14:52||665052000||500352||0.00075241
14:53||665109500||500352||0.00075241
14:54||665499500||500352||0.00075241
14:55||665499500||500352||0.00075241
14:56||665000500||500352||0.00075241
14:57||665102000||500352||0.00075241
14:58||665102000||501104||0.00075241
14:59||665102000||501104||0.00075241
15:00||665102000||501104||0.00075241
15:01||665460000||501104||0.00075241
15:02||665506000||501104||0.00075241
15:03||666499500||501105||0.00075241
15:04||665752000||501856||0.00075241
15:05||665751500||501856||0.00075241
15:06||665750500||501856||0.00075241
15:07||665750000||501856||0.00075241
15:08||665801000||501856||0.00075241
15:09||665826500||501856||0.00075241
15:10||665922500||501856||0.00075241
15:11||665996500||501851||0.00075241
15:12||665992500||500352||0.00075241
15:13||665993500||501846||0.00075241
15:14||665993500||501846||0.00075241
15:15||666044500||501846||0.00075241
15:16||666044500||501846||0.00075241
15:17||666196500||501846||0.00075241
15:18||666308500||501852||0.00075241
15:19||666405500||501852||0.00075241
15:20||666491500||501853||0.00075241
15:21||666501500||501853||0.00075241
15:22||666501500||501853||0.00075241
15:23||666501500||501853||0.00075241
15:24||666501500||501853||0.00075241
15:25||666254000||501853||0.00075241
15:26||666254000||501853||0.00075241
15:27||665751000||500352||0.00075241
15:28||665751000||501481||0.00075241
15:29||665499000||500354||0.00075241
15:30||665499500||500354||0.00075241
15:31||665499500||500354||0.00075241
15:32||665499000||500354||0.00075241
15:33||665499000||500354||0.00075241
15:34||665499000||500354||0.00075241
15:35||664264000||499976||0.00075241
15:36||663555000||499600||0.00075241
15:37||664509500||499600||0.00075241
15:38||664553500||499600||0.00075241
15:39||662499000||498847||0.00075241
15:40||662499000||498847||0.00075241
15:41||662499000||498847||0.00075241
15:42||662502500||498847||0.00075241
15:43||661767500||497388||0.00075241
15:44||661449000||496590||0.00075241
15:45||661450500||496590||0.00075241
15:46||661450500||498769||0.00075241
15:47||661479500||498769||0.00075241
15:48||661620000||498769||0.00075241
15:49||661895500||498847||0.00075241
15:50||662047500||497220||0.00075241
15:51||662197000||497220||0.00075241
15:52||662309000||498847||0.00075241
15:53||662406500||498847||0.00075241
15:54||662492000||498847||0.00075241
15:55||662568000||498847||0.00075241
15:56||662754500||498479||0.00075241
15:57||662998500||498479||0.00075241
15:58||662998500||498847||0.00075241
15:59||662998500||498847||0.00075241
16:00||662998500||498847||0.00075241
16:01||664115000||498847||0.00075241
16:02||664253000||498847||0.00075241
16:03||664355500||498847||0.00075241
16:04||664014000||499412||0.00075241
16:05||664200500||499412||0.00075241
16:06||663439500||499412||0.00075241
16:07||662078500||498846||0.00075241
16:08||662705500||498846||0.00075241
16:09||662846000||497853||0.00075241
16:10||662846000||497853||0.00075241
16:11||663837500||497853||0.00075241
16:12||663838500||499508||0.00075241
16:13||663837500||499508||0.00075241
16:14||663837500||499508||0.00075241
16:15||663838500||499508||0.00075241
16:16||663838500||499508||0.00075241
16:17||662029500||499449||0.00075241
16:18||662051000||499449||0.00075241
16:19||662051000||499449||0.00075241
16:20||663796500||496978||0.00075241
16:21||663797500||496978||0.00075241
16:22||663797500||496978||0.00075241
16:23||663797500||496978||0.00075241
16:24||663797500||496978||0.00075241
16:25||663797500||499448||0.00075241
16:26||663797500||499447||0.00075241
16:27||663797500||499447||0.00075241
16:28||663797500||499447||0.00075241
16:29||663797500||499447||0.00075241
16:30||663797500||499447||0.00075241
16:31||665282000||500352||0.00075241
16:32||664717000||500352||0.00075241
16:33||664763500||500352||0.00075241
16:34||664959000||500653||0.00075241
16:35||665015000||500653||0.00075241
16:36||665955000||500954||0.00075241
16:37||665955000||500954||0.00075241
16:38||666497500||501104||0.00075241
16:39||666497500||501104||0.00075241
16:40||666497500||501479||0.00075241
16:41||666497500||501479||0.00075241
16:42||666497500||501479||0.00075241
16:43||666498000||501480||0.00075241
16:44||666499500||501480||0.00075241
16:45||666498500||501481||0.00075241
16:46||666498500||501481||0.00075241
16:47||666498500||501480||0.00075241
16:48||666498500||501480||0.00075241
16:49||666498500||501480||0.00075241
16:50||666498500||501480||0.00075241
16:51||666498500||501480||0.00075241
16:52||666498500||501480||0.00075241
16:53||666498500||501479||0.00075241
16:54||666498500||501479||0.00075241
16:55||666498500||501480||0.00075241
16:56||666248000||501479||0.00075241
16:57||666247500||501479||0.00075241
16:58||666246500||501479||0.00075241
16:59||666246000||501479||0.00075241
17:00||666251000||501475||0.00075241
17:01||666251000||501475||0.00075241
17:02||666768500||501481||0.00075241
17:03||666979500||501481||0.00075241
17:04||666979500||501842||0.00075241
17:05||666979500||501842||0.00075241
17:06||666979500||501842||0.00075241
17:07||666979500||501842||0.00075241
17:08||666979500||501842||0.00075241
17:09||668090000||503346||0.00075241
17:10||668301000||503346||0.00075241
17:11||668415500||503346||0.00075241
17:12||668490500||503346||0.00075241
17:13||668451000||503346||0.00075241
17:14||668450000||503346||0.00075241
17:15||668450000||503346||0.00075241
17:16||668799000||503346||0.00075241
17:17||668750000||503346||0.00075241
17:18||668750000||503346||0.00075241
17:19||668750000||503346||0.00075241
17:20||668750000||503346||0.00075241
17:21||667789500||503061||0.00075241
17:22||667740500||503061||0.00075241
17:23||667738000||503061||0.00075241
17:24||667738000||502982||0.00075241
17:25||667738000||502982||0.00075241
17:26||667738000||502982||0.00075241
17:27||667737500||502982||0.00075241
17:28||667736500||502982||0.00075241
17:29||666241000||501473||0.00075241
17:30||665873000||501464||0.00075241
17:31||665979000||501464||0.00075241
17:32||666028000||501464||0.00075241
17:33||666088500||501464||0.00075241
17:34||666128500||501464||0.00075241
17:35||666174000||501464||0.00075241
17:36||666463000||501463||0.00075241
17:37||666257000||501463||0.00075241
17:38||666474500||501463||0.00075241
17:39||666474500||501463||0.00075241
17:40||666474500||501463||0.00075241
17:41||667504500||501464||0.00075241
17:42||667629000||501464||0.00075241
17:43||667737000||501464||0.00075241
17:44||667830500||501464||0.00075241
17:45||667901000||502091||0.00075241
17:46||667973000||502091||0.00075241
17:47||668000500||502091||0.00075241
17:48||668000500||502091||0.00075241
17:49||668000000||502091||0.00075241
17:50||668000000||502091||0.00075241
17:51||667999500||502091||0.00075241
17:52||667951000||502091||0.00075241
17:53||667751000||502091||0.00075241
17:54||667699500||502091||0.00075241
17:55||667699500||502091||0.00075241
17:56||667699500||502384||0.00075241
17:57||667699500||502384||0.00075241
17:58||667699500||502383||0.00075241
17:59||667699500||502383||0.00075241
18:00||667699500||502383||0.00075241
18:01||667627500||502383||0.00075241
18:02||667627500||502342||0.00075241
18:03||667036500||502308||0.00075241
18:04||667036500||502308||0.00075241
18:05||666192500||501461||0.00075241
18:06||665999500||501461||0.00075241
18:07||666806500||501461||0.00075241
18:08||666490500||501461||0.00075241
18:09||666001500||501842||0.00075241
18:10||666001500||501842||0.00075241
18:11||666001500||501105||0.00075241
18:12||666490500||501105||0.00075241
18:13||666477500||501105||0.00075241
18:14||666447500||501105||0.00075241
18:15||666380500||501105||0.00075241
18:16||666425500||501105||0.00075241
18:17||666424000||501105||0.00075241
18:18||666388500||501105||0.00075241
18:19||666331500||501105||0.00075241
18:20||665375000||501104||0.00075241
18:21||664679000||500352||0.00075241
18:22||664642000||500218||0.00075241
18:23||664757500||500218||0.00075241
18:24||665513000||500169||0.00075241
18:25||665336500||501317||0.00075241
18:26||665175000||501317||0.00075241
18:27||665053500||501317||0.00075241
18:28||665627500||501317||0.00075241
18:29||665148500||501601||0.00075241
18:30||665043500||499978||0.00075241
18:31||664997500||500721||0.00075241
18:32||665048500||500721||0.00075241
18:33||665130000||500721||0.00075241
18:34||665408500||500275||0.00075241
18:35||665095500||500275||0.00075241
18:36||665218500||501013||0.00075241
18:37||665348500||501013||0.00075241
18:38||665434500||500332||0.00075241
18:39||665956000||501737||0.00075241
18:40||666101000||501737||0.00075241
18:41||666234000||501737||0.00075241
18:42||666343000||501737||0.00075241
18:43||666846000||501744||0.00075241
18:44||666848000||501741||0.00075241
18:45||666051000||501741||0.00075241
18:46||666051000||501741||0.00075241
18:47||666033000||501741||0.00075241
18:48||666096000||501698||0.00075241
18:49||666809500||501722||0.00075241
18:50||666809500||501722||0.00075241
18:51||666809500||501722||0.00075241
18:52||666807000||501722||0.00075241
18:53||666807000||501722||0.00075241
18:54||666807000||501722||0.00075241
18:55||666807000||501718||0.00075241
18:56||666807000||501718||0.00075241
18:57||666807000||501718||0.00075241
18:58||666807000||501718||0.00075241
18:59||667223000||502342||0.00075241
19:00||667223000||502342||0.00075241
19:01||667223000||502342||0.00075241
19:02||667220500||502342||0.00075241
19:03||667271000||502342||0.00075241
19:04||667271000||502342||0.00075241
19:05||667271000||502339||0.00075241
19:06||667276000||502339||0.00075241
19:07||667639500||502339||0.00075241
19:08||667639500||502339||0.00075241
19:09||667639500||502339||0.00075241
19:10||667639500||502339||0.00075241
19:11||667639500||502339||0.00075241
19:12||667639500||502339||0.00075241
19:13||667639500||502339||0.00075241
19:14||667639500||502339||0.00075241
19:15||667204500||502339||0.00075241
19:16||666148000||501706||0.00075241
19:17||666122500||501317||0.00075241
19:18||665468500||501071||0.00075241
19:19||665381500||501071||0.00075241
19:20||664746000||500352||0.00075241
19:21||664746000||500335||0.00075241
19:22||664757500||500352||0.00075241
19:23||665929000||500352||0.00075241
19:24||665929000||502114||0.00075241
19:25||665929000||502114||0.00075241
19:26||665929000||502114||0.00075241
19:27||665871000||502114||0.00075241
19:28||665871000||502114||0.00075241
19:29||665733500||502114||0.00075241
19:30||665523500||502114||0.00075241
19:31||665609500||502114||0.00075241
19:32||664302500||499958||0.00075241
19:33||664271500||499958||0.00075241
19:34||664262500||499695||0.00075241
19:35||664262500||499695||0.00075241
19:36||664262500||499695||0.00075241
19:37||664263000||499695||0.00075241
19:38||664263000||499695||0.00075241
19:39||664263000||499695||0.00075241
19:40||664263000||499695||0.00075241
19:41||664263000||499695||0.00075241
19:42||664263000||499695||0.00075241
19:43||664263000||499695||0.00075241
19:44||664263000||499695||0.00075241
19:45||664263000||499695||0.00075241
19:46||664263000||499695||0.00075241
19:47||664262500||499695||0.00075241
19:48||664262500||499695||0.00075241
19:49||664260000||499896||0.00075241
19:50||663115000||499447||0.00075241
19:51||662808500||498704||0.00075241
19:52||663393000||498704||0.00075241
19:53||663368500||499564||0.00075241
19:54||662808500||499491||0.00075241
19:55||662808500||499491||0.00075241
19:56||662808500||499491||0.00075241
19:57||662808500||498703||0.00075241
19:58||662326500||498664||0.00075241
19:59||662411000||498704||0.00075241
20:00||662412500||498704||0.00075241
20:01||662412500||498704||0.00075241
20:02||662412500||498704||0.00075241
20:03||662412500||498704||0.00075241
20:04||662412500||498704||0.00075241
20:05||662404500||498704||0.00075241
20:06||661574500||498095||0.00075241
20:07||661969000||497534||0.00075241
20:08||662035500||497534||0.00075241
20:09||662153500||497719||0.00075241
20:10||662157000||497719||0.00075241
20:11||662158500||497719||0.00075241
20:12||662158500||498702||0.00075241
20:13||662162000||498702||0.00075241
20:14||662125500||498702||0.00075241
20:15||662028000||498702||0.00075241
20:16||661997000||498702||0.00075241
20:17||659687500||496590||0.00075241
20:18||660751000||496590||0.00075241
20:19||660603500||498019||0.00075241
20:20||660472500||498019||0.00075241
20:21||660373500||498019||0.00075241
20:22||660190000||498019||0.00075241
20:23||660250000||498019||0.00075241
20:24||660248500||497339||0.00075241
20:25||659957000||496214||0.00075241
20:26||659892500||496214||0.00075241
20:27||658642500||493957||0.00075241
20:28||658641000||493957||0.00075241
20:29||658891000||493957||0.00075241
20:30||661656500||497278||0.00075241
20:31||661655000||497278||0.00075241
20:32||661656000||498393||0.00075241
20:33||660959500||497343||0.00075241
20:34||661610500||498393||0.00075241
20:35||661600500||498393||0.00075241
20:36||661451000||498393||0.00075241
20:37||661450500||498019||0.00075241
20:38||661450500||498019||0.00075241
20:39||661000500||497344||0.00075241
20:40||661000500||497343||0.00075241
20:41||661000500||497343||0.00075241
20:42||661000500||497343||0.00075241
20:43||661000500||497343||0.00075241
20:44||661451000||498020||0.00075241
20:45||661442000||498020||0.00075241
20:46||661001500||498020||0.00075241
20:47||661451000||498020||0.00075241
20:48||661002500||498020||0.00075241
20:49||661002500||498020||0.00075241
20:50||661002500||497344||0.00075241
20:51||661002500||497344||0.00075241
20:52||661002500||497344||0.00075241
20:53||661002500||497345||0.00075241
20:54||661002500||497345||0.00075241
20:55||661002500||497345||0.00075241
20:56||661001500||497344||0.00075241
20:57||659858000||496590||0.00075241
20:58||660359000||496590||0.00075241
20:59||660358000||496590||0.00075241
21:00||660358000||496590||0.00075241
21:01||660345000||496590||0.00075241
21:02||660345000||496590||0.00075241
21:03||660345000||496590||0.00075241
21:04||660345000||497343||0.00075241
21:05||660344500||496376||0.00075241
21:06||658471000||496375||0.00075241
21:07||658057000||496534||0.00075241
21:08||658557000||497344||0.00075241
21:09||658658000||497270||0.00075241
21:10||658615500||497270||0.00075241
21:11||658344500||493958||0.00075241
21:12||658215500||493958||0.00075241
21:13||658149000||493958||0.00075241
21:14||657997000||493958||0.00075241
21:15||658101000||493958||0.00075241
21:16||658101500||493958||0.00075241
21:17||656833500||493330||0.00075241
21:18||656833500||495084||0.00075241
21:19||659249000||495084||0.00075241
21:20||659050000||497343||0.00075241
21:21||659049500||496665||0.00075241
21:22||659028500||496665||0.00075241
21:23||659028500||496665||0.00075241
21:24||658980000||495085||0.00075241
21:25||657383000||495085||0.00075241
21:26||656333000||494331||0.00075241
21:27||655699000||493413||0.00075241
21:28||656722000||493413||0.00075241
21:29||655303000||493330||0.00075241
21:30||654190000||492076||0.00075241
21:31||651830000||491342||0.00075241
21:32||651891500||491342||0.00075241
21:33||651881000||490010||0.00075241
21:34||651829000||490011||0.00075241
21:35||654292500||490011||0.00075241
21:36||654385500||493953||0.00075241
21:37||655046000||493953||0.00075241
21:38||654876500||493450||0.00075241
21:39||654661000||492077||0.00075241
21:40||653552500||492077||0.00075241
21:41||653435500||492077||0.00075241
21:42||653339000||491323||0.00075241
21:43||653164000||491323||0.00075241
21:44||653048000||491323||0.00075241
21:45||651720500||490820||0.00075241
21:46||651709000||492903||0.00075241
21:47||653580500||492828||0.00075241
21:48||653581000||490693||0.00075241
21:49||653582500||490696||0.00075241
21:50||653583000||492825||0.00075241
21:51||653998000||492827||0.00075241
21:52||653997500||492827||0.00075241
21:53||654000500||491325||0.00075241
21:54||654249000||491699||0.00075241
21:55||654247500||491699||0.00075241
21:56||654249000||491699||0.00075241
21:57||654247500||491699||0.00075241
21:58||654247500||491699||0.00075241
21:59||654206500||491699||0.00075241
22:00||654206500||491699||0.00075241
22:01||654210000||491699||0.00075241
22:02||654229000||492757||0.00075241
22:03||654230000||492757||0.00075241
22:04||654230000||492757||0.00075241
22:05||654230000||492755||0.00075241
22:06||654228500||492753||0.00075241
22:07||654227500||492753||0.00075241
22:08||654223000||492745||0.00075241
22:09||654218500||491742||0.00075241
22:10||653940000||491325||0.00075241
22:11||652425000||489885||0.00075241
22:12||652388500||489066||0.00075241
22:13||652126000||492659||0.00075241
22:14||652000000||492659||0.00075241
22:15||654100000||492226||0.00075241
22:16||654000500||492076||0.00075241
22:17||652084000||492076||0.00075241
22:18||652251500||492076||0.00075241
22:19||652371000||492259||0.00075241
22:20||652751000||492258||0.00075241
22:21||652140000||492258||0.00075241
22:22||651890500||489818||0.00075241
22:23||651891500||491158||0.00075241
22:24||651891500||491158||0.00075241
22:25||652014500||491158||0.00075241
22:26||652093000||491158||0.00075241
22:27||652190000||491158||0.00075241
22:28||652240000||491158||0.00075241
22:29||652286000||491158||0.00075241
22:30||652286000||491158||0.00075241
22:31||653850000||491158||0.00075241
22:32||653896500||491158||0.00075241
22:33||652715500||492249||0.00075241
22:34||652948500||492248||0.00075241
22:35||653123500||492248||0.00075241
22:36||653275500||490813||0.00075241
22:37||653372500||490813||0.00075241
22:38||651183500||489070||0.00075241
22:39||652381000||490686||0.00075241
22:40||653204500||490686||0.00075241
22:41||653361000||490686||0.00075241
22:42||654774500||492658||0.00075241
22:43||654889000||492827||0.00075241
22:44||653719000||492827||0.00075241
22:45||653915500||492827||0.00075241
22:46||654062500||492827||0.00075241
22:47||654207000||492827||0.00075241
22:48||654310000||492827||0.00075241
22:49||654391500||492827||0.00075241
22:50||654486000||492827||0.00075241
22:51||654486000||492811||0.00075241
22:52||656042500||492828||0.00075241
22:53||657312500||494370||0.00075241
22:54||659076500||496525||0.00075241
22:55||659076000||493647||0.00075241
22:56||659074500||493647||0.00075241
22:57||659074500||493647||0.00075241
22:58||659074500||493647||0.00075241
22:59||659072500||493647||0.00075241
23:00||659071500||493647||0.00075241
23:01||659071500||493647||0.00075241
23:02||658242500||495268||0.00075241
23:03||658242500||495268||0.00075241
23:04||659072000||495268||0.00075241
23:05||659072000||495268||0.00075241
23:06||658049000||495267||0.00075241
23:07||658061000||496513||0.00075241
23:08||658062500||496513||0.00075241
23:09||658062500||496513||0.00075241
23:10||658310000||496513||0.00075241
23:11||658343500||496513||0.00075241
23:12||658343000||496513||0.00075241
23:13||658343000||496513||0.00075241
23:14||658343000||496513||0.00075241
23:15||658343000||496513||0.00075241
23:16||658343000||496513||0.00075241
23:17||658553500||496513||0.00075241
23:18||658736500||496513||0.00075241
23:19||658807000||496513||0.00075241
23:20||658977500||496513||0.00075241
23:21||659071500||496513||0.00075241
23:22||659071500||496513||0.00075241
23:23||659122000||496513||0.00075241
23:24||659259000||496513||0.00075241
23:25||659349000||496513||0.00075241
23:26||657281000||492151||0.00075241
23:27||659893000||492151||0.00075241
23:28||659893000||492151||0.00075241
23:29||659893000||492151||0.00075241
23:30||659893000||492151||0.00075241
23:31||659891500||492151||0.00075241
23:32||659891500||496509||0.00075241
23:33||659891500||496509||0.00075241
23:34||659891500||496509||0.00075241
23:35||659891500||496509||0.00075241
23:36||659891500||496509||0.00075241
23:37||658446000||494333||0.00075241
23:38||658446000||494333||0.00075241
23:39||657946000||493580||0.00075241
23:40||657946000||496507||0.00075241
23:41||657944500||496507||0.00075241
23:42||657944500||496507||0.00075241
23:43||658239500||496507||0.00075241
23:44||658492000||496507||0.00075241
23:45||658732000||496507||0.00075241
23:46||658732000||496507||0.00075241
23:47||658730000||496507||0.00075241
23:48||658730000||496507||0.00075241
23:49||658730000||496507||0.00075241
23:50||658730000||496507||0.00075241
23:51||658352000||493580||0.00075241
23:52||658587000||496498||0.00075241
23:53||658786000||496498||0.00075241
23:54||658786000||496498||0.00075241
23:55||658786000||496498||0.00075241
23:56||658915500||496498||0.00075241
23:57||659100000||496498||0.00075241
23:58||659237000||496498||0.00075241
23:59||659340000||496498||0.00075241
