00:00||574424500||431018||0.00075241
00:01||574424500||431018||0.00075241
00:02||574424500||431018||0.00075241
00:03||574448500||431018||0.00075241
00:04||574448500||431018||0.00075241
00:05||573777000||431018||0.00075241
00:06||573777000||431018||0.00075241
00:07||574483500||431018||0.00075241
00:08||574483500||431018||0.00075241
00:09||574483500||431018||0.00075241
00:10||574483500||431018||0.00075241
00:11||574483500||431018||0.00075241
00:12||574483500||432247||0.00075241
00:13||574483500||432247||0.00075241
00:14||574483500||432247||0.00075241
00:15||574483500||432247||0.00075241
00:16||574483500||432247||0.00075241
00:17||574483500||432247||0.00075241
00:18||574483500||432246||0.00075241
00:19||574499500||432247||0.00075241
00:20||574595500||432404||0.00075241
00:21||574595500||432404||0.00075241
00:22||574595500||432404||0.00075241
00:23||574595500||432404||0.00075241
00:24||574595500||432404||0.00075241
00:25||574595500||432404||0.00075241
00:26||574614500||432432||0.00075241
00:27||574614500||432432||0.00075241
00:28||574499500||432432||0.00075241
00:29||574499500||432259||0.00075241
00:30||574614500||432259||0.00075241
00:31||574614500||432432||0.00075241
00:32||574614500||432432||0.00075241
00:33||574614500||432432||0.00075241
00:34||574614500||432432||0.00075241
00:35||574614500||432432||0.00075241
00:36||574614500||432432||0.00075241
00:37||574614500||432258||0.00075241
00:38||574614500||432258||0.00075241
00:39||574614500||432258||0.00075241
00:40||574614500||432258||0.00075241
00:41||574614500||432258||0.00075241
00:42||574614500||432258||0.00075241
00:43||574614500||432258||0.00075241
00:44||574614500||432258||0.00075241
00:45||574664500||432258||0.00075241
00:46||574499500||432258||0.00075241
00:47||574499500||432258||0.00075241
00:48||574781000||432259||0.00075241
00:49||574781000||432259||0.00075241
00:50||574826500||432259||0.00075241
00:51||574826500||432259||0.00075241
00:52||574826500||432259||0.00075241
00:53||574826500||432259||0.00075241
00:54||574826500||432259||0.00075241
00:55||574826500||432259||0.00075241
00:56||578155000||434967||0.00075241
00:57||578158500||435043||0.00075241
00:58||579507000||435043||0.00075241
00:59||579507000||435043||0.00075241
01:00||579507000||435043||0.00075241
01:01||579899500||436397||0.00075241
01:02||581998500||437150||0.00075241
01:03||582497500||437902||0.00075241
01:04||583290000||439031||0.00075241
01:05||583749500||439406||0.00075241
01:06||584749500||440159||0.00075241
01:07||584749500||440159||0.00075241
01:08||584998500||440159||0.00075241
01:09||584998500||440159||0.00075241
01:10||584998500||440159||0.00075241
01:11||584998500||440159||0.00075241
01:12||583497500||437897||0.00075241
01:13||583000000||437897||0.00075241
01:14||583001000||437897||0.00075241
01:15||583051000||437897||0.00075241
01:16||583251000||437526||0.00075241
01:17||583252000||437526||0.00075241
01:18||583253500||437526||0.00075241
01:19||583253500||440159||0.00075241
01:20||583253500||440159||0.00075241
01:21||583254000||440159||0.00075241
01:22||583253500||440159||0.00075241
01:23||583253500||440159||0.00075241
01:24||583253500||440159||0.00075241
01:25||583253500||440159||0.00075241
01:26||582754500||439407||0.00075241
01:27||582754500||439407||0.00075241
01:28||582754500||439407||0.00075241
01:29||582754000||439407||0.00075241
01:30||582754000||439407||0.00075241
01:31||582754000||439406||0.00075241
01:32||582754000||439406||0.00075241
01:33||582754000||439406||0.00075241
01:34||582754000||439406||0.00075241
01:35||582754000||439406||0.00075241
01:36||582754000||439406||0.00075241
01:37||582754000||439406||0.00075241
01:38||582754000||439406||0.00075241
01:39||582754000||439406||0.00075241
01:40||582754000||439406||0.00075241
01:41||582754000||439406||0.00075241
01:42||582753500||439406||0.00075241
01:43||582753500||439406||0.00075241
01:44||582753500||439406||0.00075241
01:45||582728500||439406||0.00075241
01:46||581754500||439406||0.00075241
01:47||581509500||439406||0.00075241
01:48||578980500||436398||0.00075241
01:49||578305000||436398||0.00075241
01:50||578305000||436398||0.00075241
01:51||578000500||436398||0.00075241
01:52||578000500||434892||0.00075241
01:53||578000500||434892||0.00075241
01:54||578000500||434892||0.00075241
01:55||577000500||434892||0.00075241
01:56||576999500||434892||0.00075241
01:57||576999500||434892||0.00075241
01:58||577000000||434892||0.00075241
01:59||577000000||434892||0.00075241
02:00||577000000||434892||0.00075241
02:01||577000000||434892||0.00075241
02:02||576759000||434892||0.00075241
02:03||576759000||434892||0.00075241
02:04||576759000||434892||0.00075241
02:05||576760500||434892||0.00075241
02:06||577004500||434892||0.00075241
02:07||577005500||434892||0.00075241
02:08||577007000||434892||0.00075241
02:09||577007000||434892||0.00075241
02:10||577007000||434892||0.00075241
02:11||577007000||434892||0.00075241
02:12||577501500||434142||0.00075241
02:13||577949500||434142||0.00075241
02:14||576961500||434142||0.00075241
02:15||576432000||434142||0.00075241
02:16||576413500||434142||0.00075241
02:17||576413500||434142||0.00075241
02:18||576381500||434142||0.00075241
02:19||576165500||434142||0.00075241
02:20||576165500||434142||0.00075241
02:21||576165500||434142||0.00075241
02:22||576387500||434142||0.00075241
02:23||576387500||434142||0.00075241
02:24||576579000||434142||0.00075241
02:25||575378000||433389||0.00075241
02:26||575003500||433389||0.00075241
02:27||570624000||429907||0.00075241
02:28||571033500||429907||0.00075241
02:29||570802500||430002||0.00075241
02:30||570788500||430002||0.00075241
02:31||570802500||430002||0.00075241
02:32||571050000||430002||0.00075241
02:33||571041000||430002||0.00075241
02:34||571050000||430002||0.00075241
02:35||571041000||430002||0.00075241
02:36||571041000||430002||0.00075241
02:37||571041000||430002||0.00075241
02:38||571041000||430002||0.00075241
02:39||571041000||430002||0.00075241
02:40||571041000||430002||0.00075241
02:41||571041000||430002||0.00075241
02:42||571041000||430002||0.00075241
02:43||571041000||430002||0.00075241
02:44||571041000||430002||0.00075241
02:45||571041000||430002||0.00075241
02:46||571041000||429988||0.00075241
02:47||571041000||429988||0.00075241
02:48||571041000||429988||0.00075241
02:49||571041000||429988||0.00075241
02:50||571041000||429988||0.00075241
02:51||570970000||429881||0.00075241
02:52||570290500||429231||0.00075241
02:53||569483500||428605||0.00075241
02:54||568726500||428369||0.00075241
02:55||568726500||427594||0.00075241
02:56||568726500||427594||0.00075241
02:57||568726500||427594||0.00075241
02:58||568726500||427594||0.00075241
02:59||568726500||427594||0.00075241
03:00||568726500||427594||0.00075241
03:01||568726500||427594||0.00075241
03:02||568726500||427594||0.00075241
03:03||567466500||426973||0.00075241
03:04||567466500||426973||0.00075241
03:05||565526500||425977||0.00075241
03:06||565526500||425782||0.00075241
03:07||565526500||425782||0.00075241
03:08||566160000||425782||0.00075241
03:09||566160000||425782||0.00075241
03:10||566160500||426736||0.00075241
03:11||566160000||426736||0.00075241
03:13||566160000||425232||0.00075241
03:14||566160000||425232||0.00075241
03:15||566160000||425232||0.00075241
03:16||566160000||425232||0.00075241
03:17||566080500||425232||0.00075241
03:18||566570500||425232||0.00075241
03:19||566570500||425232||0.00075241
03:20||566459500||425232||0.00075241
03:21||565980500||425112||0.00075241
03:22||565500500||426586||0.00075241
03:23||567035000||426586||0.00075241
03:24||567034500||426586||0.00075241
03:25||566961500||426586||0.00075241
03:26||567500500||426586||0.00075241
03:27||567500500||426586||0.00075241
03:28||567450500||426586||0.00075241
03:29||567001500||426586||0.00075241
03:30||567001500||426586||0.00075241
03:31||566500500||426586||0.00075241
03:32||567501500||426586||0.00075241
03:33||567501500||426586||0.00075241
03:34||568251500||426586||0.00075241
03:35||568750500||426586||0.00075241
03:36||568695500||426586||0.00075241
03:37||568001000||426586||0.00075241
03:38||568001000||426586||0.00075241
03:39||567501500||426586||0.00075241
03:40||567501500||426586||0.00075241
03:41||567451500||426586||0.00075241
03:42||567451500||426586||0.00075241
03:43||567001500||426586||0.00075241
03:44||567001500||426586||0.00075241
03:45||567001500||426586||0.00075241
03:46||567001500||426586||0.00075241
03:47||567001500||426586||0.00075241
03:48||567001500||426586||0.00075241
03:49||567001500||426586||0.00075241
03:50||566411500||426586||0.00075241
03:51||566410500||426586||0.00075241
03:52||566270500||426586||0.00075241
03:53||566142500||426586||0.00075241
03:54||566325000||426586||0.00075241
03:55||566500000||426586||0.00075241
03:56||566500000||426586||0.00075241
03:57||566500000||426586||0.00075241
03:58||566410000||426586||0.00075241
03:59||566500000||426586||0.00075241
04:00||566500000||426586||0.00075241
04:01||566500000||426586||0.00075241
04:02||566500000||426586||0.00075241
04:03||566386500||426586||0.00075241
04:04||566520000||426586||0.00075241
04:05||566521000||426586||0.00075241
04:06||566981500||426586||0.00075241
04:07||567021000||426586||0.00075241
04:08||567021000||426586||0.00075241
04:09||566981500||426586||0.00075241
04:10||566981500||426586||0.00075241
04:11||566981500||426586||0.00075241
04:12||566981500||426586||0.00075241
04:13||566981500||426586||0.00075241
04:14||566981500||428061||0.00075241
04:15||566981500||428061||0.00075241
04:16||566981500||428061||0.00075241
04:17||567021000||428061||0.00075241
04:19||567021000||428061||0.00075241
04:20||567021000||428061||0.00075241
04:21||567021000||428061||0.00075241
04:22||566981500||428061||0.00075241
04:23||566981500||428061||0.00075241
04:24||567960500||428061||0.00075241
04:25||567960500||428061||0.00075241
04:26||567960500||428061||0.00075241
04:27||567960500||428061||0.00075241
04:28||567960500||428061||0.00075241
04:29||567960500||428061||0.00075241
04:30||567960500||428061||0.00075241
04:31||567960500||428061||0.00075241
04:32||568000000||428061||0.00075241
04:33||568000000||428061||0.00075241
04:34||568000000||428061||0.00075241
04:35||568000000||428061||0.00075241
04:36||568960000||429626||0.00075241
04:37||567471500||429626||0.00075241
04:38||567471500||428799||0.00075241
04:39||567471500||428799||0.00075241
04:40||567475500||428799||0.00075241
04:41||567475500||428799||0.00075241
04:42||567475500||428799||0.00075241
04:43||567476000||428799||0.00075241
04:44||567476000||428799||0.00075241
04:45||568210500||428799||0.00075241
04:46||567476000||428799||0.00075241
04:47||567025500||428799||0.00075241
04:48||567025500||428121||0.00075241
04:49||567025500||428121||0.00075241
04:51||567025500||428121||0.00075241
04:52||566986000||428121||0.00075241
04:53||566986000||428121||0.00075241
04:54||566986000||428121||0.00075241
04:55||567025500||428121||0.00075241
04:56||566986000||428121||0.00075241
04:57||566986000||428121||0.00075241
04:58||566986000||428121||0.00075241
04:59||566986000||428121||0.00075241
05:00||566986000||428121||0.00075241
05:01||566986000||428061||0.00075241
05:02||567025500||428061||0.00075241
05:03||567025500||428061||0.00075241
05:04||567025500||428061||0.00075241
05:05||567991000||428061||0.00075241
05:06||567501000||428061||0.00075241
05:07||567501000||428061||0.00075241
05:08||567501000||428061||0.00075241
05:09||567501000||428061||0.00075241
05:10||567501000||428061||0.00075241
05:11||567501000||428061||0.00075241
05:12||567501000||428799||0.00075241
05:13||567501000||428799||0.00075241
05:14||567501000||428799||0.00075241
05:15||567501000||428799||0.00075241
05:16||568235500||428873||0.00075241
05:17||567991000||428873||0.00075241
05:18||567991000||428873||0.00075241
05:19||567991000||428873||0.00075241
05:20||567991000||428873||0.00075241
05:21||567991000||428873||0.00075241
05:22||567991000||428873||0.00075241
05:23||569041000||428873||0.00075241
05:24||569041000||428873||0.00075241
05:25||568600000||428873||0.00075241
05:26||568600000||428873||0.00075241
05:27||568600000||428873||0.00075241
05:28||568600000||428873||0.00075241
05:29||568600000||428873||0.00075241
05:30||568600000||428873||0.00075241
05:31||568600000||428873||0.00075241
05:32||568600000||428873||0.00075241
05:33||568600000||428873||0.00075241
05:34||568600000||428873||0.00075241
05:35||568572000||428873||0.00075241
05:36||568572000||428873||0.00075241
05:37||568572000||428873||0.00075241
05:38||568572000||428873||0.00075241
05:39||568572000||428873||0.00075241
05:40||568572000||428873||0.00075241
05:41||568572000||428873||0.00075241
05:42||569306500||428873||0.00075241
05:43||569062000||428873||0.00075241
05:44||568600000||428873||0.00075241
05:45||568600000||428873||0.00075241
05:46||568600000||428873||0.00075241
05:47||568600000||428873||0.00075241
05:48||569306500||428873||0.00075241
05:49||570923500||428873||0.00075241
05:50||570923500||428873||0.00075241
05:51||570923500||428873||0.00075241
05:52||570923500||429568||0.00075241
05:53||570923500||429568||0.00075241
05:54||570923500||429568||0.00075241
05:55||570923500||429568||0.00075241
05:56||569024500||429568||0.00075241
05:57||569024500||429568||0.00075241
05:58||568572000||429568||0.00075241
05:59||568722000||429568||0.00075241
06:00||568972000||429568||0.00075241
06:01||569000000||429568||0.00075241
06:02||569000000||429568||0.00075241
06:03||569000000||429568||0.00075241
06:04||569500000||429568||0.00075241
06:05||569470000||427368||0.00075241
06:06||568980000||427368||0.00075241
06:07||568980000||427368||0.00075241
06:08||568980000||427368||0.00075241
06:09||568980000||427368||0.00075241
06:10||569503500||427368||0.00075241
06:11||569503500||427368||0.00075241
06:12||569493500||428873||0.00075241
06:13||569493500||428873||0.00075241
06:14||569493500||428858||0.00075241
06:15||569493500||428858||0.00075241
06:16||569493500||428858||0.00075241
06:17||569493500||428858||0.00075241
06:18||569493500||428858||0.00075241
06:19||569493500||428858||0.00075241
06:20||569493500||428858||0.00075241
06:21||569493500||428858||0.00075241
06:22||569493500||428858||0.00075241
06:23||569493500||428858||0.00075241
06:24||569493500||428858||0.00075241
06:25||569493500||428858||0.00075241
06:26||569493500||428858||0.00075241
06:27||570749500||428858||0.00075241
06:28||571498500||428858||0.00075241
06:29||570924500||430001||0.00075241
06:30||570924500||430001||0.00075241
06:31||570964000||430001||0.00075241
06:32||570964000||430001||0.00075241
06:33||570964000||430001||0.00075241
06:34||570964000||430001||0.00075241
06:35||570952000||430001||0.00075241
06:36||570930000||430001||0.00075241
06:37||570869500||430001||0.00075241
06:38||571402500||429856||0.00075241
06:39||571497500||429856||0.00075241
06:40||571498000||429856||0.00075241
06:41||571498000||429856||0.00075241
06:42||571498000||429856||0.00075241
06:43||572228500||430001||0.00075241
06:44||572229000||430001||0.00075241
06:45||572229000||430001||0.00075241
06:46||572229000||430001||0.00075241
06:47||572229000||430001||0.00075241
06:48||572229000||430001||0.00075241
06:49||572229000||430001||0.00075241
06:50||572213500||430001||0.00075241
06:51||571744000||430001||0.00075241
06:52||571498500||430001||0.00075241
06:53||571498500||430001||0.00075241
06:54||571498500||430001||0.00075241
06:55||571498500||430001||0.00075241
06:56||571498500||430001||0.00075241
06:57||571498500||430000||0.00075241
06:58||571498500||430000||0.00075241
06:59||571498500||430000||0.00075241
07:00||571498500||430000||0.00075241
07:01||571498500||430000||0.00075241
07:02||571498500||430000||0.00075241
07:03||571498500||430000||0.00075241
07:04||571498500||430000||0.00075241
07:05||571498500||430000||0.00075241
07:06||571498500||430000||0.00075241
07:07||571498500||430000||0.00075241
07:08||571498500||430000||0.00075241
07:09||571498500||430001||0.00075241
07:10||571498500||430001||0.00075241
07:11||570703000||429856||0.00075241
07:12||570974500||429212||0.00075241
07:13||570964000||429212||0.00075241
07:14||570964000||429212||0.00075241
07:15||570964000||429212||0.00075241
07:16||570953000||429212||0.00075241
07:17||570953000||429212||0.00075241
07:18||570953000||429212||0.00075241
07:19||570953000||429212||0.00075241
07:20||570953000||429212||0.00075241
07:21||570953000||429212||0.00075241
07:22||570978000||429249||0.00075241
07:23||569727000||429212||0.00075241
07:24||569727000||429212||0.00075241
07:25||569727000||429212||0.00075241
07:26||569727000||428126||0.00075241
07:27||569727000||428126||0.00075241
07:28||569727000||428126||0.00075241
07:29||569727000||428126||0.00075241
07:30||569727000||428126||0.00075241
07:31||569727000||428126||0.00075241
07:32||569727000||428126||0.00075241
07:33||569727000||428126||0.00075241
07:34||569727000||428126||0.00075241
07:35||569707500||428126||0.00075241
07:36||569707500||428126||0.00075241
07:37||569707500||428126||0.00075241
07:38||569707500||428126||0.00075241
07:39||569707500||428126||0.00075241
07:40||569707500||428126||0.00075241
07:41||569707500||428126||0.00075241
07:42||569707500||428126||0.00075241
07:43||569707500||428126||0.00075241
07:44||569707500||428126||0.00075241
07:45||569707500||428126||0.00075241
07:46||569707500||428126||0.00075241
07:47||569707500||428126||0.00075241
07:48||569707500||428126||0.00075241
07:49||569707500||428126||0.00075241
07:50||569707500||428126||0.00075241
07:51||569707500||428126||0.00075241
07:52||569707500||428126||0.00075241
07:53||569707500||428126||0.00075241
07:54||569707500||428126||0.00075241
07:55||569707500||428126||0.00075241
07:56||568405000||428126||0.00075241
07:57||568405000||428126||0.00075241
07:58||568405000||428126||0.00075241
07:59||568405000||428126||0.00075241
08:00||568405000||428126||0.00075241
08:01||568405000||428126||0.00075241
08:02||567745500||427362||0.00075241
08:03||567745500||427362||0.00075241
08:04||567745500||427362||0.00075241
08:05||567500500||427362||0.00075241
08:06||567398500||426992||0.00075241
08:07||567202500||426880||0.00075241
08:08||566149500||426766||0.00075241
08:09||566149500||426766||0.00075241
08:10||566149500||426750||0.00075241
08:11||566149500||426750||0.00075241
08:12||566149500||426750||0.00075241
08:13||566149500||426750||0.00075241
08:14||566149500||426750||0.00075241
08:15||566170000||426750||0.00075241
08:16||566290500||426750||0.00075241
08:17||566414000||426750||0.00075241
08:18||566150500||426750||0.00075241
08:19||566149500||425202||0.00075241
08:20||566211500||425202||0.00075241
08:21||566363000||425497||0.00075241
08:22||566448000||425497||0.00075241
08:23||566134500||425202||0.00075241
08:24||566052500||425202||0.00075241
08:25||565941000||425202||0.00075241
08:26||565842000||425202||0.00075241
08:27||565768000||425202||0.00075241
08:28||565688500||425202||0.00075241
08:29||567553000||425202||0.00075241
08:30||567923500||425202||0.00075241
08:31||567984000||425202||0.00075241
08:32||568009000||425202||0.00075241
08:33||568007000||425202||0.00075241
08:34||567992000||427797||0.00075241
08:35||567129000||427797||0.00075241
08:36||567423500||427797||0.00075241
08:37||568184000||427797||0.00075241
08:38||569632500||427797||0.00075241
08:39||569596500||428725||0.00075241
08:40||569568500||428725||0.00075241
08:41||568332000||426778||0.00075241
08:42||568286000||426778||0.00075241
08:43||568428000||426778||0.00075241
08:44||568582500||426778||0.00075241
08:45||569573000||428324||0.00075241
08:46||568477000||428240||0.00075241
08:47||568466500||428240||0.00075241
08:48||568341000||428045||0.00075241
08:49||568199000||428045||0.00075241
08:50||567999500||428045||0.00075241
08:51||567999500||428045||0.00075241
08:52||568849500||428045||0.00075241
08:53||568849500||428045||0.00075241
08:54||568849500||428045||0.00075241
08:55||568731500||428045||0.00075241
08:56||568601500||428045||0.00075241
08:57||568537500||428045||0.00075241
08:58||568537500||428045||0.00075241
08:59||568537500||428045||0.00075241
09:00||568537500||428045||0.00075241
09:01||569233500||428045||0.00075241
09:02||569697500||428872||0.00075241
09:03||569797000||429178||0.00075241
09:04||569848000||429178||0.00075241
09:05||570404500||429178||0.00075241
09:06||570404500||429178||0.00075241
09:07||570404500||429178||0.00075241
09:08||570404500||429178||0.00075241
09:09||570404500||429178||0.00075241
09:10||570404500||429178||0.00075241
09:11||570419500||429200||0.00075241
09:12||570419500||429200||0.00075241
09:13||570419500||429200||0.00075241
09:14||570419500||429200||0.00075241
09:15||570419500||429200||0.00075241
09:16||570419500||429200||0.00075241
09:17||570419500||429200||0.00075241
09:18||570420000||429200||0.00075241
09:19||570420000||429200||0.00075241
09:20||570420000||429200||0.00075241
09:21||570420000||429200||0.00075241
09:22||570420000||429200||0.00075241
09:23||570420000||429200||0.00075241
09:24||570420000||429200||0.00075241
09:25||570420000||429200||0.00075241
09:26||570420000||429200||0.00075241
09:27||570405500||429200||0.00075241
09:28||570405500||429200||0.00075241
09:29||570405500||429200||0.00075241
09:30||570405500||429200||0.00075241
09:31||570405500||429200||0.00075241
09:32||570405500||429200||0.00075241
09:33||570405500||429200||0.00075241
09:34||570405500||429200||0.00075241
09:35||570405500||429200||0.00075241
09:36||570405500||429200||0.00075241
09:37||570405500||429200||0.00075241
09:38||570405500||429178||0.00075241
09:39||570405500||429178||0.00075241
09:40||570405500||429178||0.00075241
09:41||570405500||429178||0.00075241
09:42||570405500||429178||0.00075241
09:43||570405500||429178||0.00075241
09:44||570405500||429178||0.00075241
09:45||570405000||429178||0.00075241
09:46||570405000||429178||0.00075241
09:47||570405000||429178||0.00075241
09:48||569083000||428873||0.00075241
09:49||569173500||428873||0.00075241
09:50||569170500||428873||0.00075241
09:51||569147000||427404||0.00075241
09:52||569170000||427404||0.00075241
09:53||569170000||427404||0.00075241
09:54||569170000||427404||0.00075241
09:55||569170000||427438||0.00075241
09:56||569170000||427438||0.00075241
09:57||569170000||427438||0.00075241
09:58||569170000||427438||0.00075241
09:59||569244500||427438||0.00075241
10:00||569244500||427438||0.00075241
10:01||569221500||427438||0.00075241
10:02||569221500||427438||0.00075241
10:03||569221500||427438||0.00075241
10:04||569221500||427438||0.00075241
10:05||569221500||427438||0.00075241
10:06||569175000||429137||0.00075241
10:07||569054500||427187||0.00075241
10:08||569055000||427187||0.00075241
10:09||568965000||427187||0.00075241
10:10||568857500||427187||0.00075241
10:11||568857500||427187||0.00075241
10:12||568857500||428839||0.00075241
10:13||568811500||428839||0.00075241
10:14||569861000||428839||0.00075241
10:15||569860500||428839||0.00075241
10:16||569860500||428769||0.00075241
10:17||568909000||428768||0.00075241
10:18||568909000||428768||0.00075241
10:19||568909000||428768||0.00075241
10:20||568909000||428768||0.00075241
10:21||568909000||428768||0.00075241
10:22||568909000||428768||0.00075241
10:23||568909000||428768||0.00075241
10:24||568927000||428768||0.00075241
10:25||568927000||428768||0.00075241
10:26||568985500||428768||0.00075241
10:27||568985500||428768||0.00075241
10:28||568985500||427483||0.00075241
10:29||568968500||427483||0.00075241
10:30||568968500||427483||0.00075241
10:31||568968500||427483||0.00075241
10:32||568119500||427483||0.00075241
10:33||568119500||427483||0.00075241
10:34||568119500||427483||0.00075241
10:35||568119500||427483||0.00075241
10:36||568119500||427458||0.00075241
10:37||568859000||427459||0.00075241
10:38||568859000||427459||0.00075241
10:39||568859000||427459||0.00075241
10:40||568859000||427459||0.00075241
10:41||568859000||427459||0.00075241
10:42||568859000||427459||0.00075241
10:43||568920500||427458||0.00075241
10:44||569029000||427458||0.00075241
10:45||569132000||427458||0.00075241
10:46||569200000||427458||0.00075241
10:47||569267500||427458||0.00075241
10:48||569330500||427458||0.00075241
10:49||569204000||427977||0.00075241
10:50||569204000||427977||0.00075241
10:51||569204000||427977||0.00075241
10:52||569212000||427977||0.00075241
10:53||569291000||427977||0.00075241
10:54||569507500||428798||0.00075241
10:55||569573500||428798||0.00075241
10:56||569573500||428798||0.00075241
10:57||569999500||428873||0.00075241
10:58||569999500||428873||0.00075241
10:59||569999500||428873||0.00075241
11:00||569999500||428873||0.00075241
11:01||569999500||428873||0.00075241
11:02||569999500||428873||0.00075241
11:03||569999500||428873||0.00075241
11:04||569425000||428872||0.00075241
11:05||569425000||428009||0.00075241
11:06||569425000||428009||0.00075241
11:07||569419500||428009||0.00075241
11:08||569419500||428009||0.00075241
11:09||569419500||428009||0.00075241
11:10||569419500||428009||0.00075241
11:11||569419500||428009||0.00075241
11:12||569408000||428009||0.00075241
11:13||569389500||428009||0.00075241
11:14||569389500||428009||0.00075241
11:15||569078000||428508||0.00075241
11:16||569078000||428508||0.00075241
11:17||569400500||428508||0.00075241
11:18||569400500||428508||0.00075241
11:19||569400500||428508||0.00075241
11:20||569400000||428008||0.00075241
11:21||569400000||428008||0.00075241
11:22||568850500||428008||0.00075241
11:23||568850500||428008||0.00075241
11:24||568850500||428008||0.00075241
11:25||568850500||428008||0.00075241
11:26||568850500||428008||0.00075241
11:27||568850500||428009||0.00075241
11:28||568826500||428009||0.00075241
11:29||568826500||428009||0.00075241
11:30||568827000||428009||0.00075241
11:31||568827000||428009||0.00075241
11:32||569382500||428009||0.00075241
11:33||570724500||429979||0.00075241
11:34||570724500||429979||0.00075241
11:35||570724500||429979||0.00075241
11:36||570755000||429979||0.00075241
11:37||572199500||431055||0.00075241
11:38||572199500||431055||0.00075241
11:39||571499500||430002||0.00075241
11:40||572220000||431055||0.00075241
11:41||572717000||431074||0.00075241
11:42||572717000||431074||0.00075241
11:43||572717000||431074||0.00075241
11:44||572717000||431074||0.00075241
11:45||572509500||431074||0.00075241
11:46||572509500||431074||0.00075241
11:47||572509500||431074||0.00075241
11:48||572509500||430762||0.00075241
11:49||572509500||430762||0.00075241
11:50||572509500||430762||0.00075241
11:51||572509500||430762||0.00075241
11:52||572705000||430762||0.00075241
11:53||572817000||431055||0.00075241
11:54||572817000||430912||0.00075241
11:55||572817000||431074||0.00075241
11:56||572819000||431074||0.00075241
11:57||572963500||431074||0.00075241
11:58||572999500||431074||0.00075241
11:59||572999500||431074||0.00075241
12:00||572999500||431074||0.00075241
12:01||572999500||431130||0.00075241
12:02||572999500||431130||0.00075241
12:03||572999500||431130||0.00075241
12:04||572999500||431130||0.00075241
12:05||572999500||431130||0.00075241
12:06||572999500||431130||0.00075241
12:07||572999500||431130||0.00075241
12:08||572999500||431130||0.00075241
12:09||572999500||431130||0.00075241
12:10||572999500||431130||0.00075241
12:11||572999500||431130||0.00075241
12:12||572999500||431130||0.00075241
12:13||572999500||431130||0.00075241
12:14||572999500||431130||0.00075241
12:15||572999500||431130||0.00075241
12:16||572999500||431130||0.00075241
12:17||572999500||431130||0.00075241
12:18||572854500||431130||0.00075241
12:19||572854500||431130||0.00075241
12:20||572854500||431130||0.00075241
12:21||572854500||431130||0.00075241
12:22||572854500||431130||0.00075241
12:23||572854500||431130||0.00075241
12:24||572854500||431130||0.00075241
12:25||572854500||430911||0.00075241
12:26||572854500||430911||0.00075241
12:27||572854500||430911||0.00075241
12:28||572854500||430911||0.00075241
12:29||572854500||430911||0.00075241
12:30||572854500||430911||0.00075241
12:31||571334000||430911||0.00075241
12:32||571532500||430911||0.00075241
12:33||571532500||430911||0.00075241
12:34||571532500||430911||0.00075241
12:35||571562500||428967||0.00075241
12:36||571912000||431656||0.00075241
12:37||571912000||431656||0.00075241
12:38||571912000||431656||0.00075241
12:39||571947500||431656||0.00075241
12:40||572376000||431656||0.00075241
12:41||572376000||431656||0.00075241
12:42||572376000||431656||0.00075241
12:43||572403000||431656||0.00075241
12:44||572403000||431656||0.00075241
12:45||572429500||431656||0.00075241
12:46||572483500||431656||0.00075241
12:47||572513000||431656||0.00075241
12:48||572830500||431656||0.00075241
12:49||573330500||431656||0.00075241
12:50||572830000||430324||0.00075241
12:51||572829000||430324||0.00075241
12:52||572849500||430324||0.00075241
12:53||572849500||430324||0.00075241
12:54||572849500||430381||0.00075241
12:55||572849500||430381||0.00075241
12:56||572849500||430381||0.00075241
12:57||572850500||430381||0.00075241
12:58||572830500||430381||0.00075241
12:59||572830500||430381||0.00075241
13:00||572830500||430381||0.00075241
13:01||572951000||430381||0.00075241
13:02||572951000||430381||0.00075241
13:03||572951000||430532||0.00075241
13:04||572968000||431655||0.00075241
13:05||572953000||431654||0.00075241
13:06||572953000||431632||0.00075241
13:07||572953000||431632||0.00075241
13:08||572953000||431632||0.00075241
13:09||572953000||431632||0.00075241
13:10||572953000||430558||0.00075241
13:11||572953000||430558||0.00075241
13:12||572938000||431632||0.00075241
13:13||572938000||431632||0.00075241
13:14||572938000||430535||0.00075241
13:15||572938000||430535||0.00075241
13:16||572938000||430535||0.00075241
13:17||572923000||430535||0.00075241
13:18||572723500||430535||0.00075241
13:19||572723500||430535||0.00075241
13:20||572723500||430535||0.00075241
13:21||572723500||430557||0.00075241
13:22||572723500||430557||0.00075241
13:23||572723500||430557||0.00075241
13:24||572967000||431654||0.00075241
13:25||573053500||430687||0.00075241
13:26||573177500||431656||0.00075241
13:27||573020000||431264||0.00075241
13:28||573298500||431264||0.00075241
13:29||573361000||431264||0.00075241
13:30||573461500||431807||0.00075241
13:31||573568500||431807||0.00075241
13:32||573845000||431807||0.00075241
13:33||573844500||431807||0.00075241
13:34||573802500||431807||0.00075241
13:35||573887500||431798||0.00075241
13:36||573887500||431798||0.00075241
13:37||573887500||431799||0.00075241
13:38||573887500||431799||0.00075241
13:39||573887500||431799||0.00075241
13:40||573887500||431799||0.00075241
13:41||573887500||431799||0.00075241
13:42||573887500||431799||0.00075241
13:43||573887500||431799||0.00075241
13:44||573887500||431798||0.00075241
13:45||573887500||431798||0.00075241
13:46||574443500||432635||0.00075241
13:47||575071500||432635||0.00075241
13:48||575140500||432741||0.00075241
13:49||575140500||432741||0.00075241
13:50||575324500||432741||0.00075241
13:51||575403500||433137||0.00075241
13:52||575403500||433137||0.00075241
13:53||575398000||433129||0.00075241
13:54||575398000||433129||0.00075241
13:55||575398000||433129||0.00075241
13:56||575398000||433129||0.00075241
13:57||575398000||433129||0.00075241
13:58||575398000||433129||0.00075241
13:59||575398000||433129||0.00075241
14:00||575398000||433129||0.00075241
14:01||575398000||433129||0.00075241
14:02||575398000||433129||0.00075241
14:03||575398000||433129||0.00075241
14:04||575398000||433129||0.00075241
14:05||575403500||433129||0.00075241
14:06||575403500||433129||0.00075241
14:07||575488500||433129||0.00075241
14:08||575487500||433129||0.00075241
14:09||575487500||433129||0.00075241
14:10||575487500||433129||0.00075241
14:11||575666000||433136||0.00075241
14:12||575666000||433136||0.00075241
14:13||575666000||433136||0.00075241
14:14||575665500||433136||0.00075241
14:15||575665500||433136||0.00075241
14:16||575665500||433136||0.00075241
14:17||575665500||433136||0.00075241
14:18||575665500||433136||0.00075241
14:19||575665500||433136||0.00075241
14:20||575665500||433136||0.00075241
14:21||575665500||433136||0.00075241
14:22||575665500||433136||0.00075241
14:23||575665500||433136||0.00075241
14:24||575665500||433136||0.00075241
14:25||575665500||433136||0.00075241
14:26||575665500||433136||0.00075241
14:27||575665500||433136||0.00075241
14:28||575665500||433136||0.00075241
14:29||575665500||433136||0.00075241
14:30||575665500||433136||0.00075241
14:31||575665500||433136||0.00075241
14:32||575665500||433136||0.00075241
14:33||573902500||431994||0.00075241
14:34||573902500||431994||0.00075241
14:35||573902500||431994||0.00075241
14:36||573597500||431994||0.00075241
14:37||572866000||431994||0.00075241
14:38||573810500||432955||0.00075241
14:39||572622000||432908||0.00075241
14:40||572259500||432908||0.00075241
14:41||572629500||431130||0.00075241
14:42||572629500||431130||0.00075241
14:43||572629500||430573||0.00075241
14:44||572629500||430573||0.00075241
14:45||572629500||430573||0.00075241
14:46||572629500||430573||0.00075241
14:47||572628500||430573||0.00075241
14:48||572628500||430573||0.00075241
14:49||572628500||430573||0.00075241
14:50||572628500||430573||0.00075241
14:51||572628500||430573||0.00075241
14:52||572628500||430573||0.00075241
14:53||573629500||432370||0.00075241
14:54||573629500||432340||0.00075241
14:55||573629500||432340||0.00075241
14:56||573629500||432340||0.00075241
14:57||573629500||432340||0.00075241
14:58||573629500||432340||0.00075241
14:59||573434000||432340||0.00075241
15:00||573437000||432340||0.00075241
15:01||573439500||432340||0.00075241
15:02||573554500||432340||0.00075241
15:03||573604500||432340||0.00075241
15:04||573629500||432340||0.00075241
15:05||573611500||432340||0.00075241
15:06||573611500||432340||0.00075241
15:07||573611500||432340||0.00075241
15:08||573611500||432340||0.00075241
15:09||573611500||432340||0.00075241
15:10||573611500||432340||0.00075241
15:11||573611500||432340||0.00075241
15:12||573611500||432340||0.00075241
15:13||573573500||430872||0.00075241
15:14||573516500||432220||0.00075241
15:15||573480500||432220||0.00075241
15:16||573445000||432220||0.00075241
15:17||573397000||432220||0.00075241
15:18||573366000||432220||0.00075241
15:19||573336000||432220||0.00075241
15:20||573293500||432220||0.00075241
15:21||573266500||432220||0.00075241
15:22||573228000||431729||0.00075241
15:23||573203500||431729||0.00075241
15:24||573179000||431729||0.00075241
15:25||573146500||431729||0.00075241
15:26||573125500||431729||0.00075241
15:27||573025000||430754||0.00075241
15:28||573019000||430754||0.00075241
15:29||572527500||430754||0.00075241
15:30||572527500||430754||0.00075241
15:31||572528500||430754||0.00075241
15:32||572528500||430754||0.00075241
15:33||572740500||430754||0.00075241
15:34||572740500||430754||0.00075241
15:35||572710000||430754||0.00075241
15:36||572710000||431055||0.00075241
15:37||572710000||431055||0.00075241
15:38||572710000||431055||0.00075241
15:39||572710000||431055||0.00075241
15:40||572710000||431055||0.00075241
15:41||572710000||431055||0.00075241
15:42||572967500||430769||0.00075241
15:43||572717000||430557||0.00075241
15:44||572055000||429708||0.00075241
15:45||572054500||429708||0.00075241
15:46||572054500||431130||0.00075241
15:47||572054500||431130||0.00075241
15:48||572055000||431130||0.00075241
15:49||572054500||431130||0.00075241
15:50||572054500||431130||0.00075241
15:51||572054500||431130||0.00075241
15:52||572054500||431130||0.00075241
15:53||572054500||431130||0.00075241
15:54||572055000||431130||0.00075241
15:55||572055000||431130||0.00075241
15:56||572055000||431130||0.00075241
15:57||572055000||429708||0.00075241
15:58||572054500||429708||0.00075241
15:59||572054500||429708||0.00075241
16:00||572054500||429708||0.00075241
16:01||572054500||429708||0.00075241
16:02||572054500||429708||0.00075241
16:03||572055000||429708||0.00075241
16:04||572055000||429708||0.00075241
16:05||572055000||429708||0.00075241
16:06||572055000||429708||0.00075241
16:07||572055000||429708||0.00075241
16:08||572055000||429708||0.00075241
16:09||572055000||429708||0.00075241
16:10||572055000||429708||0.00075241
16:11||572055000||429708||0.00075241
16:12||572055000||429708||0.00075241
16:13||572055000||429708||0.00075241
16:14||572055000||429708||0.00075241
16:15||572998500||429708||0.00075241
16:16||572998500||429708||0.00075241
16:17||571999500||429708||0.00075241
16:18||571950000||429626||0.00075241
16:19||571950000||431055||0.00075241
16:20||571450000||431055||0.00075241
16:21||571950000||431055||0.00075241
16:22||571950000||431055||0.00075241
16:23||571950500||431055||0.00075241
16:24||571950500||431055||0.00075241
16:25||571950500||431055||0.00075241
16:26||571950500||431055||0.00075241
16:27||571950500||431055||0.00075241
16:28||571950500||431055||0.00075241
16:29||571950500||431055||0.00075241
16:30||571950500||431055||0.00075241
16:31||571950500||429626||0.00075241
16:32||571950500||429626||0.00075241
16:33||571950500||429626||0.00075241
16:34||571950500||429626||0.00075241
16:35||571950500||431055||0.00075241
16:36||571950500||431055||0.00075241
16:37||571950500||431055||0.00075241
16:38||571950500||431055||0.00075241
16:39||571950000||429626||0.00075241
16:40||572000000||429626||0.00075241
16:41||572000000||429626||0.00075241
16:42||572018000||429626||0.00075241
16:43||572188000||429626||0.00075241
16:44||572301000||429626||0.00075241
16:45||572429000||429626||0.00075241
16:46||572511000||429626||0.00075241
16:47||572212500||429626||0.00075241
16:48||572345000||429626||0.00075241
16:49||572403000||429626||0.00075241
16:50||572403000||429626||0.00075241
16:51||572403000||429626||0.00075241
16:52||572403000||429626||0.00075241
16:53||572403000||429626||0.00075241
16:54||572403000||429626||0.00075241
16:55||572403000||429626||0.00075241
16:56||571958000||429626||0.00075241
16:57||571908000||429626||0.00075241
16:58||571908000||429626||0.00075241
16:59||571908000||429626||0.00075241
17:00||571908000||429626||0.00075241
17:01||571908000||429626||0.00075241
17:02||571458000||429626||0.00075241
17:03||571458000||429626||0.00075241
17:04||571458000||429626||0.00075241
17:05||571458000||429626||0.00075241
17:06||571416500||429626||0.00075241
17:07||571416500||429626||0.00075241
17:08||571416500||429626||0.00075241
17:09||571416500||429626||0.00075241
17:10||571416500||429626||0.00075241
17:11||571416500||429626||0.00075241
17:12||571416500||429626||0.00075241
17:13||571416500||429626||0.00075241
17:14||571416500||429626||0.00075241
17:15||571416500||429626||0.00075241
17:16||571416500||429939||0.00075241
17:17||571416500||429939||0.00075241
17:18||571416500||429939||0.00075241
17:19||571416500||429939||0.00075241
17:20||571416500||429939||0.00075241
17:21||571416500||429939||0.00075241
17:22||571416500||429939||0.00075241
17:23||571416500||429939||0.00075241
17:24||571416500||429939||0.00075241
17:25||571416500||429939||0.00075241
17:26||571416500||429939||0.00075241
17:27||571416500||429939||0.00075241
17:28||571416500||429939||0.00075241
17:29||572207000||431129||0.00075241
17:30||572207000||431129||0.00075241
17:31||572158000||431129||0.00075241
17:32||572158000||431129||0.00075241
17:33||572108000||431129||0.00075241
17:34||572108000||431129||0.00075241
17:35||572108000||431129||0.00075241
17:36||572108000||430980||0.00075241
17:37||572108000||430980||0.00075241
17:38||572108000||429939||0.00075241
17:39||572058000||429939||0.00075241
17:40||571416500||429939||0.00075241
17:41||571416500||429939||0.00075241
17:42||571416500||429939||0.00075241
17:43||570755000||429626||0.00075241
17:44||570755500||429626||0.00075241
17:45||570964000||429939||0.00075241
17:46||570964000||429258||0.00075241
17:47||570957500||429249||0.00075241
17:48||570959000||429938||0.00075241
17:49||570959000||429938||0.00075241
17:50||570959000||429938||0.00075241
17:51||570752500||429938||0.00075241
17:52||570752500||429255||0.00075241
17:53||570507500||429255||0.00075241
17:54||570507500||429255||0.00075241
17:55||570503500||429249||0.00075241
17:56||570317500||429249||0.00075241
17:57||570317500||429249||0.00075241
17:58||570317500||429249||0.00075241
17:59||570317500||429249||0.00075241
18:00||570317500||429249||0.00075241
18:01||570317500||429249||0.00075241
18:02||570318000||429249||0.00075241
18:03||570318000||429249||0.00075241
18:04||570318000||428970||0.00075241
18:05||569830000||428873||0.00075241
18:06||569830000||428873||0.00075241
18:07||569830000||428873||0.00075241
18:08||569830000||428873||0.00075241
18:09||569830000||428873||0.00075241
18:10||569754000||428121||0.00075241
18:11||567832000||425864||0.00075241
18:12||567828000||425864||0.00075241
18:13||567827000||425864||0.00075241
18:14||567822000||425864||0.00075241
18:15||567822000||425864||0.00075241
18:16||567777000||425864||0.00075241
18:17||565555500||425111||0.00075241
18:18||564749500||424359||0.00075241
18:19||564105000||423607||0.00075241
18:20||562710500||423607||0.00075241
18:21||562710500||423607||0.00075241
18:22||562710500||423607||0.00075241
18:23||562710500||423607||0.00075241
18:24||562710500||423607||0.00075241
18:25||562560500||423162||0.00075241
18:26||562560500||423162||0.00075241
18:27||562560500||423162||0.00075241
18:28||562561000||423162||0.00075241
18:29||562855500||423389||0.00075241
18:30||562855500||423389||0.00075241
18:31||562722000||423163||0.00075241
18:32||562722000||423163||0.00075241
18:33||562881000||423606||0.00075241
18:34||562881000||423606||0.00075241
18:35||562881000||423606||0.00075241
18:36||562881000||423427||0.00075241
18:37||562881000||423427||0.00075241
18:38||562881000||423427||0.00075241
18:39||562881000||423606||0.00075241
18:40||563500000||423606||0.00075241
18:41||563381000||423606||0.00075241
18:42||563381000||423606||0.00075241
18:43||563381000||423606||0.00075241
18:44||562762500||423606||0.00075241
18:45||562762500||423606||0.00075241
18:46||562762500||423606||0.00075241
18:47||562762500||423427||0.00075241
18:48||562762500||423427||0.00075241
18:49||562762500||423427||0.00075241
18:50||562762500||423427||0.00075241
18:51||562762500||423427||0.00075241
18:52||562762500||423427||0.00075241
18:53||562762500||423427||0.00075241
18:54||562762500||423427||0.00075241
18:55||562762500||423428||0.00075241
18:56||562762500||423428||0.00075241
18:57||562762500||423428||0.00075241
18:58||562762500||423428||0.00075241
18:59||562762500||423428||0.00075241
19:00||562762500||423428||0.00075241
19:01||562762500||423188||0.00075241
19:02||562762500||423188||0.00075241
19:03||562762500||423188||0.00075241
19:04||563881000||423188||0.00075241
19:05||563083500||422227||0.00075241
19:06||561167500||422227||0.00075241
19:07||561167500||422227||0.00075241
19:08||561167500||422227||0.00075241
19:09||561167500||422227||0.00075241
19:10||561167500||422227||0.00075241
19:11||561167500||422227||0.00075241
19:12||561167500||422227||0.00075241
19:13||561167500||422227||0.00075241
19:14||561167500||422228||0.00075241
19:15||561167500||422227||0.00075241
19:16||561167500||422227||0.00075241
19:17||561167500||422227||0.00075241
19:18||561167500||422227||0.00075241
19:19||561167000||422226||0.00075241
19:20||561167500||422226||0.00075241
19:21||561167500||422226||0.00075241
19:22||561167500||422226||0.00075241
19:23||561167500||422226||0.00075241
19:24||561167500||422226||0.00075241
19:25||561167500||422226||0.00075241
19:26||561167500||422228||0.00075241
19:27||561167500||422228||0.00075241
19:28||561167500||422228||0.00075241
19:29||561167500||422228||0.00075241
19:30||561167500||422227||0.00075241
19:31||561167500||422227||0.00075241
19:32||561166500||422227||0.00075241
19:33||561166500||422227||0.00075241
19:34||561167000||422227||0.00075241
19:35||561167000||422227||0.00075241
19:36||561167000||422228||0.00075241
19:37||561167000||422228||0.00075241
19:38||561167000||422228||0.00075241
19:39||561167000||422228||0.00075241
19:40||561167000||422228||0.00075241
19:41||561167000||422228||0.00075241
19:42||561167000||422228||0.00075241
19:43||561167000||422228||0.00075241
19:44||561167000||422228||0.00075241
19:45||561167000||422228||0.00075241
19:46||561167000||422228||0.00075241
19:47||561167000||422228||0.00075241
19:48||561167000||422228||0.00075241
19:49||561167000||422228||0.00075241
19:50||561167500||422228||0.00075241
19:51||561167500||422228||0.00075241
19:52||561167000||422228||0.00075241
19:53||561167000||422228||0.00075241
19:54||561167000||422228||0.00075241
19:55||561167000||422228||0.00075241
19:56||561167000||422228||0.00075241
19:57||561167000||422228||0.00075241
19:58||561167000||422228||0.00075241
19:59||561167000||422228||0.00075241
20:00||561167000||422228||0.00075241
20:01||561167000||422228||0.00075241
20:02||561167500||422228||0.00075241
20:03||561167500||422228||0.00075241
20:04||563082000||422228||0.00075241
20:05||563082000||422228||0.00075241
20:06||563082000||422228||0.00075241
20:07||563082000||422228||0.00075241
20:08||563748500||422228||0.00075241
20:09||563088500||422228||0.00075241
20:10||563088500||422228||0.00075241
20:11||563088500||422228||0.00075241
20:12||563126500||422228||0.00075241
20:13||563088000||422237||0.00075241
20:14||562527500||421395||0.00075241
20:15||562527500||421395||0.00075241
20:16||562479500||421395||0.00075241
20:17||562528000||421395||0.00075241
20:18||562377500||421468||0.00075241
20:19||562077500||421468||0.00075241
20:20||562077500||421468||0.00075241
20:21||562077500||421468||0.00075241
20:22||562077500||421468||0.00075241
20:23||562077500||421468||0.00075241
20:24||563248500||421468||0.00075241
20:25||564850500||424958||0.00075241
20:26||566019000||425111||0.00075241
20:27||566018500||425111||0.00075241
20:28||566018500||425111||0.00075241
20:29||566018500||425111||0.00075241
20:30||566994500||426611||0.00075241
20:31||566994500||426611||0.00075241
20:32||566994500||426611||0.00075241
20:33||566994500||426611||0.00075241
20:34||566994500||426611||0.00075241
20:35||566994500||426612||0.00075241
20:36||566994500||426612||0.00075241
20:37||566994500||426612||0.00075241
20:38||566994500||426612||0.00075241
20:39||566994500||426612||0.00075241
20:40||566994500||426612||0.00075241
20:41||566994500||426612||0.00075241
20:42||566994500||426612||0.00075241
20:43||566994500||426612||0.00075241
20:44||566994500||426612||0.00075241
20:45||566994500||426611||0.00075241
20:46||566994500||426612||0.00075241
20:47||566994500||426612||0.00075241
20:48||566994500||426611||0.00075241
20:49||566994500||426611||0.00075241
20:50||566994500||426611||0.00075241
20:51||566994500||426611||0.00075241
20:52||566994500||426611||0.00075241
20:53||566994500||426611||0.00075241
20:54||566994500||426611||0.00075241
20:55||566994500||426611||0.00075241
20:56||566994500||426611||0.00075241
20:57||566994500||426612||0.00075241
20:58||566994500||426612||0.00075241
20:59||564254000||426611||0.00075241
21:00||564311500||426611||0.00075241
21:01||566993500||426611||0.00075241
21:02||566993500||426611||0.00075241
21:03||565452500||426611||0.00075241
21:04||565452500||426611||0.00075241
21:05||563986500||426611||0.00075241
21:06||563999500||426611||0.00075241
21:07||563999500||426611||0.00075241
21:08||563999500||426611||0.00075241
21:09||563999500||426611||0.00075241
21:10||563999500||426611||0.00075241
21:11||563999500||426611||0.00075241
21:12||563999500||426611||0.00075241
21:13||563999500||426611||0.00075241
21:14||563999500||426611||0.00075241
21:15||564279500||424396||0.00075241
21:16||564749500||424735||0.00075241
21:17||564749500||424735||0.00075241
21:18||565519500||426239||0.00075241
21:19||565519500||426239||0.00075241
21:20||565519500||426239||0.00075241
21:21||565519500||426239||0.00075241
21:22||565519500||426239||0.00075241
21:23||565519500||426239||0.00075241
21:24||565519500||426239||0.00075241
21:25||565494500||426239||0.00075241
21:26||565494500||426239||0.00075241
21:27||565495000||426239||0.00075241
21:28||565495000||426239||0.00075241
21:29||565495000||426239||0.00075241
21:30||565495000||426239||0.00075241
21:31||565495000||426239||0.00075241
21:32||565515000||426239||0.00075241
21:33||565515000||426239||0.00075241
21:34||566094500||426239||0.00075241
21:35||566094500||426239||0.00075241
21:36||566094500||426239||0.00075241
21:37||566094500||426239||0.00075241
21:38||566094500||426239||0.00075241
21:39||566094500||426239||0.00075241
21:40||566094500||426239||0.00075241
21:41||566094500||426239||0.00075241
21:42||566094500||426239||0.00075241
21:43||566094500||426239||0.00075241
21:44||566094500||426239||0.00075241
21:45||566094500||426239||0.00075241
21:46||566094500||426239||0.00075241
21:47||564292000||424735||0.00075241
21:48||562499500||424735||0.00075241
21:49||562499500||424735||0.00075241
21:50||562499500||424735||0.00075241
21:51||562499500||424735||0.00075241
21:52||562499500||424735||0.00075241
21:53||562499500||424735||0.00075241
21:54||562252500||422858||0.00075241
21:55||562252500||422858||0.00075241
21:56||562252500||422858||0.00075241
21:57||562252500||422858||0.00075241
21:58||562252500||422858||0.00075241
21:59||562252500||422858||0.00075241
22:00||562252500||422858||0.00075241
22:01||561950000||422402||0.00075241
22:02||561950000||422402||0.00075241
22:03||561950000||422402||0.00075241
22:04||561950000||422402||0.00075241
22:05||562200000||423606||0.00075241
22:06||562100500||422253||0.00075241
22:07||562100500||422253||0.00075241
22:08||562550000||422253||0.00075241
22:09||562350000||422253||0.00075241
22:10||562399500||422253||0.00075241
22:11||562399500||422253||0.00075241
22:12||562399500||422253||0.00075241
22:13||561850000||422253||0.00075241
22:14||561999000||422253||0.00075241
22:15||561999000||422253||0.00075241
22:16||561999000||422253||0.00075241
22:17||561999000||422253||0.00075241
22:18||561499500||422253||0.00075241
22:19||561899500||423230||0.00075241
22:20||560655000||421349||0.00075241
22:21||560505000||421349||0.00075241
22:22||560505000||421349||0.00075241
22:23||560505500||421349||0.00075241
22:24||560505500||421349||0.00075241
22:25||560505500||421349||0.00075241
22:26||560505500||421349||0.00075241
22:27||560505500||421349||0.00075241
22:28||560505500||421349||0.00075241
22:29||560505500||421349||0.00075241
22:30||560505500||421349||0.00075241
22:31||560505500||421349||0.00075241
22:32||560505500||421349||0.00075241
22:33||560505500||421349||0.00075241
22:34||560505500||421349||0.00075241
22:35||560505500||421349||0.00075241
22:36||560505500||421349||0.00075241
22:37||560505500||421349||0.00075241
22:38||560505500||421349||0.00075241
22:39||560505500||421349||0.00075241
22:40||560029500||419889||0.00075241
22:41||560029500||419889||0.00075241
22:42||560029500||419889||0.00075241
22:43||560029500||419889||0.00075241
22:44||559929500||419889||0.00075241
22:45||559929500||419889||0.00075241
22:46||559967000||419889||0.00075241
22:47||559967000||419889||0.00075241
22:48||559967000||419889||0.00075241
22:49||559967000||419945||0.00075241
22:50||559929500||419945||0.00075241
22:51||559929500||419945||0.00075241
22:52||559929500||419945||0.00075241
22:53||559929500||419945||0.00075241
22:54||559967000||419945||0.00075241
22:55||559967000||419945||0.00075241
22:56||559967000||419945||0.00075241
22:57||559967000||419945||0.00075241
22:58||559967000||419945||0.00075241
22:59||559967000||419945||0.00075241
23:00||559967000||419945||0.00075241
23:01||559967000||419945||0.00075241
23:02||559967000||419945||0.00075241
23:03||560011500||419945||0.00075241
23:04||561163000||419945||0.00075241
23:05||561530500||419945||0.00075241
23:06||561799500||422703||0.00075241
23:07||562304000||423230||0.00075241
23:08||563300500||423606||0.00075241
23:09||563300500||423606||0.00075241
23:10||563771000||424014||0.00075241
23:11||564021000||424359||0.00075241
23:12||564021000||424359||0.00075241
23:13||564021000||424359||0.00075241
23:14||564021000||424359||0.00075241
23:15||564021000||424014||0.00075241
23:16||564021000||424014||0.00075241
23:17||564021000||424014||0.00075241
23:18||564021000||424014||0.00075241
23:19||564021000||424014||0.00075241
23:20||564021000||424014||0.00075241
23:21||564021000||424014||0.00075241
23:22||564021000||424014||0.00075241
23:23||564021000||424014||0.00075241
23:24||564021000||424014||0.00075241
23:25||564021000||424014||0.00075241
23:26||562295000||424014||0.00075241
23:27||562295000||424014||0.00075241
23:28||562295000||424014||0.00075241
23:29||562295000||424014||0.00075241
23:30||562295000||424014||0.00075241
23:31||562295000||424014||0.00075241
23:32||562295000||424014||0.00075241
23:33||562295000||421417||0.00075241
23:34||562295000||421417||0.00075241
23:35||562295000||421417||0.00075241
23:36||562295000||421417||0.00075241
23:37||562295000||421417||0.00075241
23:38||562295000||421417||0.00075241
23:39||562295000||421417||0.00075241
23:40||562295000||421417||0.00075241
23:41||562295000||421417||0.00075241
23:42||562295000||421417||0.00075241
23:43||562295000||421417||0.00075241
23:44||562295000||421417||0.00075241
23:45||562295000||421417||0.00075241
23:46||562295000||421417||0.00075241
23:47||562250000||421417||0.00075241
23:48||562250000||421417||0.00075241
23:49||562250000||421417||0.00075241
23:50||562250000||421417||0.00075241
23:51||562250000||421417||0.00075241
23:52||562250000||421417||0.00075241
23:53||562250000||421417||0.00075241
23:54||562250000||421417||0.00075241
23:55||562250000||421417||0.00075241
23:56||562249500||421417||0.00075241
23:57||562249500||421417||0.00075241
23:58||562249500||421417||0.00075241
23:59||562249500||421417||0.00075241
