00:00||512750000||385587||0.00075241
00:01||512750000||385233||0.00075241
00:02||512750000||385233||0.00075241
00:03||512735000||385233||0.00075241
00:04||512735000||385233||0.00075241
00:05||512735000||385233||0.00075241
00:06||512750000||385233||0.00075241
00:07||512750000||385233||0.00075241
00:08||512750000||385233||0.00075241
00:09||512750000||385233||0.00075241
00:10||512750000||385233||0.00075241
00:11||512735000||385233||0.00075241
00:12||512735000||385233||0.00075241
00:13||512735000||385233||0.00075241
00:14||512720000||385233||0.00075241
00:15||512720000||385233||0.00075241
00:16||512720000||385233||0.00075241
00:17||512720000||385233||0.00075241
00:18||512720000||385233||0.00075241
00:19||511720500||383729||0.00075241
00:20||511720500||383729||0.00075241
00:21||511720500||383729||0.00075241
00:22||511720500||383729||0.00075241
00:23||511720500||383729||0.00075241
00:24||511720500||383729||0.00075241
00:25||511720500||383729||0.00075241
00:26||511720500||383729||0.00075241
00:27||511720500||383729||0.00075241
00:28||511720500||383729||0.00075241
00:29||511720500||383729||0.00075241
00:30||511720500||383729||0.00075241
00:31||511685000||383729||0.00075241
00:32||511685000||383729||0.00075241
00:33||511685000||383729||0.00075241
00:34||511755000||383729||0.00075241
00:35||511755000||383729||0.00075241
00:36||511755000||386362||0.00075241
00:37||511755000||386362||0.00075241
00:38||511755500||386362||0.00075241
00:39||511755500||386362||0.00075241
00:40||511755500||386362||0.00075241
00:41||511755500||386362||0.00075241
00:42||511755500||386362||0.00075241
00:43||511755500||386362||0.00075241
00:44||511755500||386362||0.00075241
00:45||511755500||386362||0.00075241
00:46||511755500||386362||0.00075241
00:47||511755500||386362||0.00075241
00:48||511905500||386362||0.00075241
00:49||511905500||386362||0.00075241
00:50||511905500||386362||0.00075241
00:51||511905500||386362||0.00075241
00:52||511905500||386362||0.00075241
00:53||511905500||386362||0.00075241
00:54||511905500||386362||0.00075241
00:55||511905500||386362||0.00075241
00:56||511905500||386362||0.00075241
00:57||511905500||386362||0.00075241
00:58||511924000||386362||0.00075241
00:59||511924000||386586||0.00075241
01:00||511922500||386586||0.00075241
01:03||511922500||386586||0.00075241
01:04||511922500||386586||0.00075241
01:05||511926000||386586||0.00075241
01:06||511926000||386586||0.00075241
01:07||511926000||386586||0.00075241
01:08||511926000||386586||0.00075241
01:09||511926000||386586||0.00075241
01:10||511926500||386586||0.00075241
01:11||511926500||386586||0.00075241
01:12||511926500||386586||0.00075241
01:13||511926500||386586||0.00075241
01:14||511926500||386586||0.00075241
01:15||511926500||386586||0.00075241
01:16||511954000||386625||0.00075241
01:17||511954000||386625||0.00075241
01:18||511954000||386625||0.00075241
01:19||511954000||386625||0.00075241
01:20||511954000||386625||0.00075241
01:21||511954000||386625||0.00075241
01:22||511954000||386625||0.00075241
01:23||511954000||386625||0.00075241
01:24||511954000||386625||0.00075241
01:25||511954000||386625||0.00075241
01:26||511954000||386625||0.00075241
01:27||511954000||386625||0.00075241
01:28||511954000||386625||0.00075241
01:29||511954000||386625||0.00075241
01:30||511954000||386625||0.00075241
01:31||511954000||386625||0.00075241
01:32||511954000||386625||0.00075241
01:33||511954000||386625||0.00075241
01:34||511954000||386625||0.00075241
01:35||511954000||386625||0.00075241
01:36||511954000||386625||0.00075241
01:37||511954000||386625||0.00075241
01:38||511954000||386625||0.00075241
01:39||511954000||386625||0.00075241
01:40||511954000||386625||0.00075241
01:41||511954000||386625||0.00075241
01:42||511954000||386625||0.00075241
01:43||511954500||386625||0.00075241
01:44||511955000||386625||0.00075241
01:45||512780500||386639||0.00075241
01:46||512780500||386639||0.00075241
01:47||512780500||386639||0.00075241
01:48||512780500||386639||0.00075241
01:49||512780500||386639||0.00075241
01:50||512780500||386639||0.00075241
01:51||512780500||386639||0.00075241
01:52||512780500||386639||0.00075241
01:53||512780500||386639||0.00075241
01:54||512780500||386639||0.00075241
01:55||512780500||386639||0.00075241
01:56||512780500||386639||0.00075241
01:57||512780500||386639||0.00075241
01:58||512780500||386639||0.00075241
01:59||512780500||386639||0.00075241
02:00||512780500||386639||0.00075241
02:01||512780500||386639||0.00075241
02:02||512780500||386639||0.00075241
02:03||512780500||386639||0.00075241
02:04||514684000||386639||0.00075241
02:05||512780500||387867||0.00075241
02:06||512780500||387867||0.00075241
02:07||512780500||387867||0.00075241
02:08||512780500||387867||0.00075241
02:10||512825500||387867||0.00075241
02:11||512825500||387867||0.00075241
02:12||512825500||387867||0.00075241
02:13||512825500||387867||0.00075241
02:15||512825000||387867||0.00075241
02:16||512825000||387867||0.00075241
02:17||512771500||387867||0.00075241
02:18||512771500||387867||0.00075241
02:19||512771500||387867||0.00075241
02:20||512771500||387867||0.00075241
02:21||512771500||387867||0.00075241
02:22||512771500||387867||0.00075241
02:23||512771500||387786||0.00075241
02:24||512771500||387786||0.00075241
02:25||512771500||387786||0.00075241
02:26||512771500||387786||0.00075241
02:27||512771500||387786||0.00075241
02:28||512771500||387786||0.00075241
02:29||512771500||387786||0.00075241
02:30||512771500||387786||0.00075241
02:31||512772000||387786||0.00075241
02:32||512772000||387786||0.00075241
02:33||513196500||387786||0.00075241
02:34||513196500||387786||0.00075241
02:35||512960000||387786||0.00075241
02:36||512470000||387786||0.00075241
02:37||512500000||387786||0.00075241
02:38||512500000||387786||0.00075241
02:39||512470000||387786||0.00075241
02:40||512470000||387786||0.00075241
02:41||512470000||387786||0.00075241
02:42||512470000||387786||0.00075241
02:43||512470000||387786||0.00075241
02:44||512470000||387786||0.00075241
02:45||512470000||387786||0.00075241
02:46||512470000||387786||0.00075241
02:47||512470000||387786||0.00075241
02:48||512470000||387786||0.00075241
02:49||512470000||387786||0.00075241
02:50||512225000||387786||0.00075241
02:51||511825000||387786||0.00075241
02:52||511825000||387786||0.00075241
02:53||511825000||387786||0.00075241
02:54||511830000||387786||0.00075241
02:55||511830000||387786||0.00075241
02:56||511830000||387786||0.00075241
02:57||511830000||387786||0.00075241
02:58||511830000||387786||0.00075241
02:59||511830000||387786||0.00075241
03:00||511830000||387786||0.00075241
03:01||511830000||387786||0.00075241
03:02||512250000||387786||0.00075241
03:03||512250000||387786||0.00075241
03:04||512250000||387786||0.00075241
03:05||512250000||387786||0.00075241
03:06||512250000||387786||0.00075241
03:07||513000000||387786||0.00075241
03:08||512960000||387786||0.00075241
03:09||513000000||387786||0.00075241
03:10||512960000||387786||0.00075241
03:11||512960000||387786||0.00075241
03:12||512960000||387786||0.00075241
03:13||512960000||387786||0.00075241
03:14||512960000||387786||0.00075241
03:15||512960000||387786||0.00075241
03:16||512960000||387786||0.00075241
03:17||512960000||387786||0.00075241
03:18||512960000||387786||0.00075241
03:19||512960000||387786||0.00075241
03:20||512939000||387786||0.00075241
03:21||512862500||387786||0.00075241
03:22||512645500||387786||0.00075241
03:23||512595500||387786||0.00075241
03:24||512595500||387786||0.00075241
03:25||512898500||387254||0.00075241
03:26||512898500||384565||0.00075241
03:27||512898000||384565||0.00075241
03:28||512898000||384565||0.00075241
03:29||512862500||384565||0.00075241
03:30||512862500||384565||0.00075241
03:31||512862500||384565||0.00075241
03:32||512898000||384565||0.00075241
03:33||512898000||384565||0.00075241
03:34||513342500||384565||0.00075241
03:35||513342500||384565||0.00075241
03:36||513342500||384565||0.00075241
03:37||513342500||384565||0.00075241
03:38||513342500||384565||0.00075241
03:39||513342500||384565||0.00075241
03:40||513342500||384565||0.00075241
03:41||513342500||384565||0.00075241
03:42||513342500||384565||0.00075241
03:43||513342500||384565||0.00075241
03:44||513342500||384565||0.00075241
03:45||513342500||384565||0.00075241
03:46||513342500||384565||0.00075241
03:47||513342500||384565||0.00075241
03:48||513342500||384565||0.00075241
03:49||513342500||384565||0.00075241
03:50||513342500||384565||0.00075241
03:51||513342500||384565||0.00075241
03:52||513342500||384565||0.00075241
03:53||514722500||387254||0.00075241
03:54||513380000||387254||0.00075241
03:55||513380000||387254||0.00075241
03:56||513383500||387310||0.00075241
03:57||513383500||387315||0.00075241
03:58||513383500||387315||0.00075241
03:59||513383500||387315||0.00075241
04:00||513383500||387315||0.00075241
04:01||513383500||387315||0.00075241
04:02||515499000||387865||0.00075241
04:03||515498500||387865||0.00075241
04:04||515498500||387865||0.00075241
04:05||515498500||387865||0.00075241
04:06||515498500||387865||0.00075241
04:07||515498500||387865||0.00075241
04:08||515498500||387865||0.00075241
04:09||515498500||387865||0.00075241
04:10||515498500||387865||0.00075241
04:11||515498500||387865||0.00075241
04:12||515498500||387865||0.00075241
04:13||515498500||387865||0.00075241
04:14||515498500||387865||0.00075241
04:15||515498500||387865||0.00075241
04:16||515498500||387865||0.00075241
04:17||515499000||387866||0.00075241
04:18||515499000||387866||0.00075241
04:19||515499000||387866||0.00075241
04:20||515498500||387866||0.00075241
04:21||515498500||387866||0.00075241
04:22||515498500||387866||0.00075241
04:23||515498500||387866||0.00075241
04:24||515498500||387866||0.00075241
04:25||515498500||387866||0.00075241
04:26||515498500||387866||0.00075241
04:27||515498500||387866||0.00075241
04:28||515498500||387866||0.00075241
04:29||515498500||387866||0.00075241
04:30||515498500||387866||0.00075241
04:31||515498500||387866||0.00075241
04:32||515498500||387866||0.00075241
04:33||515498500||387866||0.00075241
04:34||515498500||387866||0.00075241
04:35||515498500||387866||0.00075241
04:36||515498500||387866||0.00075241
04:37||515498500||387866||0.00075241
04:38||515498500||387866||0.00075241
04:39||513737000||387865||0.00075241
04:40||513737000||387865||0.00075241
04:41||513737000||387865||0.00075241
04:42||513737000||387865||0.00075241
04:43||513739000||387865||0.00075241
04:44||513739000||387865||0.00075241
04:45||513625500||387846||0.00075241
04:46||513625500||387846||0.00075241
04:47||513625500||387846||0.00075241
04:48||513625500||387846||0.00075241
04:49||513625500||387846||0.00075241
04:50||513625500||387846||0.00075241
04:51||513625500||387846||0.00075241
04:52||513625500||387846||0.00075241
04:53||513625500||387846||0.00075241
04:54||513625500||387846||0.00075241
04:55||513625500||387846||0.00075241
04:56||513472500||387846||0.00075241
04:57||513472500||387846||0.00075241
04:58||513472500||387846||0.00075241
04:59||513472500||387846||0.00075241
05:00||513472500||387846||0.00075241
05:01||513472500||387846||0.00075241
05:02||513472500||387846||0.00075241
05:03||513472500||387846||0.00075241
05:04||513472500||387846||0.00075241
05:05||513472500||387846||0.00075241
05:06||513472500||387846||0.00075241
05:07||513472500||387846||0.00075241
05:08||513472500||387846||0.00075241
05:09||513472500||387846||0.00075241
05:10||513472500||387846||0.00075241
05:11||513472500||387846||0.00075241
05:12||513502500||387846||0.00075241
05:13||513472500||387846||0.00075241
05:14||513472500||387846||0.00075241
05:15||513472500||387846||0.00075241
05:16||513472500||387846||0.00075241
05:17||513472500||387846||0.00075241
05:18||513472500||387846||0.00075241
05:19||513472500||387846||0.00075241
05:20||513472500||387846||0.00075241
05:21||513472500||387846||0.00075241
05:22||513472500||387846||0.00075241
05:23||513472500||387846||0.00075241
05:24||513472500||387846||0.00075241
05:25||513472500||387846||0.00075241
05:26||513472500||387846||0.00075241
05:27||513472500||387846||0.00075241
05:28||513472500||387846||0.00075241
05:29||513472500||387846||0.00075241
05:30||513473000||385237||0.00075241
05:31||513473000||385237||0.00075241
05:32||513473000||385237||0.00075241
05:33||513473000||385237||0.00075241
05:34||513473000||385237||0.00075241
05:35||513473000||385237||0.00075241
05:36||513473000||385237||0.00075241
05:37||511634000||385233||0.00075241
05:38||511634000||385233||0.00075241
05:39||511634000||385233||0.00075241
05:40||511634000||385233||0.00075241
05:41||511634000||385233||0.00075241
05:42||511634000||385233||0.00075241
05:43||511634000||385233||0.00075241
05:44||511734000||385233||0.00075241
05:45||511734000||385233||0.00075241
05:46||511734000||385233||0.00075241
05:47||511734000||385233||0.00075241
05:48||511734000||385233||0.00075241
05:49||511734000||385209||0.00075241
05:50||511734000||385209||0.00075241
05:51||511734000||385209||0.00075241
05:52||511734000||385209||0.00075241
05:53||511484000||384481||0.00075241
05:54||511484000||384481||0.00075241
05:55||511484000||384481||0.00075241
05:56||511484000||384481||0.00075241
05:57||511484000||384481||0.00075241
05:58||511484000||384481||0.00075241
05:59||511250000||384481||0.00075241
06:00||511250000||384481||0.00075241
06:01||512930500||384481||0.00075241
06:02||512930500||384481||0.00075241
06:03||512930500||384481||0.00075241
06:04||512930500||384481||0.00075241
06:05||512930500||384481||0.00075241
06:06||512930500||384481||0.00075241
06:07||512930500||384481||0.00075241
06:08||512930500||384481||0.00075241
06:09||512930500||384481||0.00075241
06:10||512930500||384481||0.00075241
06:11||512930500||384481||0.00075241
06:12||512930500||384481||0.00075241
06:13||512930500||384481||0.00075241
06:14||512930500||384481||0.00075241
06:15||512930500||384481||0.00075241
06:16||512931500||384481||0.00075241
06:17||512931500||384481||0.00075241
06:18||512931500||384481||0.00075241
06:19||512931500||384481||0.00075241
06:20||512931500||384481||0.00075241
06:21||512931500||384481||0.00075241
06:22||512931500||384481||0.00075241
06:23||512931500||384481||0.00075241
06:24||512931500||384481||0.00075241
06:25||512931500||384481||0.00075241
06:26||512931500||384481||0.00075241
06:27||512931500||384481||0.00075241
06:28||512887500||384481||0.00075241
06:29||512887500||384481||0.00075241
06:30||512887500||384481||0.00075241
06:31||512887500||384481||0.00075241
06:32||512887500||384481||0.00075241
06:33||512887500||387320||0.00075241
06:34||512887500||387320||0.00075241
06:35||512887500||387320||0.00075241
06:36||512887500||387320||0.00075241
06:37||512887500||387320||0.00075241
06:38||512887500||387320||0.00075241
06:39||512887500||387320||0.00075241
06:40||512887500||387320||0.00075241
06:41||512887500||387320||0.00075241
06:42||512887500||387320||0.00075241
06:43||512887500||387320||0.00075241
06:44||512848500||387320||0.00075241
06:45||512848500||387320||0.00075241
06:46||512848500||387320||0.00075241
06:47||512848500||387320||0.00075241
06:48||512848500||387320||0.00075241
06:49||512848500||387320||0.00075241
06:50||512848500||387320||0.00075241
06:51||510582000||384481||0.00075241
06:52||510582000||384481||0.00075241
06:53||510583000||384481||0.00075241
06:54||510583000||384481||0.00075241
06:55||510582000||384481||0.00075241
06:56||510582000||384481||0.00075241
06:57||510582000||384481||0.00075241
06:58||510535000||384481||0.00075241
06:59||510488000||384481||0.00075241
07:00||510445500||384481||0.00075241
07:01||510406000||384481||0.00075241
07:02||510375500||384481||0.00075241
07:03||510211000||383888||0.00075241
07:04||510211500||383887||0.00075241
07:05||510211000||383887||0.00075241
07:06||510211000||383887||0.00075241
07:07||510211000||383887||0.00075241
07:08||510211500||383887||0.00075241
07:09||510211500||383887||0.00075241
07:10||510211500||383887||0.00075241
07:11||510211500||383887||0.00075241
07:12||510211500||383887||0.00075241
07:13||510211500||383887||0.00075241
07:14||510211500||383887||0.00075241
07:15||510211500||383887||0.00075241
07:16||510211500||383887||0.00075241
07:17||510211500||383887||0.00075241
07:18||510211500||383887||0.00075241
07:19||510211500||383887||0.00075241
07:20||510211500||383887||0.00075241
07:21||510211500||383887||0.00075241
07:22||510211500||383887||0.00075241
07:23||510211500||383888||0.00075241
07:24||510211500||383888||0.00075241
07:25||510211000||383888||0.00075241
07:26||510211000||383888||0.00075241
07:27||510211000||383888||0.00075241
07:28||510211500||383888||0.00075241
07:29||510211500||383888||0.00075241
07:30||510211500||383888||0.00075241
07:31||510211500||383888||0.00075241
07:32||510211500||383888||0.00075241
07:33||510211500||383888||0.00075241
07:34||510211500||383888||0.00075241
07:35||510211500||383888||0.00075241
07:36||510211500||383888||0.00075241
07:37||510211500||383888||0.00075241
07:38||510211500||383888||0.00075241
07:39||511106000||383888||0.00075241
07:40||511109500||383888||0.00075241
07:41||512535500||387378||0.00075241
07:42||512539500||387378||0.00075241
07:43||512926000||387378||0.00075241
07:44||513426000||387378||0.00075241
07:45||513426000||387378||0.00075241
07:46||513426000||387378||0.00075241
07:47||513426000||387378||0.00075241
07:48||513926000||387378||0.00075241
07:49||513926000||387378||0.00075241
07:50||513926000||387378||0.00075241
07:51||513932500||387378||0.00075241
07:52||513931500||387378||0.00075241
07:53||513931500||387378||0.00075241
07:54||514006500||387491||0.00075241
07:55||514005500||387491||0.00075241
07:56||513006500||385996||0.00075241
07:57||513012500||385996||0.00075241
07:58||513012500||385996||0.00075241
07:59||513012500||385996||0.00075241
08:00||514005500||385996||0.00075241
08:01||514025500||387489||0.00075241
08:02||514509000||387489||0.00075241
08:03||514997500||387489||0.00075241
08:04||514997500||387489||0.00075241
08:05||514997500||387489||0.00075241
08:06||514997500||387489||0.00075241
08:07||514509000||387489||0.00075241
08:08||514499000||387489||0.00075241
08:09||514509000||386753||0.00075241
08:10||514749500||386753||0.00075241
08:11||514999500||387490||0.00075241
08:12||514999500||387490||0.00075241
08:13||514999500||387490||0.00075241
08:14||514999500||387490||0.00075241
08:15||514999500||387490||0.00075241
08:16||514999500||387490||0.00075241
08:17||514999500||387490||0.00075241
08:18||514999500||387491||0.00075241
08:19||514999500||387491||0.00075241
08:20||514999500||387491||0.00075241
08:21||514999500||387491||0.00075241
08:22||514999500||387491||0.00075241
08:23||514999500||387491||0.00075241
08:24||514999500||387491||0.00075241
08:25||514999500||387490||0.00075241
08:26||514999500||387490||0.00075241
08:27||514999500||387490||0.00075241
08:28||514999500||387490||0.00075241
08:29||514999500||387490||0.00075241
08:30||514999500||387490||0.00075241
08:31||514999500||387490||0.00075241
08:32||514999500||387490||0.00075241
08:33||514999500||387490||0.00075241
08:34||514999500||387490||0.00075241
08:35||514999500||387490||0.00075241
08:36||514000500||387490||0.00075241
08:37||514000500||387490||0.00075241
08:38||514020500||387490||0.00075241
08:39||514020500||387490||0.00075241
08:40||514020500||387490||0.00075241
08:41||514000500||387490||0.00075241
08:42||514000500||387490||0.00075241
08:43||514000000||387490||0.00075241
08:44||514000000||387490||0.00075241
08:45||514000000||387490||0.00075241
08:46||514000000||387490||0.00075241
08:47||514000000||387489||0.00075241
08:48||514000000||387489||0.00075241
08:49||514499000||387489||0.00075241
08:50||514499000||387489||0.00075241
08:51||514499000||387489||0.00075241
08:52||514499000||386738||0.00075241
08:53||514499000||386738||0.00075241
08:54||514499000||386738||0.00075241
08:55||514499000||386738||0.00075241
08:56||514499000||386738||0.00075241
08:57||514499000||386738||0.00075241
08:58||514509500||386738||0.00075241
08:59||514998500||386738||0.00075241
09:00||514998500||386738||0.00075241
09:01||514998500||386738||0.00075241
09:02||514998500||386738||0.00075241
09:03||515498000||387491||0.00075241
09:04||515498500||387491||0.00075241
09:05||515499000||387491||0.00075241
09:06||515499000||387491||0.00075241
09:07||515997500||387491||0.00075241
09:08||515997500||387491||0.00075241
09:09||515997500||388241||0.00075241
09:10||515997500||388241||0.00075241
09:11||515997500||388241||0.00075241
09:12||515997500||388241||0.00075241
09:13||515997500||388241||0.00075241
09:14||515997500||388241||0.00075241
09:15||515997500||388241||0.00075241
09:16||515997500||388241||0.00075241
09:17||515997500||388241||0.00075241
09:18||515997500||388241||0.00075241
09:19||515997500||388241||0.00075241
09:20||515499500||388241||0.00075241
09:21||515498500||388241||0.00075241
09:22||514505500||388241||0.00075241
09:23||514505500||388241||0.00075241
09:24||514505500||388241||0.00075241
09:25||514505500||388241||0.00075241
09:26||514505500||388241||0.00075241
09:27||514505500||388241||0.00075241
09:28||514505500||388241||0.00075241
09:29||514505500||388241||0.00075241
09:30||514505500||388241||0.00075241
09:31||514505500||388241||0.00075241
09:32||514505500||388241||0.00075241
09:33||514505500||388241||0.00075241
09:34||514505500||388241||0.00075241
09:35||514505500||388241||0.00075241
09:36||514505500||388241||0.00075241
09:37||514505500||388241||0.00075241
09:38||514505500||388242||0.00075241
09:39||514505000||388242||0.00075241
09:40||514506000||388242||0.00075241
09:41||514506000||388242||0.00075241
09:42||514506000||388242||0.00075241
09:43||514506000||388242||0.00075241
09:44||514506000||388242||0.00075241
09:45||514506000||388242||0.00075241
09:46||514506000||388242||0.00075241
09:47||514505000||388242||0.00075241
09:48||514501500||388242||0.00075241
09:49||514441000||388242||0.00075241
09:50||514441000||388242||0.00075241
09:51||514441000||388242||0.00075241
09:52||515929500||388144||0.00075241
09:53||515929500||388144||0.00075241
09:54||515929500||388144||0.00075241
09:55||515980500||388236||0.00075241
09:56||515979500||388236||0.00075241
09:57||515744000||388236||0.00075241
09:58||513244500||385987||0.00075241
09:59||513000000||385987||0.00075241
10:00||512751000||385987||0.00075241
10:01||512752000||385987||0.00075241
10:02||512752000||385987||0.00075241
10:03||512751500||385987||0.00075241
10:04||512649000||384105||0.00075241
10:05||512004000||384105||0.00075241
10:06||511999000||384105||0.00075241
10:07||511749000||384105||0.00075241
10:08||511751500||384105||0.00075241
10:09||511751500||384105||0.00075241
10:10||511580000||384105||0.00075241
10:11||511502500||384105||0.00075241
10:12||511501500||384105||0.00075241
10:13||511322000||384105||0.00075241
10:14||511322000||384105||0.00075241
10:15||511322000||384105||0.00075241
10:16||511322000||384105||0.00075241
10:17||511322000||384105||0.00075241
10:18||511254000||384105||0.00075241
10:19||511254000||384105||0.00075241
10:20||511179500||384105||0.00075241
10:21||511179500||384105||0.00075241
10:22||511008000||384105||0.00075241
10:23||511008000||384105||0.00075241
10:24||510911000||384105||0.00075241
10:25||510911000||384105||0.00075241
10:26||510511500||384105||0.00075241
10:27||510511500||384105||0.00075241
10:28||510511500||384105||0.00075241
10:29||507337000||381471||0.00075241
10:30||507337500||381471||0.00075241
10:31||507042500||381471||0.00075241
10:32||507042500||381471||0.00075241
10:33||507042500||381471||0.00075241
10:34||506510500||381103||0.00075241
10:35||506256000||380720||0.00075241
10:36||506256000||380720||0.00075241
10:37||506260500||380720||0.00075241
10:38||506260500||380720||0.00075241
10:39||506260500||380720||0.00075241
10:40||506260500||380720||0.00075241
10:41||506260500||380720||0.00075241
10:42||506260500||380720||0.00075241
10:43||506260500||380720||0.00075241
10:44||506260500||380720||0.00075241
10:45||506260500||380720||0.00075241
10:46||507297000||381103||0.00075241
10:47||507301000||381103||0.00075241
10:48||507301000||381103||0.00075241
10:49||507301000||381103||0.00075241
10:50||507301000||381103||0.00075241
10:51||507301000||381103||0.00075241
10:52||507301000||381103||0.00075241
10:53||507301000||380734||0.00075241
10:54||506897000||380719||0.00075241
10:55||505050500||380042||0.00075241
10:56||505050500||380042||0.00075241
10:57||505050500||380042||0.00075241
10:58||506817000||380005||0.00075241
10:59||506775000||380005||0.00075241
11:00||506731000||380005||0.00075241
11:01||508016000||382235||0.00075241
11:02||506775000||382600||0.00075241
11:03||508243000||380004||0.00075241
11:04||508243000||380004||0.00075241
11:05||507414000||381784||0.00075241
11:06||506233500||381784||0.00075241
11:07||506775500||382600||0.00075241
11:08||507779000||382600||0.00075241
11:09||508244500||382600||0.00075241
11:10||508244500||382600||0.00075241
11:11||508244500||382600||0.00075241
11:12||508245000||382600||0.00075241
11:13||508286500||382600||0.00075241
11:14||508286500||382600||0.00075241
11:15||508493500||382600||0.00075241
11:16||508493500||382600||0.00075241
11:17||508493500||382600||0.00075241
11:18||508491500||382587||0.00075241
11:19||507057500||382587||0.00075241
11:20||507057500||382587||0.00075241
11:21||507057500||382587||0.00075241
11:22||506307500||382587||0.00075241
11:23||506307500||382587||0.00075241
11:24||506278000||382587||0.00075241
11:25||506278000||382587||0.00075241
11:26||506278000||382587||0.00075241
11:27||506278000||382587||0.00075241
11:28||506292500||382587||0.00075241
11:29||506292500||382587||0.00075241
11:30||506292500||382587||0.00075241
11:31||506292500||382587||0.00075241
11:32||506292500||382587||0.00075241
11:33||506292500||382587||0.00075241
11:34||506292500||382587||0.00075241
11:35||506292500||382587||0.00075241
11:36||508471500||382590||0.00075241
11:37||510226000||385232||0.00075241
11:38||509728000||385232||0.00075241
11:39||509728000||385232||0.00075241
11:40||510227000||385232||0.00075241
11:41||510227000||385232||0.00075241
11:42||510227000||385232||0.00075241
11:43||510227000||385232||0.00075241
11:44||510227000||385232||0.00075241
11:45||510227000||385232||0.00075241
11:46||510226500||385232||0.00075241
11:47||510226500||385232||0.00075241
11:48||510226500||385232||0.00075241
11:49||510226500||385232||0.00075241
11:50||511997500||385231||0.00075241
11:51||511997500||385231||0.00075241
11:52||511997500||385231||0.00075241
11:53||511997500||385231||0.00075241
11:54||511997500||385231||0.00075241
11:55||511997500||385231||0.00075241
11:56||511997500||385231||0.00075241
11:57||511997500||385231||0.00075241
11:58||511997500||385231||0.00075241
11:59||511997500||385232||0.00075241
12:00||511997500||385232||0.00075241
12:01||511997500||385232||0.00075241
12:02||511997500||385232||0.00075241
12:03||511997500||385232||0.00075241
12:04||511997500||385232||0.00075241
12:05||511997500||385231||0.00075241
12:06||511997500||385231||0.00075241
12:07||508843500||380388||0.00075241
12:08||508354000||380388||0.00075241
12:09||508354000||380388||0.00075241
12:10||508282500||384388||0.00075241
12:11||510733000||384391||0.00075241
12:12||511291500||384391||0.00075241
12:13||511291000||384391||0.00075241
12:14||510848500||385231||0.00075241
12:15||510848500||385231||0.00075241
12:16||510848500||385231||0.00075241
12:17||510848500||385231||0.00075241
12:18||510259500||385231||0.00075241
12:19||510211000||385231||0.00075241
12:20||510211000||385231||0.00075241
12:21||510215500||385231||0.00075241
12:22||510215500||385231||0.00075241
12:23||510036000||385231||0.00075241
12:24||510037500||385231||0.00075241
12:25||510998000||385231||0.00075241
12:26||510998000||385231||0.00075241
12:27||510998000||385231||0.00075241
12:28||510998000||385231||0.00075241
12:29||510998000||385231||0.00075241
12:30||510998000||383730||0.00075241
12:31||510998000||383730||0.00075241
12:32||510997000||383730||0.00075241
12:33||506991500||380388||0.00075241
12:34||508295500||382445||0.00075241
12:35||508295500||382445||0.00075241
12:36||508307500||382445||0.00075241
12:37||508307500||382445||0.00075241
12:38||508319500||382445||0.00075241
12:39||510233000||382577||0.00075241
12:40||508931500||382577||0.00075241
12:41||508994500||382975||0.00075241
12:42||508994500||382976||0.00075241
12:43||508994500||382976||0.00075241
12:44||508994500||382976||0.00075241
12:45||508994500||382976||0.00075241
12:46||508989500||382969||0.00075241
12:47||508983500||382969||0.00075241
12:48||508988500||382969||0.00075241
12:49||508993500||382969||0.00075241
12:50||508993500||382969||0.00075241
12:51||508993500||382969||0.00075241
12:52||508981500||382969||0.00075241
12:53||508981500||382969||0.00075241
12:54||508981500||382969||0.00075241
12:55||508981500||382969||0.00075241
12:56||508981500||382969||0.00075241
12:57||508981500||382969||0.00075241
12:58||508981500||382969||0.00075241
12:59||507122000||382953||0.00075241
13:00||507122000||382953||0.00075241
13:01||507078000||382953||0.00075241
13:02||507078000||382953||0.00075241
13:03||507138000||382953||0.00075241
13:04||506899500||382953||0.00075241
13:05||506927000||382953||0.00075241
13:06||506927000||382953||0.00075241
13:07||506899500||382953||0.00075241
13:08||506899500||382953||0.00075241
13:09||506955500||382953||0.00075241
13:10||507208000||382953||0.00075241
13:11||507377500||382953||0.00075241
13:12||507538500||382953||0.00075241
13:13||507659000||382953||0.00075241
13:14||507749000||382446||0.00075241
13:15||507838000||382446||0.00075241
13:16||507913500||382446||0.00075241
13:17||507970500||382446||0.00075241
13:18||507985500||382446||0.00075241
13:19||506954500||382446||0.00075241
13:20||506954500||382446||0.00075241
13:21||506954500||382446||0.00075241
13:22||506954500||382446||0.00075241
13:23||506954500||382446||0.00075241
13:24||506954500||382446||0.00075241
13:25||506954500||382446||0.00075241
13:26||506954500||382446||0.00075241
13:27||506954500||382446||0.00075241
13:28||506954500||382446||0.00075241
13:29||507088000||382446||0.00075241
13:30||507275000||380703||0.00075241
13:31||507453500||380703||0.00075241
13:32||507601000||380703||0.00075241
13:33||507725500||382446||0.00075241
13:34||507838000||382446||0.00075241
13:35||507913500||382446||0.00075241
13:36||507986500||382446||0.00075241
13:37||508045000||382446||0.00075241
13:38||508096000||382446||0.00075241
13:39||508138000||382446||0.00075241
13:40||508157000||382446||0.00075241
13:41||508157000||382446||0.00075241
13:42||508157000||382446||0.00075241
13:43||508157000||382446||0.00075241
13:44||508157000||382446||0.00075241
13:45||508157000||382446||0.00075241
13:46||508157000||382446||0.00075241
13:47||508157000||382446||0.00075241
13:48||508157000||382446||0.00075241
13:49||508157000||382446||0.00075241
13:50||508157000||382446||0.00075241
13:51||508157000||382446||0.00075241
13:52||508157000||382446||0.00075241
13:53||508157000||382446||0.00075241
13:54||508157000||382446||0.00075241
13:55||508157000||382446||0.00075241
13:56||508655000||382446||0.00075241
13:57||508655000||382446||0.00075241
13:58||508655000||382976||0.00075241
13:59||509524500||383739||0.00075241
14:00||511259000||383742||0.00075241
14:01||511259000||383742||0.00075241
14:02||511407000||383742||0.00075241
14:03||511407000||383742||0.00075241
14:04||511754500||383742||0.00075241
14:05||511754500||383742||0.00075241
14:06||511754500||383742||0.00075241
14:07||511754500||383742||0.00075241
14:08||511754500||385226||0.00075241
14:09||511754500||385226||0.00075241
14:10||511759500||385226||0.00075241
14:11||511644000||385226||0.00075241
14:12||511644000||385226||0.00075241
14:13||511651000||385226||0.00075241
14:14||511651000||385226||0.00075241
14:15||511651000||385226||0.00075241
14:16||511754500||385226||0.00075241
14:17||511754500||385226||0.00075241
14:18||511993000||385232||0.00075241
14:19||511993000||385232||0.00075241
14:20||511993500||385232||0.00075241
14:21||511998500||385233||0.00075241
14:22||511999000||385233||0.00075241
14:23||511999000||385233||0.00075241
14:24||511999000||385233||0.00075241
14:25||511999000||385233||0.00075241
14:26||511999000||385232||0.00075241
14:27||511999000||385232||0.00075241
14:28||511999000||385232||0.00075241
14:29||511999000||385232||0.00075241
14:30||512499500||385232||0.00075241
14:31||512749500||385232||0.00075241
14:32||512999500||385232||0.00075241
14:33||512999500||385232||0.00075241
14:34||512993500||385232||0.00075241
14:35||512993500||385232||0.00075241
14:36||512993500||385232||0.00075241
14:37||512993500||385232||0.00075241
14:38||512993500||385232||0.00075241
14:39||512993500||385232||0.00075241
14:40||512993500||385232||0.00075241
14:41||512993500||385232||0.00075241
14:42||512993500||385986||0.00075241
14:43||512993500||385986||0.00075241
14:44||512993500||385986||0.00075241
14:45||509570000||380719||0.00075241
14:46||509501500||380719||0.00075241
14:47||509501500||380719||0.00075241
14:48||509501500||380719||0.00075241
14:49||509315000||380719||0.00075241
14:50||509315000||385602||0.00075241
14:51||509159500||385602||0.00075241
14:52||509159500||385602||0.00075241
14:53||509159500||385602||0.00075241
14:54||509159500||385602||0.00075241
14:55||509159500||385602||0.00075241
14:56||509159500||385602||0.00075241
14:57||509510000||385602||0.00075241
14:58||509915000||385602||0.00075241
14:59||510260500||385602||0.00075241
15:00||510450000||385602||0.00075241
15:01||510621000||385602||0.00075241
15:02||510775500||385602||0.00075241
15:03||510916500||385602||0.00075241
15:04||511064000||385602||0.00075241
15:05||511176500||385602||0.00075241
15:06||511277500||385602||0.00075241
15:07||511368500||385602||0.00075241
15:08||511451000||385602||0.00075241
15:09||511539500||385602||0.00075241
15:10||511605500||385602||0.00075241
15:11||511665000||385602||0.00075241
15:12||511719000||385602||0.00075241
15:13||511768500||385368||0.00075241
15:14||511812500||385368||0.00075241
15:15||511852500||385368||0.00075241
15:16||509278000||385368||0.00075241
15:17||509665000||385368||0.00075241
15:18||510089000||385368||0.00075241
15:19||510369000||385368||0.00075241
15:20||510644500||385368||0.00075241
15:21||510845500||385368||0.00075241
15:22||511039500||383571||0.00075241
15:23||511120000||383571||0.00075241
15:24||511244000||383571||0.00075241
15:25||511243000||383571||0.00075241
15:26||511321500||383571||0.00075241
15:27||511352000||383571||0.00075241
15:28||511352000||383571||0.00075241
15:29||511366500||383571||0.00075241
15:30||511413500||383571||0.00075241
15:31||511407000||383571||0.00075241
15:32||511407000||383571||0.00075241
15:33||511546000||383571||0.00075241
15:34||512823500||385424||0.00075241
15:35||513786000||386362||0.00075241
15:36||514811000||387114||0.00075241
15:37||514811000||387114||0.00075241
15:38||514989500||387114||0.00075241
15:39||514989500||387114||0.00075241
15:40||514989500||387114||0.00075241
15:41||514989500||387114||0.00075241
15:42||514989500||387114||0.00075241
15:43||514989500||387114||0.00075241
15:44||514989500||387114||0.00075241
15:45||514989500||387114||0.00075241
15:46||514989500||387114||0.00075241
15:47||514989500||387483||0.00075241
15:48||514989500||387483||0.00075241
15:49||514989500||387483||0.00075241
15:50||514989500||387483||0.00075241
15:51||514989500||387483||0.00075241
15:52||514989500||387483||0.00075241
15:53||514989500||387483||0.00075241
15:54||514989500||387483||0.00075241
15:55||514989500||387483||0.00075241
15:56||514989500||387483||0.00075241
15:57||514989500||387483||0.00075241
15:58||514989500||387483||0.00075241
15:59||514989500||387483||0.00075241
16:00||514989500||387482||0.00075241
16:01||514989500||387482||0.00075241
16:02||514989500||387482||0.00075241
16:03||514989500||387482||0.00075241
16:04||514989500||387482||0.00075241
16:05||514989500||387482||0.00075241
16:06||514989500||387482||0.00075241
16:07||514989500||387482||0.00075241
16:08||514989500||387483||0.00075241
16:09||512495500||383729||0.00075241
16:10||512494500||383729||0.00075241
16:11||512494500||383729||0.00075241
16:12||512494500||383729||0.00075241
16:13||512494500||383729||0.00075241
16:14||512494500||383729||0.00075241
16:15||512495500||387483||0.00075241
16:16||512495500||387483||0.00075241
16:17||512525000||387491||0.00075241
16:18||512525000||387491||0.00075241
16:19||512525000||387491||0.00075241
16:20||512531500||387491||0.00075241
16:21||512531500||387491||0.00075241
16:22||513000000||387491||0.00075241
16:23||514501000||387491||0.00075241
16:24||514490000||387491||0.00075241
16:25||514500000||387491||0.00075241
16:26||515292000||388242||0.00075241
16:27||515583500||387930||0.00075241
16:28||515000500||387916||0.00075241
16:29||515000500||387916||0.00075241
16:30||515000500||387916||0.00075241
16:31||515000500||387491||0.00075241
16:32||515000500||387491||0.00075241
16:33||515000500||387491||0.00075241
16:34||515000500||387491||0.00075241
16:35||515000500||387491||0.00075241
16:36||515000500||387491||0.00075241
16:37||515000500||387491||0.00075241
16:38||515000500||387491||0.00075241
16:39||515000500||387491||0.00075241
16:40||515257000||387491||0.00075241
16:41||515257000||387491||0.00075241
16:42||515257000||387491||0.00075241
16:43||515257000||387491||0.00075241
16:44||515257000||387491||0.00075241
16:45||515257000||387491||0.00075241
16:46||515257000||387491||0.00075241
16:47||515257000||387491||0.00075241
16:48||515257000||387491||0.00075241
16:49||515257000||387491||0.00075241
16:50||515257000||387491||0.00075241
16:51||515257000||387491||0.00075241
16:52||515000500||387491||0.00075241
16:53||515000500||387491||0.00075241
16:54||515000500||387491||0.00075241
16:55||515000500||387491||0.00075241
16:56||515000500||387491||0.00075241
16:57||515000500||387491||0.00075241
16:58||513505000||385233||0.00075241
16:59||513504500||385233||0.00075241
17:00||513509500||385233||0.00075241
17:01||514009500||385233||0.00075241
17:02||514009500||385233||0.00075241
17:03||514010000||385233||0.00075241
17:04||514510000||385233||0.00075241
17:05||514099500||387490||0.00075241
17:06||514099500||387490||0.00075241
17:07||514499500||387490||0.00075241
17:08||514998500||387490||0.00075241
17:09||514500000||387490||0.00075241
17:10||514998500||387489||0.00075241
17:11||514999500||387490||0.00075241
17:12||514999500||387491||0.00075241
17:13||514505500||387491||0.00075241
17:14||514506500||387491||0.00075241
17:15||514506500||387491||0.00075241
17:16||514554500||387491||0.00075241
17:17||514950000||387415||0.00075241
17:18||514600000||387415||0.00075241
17:19||514600500||387415||0.00075241
17:20||514600500||387415||0.00075241
17:21||514600500||387415||0.00075241
17:22||514600500||387415||0.00075241
17:23||514600500||387415||0.00075241
17:24||514600500||387415||0.00075241
17:25||514600500||387415||0.00075241
17:26||514600000||387415||0.00075241
17:27||514600000||387415||0.00075241
17:28||514600000||387490||0.00075241
17:29||514600000||387490||0.00075241
17:30||514600000||387490||0.00075241
17:31||514600000||387490||0.00075241
17:32||514340000||386499||0.00075241
17:33||514340000||386499||0.00075241
17:34||514340000||386499||0.00075241
17:35||514340000||386499||0.00075241
17:36||514339500||386499||0.00075241
17:37||514339500||386499||0.00075241
17:38||514339500||387488||0.00075241
17:39||514339500||387488||0.00075241
17:40||514340000||387488||0.00075241
17:41||514499000||387488||0.00075241
17:42||514499000||386738||0.00075241
17:43||514499000||386738||0.00075241
17:44||514499500||387489||0.00075241
17:45||514499500||387489||0.00075241
17:46||514499500||387489||0.00075241
17:47||514499000||386738||0.00075241
17:48||514997500||386738||0.00075241
17:49||514997500||387488||0.00075241
17:50||514998500||387489||0.00075241
17:51||515248000||387488||0.00075241
17:52||515249000||387866||0.00075241
17:53||515497500||387866||0.00075241
17:54||515497500||387866||0.00075241
17:55||515497500||387866||0.00075241
17:56||515497500||387866||0.00075241
17:57||515497500||387866||0.00075241
17:58||515497500||387866||0.00075241
17:59||515497500||387866||0.00075241
18:00||515497500||387866||0.00075241
18:01||516249500||388243||0.00075241
18:02||515998000||388243||0.00075241
18:03||515998000||388243||0.00075241
18:04||515998000||388243||0.00075241
18:05||515998500||388619||0.00075241
18:06||515994000||388619||0.00075241
18:07||515994000||388619||0.00075241
18:08||515994000||388619||0.00075241
18:09||515994000||388619||0.00075241
18:10||515998500||388619||0.00075241
18:11||515998500||388619||0.00075241
18:12||515998500||388619||0.00075241
18:13||516248500||388619||0.00075241
18:14||516248000||388619||0.00075241
18:15||516248000||388619||0.00075241
18:16||516248000||388619||0.00075241
18:17||516244000||388619||0.00075241
18:18||516244000||388619||0.00075241
18:19||516239000||388619||0.00075241
18:20||516239000||388619||0.00075241
18:21||516239000||388619||0.00075241
18:22||516244000||388619||0.00075241
18:23||516243000||388619||0.00075241
18:24||516247500||388995||0.00075241
18:25||516247500||388995||0.00075241
18:26||516397500||388995||0.00075241
18:27||516647000||388996||0.00075241
18:28||517499500||389371||0.00075241
18:29||517499500||389371||0.00075241
18:30||516648500||389371||0.00075241
18:31||516578500||389371||0.00075241
18:32||516310000||389371||0.00075241
18:33||515498500||389371||0.00075241
18:34||516244500||389371||0.00075241
18:35||516289500||387939||0.00075241
18:36||515698000||387939||0.00075241
18:37||516238000||387939||0.00075241
18:38||516134000||387865||0.00075241
18:39||516200000||387865||0.00075241
18:40||516148500||387865||0.00075241
18:41||516103000||387865||0.00075241
18:42||515849000||388093||0.00075241
18:43||515849000||388093||0.00075241
18:44||515648000||388093||0.00075241
18:45||515648000||388093||0.00075241
18:46||515648000||387865||0.00075241
18:47||515648000||387865||0.00075241
18:48||515648000||387865||0.00075241
18:49||515637000||388087||0.00075241
18:50||515619000||388087||0.00075241
18:51||515598000||388087||0.00075241
18:52||513915000||387865||0.00075241
18:53||515349000||387868||0.00075241
18:54||514005500||385619||0.00075241
18:55||514005500||385619||0.00075241
18:56||514006000||385619||0.00075241
18:57||514006000||385619||0.00075241
18:58||514754500||388093||0.00075241
18:59||514754500||385619||0.00075241
19:00||514754500||385619||0.00075241
19:01||514755000||385619||0.00075241
19:02||514755000||385619||0.00075241
19:03||514755500||385619||0.00075241
19:04||514755500||385619||0.00075241
19:05||514998000||385619||0.00075241
19:06||515002500||385619||0.00075241
19:07||515002500||385619||0.00075241
19:08||515248000||385619||0.00075241
19:09||515248000||385619||0.00075241
19:10||515594000||389131||0.00075241
19:11||516092500||389131||0.00075241
19:12||516247500||389372||0.00075241
19:13||516397500||389372||0.00075241
19:14||516399000||389372||0.00075241
19:15||516247500||389372||0.00075241
19:16||517495500||389368||0.00075241
19:17||517495500||389368||0.00075241
19:18||517495500||389368||0.00075241
19:19||517495500||389368||0.00075241
19:20||517495500||389368||0.00075241
19:21||517495500||389368||0.00075241
19:22||517496500||389369||0.00075241
19:23||517496500||389369||0.00075241
19:24||517496500||389369||0.00075241
19:25||517496500||389369||0.00075241
19:26||517496500||389369||0.00075241
19:27||517495500||389369||0.00075241
19:28||517495500||389368||0.00075241
19:29||516124000||389368||0.00075241
19:30||515969500||389368||0.00075241
19:31||515871500||389368||0.00075241
19:32||515750000||389368||0.00075241
19:33||515659000||389368||0.00075241
19:34||516129500||389224||0.00075241
19:35||515980500||389224||0.00075241
19:36||515980500||389224||0.00075241
19:37||515980500||388965||0.00075241
19:38||515980500||388965||0.00075241
19:39||515980500||388965||0.00075241
19:40||515980500||388965||0.00075241
19:41||515980500||388965||0.00075241
19:42||515980500||388965||0.00075241
19:43||515735500||388965||0.00075241
19:44||515689500||388965||0.00075241
19:45||515479500||386780||0.00075241
19:46||514056000||388211||0.00075241
19:47||514973500||386781||0.00075241
19:48||514973500||386781||0.00075241
19:49||514979000||386781||0.00075241
19:50||515200500||386783||0.00075241
19:51||515200500||386783||0.00075241
19:52||515200000||386783||0.00075241
19:53||515200000||386783||0.00075241
19:54||515199000||388166||0.00075241
19:55||514999000||388166||0.00075241
19:56||515004000||388619||0.00075241
19:57||515306000||388619||0.00075241
19:58||516399500||388619||0.00075241
19:59||516399500||388619||0.00075241
20:00||516399500||388619||0.00075241
20:01||516399500||388619||0.00075241
20:02||516399500||388619||0.00075241
20:03||515254500||388543||0.00075241
20:04||514577500||387477||0.00075241
20:05||514155500||387477||0.00075241
20:06||514580000||386856||0.00075241
20:07||514580500||386856||0.00075241
20:08||514999500||386856||0.00075241
20:09||514999500||386856||0.00075241
20:10||514999500||386856||0.00075241
20:11||514999500||386856||0.00075241
20:12||515499500||388243||0.00075241
20:13||514999500||388243||0.00075241
20:14||514999500||388243||0.00075241
20:15||515479500||388243||0.00075241
20:16||515480000||388243||0.00075241
20:17||515479500||388243||0.00075241
20:18||515479500||388243||0.00075241
20:19||515470000||388243||0.00075241
20:20||515000500||388243||0.00075241
20:21||515000500||388243||0.00075241
20:22||515000500||388243||0.00075241
20:23||515000500||388243||0.00075241
20:24||515479500||388243||0.00075241
20:25||515479500||388243||0.00075241
20:26||515150500||388243||0.00075241
20:27||515326000||387604||0.00075241
20:28||515499500||387604||0.00075241
20:29||515499500||387604||0.00075241
20:30||515499500||387604||0.00075241
20:31||515499500||387604||0.00075241
20:32||515499500||387604||0.00075241
20:33||515499500||387604||0.00075241
20:34||515499500||387604||0.00075241
20:35||515499500||387604||0.00075241
20:36||515499500||387604||0.00075241
20:37||515499500||387604||0.00075241
20:38||515499500||387867||0.00075241
20:39||515499500||387867||0.00075241
20:40||515499500||387867||0.00075241
20:41||515738500||388227||0.00075241
20:42||515977500||388227||0.00075241
20:43||515977500||388227||0.00075241
20:44||515988000||388227||0.00075241
20:45||515988000||388227||0.00075241
20:46||515988000||388227||0.00075241
20:47||515988000||388227||0.00075241
20:48||515988000||388227||0.00075241
20:49||515988000||388227||0.00075241
20:50||515988000||388227||0.00075241
20:51||515988000||388227||0.00075241
20:52||515988000||388227||0.00075241
20:53||515988000||388227||0.00075241
20:54||515988000||388226||0.00075241
20:55||515988000||388226||0.00075241
20:56||515988000||388226||0.00075241
20:57||515988000||388226||0.00075241
20:58||515988000||388226||0.00075241
20:59||515977500||388226||0.00075241
21:00||515977500||388226||0.00075241
21:01||515988000||388226||0.00075241
21:02||515988000||388226||0.00075241
21:03||515988000||388226||0.00075241
21:04||515977500||388226||0.00075241
21:05||515977500||388226||0.00075241
21:06||515988000||388226||0.00075241
21:07||515988000||388226||0.00075241
21:08||515988000||388226||0.00075241
21:09||515988000||388226||0.00075241
21:10||515749000||388226||0.00075241
21:11||515744000||388226||0.00075241
21:12||515744000||388226||0.00075241
21:13||515744000||388226||0.00075241
21:14||515744000||388226||0.00075241
21:15||515744000||388226||0.00075241
21:16||515744000||388226||0.00075241
21:17||515744000||388226||0.00075241
21:18||515744000||388226||0.00075241
21:19||515744000||388226||0.00075241
21:20||515744000||388226||0.00075241
21:21||515744000||388226||0.00075241
21:22||515744000||387866||0.00075241
21:23||515744000||387866||0.00075241
21:24||515570000||387604||0.00075241
21:25||515469000||387604||0.00075241
21:26||515420000||387604||0.00075241
21:27||515371000||387604||0.00075241
21:28||515371000||387604||0.00075241
21:29||515371000||387604||0.00075241
21:30||515371000||387604||0.00075241
21:31||515371000||387604||0.00075241
21:32||515371000||387604||0.00075241
21:33||514420500||386174||0.00075241
21:34||514420500||386174||0.00075241
21:35||514420500||386174||0.00075241
21:36||514396500||386174||0.00075241
21:37||514303500||386174||0.00075241
21:38||515299500||386174||0.00075241
21:39||515299500||387716||0.00075241
21:40||515299500||387716||0.00075241
21:41||515299500||387716||0.00075241
21:42||515299500||387716||0.00075241
21:43||515299500||387716||0.00075241
21:44||515299500||387716||0.00075241
21:45||515299500||387716||0.00075241
21:46||515299500||387716||0.00075241
21:47||515299500||387716||0.00075241
21:48||515299500||387716||0.00075241
21:49||515299500||387716||0.00075241
21:50||515299500||387716||0.00075241
21:51||515299500||387716||0.00075241
21:52||515299500||387716||0.00075241
21:53||515299500||387716||0.00075241
21:54||515299500||387716||0.00075241
21:55||515299500||387716||0.00075241
21:56||515299500||387716||0.00075241
21:57||515299500||387716||0.00075241
21:58||515299500||387716||0.00075241
21:59||515299500||387716||0.00075241
22:00||515299500||387716||0.00075241
22:01||515299500||387716||0.00075241
22:02||515299500||387716||0.00075241
22:03||515299500||387716||0.00075241
22:04||515327500||387716||0.00075241
22:05||515327500||387716||0.00075241
22:06||515327500||387716||0.00075241
22:07||515327500||387716||0.00075241
22:08||515327500||387716||0.00075241
22:09||515327500||387716||0.00075241
22:10||515327500||387716||0.00075241
22:11||515327500||387716||0.00075241
22:12||515327500||387716||0.00075241
22:13||515327500||387716||0.00075241
22:14||515327500||387716||0.00075241
22:15||515327500||387716||0.00075241
22:16||515327500||387716||0.00075241
22:17||515327500||387716||0.00075241
22:18||515327500||387716||0.00075241
22:19||515327500||387716||0.00075241
22:20||515327500||387716||0.00075241
22:21||515327500||387716||0.00075241
22:22||515327500||387716||0.00075241
22:23||515327500||387716||0.00075241
22:24||515327500||387716||0.00075241
22:25||515327500||387716||0.00075241
22:26||515327500||387716||0.00075241
22:27||515549500||388093||0.00075241
22:28||515549500||388093||0.00075241
22:29||515549500||388093||0.00075241
22:30||515544500||388093||0.00075241
22:31||515544500||388093||0.00075241
22:32||515544500||388093||0.00075241
22:33||514650500||386370||0.00075241
22:34||514627500||386370||0.00075241
22:35||514534500||386370||0.00075241
22:36||514577500||386370||0.00075241
22:37||514577500||386370||0.00075241
22:38||514577500||386370||0.00075241
22:39||514577500||386370||0.00075241
22:40||514577500||386370||0.00075241
22:41||514577500||386370||0.00075241
22:42||514577500||386370||0.00075241
22:43||514577500||386370||0.00075241
22:44||514577500||386370||0.00075241
22:45||514800000||386370||0.00075241
22:46||514577500||386370||0.00075241
22:47||514577500||386370||0.00075241
22:48||514577500||386370||0.00075241
22:49||514577500||386370||0.00075241
22:50||515028000||388619||0.00075241
22:51||515950000||388619||0.00075241
22:52||515950000||388619||0.00075241
22:53||515949500||388619||0.00075241
22:54||515750000||388619||0.00075241
22:55||515750000||388619||0.00075241
22:56||515750000||388619||0.00075241
22:57||516499500||388619||0.00075241
22:58||516499500||388619||0.00075241
22:59||516499500||388619||0.00075241
23:00||516499500||388619||0.00075241
23:01||516499500||388619||0.00075241
23:02||516499500||388619||0.00075241
23:03||516749000||388995||0.00075241
23:04||516500000||388995||0.00075241
23:05||516500000||388995||0.00075241
23:06||516500000||388995||0.00075241
23:07||516500000||388995||0.00075241
23:08||516500000||388995||0.00075241
23:09||516500000||388995||0.00075241
23:10||516500000||388995||0.00075241
23:11||516500000||388995||0.00075241
23:12||516500000||388995||0.00075241
23:13||516500000||388995||0.00075241
23:14||516500000||388995||0.00075241
23:15||516500000||390499||0.00075241
23:16||522200000||392758||0.00075241
23:17||519200500||393058||0.00075241
23:18||521250000||393134||0.00075241
23:19||521250000||393134||0.00075241
23:20||521250000||393134||0.00075241
23:21||522499500||393134||0.00075241
23:22||522499500||393134||0.00075241
23:23||521499500||393509||0.00075241
23:24||521504500||393509||0.00075241
23:25||521505000||393509||0.00075241
23:26||521505000||393509||0.00075241
23:27||521505000||395015||0.00075241
23:28||524004500||395015||0.00075241
23:29||524499500||395015||0.00075241
23:30||525998500||395015||0.00075241
23:31||525998500||395015||0.00075241
23:32||525998500||395766||0.00075241
23:33||526998000||397270||0.00075241
23:34||526998000||397270||0.00075241
23:35||526998000||397270||0.00075241
23:36||526998000||395766||0.00075241
23:37||526998000||395766||0.00075241
23:38||526998000||395766||0.00075241
23:39||526999000||395766||0.00075241
23:40||526999000||395766||0.00075241
23:41||526999000||395766||0.00075241
23:42||526950000||395766||0.00075241
23:43||526950000||395766||0.00075241
23:44||526950000||395766||0.00075241
23:45||527499500||397648||0.00075241
23:46||527499500||398024||0.00075241
23:47||527499500||398024||0.00075241
23:48||527499500||398024||0.00075241
23:49||528000500||398777||0.00075241
23:50||528012500||398777||0.00075241
23:51||529497000||398777||0.00075241
23:52||529488500||398777||0.00075241
23:53||529448500||398777||0.00075241
23:54||529348500||398551||0.00075241
23:55||528350000||398551||0.00075241
23:56||528350000||398551||0.00075241
23:57||528200000||398551||0.00075241
23:58||528200000||398551||0.00075241
23:59||528150000||398551||0.00075241
