00:00||612252500||460612||0.00075241
00:01||612117000||460612||0.00075241
00:02||612219000||460562||0.00075241
00:03||612083500||460562||0.00075241
00:04||612099000||460536||0.00075241
00:05||612591000||460536||0.00075241
00:06||612591000||460513||0.00075241
00:07||613089500||460513||0.00075241
00:08||612595000||460513||0.00075241
00:09||612595000||461306||0.00075241
00:10||613803000||461306||0.00075241
00:11||613845000||463183||0.00075241
00:12||614691500||463183||0.00075241
00:13||614691500||463183||0.00075241
00:14||614691500||463183||0.00075241
00:15||614691500||463183||0.00075241
00:16||614691500||463183||0.00075241
00:17||614691500||463183||0.00075241
00:18||614639000||463183||0.00075241
00:19||614639000||463183||0.00075241
00:20||614639000||463183||0.00075241
00:21||614639000||464377||0.00075241
00:22||614192000||464377||0.00075241
00:23||614272000||464377||0.00075241
00:24||612250500||464377||0.00075241
00:25||614626500||464377||0.00075241
00:26||612625000||460663||0.00075241
00:27||612450000||460663||0.00075241
00:28||612450000||460663||0.00075241
00:29||612450000||460663||0.00075241
00:30||612450000||460663||0.00075241
00:31||614577500||460663||0.00075241
00:32||614577500||460663||0.00075241
00:33||614577500||460663||0.00075241
00:34||614577500||460663||0.00075241
00:35||614528500||460663||0.00075241
00:36||614528500||460663||0.00075241
00:37||614528500||460663||0.00075241
00:38||614528500||460663||0.00075241
00:39||614528500||460663||0.00075241
00:40||614528500||460663||0.00075241
00:41||614528000||460663||0.00075241
00:42||616803000||460663||0.00075241
00:43||616803000||460663||0.00075241
00:44||616805500||460663||0.00075241
00:45||616805500||464091||0.00075241
00:46||616805500||464091||0.00075241
00:47||616805500||464091||0.00075241
00:48||616805500||464091||0.00075241
00:49||616805500||464091||0.00075241
00:50||616805500||464091||0.00075241
00:51||616805500||464090||0.00075241
00:52||616805500||464090||0.00075241
00:53||616805500||464090||0.00075241
00:54||616805500||464090||0.00075241
00:55||616805500||464090||0.00075241
00:56||616855000||464165||0.00075241
00:57||616996500||464165||0.00075241
00:58||616996500||464165||0.00075241
00:59||616996500||464165||0.00075241
01:00||616996500||464165||0.00075241
01:01||617184000||464165||0.00075241
01:02||616996500||464378||0.00075241
01:03||616996500||464378||0.00075241
01:04||617094000||464378||0.00075241
01:05||617094000||464378||0.00075241
01:06||617094000||464378||0.00075241
01:07||617169000||464378||0.00075241
01:08||617169000||464378||0.00075241
01:09||617187500||464378||0.00075241
01:10||617187500||464378||0.00075241
01:11||617187500||464377||0.00075241
01:12||617187500||464377||0.00075241
01:13||617293000||464377||0.00075241
01:14||617293000||464377||0.00075241
01:15||617293000||464377||0.00075241
01:16||617293000||464377||0.00075241
01:17||617293000||464377||0.00075241
01:18||616262000||462826||0.00075241
01:19||616262000||462826||0.00075241
01:20||617199500||462826||0.00075241
01:21||617199500||462826||0.00075241
01:22||617398500||462826||0.00075241
01:23||617398500||462826||0.00075241
01:24||617398500||462826||0.00075241
01:25||617398500||462826||0.00075241
01:26||617398500||464536||0.00075241
01:27||617398500||464536||0.00075241
01:28||617398500||464536||0.00075241
01:29||617398500||464536||0.00075241
01:30||617398500||464536||0.00075241
01:31||617398500||464536||0.00075241
01:32||617398500||464536||0.00075241
01:33||617398500||464536||0.00075241
01:34||617398500||464536||0.00075241
01:35||617398500||464536||0.00075241
01:36||617398500||464536||0.00075241
01:37||617398500||464536||0.00075241
01:38||617398500||464536||0.00075241
01:39||617398500||464536||0.00075241
01:40||617398500||464536||0.00075241
01:41||617699000||464989||0.00075241
01:42||617000000||464989||0.00075241
01:43||617999500||464989||0.00075241
01:44||620250000||466494||0.00075241
01:45||620499500||466870||0.00075241
01:46||621000000||467247||0.00075241
01:47||621000000||466494||0.00075241
01:48||621999500||466494||0.00075241
01:49||621000000||466494||0.00075241
01:50||621000000||466494||0.00075241
01:51||621000000||466494||0.00075241
01:52||620999500||466494||0.00075241
01:53||621000000||467999||0.00075241
01:54||621499500||466494||0.00075241
01:55||621499500||466494||0.00075241
01:56||621499500||466494||0.00075241
01:57||621499500||466494||0.00075241
01:58||621499500||466494||0.00075241
01:59||621499500||466494||0.00075241
02:00||622998500||466494||0.00075241
02:01||622998500||466494||0.00075241
02:02||622998500||466494||0.00075241
02:03||623305500||468834||0.00075241
02:04||623971500||469533||0.00075241
02:05||624182000||470154||0.00075241
02:06||624933000||470256||0.00075241
02:07||624931500||470256||0.00075241
02:08||622447500||466494||0.00075241
02:09||622447500||466494||0.00075241
02:10||623339000||466494||0.00075241
02:11||622617500||466494||0.00075241
02:12||622616500||466494||0.00075241
02:13||623865500||470053||0.00075241
02:14||623867000||470053||0.00075241
02:15||624365500||470053||0.00075241
02:16||624365500||470053||0.00075241
02:17||624365500||470053||0.00075241
02:18||624365500||470053||0.00075241
02:19||624365500||470053||0.00075241
02:20||624365500||470053||0.00075241
02:21||624357500||470053||0.00075241
02:22||623859000||469503||0.00075241
02:23||623859000||469503||0.00075241
02:24||623859000||469503||0.00075241
02:25||623859000||469503||0.00075241
02:26||623859000||469503||0.00075241
02:27||623858500||469503||0.00075241
02:28||623858500||469503||0.00075241
02:29||623858500||469503||0.00075241
02:30||623844500||469503||0.00075241
02:31||625500000||470256||0.00075241
02:32||625500000||470256||0.00075241
02:33||624535000||470256||0.00075241
02:34||625500000||470256||0.00075241
02:35||624980000||470256||0.00075241
02:36||624485000||470256||0.00075241
02:37||624019500||468753||0.00075241
02:38||624509500||468753||0.00075241
02:39||624955500||468753||0.00075241
02:40||624490000||468753||0.00075241
02:41||624490000||468753||0.00075241
02:42||624000500||468753||0.00075241
02:43||623727000||469503||0.00075241
02:44||622310500||469127||0.00075241
02:45||622310500||469127||0.00075241
02:46||622310500||469127||0.00075241
02:47||622310500||469127||0.00075241
02:48||622310500||469127||0.00075241
02:49||622310500||469127||0.00075241
02:50||622310500||469127||0.00075241
02:51||622310500||469127||0.00075241
02:52||622310500||469127||0.00075241
02:53||622310500||469127||0.00075241
02:54||622310500||469127||0.00075241
02:55||622310500||469127||0.00075241
02:56||622310500||469127||0.00075241
02:57||621515000||466494||0.00075241
02:58||621515000||466494||0.00075241
02:59||621515000||466494||0.00075241
03:00||621515000||466494||0.00075241
03:01||621515000||466494||0.00075241
03:02||621515000||466494||0.00075241
03:03||621546500||466494||0.00075241
03:04||621546500||466494||0.00075241
03:05||622015000||466494||0.00075241
03:06||623470000||466494||0.00075241
03:07||623470000||466494||0.00075241
03:08||622990000||466494||0.00075241
03:09||622933500||466628||0.00075241
03:10||622933500||466628||0.00075241
03:11||623391000||466628||0.00075241
03:12||623391000||466628||0.00075241
03:13||623391000||466628||0.00075241
03:14||623391000||466628||0.00075241
03:15||623391000||466628||0.00075241
03:16||623391000||466628||0.00075241
03:17||623391000||466628||0.00075241
03:18||623391000||466628||0.00075241
03:19||622552500||466628||0.00075241
03:20||622552500||466628||0.00075241
03:21||622499500||466628||0.00075241
03:22||622499500||466581||0.00075241
03:23||622207000||466581||0.00075241
03:24||622528000||466581||0.00075241
03:25||622528000||466581||0.00075241
03:26||623028000||466581||0.00075241
03:27||621989500||468375||0.00075241
03:28||621989500||468375||0.00075241
03:29||621989500||468375||0.00075241
03:30||621989500||468375||0.00075241
03:31||621989500||468375||0.00075241
03:32||621989500||468375||0.00075241
03:33||621500500||468375||0.00075241
03:34||620606000||467622||0.00075241
03:35||618965500||466494||0.00075241
03:36||618965500||466494||0.00075241
03:37||619205000||466494||0.00075241
03:38||619205000||465365||0.00075241
03:39||618147500||465365||0.00075241
03:40||618147500||465365||0.00075241
03:41||618147500||465365||0.00075241
03:42||618147500||465365||0.00075241
03:43||618147500||465365||0.00075241
03:44||617497500||465003||0.00075241
03:45||616134000||463948||0.00075241
03:46||616134000||463948||0.00075241
03:47||616134000||463484||0.00075241
03:48||619723000||463484||0.00075241
03:49||619723000||463484||0.00075241
03:50||619723000||463484||0.00075241
03:51||619498500||463484||0.00075241
03:52||619498500||463484||0.00075241
03:53||619498500||463484||0.00075241
03:54||619498500||463587||0.00075241
03:55||619498500||463587||0.00075241
03:56||619498500||463587||0.00075241
03:57||619498500||463587||0.00075241
03:58||619498500||463587||0.00075241
03:59||617780000||463587||0.00075241
04:00||617292000||463587||0.00075241
04:01||619053500||465193||0.00075241
04:02||619053500||465193||0.00075241
04:03||619909500||466005||0.00075241
04:04||619933000||466005||0.00075241
04:05||619933000||466005||0.00075241
04:06||619933000||466005||0.00075241
04:07||619933000||466005||0.00075241
04:08||619933000||466005||0.00075241
04:09||619933000||466005||0.00075241
04:10||619933000||466066||0.00075241
04:11||620738000||466066||0.00075241
04:12||620222000||466066||0.00075241
04:13||620222000||466066||0.00075241
04:14||619716000||466066||0.00075241
04:15||618149000||466066||0.00075241
04:16||618253000||466066||0.00075241
04:17||618345000||466066||0.00075241
04:18||618371500||466066||0.00075241
04:19||618421000||466066||0.00075241
04:20||619079000||466066||0.00075241
04:21||619052500||466066||0.00075241
04:22||618974500||466066||0.00075241
04:23||618974500||466066||0.00075241
04:24||618974500||465722||0.00075241
04:25||618974500||465722||0.00075241
04:26||618974500||465722||0.00075241
04:27||621280500||466418||0.00075241
04:28||621358500||466418||0.00075241
04:29||621361000||466418||0.00075241
04:30||621361000||466418||0.00075241
04:31||621361000||466418||0.00075241
04:32||621093000||466418||0.00075241
04:33||621970500||466418||0.00075241
04:34||619180000||466418||0.00075241
04:35||619399500||466418||0.00075241
04:36||619555000||466418||0.00075241
04:37||619746000||467977||0.00075241
04:38||619879500||467977||0.00075241
04:39||620049000||467977||0.00075241
04:40||620361500||467977||0.00075241
04:41||620459500||467977||0.00075241
04:42||620581000||467981||0.00075241
04:43||620666500||467981||0.00075241
04:44||620771500||467981||0.00075241
04:45||620845000||467981||0.00075241
04:46||620915000||467981||0.00075241
04:47||621000500||467981||0.00075241
04:48||622502000||468751||0.00075241
04:49||619714000||468751||0.00075241
04:50||620060000||468751||0.00075241
04:51||620236000||468751||0.00075241
04:52||620401500||468751||0.00075241
04:53||624518500||470858||0.00075241
04:54||626250000||471008||0.00075241
04:55||622358500||471008||0.00075241
04:56||622605000||471008||0.00075241
04:57||622911500||471008||0.00075241
04:58||623126000||471008||0.00075241
04:59||623327500||471008||0.00075241
05:00||626250000||471008||0.00075241
05:01||625051000||471008||0.00075241
05:02||625050000||471008||0.00075241
05:03||625999000||471383||0.00075241
05:04||626449000||471383||0.00075241
05:05||626497500||471382||0.00075241
05:06||626497500||471382||0.00075241
05:07||626497500||471382||0.00075241
05:08||626497500||471383||0.00075241
05:09||626497500||471383||0.00075241
05:10||626497500||471383||0.00075241
05:11||626497500||471382||0.00075241
05:12||626497500||471382||0.00075241
05:13||626497500||471382||0.00075241
05:14||626497500||471382||0.00075241
05:15||626497500||471382||0.00075241
05:16||626497500||471382||0.00075241
05:17||626497500||471382||0.00075241
05:18||626497500||471382||0.00075241
05:19||626497500||471382||0.00075241
05:20||626497500||471382||0.00075241
05:21||626497500||471382||0.00075241
05:22||626497500||471382||0.00075241
05:23||626497500||471382||0.00075241
05:24||626497500||471382||0.00075241
05:25||626497500||471382||0.00075241
05:26||626497500||471382||0.00075241
05:27||626497500||471382||0.00075241
05:28||626497500||471382||0.00075241
05:29||626497500||471382||0.00075241
05:30||626497500||471382||0.00075241
05:31||626497500||471382||0.00075241
05:32||626497500||471382||0.00075241
05:33||626497500||471382||0.00075241
05:34||626497500||471382||0.00075241
05:35||626497500||471382||0.00075241
05:36||626497500||471382||0.00075241
05:37||626497500||471382||0.00075241
05:38||626497500||471382||0.00075241
05:39||626497500||471382||0.00075241
05:40||626497500||471382||0.00075241
05:41||626497500||471382||0.00075241
05:42||626497500||471382||0.00075241
05:43||626497500||471382||0.00075241
05:44||626497500||471382||0.00075241
05:45||626497500||471382||0.00075241
05:46||626497500||471383||0.00075241
05:47||626497500||471382||0.00075241
05:48||626497500||471382||0.00075241
05:49||626497500||471382||0.00075241
05:50||626497500||471382||0.00075241
05:51||626497500||471382||0.00075241
05:52||626497500||471382||0.00075241
05:53||626497500||471382||0.00075241
05:54||626497500||471382||0.00075241
05:55||626497500||471382||0.00075241
05:56||626497500||471382||0.00075241
05:57||626497500||471382||0.00075241
05:58||626497500||471382||0.00075241
05:59||626497500||471382||0.00075241
06:00||626497500||471382||0.00075241
06:01||626497500||471383||0.00075241
06:02||626497500||471383||0.00075241
06:03||626497500||471383||0.00075241
06:04||626497500||471383||0.00075241
06:05||626497500||471383||0.00075241
06:06||626497500||471383||0.00075241
06:07||626497500||471383||0.00075241
06:08||626497500||471383||0.00075241
06:09||626497500||471383||0.00075241
06:10||626497500||471383||0.00075241
06:11||626497500||471382||0.00075241
06:12||626497500||471382||0.00075241
06:13||626497500||471382||0.00075241
06:14||626497500||471382||0.00075241
06:15||626497500||471382||0.00075241
06:16||626497500||471382||0.00075241
06:17||626497500||471382||0.00075241
06:18||626497500||471382||0.00075241
06:19||626497500||471382||0.00075241
06:20||626497500||471382||0.00075241
06:21||626497500||471382||0.00075241
06:22||626497500||471382||0.00075241
06:23||626497500||471382||0.00075241
06:24||626497500||471382||0.00075241
06:25||626497500||471382||0.00075241
06:26||626497500||471382||0.00075241
06:27||626497500||471382||0.00075241
06:28||626497500||471382||0.00075241
06:29||626497500||471382||0.00075241
06:30||626497500||471382||0.00075241
06:31||626497500||471382||0.00075241
06:32||626497500||471382||0.00075241
06:33||626497500||471382||0.00075241
06:34||626497500||471382||0.00075241
06:35||626497500||471382||0.00075241
06:36||626497500||471382||0.00075241
06:37||626497500||471382||0.00075241
06:38||626497500||471382||0.00075241
06:39||626497500||471382||0.00075241
06:40||626497500||471382||0.00075241
06:41||626497500||471382||0.00075241
06:42||626497500||471382||0.00075241
06:43||626497500||471382||0.00075241
06:44||626497500||471382||0.00075241
06:45||626497000||471382||0.00075241
06:46||625764000||471381||0.00075241
06:47||625813000||471381||0.00075241
06:48||626805000||471383||0.00075241
06:49||627462500||471761||0.00075241
06:50||627060000||471761||0.00075241
06:51||627055000||471475||0.00075241
06:52||626309000||471475||0.00075241
06:53||626118000||471475||0.00075241
06:54||626216000||471475||0.00075241
06:55||626216000||471475||0.00075241
06:56||626216000||471761||0.00075241
06:57||626216000||471761||0.00075241
06:58||626216000||471761||0.00075241
06:59||626217000||471761||0.00075241
07:00||626265000||471761||0.00075241
07:01||627780000||472362||0.00075241
07:02||628249500||472513||0.00075241
07:03||629672000||473265||0.00075241
07:04||629672000||473265||0.00075241
07:05||629672000||473265||0.00075241
07:06||629672000||473265||0.00075241
07:07||629029500||473265||0.00075241
07:08||629029500||473265||0.00075241
07:09||629027500||473265||0.00075241
07:10||629027500||473265||0.00075241
07:11||629027500||473265||0.00075241
07:12||629027500||473265||0.00075241
07:13||629027500||473265||0.00075241
07:14||629043500||473265||0.00075241
07:15||629025000||473265||0.00075241
07:16||629226000||473265||0.00075241
07:17||629226000||473265||0.00075241
07:18||629226000||473265||0.00075241
07:19||629226000||473265||0.00075241
07:20||629226000||473265||0.00075241
07:21||629226000||473265||0.00075241
07:22||629225500||473265||0.00075241
07:23||629225500||473265||0.00075241
07:24||629225000||473265||0.00075241
07:25||629225000||473265||0.00075241
07:26||629225000||473265||0.00075241
07:27||629223000||472890||0.00075241
07:28||629223000||472890||0.00075241
07:29||629223000||472890||0.00075241
07:30||629223000||472890||0.00075241
07:31||629219500||472890||0.00075241
07:32||629939000||473971||0.00075241
07:33||629221000||473971||0.00075241
07:34||629221000||473971||0.00075241
07:35||628751500||473971||0.00075241
07:36||628751500||473971||0.00075241
07:37||628756500||473971||0.00075241
07:38||628606500||473971||0.00075241
07:39||628513500||473971||0.00075241
07:40||628307000||472891||0.00075241
07:41||627772000||470670||0.00075241
07:42||627241500||470670||0.00075241
07:43||627091500||471823||0.00075241
07:44||627091500||471823||0.00075241
07:45||627099500||471823||0.00075241
07:46||627099500||471823||0.00075241
07:47||627099500||471823||0.00075241
07:48||627099500||471823||0.00075241
07:49||627099500||471836||0.00075241
07:50||627099500||471836||0.00075241
07:51||627099500||471836||0.00075241
07:52||627099500||471836||0.00075241
07:53||627099500||471836||0.00075241
07:54||627099500||471836||0.00075241
07:55||627099500||471836||0.00075241
07:56||627099500||471836||0.00075241
07:57||626266000||470581||0.00075241
07:58||626216000||470581||0.00075241
07:59||626216000||470581||0.00075241
08:00||625564000||470581||0.00075241
08:01||625128500||470581||0.00075241
08:02||625128500||470581||0.00075241
08:03||624862000||470256||0.00075241
08:04||624862000||470256||0.00075241
08:05||624627000||470256||0.00075241
08:06||624629500||469977||0.00075241
08:07||624629500||469977||0.00075241
08:08||624629500||469977||0.00075241
08:09||624629500||469973||0.00075241
08:10||624629500||469973||0.00075241
08:11||624629500||469973||0.00075241
08:12||624629500||469973||0.00075241
08:13||622862000||467317||0.00075241
08:14||622047000||467317||0.00075241
08:15||622047000||467317||0.00075241
08:16||622047000||467317||0.00075241
08:17||622510000||467317||0.00075241
08:18||622961000||467317||0.00075241
08:19||622961000||468751||0.00075241
08:20||623601500||468751||0.00075241
08:21||623577000||468807||0.00075241
08:22||623576500||468807||0.00075241
08:23||623577000||468807||0.00075241
08:24||623575000||468807||0.00075241
08:25||623575000||468807||0.00075241
08:26||623576000||468807||0.00075241
08:27||623576000||468807||0.00075241
08:28||623564500||468807||0.00075241
08:29||623564000||468807||0.00075241
08:30||623563500||469555||0.00075241
08:31||623129500||466702||0.00075241
08:32||623128500||466702||0.00075241
08:33||623059500||466702||0.00075241
08:34||623059500||468796||0.00075241
08:35||623059500||468796||0.00075241
08:36||623059500||468796||0.00075241
08:37||623059500||468796||0.00075241
08:38||623059500||468796||0.00075241
08:39||623059500||468795||0.00075241
08:40||623059500||468795||0.00075241
08:41||623059500||468795||0.00075241
08:42||623059500||468795||0.00075241
08:43||623059500||468795||0.00075241
08:44||623059500||468795||0.00075241
08:45||623792500||469553||0.00075241
08:46||624178000||469579||0.00075241
08:47||624178000||469579||0.00075241
08:48||624178000||469579||0.00075241
08:49||624177500||469579||0.00075241
08:50||624156500||469579||0.00075241
08:51||624156500||469621||0.00075241
08:52||623613000||469621||0.00075241
08:53||623620500||469621||0.00075241
08:54||623831500||469621||0.00075241
08:55||623831500||469621||0.00075241
08:56||623829000||469621||0.00075241
08:57||623828500||469621||0.00075241
08:58||624143500||469621||0.00075241
08:59||624143500||469621||0.00075241
09:00||624143500||469621||0.00075241
09:01||624143500||469621||0.00075241
09:02||624143500||469621||0.00075241
09:03||624143500||469621||0.00075241
09:04||624143500||469621||0.00075241
09:05||624143500||469621||0.00075241
09:06||624143500||469621||0.00075241
09:07||624143500||469621||0.00075241
09:08||624143500||469621||0.00075241
09:09||624143500||469621||0.00075241
09:10||624143500||469621||0.00075241
09:11||624143500||469611||0.00075241
09:12||624143500||469611||0.00075241
09:13||624143500||469611||0.00075241
09:14||624143500||469611||0.00075241
09:15||624143500||469611||0.00075241
09:16||624143500||469611||0.00075241
09:17||623507000||469611||0.00075241
09:18||623521000||468826||0.00075241
09:19||623443000||468826||0.00075241
09:20||623428000||468804||0.00075241
09:21||623428000||468804||0.00075241
09:22||623329500||468804||0.00075241
09:23||623059500||468804||0.00075241
09:24||622530500||468017||0.00075241
09:25||622768000||468017||0.00075241
09:26||622749500||468375||0.00075241
09:27||622749500||468375||0.00075241
09:28||622749500||468749||0.00075241
09:29||622749000||468375||0.00075241
09:30||622749000||468375||0.00075241
09:31||622501500||468375||0.00075241
09:32||622501500||468375||0.00075241
09:33||622501500||468375||0.00075241
09:34||622501500||468375||0.00075241
09:35||622501500||468375||0.00075241
09:36||622501500||468375||0.00075241
09:37||622501500||468375||0.00075241
09:38||622501500||468375||0.00075241
09:39||621762500||468015||0.00075241
09:40||621316500||467622||0.00075241
09:41||618939500||466418||0.00075241
09:42||618920500||466418||0.00075241
09:43||620009000||466418||0.00075241
09:44||620394500||465121||0.00075241
09:45||620808500||465121||0.00075241
09:46||620479000||465121||0.00075241
09:47||620448000||465121||0.00075241
09:48||620419000||466494||0.00075241
09:49||620391500||466494||0.00075241
09:50||620110500||466117||0.00075241
09:51||620072000||466117||0.00075241
09:52||620047500||466117||0.00075241
09:53||620001500||466117||0.00075241
09:54||619979500||466117||0.00075241
09:55||619948500||466823||0.00075241
09:56||619937500||466823||0.00075241
09:57||619937500||466776||0.00075241
09:58||619937500||466776||0.00075241
09:59||619937500||466776||0.00075241
10:00||619937500||466776||0.00075241
10:01||619946500||466776||0.00075241
10:02||619946500||466776||0.00075241
10:03||619518500||466776||0.00075241
10:04||619518500||466776||0.00075241
10:05||619518500||466132||0.00075241
10:06||619518500||466132||0.00075241
10:07||619518500||466132||0.00075241
10:08||619518500||466132||0.00075241
10:09||619948000||466132||0.00075241
10:10||619948000||466132||0.00075241
10:11||619961500||466132||0.00075241
10:12||619961500||466776||0.00075241
10:13||619961500||466776||0.00075241
10:14||620374500||466776||0.00075241
10:15||620374500||466776||0.00075241
10:16||620374500||466775||0.00075241
10:17||620535000||466776||0.00075241
10:18||620938500||467069||0.00075241
10:19||620938500||467069||0.00075241
10:20||620938500||467069||0.00075241
10:21||620938500||467069||0.00075241
10:22||620938500||467069||0.00075241
10:23||620938500||467069||0.00075241
10:24||620938500||467069||0.00075241
10:25||620951000||467069||0.00075241
10:26||620951000||467069||0.00075241
10:27||620902500||467069||0.00075241
10:28||620951000||467246||0.00075241
10:29||620951000||467246||0.00075241
10:30||620951000||467246||0.00075241
10:31||620951000||467246||0.00075241
10:32||620951000||467246||0.00075241
10:33||620952500||467246||0.00075241
10:34||620952500||467246||0.00075241
10:35||620952500||467246||0.00075241
10:36||620952500||467246||0.00075241
10:37||620952500||467246||0.00075241
10:38||620952500||467246||0.00075241
10:39||621281500||467622||0.00075241
10:40||621260000||467710||0.00075241
10:41||621260000||467710||0.00075241
10:42||621300000||467710||0.00075241
10:43||621550000||467710||0.00075241
10:44||621599500||467710||0.00075241
10:45||621599500||467710||0.00075241
10:46||621599500||467710||0.00075241
10:47||621599500||467698||0.00075241
10:48||621599500||467698||0.00075241
10:49||621599500||467698||0.00075241
10:50||621599500||467698||0.00075241
10:51||621599500||467698||0.00075241
10:52||621599500||467698||0.00075241
10:53||621599500||467698||0.00075241
10:54||621599500||467698||0.00075241
10:55||621599500||467698||0.00075241
10:56||621616500||467698||0.00075241
10:57||621616500||467710||0.00075241
10:58||621616500||467710||0.00075241
10:59||621857500||467710||0.00075241
11:00||621858000||468074||0.00075241
11:01||621858000||468074||0.00075241
11:02||621858000||468074||0.00075241
11:03||621858000||468074||0.00075241
11:04||621857500||468074||0.00075241
11:05||621857000||468073||0.00075241
11:06||621857500||468073||0.00075241
11:07||621857500||468073||0.00075241
11:08||621857500||468073||0.00075241
11:09||621857500||468073||0.00075241
11:10||621857500||468073||0.00075241
11:11||621857500||468073||0.00075241
11:12||621857500||468073||0.00075241
11:13||621857500||468073||0.00075241
11:14||621857500||468073||0.00075241
11:15||621857500||468073||0.00075241
11:16||621857000||468073||0.00075241
11:17||621857000||467710||0.00075241
11:18||621857000||467710||0.00075241
11:19||621857000||467710||0.00075241
11:20||621857000||467710||0.00075241
11:21||621857000||467710||0.00075241
11:22||621857000||467710||0.00075241
11:23||621857000||467710||0.00075241
11:24||621857000||468072||0.00075241
11:25||621857000||468072||0.00075241
11:26||621857000||468072||0.00075241
11:27||622095500||468071||0.00075241
11:28||622095500||468071||0.00075241
11:29||622095500||468071||0.00075241
11:30||622095500||468071||0.00075241
11:31||622095500||468071||0.00075241
11:32||622095500||468071||0.00075241
11:33||622095500||468071||0.00075241
11:34||622095500||468071||0.00075241
11:35||622095500||468071||0.00075241
11:36||622095500||468070||0.00075241
11:37||622095500||468070||0.00075241
11:38||622095500||468070||0.00075241
11:39||622095500||468071||0.00075241
11:40||622095500||468071||0.00075241
11:41||622095500||468071||0.00075241
11:42||621856500||467710||0.00075241
11:43||621856500||467710||0.00075241
11:44||621804500||467710||0.00075241
11:45||621804500||467710||0.00075241
11:46||621804500||467710||0.00075241
11:47||621804500||467710||0.00075241
11:48||621804500||467710||0.00075241
11:49||621804500||467710||0.00075241
11:50||621804500||467993||0.00075241
11:51||621804500||467993||0.00075241
11:52||621617500||467993||0.00075241
11:53||621617500||467993||0.00075241
11:54||621617500||467993||0.00075241
11:55||621617500||467993||0.00075241
11:56||621617500||467993||0.00075241
11:57||621617500||467993||0.00075241
11:58||621617500||467993||0.00075241
11:59||621617500||467993||0.00075241
12:00||621617500||467993||0.00075241
12:01||621617500||467993||0.00075241
12:02||621617500||467993||0.00075241
12:03||621617500||467993||0.00075241
12:04||621617500||467993||0.00075241
12:05||621617500||467993||0.00075241
12:06||621617500||467993||0.00075241
12:07||621617500||467993||0.00075241
12:08||621617500||467993||0.00075241
12:09||621617500||467993||0.00075241
12:10||621617500||467993||0.00075241
12:11||621617500||467993||0.00075241
12:12||621617500||467993||0.00075241
12:13||621617500||467993||0.00075241
12:14||621617500||467993||0.00075241
12:15||621617500||467993||0.00075241
12:16||621856500||468070||0.00075241
12:17||621857000||468070||0.00075241
12:18||621857000||468070||0.00075241
12:19||621857000||468070||0.00075241
12:20||622542500||468074||0.00075241
12:21||622542500||468074||0.00075241
12:22||622543500||468074||0.00075241
12:23||622545000||468074||0.00075241
12:24||622545000||468074||0.00075241
12:25||622596000||468074||0.00075241
12:26||622596000||468074||0.00075241
12:27||622597500||468074||0.00075241
12:28||622597500||468743||0.00075241
12:29||622597500||468743||0.00075241
12:30||622599500||468743||0.00075241
12:31||622630500||468749||0.00075241
12:32||622630500||468749||0.00075241
12:33||622630500||468749||0.00075241
12:34||622632000||468749||0.00075241
12:35||622633500||468749||0.00075241
12:36||623049500||468749||0.00075241
12:37||623049500||468749||0.00075241
12:38||623049500||468749||0.00075241
12:39||623049500||468749||0.00075241
12:40||623049500||468749||0.00075241
12:41||623049500||468749||0.00075241
12:42||623519500||469488||0.00075241
12:43||623519500||469488||0.00075241
12:44||623520000||469494||0.00075241
12:45||623520000||469494||0.00075241
12:46||623521500||469494||0.00075241
12:47||623793500||469494||0.00075241
12:48||623793500||469494||0.00075241
12:49||623793500||469494||0.00075241
12:50||623600500||469494||0.00075241
12:51||623793500||469494||0.00075241
12:52||623793500||469494||0.00075241
12:53||623793500||469494||0.00075241
12:54||623792500||469494||0.00075241
12:55||623984500||469494||0.00075241
12:56||623984500||469494||0.00075241
12:57||623984500||469492||0.00075241
12:58||623984500||469492||0.00075241
12:59||623984500||469491||0.00075241
13:00||623984500||469491||0.00075241
13:01||624065500||469503||0.00075241
13:02||624496000||470248||0.00075241
13:03||624508000||469523||0.00075241
13:04||625150000||470247||0.00075241
13:05||625150000||470247||0.00075241
13:06||625651500||470993||0.00075241
13:07||625651500||470993||0.00075241
13:08||625818000||470993||0.00075241
13:09||625653000||470749||0.00075241
13:10||625650500||470749||0.00075241
13:11||625650500||470746||0.00075241
13:12||625650500||470746||0.00075241
13:13||625650500||470746||0.00075241
13:14||625650500||470746||0.00075241
13:15||625650500||470746||0.00075241
13:16||625650500||470746||0.00075241
13:17||625650500||470745||0.00075241
13:18||625650500||470746||0.00075241
13:19||625650500||470745||0.00075241
13:20||625650500||470745||0.00075241
13:21||625650500||470745||0.00075241
13:22||625650500||470745||0.00075241
13:23||625650500||470745||0.00075241
13:24||625471500||470745||0.00075241
13:25||625471500||470506||0.00075241
13:26||625166500||470506||0.00075241
13:27||625166500||470506||0.00075241
13:28||625166500||470506||0.00075241
13:29||625166500||470506||0.00075241
13:30||625000500||470506||0.00075241
13:31||625000500||470506||0.00075241
13:32||624610000||469693||0.00075241
13:33||624593000||470232||0.00075241
13:34||624585000||470232||0.00075241
13:35||624570000||470232||0.00075241
13:36||624555500||470232||0.00075241
13:37||624541500||470232||0.00075241
13:38||624541000||470232||0.00075241
13:39||624625500||470162||0.00075241
13:40||624626500||470162||0.00075241
13:41||624628500||470162||0.00075241
13:42||624628500||470162||0.00075241
13:43||624628500||470162||0.00075241
13:44||624628500||470162||0.00075241
13:45||624628500||470162||0.00075241
13:46||624628500||470162||0.00075241
13:47||624628500||470162||0.00075241
13:48||624628500||470256||0.00075241
13:49||624795000||470506||0.00075241
13:50||624795000||470506||0.00075241
13:51||624801000||470506||0.00075241
13:52||624801000||470506||0.00075241
13:53||624984500||470746||0.00075241
13:54||625034000||470782||0.00075241
13:55||625039000||470782||0.00075241
13:56||625131500||470992||0.00075241
13:57||625131000||470992||0.00075241
13:58||625131000||469716||0.00075241
13:59||625132000||469716||0.00075241
14:00||625238000||469880||0.00075241
14:01||625489000||469880||0.00075241
14:02||625730500||470988||0.00075241
14:03||625852000||470988||0.00075241
14:04||625240000||469881||0.00075241
14:05||625240000||469881||0.00075241
14:06||625240000||469881||0.00075241
14:07||625211500||469881||0.00075241
14:08||625153500||469881||0.00075241
14:09||625026000||469716||0.00075241
14:10||624267500||469705||0.00075241
14:11||624884000||469705||0.00075241
14:12||624882500||469705||0.00075241
14:13||624881000||470625||0.00075241
14:14||626129500||471008||0.00075241
14:15||626129500||471008||0.00075241
14:16||626129500||471008||0.00075241
14:17||626129500||471203||0.00075241
14:18||627566000||472513||0.00075241
14:19||629150500||474093||0.00075241
14:20||630024500||474655||0.00075241
14:21||629850000||475438||0.00075241
14:22||631500500||474655||0.00075241
14:23||631503500||475523||0.00075241
14:24||633200000||475635||0.00075241
14:25||634137500||475635||0.00075241
14:26||634262000||477306||0.00075241
14:27||634260000||477140||0.00075241
14:28||634372000||477306||0.00075241
14:29||632190000||474022||0.00075241
14:30||632389000||474323||0.00075241
14:31||632505500||477283||0.00075241
14:32||632500000||477283||0.00075241
14:33||632620000||477026||0.00075241
14:34||633977500||477026||0.00075241
14:35||633978500||477012||0.00075241
14:36||633978500||477012||0.00075241
14:37||633978500||477012||0.00075241
14:38||634175500||477310||0.00075241
14:39||633217500||475552||0.00075241
14:40||633222500||475552||0.00075241
14:41||633224000||475576||0.00075241
14:42||633226000||475582||0.00075241
14:43||633316000||475717||0.00075241
14:44||633654500||475755||0.00075241
14:45||633749000||477778||0.00075241
14:46||633831500||477780||0.00075241
14:47||634165000||477779||0.00075241
14:48||634999500||477779||0.00075241
14:49||634999500||477779||0.00075241
14:50||634999500||477779||0.00075241
14:51||634999500||477780||0.00075241
14:52||634999500||477780||0.00075241
14:53||634999500||477779||0.00075241
14:54||634999500||477779||0.00075241
14:55||634999500||477779||0.00075241
14:56||634999500||477780||0.00075241
14:57||634999500||477780||0.00075241
14:58||634999500||477779||0.00075241
14:59||634999500||477779||0.00075241
15:00||634999500||477780||0.00075241
15:01||634999500||477780||0.00075241
15:02||634999500||477779||0.00075241
15:03||636440000||479992||0.00075241
15:04||636381500||479992||0.00075241
15:05||636356500||479858||0.00075241
15:06||636281000||479858||0.00075241
15:07||636520500||479858||0.00075241
15:08||637261500||479858||0.00075241
15:09||637262500||480037||0.00075241
15:10||637262500||480037||0.00075241
15:11||637649000||479510||0.00075241
15:12||637263000||479510||0.00075241
15:13||637263000||479510||0.00075241
15:14||637263000||478930||0.00075241
15:15||637233000||478930||0.00075241
15:16||637174500||478928||0.00075241
15:17||637120500||478928||0.00075241
15:18||636505500||478156||0.00075241
15:19||636444000||478156||0.00075241
15:20||636367000||478156||0.00075241
15:21||636295000||478156||0.00075241
15:22||636295000||478156||0.00075241
15:23||636220000||479230||0.00075241
15:24||636299000||479230||0.00075241
15:25||636299000||479230||0.00075241
15:26||636299000||478165||0.00075241
15:27||636125000||477968||0.00075241
15:28||636084500||477968||0.00075241
15:29||635999500||479196||0.00075241
15:30||635407000||477103||0.00075241
15:31||635408000||477103||0.00075241
15:32||635408000||477103||0.00075241
15:33||635606000||477103||0.00075241
15:34||635604500||479064||0.00075241
15:35||635833000||479062||0.00075241
15:36||635833000||477780||0.00075241
15:37||635666500||477780||0.00075241
15:38||635613000||477780||0.00075241
15:39||635447000||477780||0.00075241
15:40||635446000||477780||0.00075241
15:41||635446500||478446||0.00075241
15:42||635627500||477808||0.00075241
15:43||635629500||477808||0.00075241
15:44||635634500||477808||0.00075241
15:45||635782500||478043||0.00075241
15:46||635857500||478043||0.00075241
15:47||635857500||478043||0.00075241
15:48||635857500||478043||0.00075241
15:49||635857500||478156||0.00075241
15:50||635500500||478156||0.00075241
15:51||635500500||478156||0.00075241
15:52||635500500||478156||0.00075241
15:53||635500500||478156||0.00075241
15:54||635800500||478381||0.00075241
15:55||635949500||478382||0.00075241
15:56||636200000||478759||0.00075241
15:57||636646000||478759||0.00075241
15:58||636994000||479285||0.00075241
15:59||637314500||479765||0.00075241
16:00||637319500||480039||0.00075241
16:01||637882500||480039||0.00075241
16:02||637813000||480479||0.00075241
16:03||637750500||480479||0.00075241
16:04||637708500||480479||0.00075241
16:05||637655000||479319||0.00075241
16:06||637616500||479319||0.00075241
16:07||637580000||479319||0.00075241
16:08||637535000||479319||0.00075241
16:09||637504000||479319||0.00075241
16:10||637469500||479319||0.00075241
16:11||637443500||479329||0.00075241
16:12||637422000||479329||0.00075241
16:13||637398500||479329||0.00075241
16:14||637369500||479329||0.00075241
16:15||637338000||479329||0.00075241
16:16||636534000||479316||0.00075241
16:17||636505500||479316||0.00075241
16:18||636470500||479316||0.00075241
16:19||636445000||478608||0.00075241
16:20||636423000||478608||0.00075241
16:21||636414500||478608||0.00075241
16:22||636414500||478608||0.00075241
16:23||636415000||478608||0.00075241
16:24||636414000||478608||0.00075241
16:25||636414000||478608||0.00075241
16:26||636423500||478623||0.00075241
16:27||636424000||479080||0.00075241
16:28||636805500||479652||0.00075241
16:29||636804000||479652||0.00075241
16:30||636804000||479652||0.00075241
16:31||636803500||479652||0.00075241
16:32||636934000||479842||0.00075241
16:33||636934000||479842||0.00075241
16:34||636812500||479842||0.00075241
16:35||637175000||479661||0.00075241
16:36||636812500||478628||0.00075241
16:37||636824000||478628||0.00075241
16:38||636825000||478628||0.00075241
16:39||636826500||478628||0.00075241
16:40||636903500||478628||0.00075241
16:41||636904500||478765||0.00075241
16:42||636904500||478766||0.00075241
16:43||636906500||478766||0.00075241
16:44||636906500||478766||0.00075241
16:45||636906500||478766||0.00075241
16:46||636906500||479659||0.00075241
16:47||636906500||479659||0.00075241
16:48||636906500||479659||0.00075241
16:49||636906000||479659||0.00075241
16:50||636906000||479659||0.00075241
16:51||636906000||479659||0.00075241
16:52||636906000||478772||0.00075241
16:53||636880500||478772||0.00075241
16:54||636833500||478772||0.00075241
16:55||636789500||478772||0.00075241
16:56||636759000||479465||0.00075241
16:57||636827000||479465||0.00075241
16:58||636815000||478915||0.00075241
16:59||636823500||478915||0.00075241
17:00||636825000||478930||0.00075241
17:01||636830500||478930||0.00075241
17:02||636835000||478930||0.00075241
17:03||636823000||478930||0.00075241
17:04||636804500||478930||0.00075241
17:05||636786500||478930||0.00075241
17:06||636769000||478946||0.00075241
17:07||636754000||478946||0.00075241
17:08||636739500||478946||0.00075241
17:09||636376000||478858||0.00075241
17:10||636376000||478858||0.00075241
17:11||636319500||478858||0.00075241
17:12||636319500||478858||0.00075241
17:13||636319500||478773||0.00075241
17:14||636319500||478773||0.00075241
17:15||636319500||478773||0.00075241
17:16||636608500||478773||0.00075241
17:17||636608000||478773||0.00075241
17:18||636588500||478773||0.00075241
17:19||636570500||478773||0.00075241
17:20||636548000||478780||0.00075241
17:21||636532000||478780||0.00075241
17:22||636517000||479078||0.00075241
17:23||636511500||479078||0.00075241
17:24||636511500||479078||0.00075241
17:25||636463000||478981||0.00075241
17:26||636466500||478783||0.00075241
17:27||636599000||478984||0.00075241
17:28||636599500||478984||0.00075241
17:29||640100000||481692||0.00075241
17:30||644250000||485567||0.00075241
17:31||648501000||489066||0.00075241
17:32||651499000||491572||0.00075241
17:33||651999000||492827||0.00075241
17:34||659562500||499656||0.00075241
17:35||659701000||499656||0.00075241
17:36||661946500||499656||0.00075241
17:37||661830500||499342||0.00075241
17:38||661851500||499600||0.00075241
17:39||662281000||499600||0.00075241
17:40||662609000||497733||0.00075241
17:41||662613000||497740||0.00075241
17:42||663276000||499600||0.00075241
17:43||664249000||497760||0.00075241
17:44||664598500||497760||0.00075241
17:45||668449500||504114||0.00075241
17:46||667450500||501782||0.00075241
17:47||667450000||501857||0.00075241
17:48||669961000||505559||0.00075241
17:49||669654000||500404||0.00075241
17:50||665372000||500405||0.00075241
17:51||665371000||500412||0.00075241
17:52||662886500||503361||0.00075241
17:53||664098000||496680||0.00075241
17:54||664274000||496967||0.00075241
17:55||665522000||498598||0.00075241
17:56||666252000||502639||0.00075241
17:57||667524500||502639||0.00075241
17:58||668037500||502610||0.00075241
17:59||668037500||502610||0.00075241
18:00||666525500||502609||0.00075241
18:01||665689000||501333||0.00075241
18:02||666227500||500434||0.00075241
18:03||665643000||500442||0.00075241
18:04||666145500||501206||0.00075241
18:05||666266500||501276||0.00075241
18:06||666227500||501221||0.00075241
18:07||665908000||500520||0.00075241
18:08||667294000||502632||0.00075241
18:09||667780000||502630||0.00075241
18:10||668520000||502638||0.00075241
18:11||668550000||502638||0.00075241
18:12||668748000||502638||0.00075241
18:13||667853500||501606||0.00075241
18:14||667782000||501880||0.00075241
18:15||668797500||502989||0.00075241
18:16||668846500||503062||0.00075241
18:17||668992500||501993||0.00075241
18:18||669700000||504615||0.00075241
18:19||670597500||504039||0.00075241
18:20||668712500||501669||0.00075241
18:21||670672000||504679||0.00075241
18:22||668717000||501728||0.00075241
18:23||669491000||501728||0.00075241
18:24||669005500||503366||0.00075241
18:25||670162500||504379||0.00075241
18:26||670159000||504115||0.00075241
18:27||670000500||504115||0.00075241
18:28||670003500||504115||0.00075241
18:29||670158500||504352||0.00075241
18:30||670313500||504116||0.00075241
18:31||670313500||504350||0.00075241
18:32||670313500||504350||0.00075241
18:33||670313500||504350||0.00075241
18:34||670158500||502497||0.00075241
18:35||670001500||502497||0.00075241
18:36||670001500||504116||0.00075241
18:37||669009500||503363||0.00075241
18:38||668879500||503363||0.00075241
18:39||670153000||505029||0.00075241
18:40||671213000||505029||0.00075241
18:41||671213500||504114||0.00075241
18:42||671213500||505028||0.00075241
18:43||671213500||505028||0.00075241
18:44||671214500||505028||0.00075241
18:45||671667500||505029||0.00075241
18:46||674250000||505542||0.00075241
18:47||674267500||505542||0.00075241
18:48||673575500||505542||0.00075241
18:49||673575500||505542||0.00075241
18:50||672456000||506779||0.00075241
18:51||672374500||506779||0.00075241
18:52||672444000||505393||0.00075241
18:53||672382500||505393||0.00075241
18:54||672391500||505469||0.00075241
18:55||671890500||505469||0.00075241
18:56||671803500||505469||0.00075241
18:57||671803500||505469||0.00075241
18:58||671803500||505469||0.00075241
18:59||671803500||505469||0.00075241
19:00||671803500||505469||0.00075241
19:01||672818000||507124||0.00075241
19:02||672800000||505478||0.00075241
19:03||673623500||505478||0.00075241
19:04||673624500||506842||0.00075241
19:05||674490500||507139||0.00075241
19:06||674449000||507124||0.00075241
19:07||674246000||507756||0.00075241
19:08||674488500||507125||0.00075241
19:09||674697000||507491||0.00075241
19:10||674697000||507491||0.00075241
19:11||674696500||507491||0.00075241
19:12||674489500||507493||0.00075241
19:13||673333000||505753||0.00075241
19:14||673799500||505770||0.00075241
19:15||672077500||505675||0.00075241
19:16||673149500||507350||0.00075241
19:17||673086500||505686||0.00075241
19:18||672826500||505395||0.00075241
19:19||673771500||506951||0.00075241
19:20||674047500||507424||0.00075241
19:21||674048500||506979||0.00075241
19:22||674298500||506979||0.00075241
19:23||674298500||506979||0.00075241
19:24||674298500||507349||0.00075241
19:25||674298500||507348||0.00075241
19:26||674904500||507447||0.00075241
19:27||674999500||507876||0.00075241
19:28||674999500||507876||0.00075241
19:29||675546000||507876||0.00075241
19:30||675844000||509005||0.00075241
19:31||675050500||507804||0.00075241
19:32||675040500||507808||0.00075241
19:33||674998500||507942||0.00075241
19:34||674999000||507809||0.00075241
19:35||675134000||508020||0.00075241
19:36||675738000||508928||0.00075241
19:37||675737500||507816||0.00075241
19:38||675736500||507816||0.00075241
19:39||675706000||508924||0.00075241
19:40||675624000||508879||0.00075241
19:41||675459000||508629||0.00075241
19:42||675455500||508627||0.00075241
19:43||675455500||508627||0.00075241
19:44||674889000||508620||0.00075241
19:45||674849000||506974||0.00075241
19:46||674799500||506974||0.00075241
19:47||674550500||506974||0.00075241
19:48||674599000||507124||0.00075241
19:49||674599000||507124||0.00075241
19:50||674449500||506974||0.00075241
19:51||674349000||506973||0.00075241
19:52||673800000||506973||0.00075241
19:53||673196500||506971||0.00075241
19:54||672774500||505435||0.00075241
19:55||672797500||505469||0.00075241
19:56||671799500||505469||0.00075241
19:57||671775000||505431||0.00075241
19:58||671652500||505247||0.00075241
19:59||671602500||505247||0.00075241
20:00||671505500||505247||0.00075241
20:01||671505500||505247||0.00075241
20:02||671505500||505247||0.00075241
20:03||671505500||505247||0.00075241
20:04||671505500||505247||0.00075241
20:05||671505500||505247||0.00075241
20:06||671505500||505247||0.00075241
20:07||671505500||505247||0.00075241
20:08||671505500||505247||0.00075241
20:09||671505500||505247||0.00075241
20:10||671505500||505247||0.00075241
20:11||671505500||505247||0.00075241
20:12||671505500||505247||0.00075241
20:13||671505500||505247||0.00075241
20:14||671505500||505247||0.00075241
20:15||671505500||505247||0.00075241
20:16||671505500||505247||0.00075241
20:17||671505500||505247||0.00075241
20:18||671505500||505247||0.00075241
20:19||671505500||505247||0.00075241
20:20||671505500||505247||0.00075241
20:21||671505500||505247||0.00075241
20:22||671505500||505247||0.00075241
20:23||672546500||505470||0.00075241
20:24||672546500||505247||0.00075241
20:25||672251000||505247||0.00075241
20:26||671499500||504116||0.00075241
20:27||671499500||506369||0.00075241
20:28||671499000||506369||0.00075241
20:29||671251000||506369||0.00075241
20:30||671250000||506369||0.00075241
20:31||671248500||506369||0.00075241
20:32||671248000||505991||0.00075241
20:33||671244500||504116||0.00075241
20:34||671242000||504116||0.00075241
20:35||671240500||504116||0.00075241
20:36||671242500||505982||0.00075241
20:37||671245500||504120||0.00075241
20:38||671198000||504120||0.00075241
20:39||671198000||505911||0.00075241
20:40||671198000||504120||0.00075241
20:41||671004500||504120||0.00075241
20:42||670507000||504120||0.00075241
20:43||671501500||504870||0.00075241
20:44||670444000||504030||0.00075241
20:45||670443500||504030||0.00075241
20:46||670443500||504030||0.00075241
20:47||670443500||504030||0.00075241
20:48||670442500||504030||0.00075241
20:49||670243000||504030||0.00075241
20:50||669888500||504030||0.00075241
20:51||670443000||504030||0.00075241
20:52||670002500||503368||0.00075241
20:53||669008500||503368||0.00075241
20:54||669552500||504187||0.00075241
20:55||669552000||504187||0.00075241
20:56||669552000||504187||0.00075241
20:57||669552000||504187||0.00075241
20:58||669552000||503368||0.00075241
20:59||669504000||503368||0.00075241
21:00||669504000||503368||0.00075241
21:01||669504000||503368||0.00075241
21:02||668905500||503362||0.00075241
21:03||670585500||504187||0.00075241
21:04||670585500||504243||0.00075241
21:05||670586000||504256||0.00075241
21:06||670500500||504256||0.00075241
21:07||670510500||504867||0.00075241
21:08||670510500||504130||0.00075241
21:09||671355000||504867||0.00075241
21:10||670826000||504867||0.00075241
21:11||671595500||505315||0.00075241
21:12||671741500||505616||0.00075241
21:13||671741500||505616||0.00075241
21:14||671741500||505616||0.00075241
21:15||671452500||505616||0.00075241
21:16||671600000||505616||0.00075241
21:17||671500500||505616||0.00075241
21:18||670750000||504867||0.00075241
21:19||671000500||504867||0.00075241
21:20||671000500||504867||0.00075241
21:21||670850500||504867||0.00075241
21:22||670850000||505017||0.00075241
21:23||670855000||505017||0.00075241
21:24||670855000||505017||0.00075241
21:25||670855000||505017||0.00075241
21:26||670600000||504490||0.00075241
21:27||670550000||504490||0.00075241
21:28||670300000||504490||0.00075241
21:29||670150500||504190||0.00075241
21:30||670150500||504190||0.00075241
21:31||670150500||504190||0.00075241
21:32||670150500||504190||0.00075241
21:33||670151000||504190||0.00075241
21:34||670102500||504191||0.00075241
21:35||670102500||504191||0.00075241
21:36||670102500||504191||0.00075241
21:37||670102500||504191||0.00075241
21:38||670102500||504192||0.00075241
21:39||670102500||504192||0.00075241
21:40||670102500||504192||0.00075241
21:41||670102500||504192||0.00075241
21:42||670102500||504192||0.00075241
21:43||670102500||504192||0.00075241
21:44||670102500||504192||0.00075241
21:45||670101500||504190||0.00075241
21:46||670101500||504190||0.00075241
21:47||670100500||504190||0.00075241
21:48||670100500||504190||0.00075241
21:49||670100500||504190||0.00075241
21:50||670100500||504190||0.00075241
21:51||670100500||504190||0.00075241
21:52||670100500||504190||0.00075241
21:53||670100500||504190||0.00075241
21:54||670100500||504190||0.00075241
21:55||670100500||504190||0.00075241
21:56||668614500||504190||0.00075241
21:57||668614500||504190||0.00075241
21:58||668644000||504190||0.00075241
21:59||668644000||504190||0.00075241
22:00||668644000||504189||0.00075241
22:01||668679000||502051||0.00075241
22:02||668713500||502051||0.00075241
22:03||668713500||502051||0.00075241
22:04||668742500||502051||0.00075241
22:05||668720000||502147||0.00075241
22:06||668720000||502188||0.00075241
22:07||669265000||504114||0.00075241
22:08||669265000||504114||0.00075241
22:09||669265000||504114||0.00075241
22:10||669265000||504114||0.00075241
22:11||669264500||504114||0.00075241
22:12||669264500||504114||0.00075241
22:13||670100000||504265||0.00075241
22:14||671451500||505169||0.00075241
22:15||671451500||505169||0.00075241
22:16||671645000||505535||0.00075241
22:17||671645000||505535||0.00075241
22:18||671645000||505535||0.00075241
22:19||671402500||505169||0.00075241
22:20||671402500||505169||0.00075241
22:21||672053500||505619||0.00075241
22:22||672053500||505694||0.00075241
22:23||672099500||505694||0.00075241
22:24||672099500||505694||0.00075241
22:25||672099500||505694||0.00075241
22:26||672099500||505694||0.00075241
22:27||672099500||505694||0.00075241
22:28||672099500||505694||0.00075241
22:29||672099500||505694||0.00075241
22:30||672099500||505694||0.00075241
22:31||672099500||505694||0.00075241
22:32||672053500||505694||0.00075241
22:33||672053500||505694||0.00075241
22:34||672053500||505694||0.00075241
22:35||672053500||505694||0.00075241
22:36||672053500||505694||0.00075241
22:37||672053500||505694||0.00075241
22:38||672053500||505694||0.00075241
22:39||672053500||505694||0.00075241
22:40||672053500||505694||0.00075241
22:41||672053500||505694||0.00075241
22:42||672053500||505694||0.00075241
22:43||672053500||505694||0.00075241
22:44||672053500||505694||0.00075241
22:45||672053500||505624||0.00075241
22:46||672053500||505624||0.00075241
22:47||670915500||504380||0.00075241
22:48||670926500||504380||0.00075241
22:49||670926500||504380||0.00075241
22:50||670801500||504380||0.00075241
22:51||670801500||504380||0.00075241
22:52||670801500||504380||0.00075241
22:53||670801000||505055||0.00075241
22:54||670810000||505055||0.00075241
22:55||671127000||505055||0.00075241
22:56||671248500||505054||0.00075241
22:57||671248500||505054||0.00075241
22:58||671248500||505054||0.00075241
22:59||669951000||503015||0.00075241
23:00||670049000||504874||0.00075241
23:01||670122000||504874||0.00075241
23:02||669872000||504874||0.00075241
23:03||669871500||504874||0.00075241
23:04||669871500||504874||0.00075241
23:05||669871500||504874||0.00075241
23:06||669989000||504874||0.00075241
23:07||669989000||504874||0.00075241
23:08||669989000||504874||0.00075241
23:09||669989000||503572||0.00075241
23:10||669279500||504641||0.00075241
23:11||669989000||504641||0.00075241
23:12||670003500||504641||0.00075241
23:13||670003500||503594||0.00075241
23:14||670003500||503594||0.00075241
23:15||670003500||503594||0.00075241
23:16||670003500||503594||0.00075241
23:17||670003500||503594||0.00075241
23:18||670003500||503594||0.00075241
23:19||670003500||504640||0.00075241
23:20||670003500||504640||0.00075241
23:21||670003500||504640||0.00075241
23:22||670003500||504640||0.00075241
23:23||670003500||504640||0.00075241
23:24||670003500||504640||0.00075241
23:25||670698500||504640||0.00075241
23:26||670698500||504640||0.00075241
23:27||671379500||506190||0.00075241
23:28||671084500||506190||0.00075241
23:29||671544500||506190||0.00075241
23:30||671545000||504266||0.00075241
23:31||671545000||504266||0.00075241
23:32||671544500||504266||0.00075241
23:33||671544500||504266||0.00075241
23:34||671544500||504266||0.00075241
23:35||671544500||504266||0.00075241
23:36||671544500||504266||0.00075241
23:37||671356000||504266||0.00075241
23:38||671356000||504266||0.00075241
23:39||671356000||504266||0.00075241
23:40||671693500||504490||0.00075241
23:41||671944000||504490||0.00075241
23:42||671944000||506286||0.00075241
23:43||672443500||506286||0.00075241
23:44||672443500||506286||0.00075241
23:45||672444000||506286||0.00075241
23:46||672444000||506286||0.00075241
23:47||672444000||506286||0.00075241
23:48||672444000||506286||0.00075241
23:49||672444000||506286||0.00075241
23:50||672444000||506286||0.00075241
23:51||672444000||506286||0.00075241
23:52||672444000||506286||0.00075241
23:53||672444000||506286||0.00075241
23:54||672444000||506286||0.00075241
23:55||672444000||506286||0.00075241
23:56||672444000||506286||0.00075241
23:57||672444000||506286||0.00075241
23:58||672444000||506286||0.00075241
23:59||672444000||506286||0.00075241
