00:00||596998500||449188||0.00075241
00:01||596998500||449188||0.00075241
00:02||596998500||449188||0.00075241
00:03||596548500||448510||0.00075241
00:04||596548500||448510||0.00075241
00:05||596548500||448510||0.00075241
00:06||596548500||448510||0.00075241
00:07||596548500||448510||0.00075241
00:08||596548500||448510||0.00075241
00:09||596548500||448510||0.00075241
00:10||596548500||448510||0.00075241
00:11||596548500||448510||0.00075241
00:12||596548500||448510||0.00075241
00:13||596548500||448510||0.00075241
00:14||596548500||448510||0.00075241
00:15||596548500||448510||0.00075241
00:16||596548000||448510||0.00075241
00:17||596547000||449186||0.00075241
00:18||596556000||449186||0.00075241
00:19||596565500||449186||0.00075241
00:20||597999500||449188||0.00075241
00:21||597998500||449188||0.00075241
00:22||597998500||449188||0.00075241
00:23||597998500||449188||0.00075241
00:24||597998500||449188||0.00075241
00:25||597998500||449188||0.00075241
00:26||597998500||449188||0.00075241
00:27||597998500||449188||0.00075241
00:28||597998500||449188||0.00075241
00:29||597998500||449188||0.00075241
00:30||597998500||449188||0.00075241
00:31||597998500||449188||0.00075241
00:32||597111000||449188||0.00075241
00:33||597111000||449188||0.00075241
00:34||597111000||449188||0.00075241
00:35||597265000||449188||0.00075241
00:36||597500000||449941||0.00075241
00:37||597500000||449941||0.00075241
00:38||597500000||449941||0.00075241
00:39||597500000||449188||0.00075241
00:40||597500000||449188||0.00075241
00:41||597500000||449188||0.00075241
00:42||597249500||449188||0.00075241
00:43||597000000||449188||0.00075241
00:44||596750000||448812||0.00075241
00:45||596750000||448812||0.00075241
00:46||596611500||449188||0.00075241
00:47||596548000||449188||0.00075241
00:48||596548000||449188||0.00075241
00:49||596548000||449188||0.00075241
00:50||596548000||449188||0.00075241
00:51||596548000||449188||0.00075241
00:52||596548000||449188||0.00075241
00:53||596800000||449188||0.00075241
00:54||596800000||449188||0.00075241
00:55||596800000||449188||0.00075241
00:56||596800000||449188||0.00075241
00:57||596800000||449188||0.00075241
00:58||596800000||449188||0.00075241
00:59||596800000||449188||0.00075241
01:00||596800000||449188||0.00075241
01:01||596600500||449188||0.00075241
01:02||596600500||449188||0.00075241
01:03||596600500||449188||0.00075241
01:04||596600500||449188||0.00075241
01:05||596600500||449188||0.00075241
01:06||593008000||446931||0.00075241
01:07||592757000||446179||0.00075241
01:08||592757500||446188||0.00075241
01:09||593006500||446188||0.00075241
01:10||593012500||446188||0.00075241
01:11||595795000||446188||0.00075241
01:12||595840000||446188||0.00075241
01:13||596498500||446188||0.00075241
01:14||596528500||446188||0.00075241
01:15||596748500||446188||0.00075241
01:16||596774500||446188||0.00075241
01:17||596774500||446188||0.00075241
01:18||596999500||446188||0.00075241
01:19||596500000||446188||0.00075241
01:20||596250000||446188||0.00075241
01:21||596249500||446188||0.00075241
01:22||596249500||446188||0.00075241
01:23||595502000||446188||0.00075241
01:24||596529500||446188||0.00075241
01:25||596999500||446188||0.00075241
01:26||596500000||446188||0.00075241
01:27||596000000||446188||0.00075241
01:28||595500500||446188||0.00075241
01:29||595500500||446188||0.00075241
01:30||595502000||446188||0.00075241
01:31||595502000||446188||0.00075241
01:32||595502000||446188||0.00075241
01:33||595502000||446188||0.00075241
01:34||595502000||446188||0.00075241
01:35||595502000||446188||0.00075241
01:36||595502000||446188||0.00075241
01:37||595502000||446188||0.00075241
01:38||595502000||446188||0.00075241
01:39||595502000||446188||0.00075241
01:40||595502000||446188||0.00075241
01:41||595502000||446188||0.00075241
01:42||595502000||446188||0.00075241
01:43||595502000||446188||0.00075241
01:44||595502500||446188||0.00075241
01:45||595502500||446935||0.00075241
01:46||595502500||446935||0.00075241
01:47||595502500||446935||0.00075241
01:48||595502500||446935||0.00075241
01:49||595502000||446935||0.00075241
01:50||594502000||446935||0.00075241
01:51||594502000||446935||0.00075241
01:52||594502000||446935||0.00075241
01:53||594502000||446935||0.00075241
01:54||594502000||446935||0.00075241
01:55||594502000||446935||0.00075241
01:56||594502000||446935||0.00075241
01:57||595502000||446935||0.00075241
01:58||595502000||446935||0.00075241
01:59||595532000||446935||0.00075241
02:00||595532000||446935||0.00075241
02:01||595532000||446935||0.00075241
02:02||595550000||446935||0.00075241
02:03||595502000||446935||0.00075241
02:04||595502000||446935||0.00075241
02:05||595502000||446935||0.00075241
02:06||595502000||446935||0.00075241
02:07||595502000||446935||0.00075241
02:08||595532000||446935||0.00075241
02:09||595532000||446935||0.00075241
02:10||596020000||446935||0.00075241
02:11||596250000||446935||0.00075241
02:12||596020000||446935||0.00075241
02:13||595775000||446935||0.00075241
02:14||596265000||446935||0.00075241
02:15||596510000||448451||0.00075241
02:16||596500000||448451||0.00075241
02:17||596252500||448451||0.00075241
02:18||596267500||449188||0.00075241
02:19||597541500||449188||0.00075241
02:20||597541500||449188||0.00075241
02:21||597018500||449188||0.00075241
02:22||597998000||449938||0.00075241
02:23||597998000||449938||0.00075241
02:24||597998000||449938||0.00075241
02:25||597997500||449938||0.00075241
02:26||597997500||449938||0.00075241
02:27||597997500||449938||0.00075241
02:28||597997500||449938||0.00075241
02:29||597997500||449938||0.00075241
02:30||597997500||449938||0.00075241
02:31||597997500||449938||0.00075241
02:32||597997500||449938||0.00075241
02:33||597997500||449938||0.00075241
02:34||597997500||449938||0.00075241
02:35||597997500||449938||0.00075241
02:36||597997500||449938||0.00075241
02:37||597997500||449938||0.00075241
02:38||597997500||449938||0.00075241
02:39||597997500||449938||0.00075241
02:40||597997500||449938||0.00075241
02:41||597997500||449938||0.00075241
02:42||597997500||449938||0.00075241
02:43||597997500||449938||0.00075241
02:44||597997500||449938||0.00075241
02:45||597997500||449938||0.00075241
02:46||597997500||449938||0.00075241
02:47||597997500||449938||0.00075241
02:48||597997500||449938||0.00075241
02:49||597997500||449938||0.00075241
02:50||597997500||449938||0.00075241
02:51||596040500||449938||0.00075241
02:52||596040500||449938||0.00075241
02:53||596040500||449938||0.00075241
02:54||596040500||449938||0.00075241
02:55||596000500||449938||0.00075241
02:56||596000500||449938||0.00075241
02:57||596000500||449938||0.00075241
02:58||596000500||449938||0.00075241
02:59||596040500||449938||0.00075241
03:00||596040500||449938||0.00075241
03:01||596528500||447729||0.00075241
03:02||596528500||447729||0.00075241
03:03||596528500||447729||0.00075241
03:04||596528500||447729||0.00075241
03:05||597019000||448466||0.00075241
03:06||596529500||449939||0.00075241
03:07||596529500||449940||0.00075241
03:08||596000500||449940||0.00075241
03:09||595001500||449940||0.00075241
03:10||595001500||449940||0.00075241
03:11||594513000||449940||0.00075241
03:12||594503000||449940||0.00075241
03:13||593002500||446181||0.00075241
03:14||593002500||446181||0.00075241
03:15||595451000||446181||0.00075241
03:16||593003500||446182||0.00075241
03:17||593002500||446182||0.00075241
03:18||592710000||446179||0.00075241
03:19||592710000||446179||0.00075241
03:20||595197000||446179||0.00075241
03:21||595197000||446179||0.00075241
03:22||595253500||446179||0.00075241
03:23||595738500||446179||0.00075241
03:24||595695000||446179||0.00075241
03:25||595650500||446179||0.00075241
03:26||595400000||446179||0.00075241
03:27||595352000||446179||0.00075241
03:28||595449500||446179||0.00075241
03:29||595449500||446179||0.00075241
03:30||595449500||446179||0.00075241
03:31||592750500||446179||0.00075241
03:32||591968500||445754||0.00075241
03:33||592500000||445754||0.00075241
03:34||592500000||445754||0.00075241
03:35||594939500||445754||0.00075241
03:36||594707500||445754||0.00075241
03:37||593231500||447288||0.00075241
03:38||593231500||447279||0.00075241
03:39||593731500||447279||0.00075241
03:40||593731500||447279||0.00075241
03:41||593005000||446705||0.00075241
03:42||593005000||446705||0.00075241
03:43||593005000||446705||0.00075241
03:44||592749000||446179||0.00075241
03:45||592505000||446179||0.00075241
03:46||592490000||446179||0.00075241
03:47||592490000||446179||0.00075241
03:48||592250000||446179||0.00075241
03:49||592250000||446179||0.00075241
03:50||592490500||446179||0.00075241
03:51||592250500||446179||0.00075241
03:52||592250000||446179||0.00075241
03:53||592250000||446179||0.00075241
03:54||592500000||446179||0.00075241
03:55||594450000||446179||0.00075241
03:56||592500000||446179||0.00075241
03:57||593960000||446179||0.00075241
03:58||593265000||446179||0.00075241
03:59||593980000||446179||0.00075241
04:00||593500500||446179||0.00075241
04:01||593510500||446179||0.00075241
04:02||593510500||446179||0.00075241
04:03||593510500||446179||0.00075241
04:04||593510500||446179||0.00075241
04:05||593999500||446179||0.00075241
04:06||595958000||446179||0.00075241
04:07||593750000||446179||0.00075241
04:08||593750000||446179||0.00075241
04:09||593750000||446179||0.00075241
04:10||593750000||446931||0.00075241
04:11||593750000||446931||0.00075241
04:12||593750000||446931||0.00075241
04:13||593750000||446931||0.00075241
04:14||593745000||446931||0.00075241
04:15||593500500||446931||0.00075241
04:16||593000500||446555||0.00075241
04:17||595458500||446555||0.00075241
04:18||593000500||446555||0.00075241
04:19||593000500||446555||0.00075241
04:20||595722500||446179||0.00075241
04:21||595722500||446179||0.00075241
04:22||595722500||446179||0.00075241
04:23||595722500||446179||0.00075241
04:24||595954000||446179||0.00075241
04:25||595416000||446179||0.00075241
04:26||595416000||446179||0.00075241
04:27||595464500||446179||0.00075241
04:28||595464500||446179||0.00075241
04:29||595464500||446179||0.00075241
04:30||595464500||446179||0.00075241
04:31||595464500||446179||0.00075241
04:32||595464500||446179||0.00075241
04:33||595464500||446179||0.00075241
04:34||596444000||446179||0.00075241
04:35||596415500||446179||0.00075241
04:36||596415500||446179||0.00075241
04:37||596386500||446179||0.00075241
04:38||595000500||446179||0.00075241
04:39||595000500||446179||0.00075241
04:40||595000500||446179||0.00075241
04:41||595000500||446179||0.00075241
04:42||595000500||446179||0.00075241
04:43||595000500||446179||0.00075241
04:44||595000500||446179||0.00075241
04:45||595000500||446179||0.00075241
04:46||596743000||447684||0.00075241
04:47||596743000||447684||0.00075241
04:48||596743000||447684||0.00075241
04:49||596743000||447684||0.00075241
04:50||596393500||447684||0.00075241
04:51||596393500||447684||0.00075241
04:52||596393500||447684||0.00075241
04:53||596393500||447684||0.00075241
04:54||596393500||447684||0.00075241
04:55||596393500||447684||0.00075241
04:56||596393500||447684||0.00075241
04:57||596393500||447684||0.00075241
04:58||596893500||447684||0.00075241
04:59||596893500||447684||0.00075241
05:00||596893500||447684||0.00075241
05:01||596893500||447684||0.00075241
05:02||596893500||447684||0.00075241
05:03||596893500||447684||0.00075241
05:04||596893500||447684||0.00075241
05:05||596893500||447684||0.00075241
05:06||595489500||448436||0.00075241
05:07||595489500||448436||0.00075241
05:08||595489500||448436||0.00075241
05:09||595489500||448436||0.00075241
05:10||595489500||447683||0.00075241
05:11||594888000||445428||0.00075241
05:12||594888000||445428||0.00075241
05:13||594888000||445428||0.00075241
05:14||594946500||445428||0.00075241
05:15||595002500||445428||0.00075241
05:16||595003500||445428||0.00075241
05:17||595251500||445428||0.00075241
05:18||595494500||445428||0.00075241
05:19||595494500||445428||0.00075241
05:20||595403500||445428||0.00075241
05:21||595403500||445428||0.00075241
05:22||595403500||445428||0.00075241
05:23||595403500||445428||0.00075241
05:24||595403500||445428||0.00075241
05:25||595403500||445428||0.00075241
05:26||595744000||445428||0.00075241
05:27||595744000||445428||0.00075241
05:28||595744000||445428||0.00075241
05:29||595744000||445428||0.00075241
05:30||595743500||445428||0.00075241
05:31||595743500||445428||0.00075241
05:32||595743500||445428||0.00075241
05:33||595743500||445428||0.00075241
05:34||595743500||445428||0.00075241
05:35||595743500||445428||0.00075241
05:36||595743500||445428||0.00075241
05:37||595710000||445428||0.00075241
05:38||596270000||447683||0.00075241
05:39||596270000||447683||0.00075241
05:40||596260500||447683||0.00075241
05:41||596260500||447683||0.00075241
05:42||596260500||447683||0.00075241
05:43||597460500||449504||0.00075241
05:44||597460500||449504||0.00075241
05:45||597460500||449504||0.00075241
05:46||597460500||449504||0.00075241
05:47||597460500||449504||0.00075241
05:48||595786000||449504||0.00075241
05:49||595785500||449504||0.00075241
05:50||595785500||449504||0.00075241
05:51||595785500||449504||0.00075241
05:52||595785500||446984||0.00075241
05:53||595785500||446984||0.00075241
05:54||595785500||446984||0.00075241
05:55||595785500||446984||0.00075241
05:56||595785500||446984||0.00075241
05:57||595785500||446984||0.00075241
05:58||595785500||446984||0.00075241
05:59||595785500||446984||0.00075241
06:00||596275500||446984||0.00075241
06:01||598265000||449941||0.00075241
06:02||598279500||450317||0.00075241
06:03||598279500||450317||0.00075241
06:04||598279500||450317||0.00075241
06:05||596805000||450317||0.00075241
06:06||596810000||450317||0.00075241
06:07||596843500||447831||0.00075241
06:08||596843500||447831||0.00075241
06:09||596843500||447831||0.00075241
06:10||596843500||447831||0.00075241
06:11||596843500||447831||0.00075241
06:12||596843500||447831||0.00075241
06:13||596843500||447831||0.00075241
06:14||596843500||447831||0.00075241
06:15||596843500||447831||0.00075241
06:16||596843500||447831||0.00075241
06:17||596843500||447831||0.00075241
06:18||596843500||447831||0.00075241
06:19||596843500||447831||0.00075241
06:20||596843500||447831||0.00075241
06:21||596843500||447831||0.00075241
06:22||596843500||447831||0.00075241
06:23||596810000||447831||0.00075241
06:24||596810000||447831||0.00075241
06:25||596810000||447831||0.00075241
06:26||596810000||447831||0.00075241
06:27||596810000||447831||0.00075241
06:28||598746500||450317||0.00075241
06:29||598746500||450317||0.00075241
06:30||598741500||450317||0.00075241
06:31||599609500||450686||0.00075241
06:32||599609500||450686||0.00075241
06:33||599609500||450686||0.00075241
06:34||599609500||450686||0.00075241
06:35||598619500||450875||0.00075241
06:36||598619500||450875||0.00075241
06:37||598619500||450875||0.00075241
06:38||598619500||450875||0.00075241
06:39||599225500||450875||0.00075241
06:40||599225500||450875||0.00075241
06:41||599225500||450875||0.00075241
06:42||599254500||450875||0.00075241
06:43||599254500||450875||0.00075241
06:44||599285000||450875||0.00075241
06:45||599315000||450875||0.00075241
06:46||601055000||451445||0.00075241
06:47||601094000||451445||0.00075241
06:48||601148000||451445||0.00075241
06:49||599252500||451530||0.00075241
06:50||600198500||451530||0.00075241
06:51||599677000||451530||0.00075241
06:52||598751000||451530||0.00075241
06:53||599252500||451530||0.00075241
06:54||599252500||451530||0.00075241
06:55||599252500||451530||0.00075241
06:56||599251500||451530||0.00075241
06:57||599248000||451530||0.00075241
06:58||599247500||451530||0.00075241
06:59||599247500||451530||0.00075241
07:00||599248000||451530||0.00075241
07:01||600188000||451530||0.00075241
07:02||598599000||447929||0.00075241
07:03||598126000||447929||0.00075241
07:04||598068000||447929||0.00075241
07:05||597905000||447929||0.00075241
07:06||597702500||447929||0.00075241
07:07||597561500||447929||0.00075241
07:08||597370000||447936||0.00075241
07:09||597370000||447936||0.00075241
07:10||597370000||447936||0.00075241
07:11||597370000||447936||0.00075241
07:12||597370000||447936||0.00075241
07:13||597370000||447936||0.00075241
07:14||597370000||447936||0.00075241
07:15||597373500||449743||0.00075241
07:16||597373500||449743||0.00075241
07:17||597373500||449743||0.00075241
07:18||597373500||449743||0.00075241
07:19||597374500||449743||0.00075241
07:20||597374500||449743||0.00075241
07:21||597374500||449743||0.00075241
07:22||597375500||449744||0.00075241
07:23||597375500||449744||0.00075241
07:24||597375500||449744||0.00075241
07:25||597375500||449744||0.00075241
07:26||597375500||449744||0.00075241
07:27||597375500||449744||0.00075241
07:28||597375500||449744||0.00075241
07:29||597375500||449744||0.00075241
07:30||597375500||449744||0.00075241
07:31||597375500||449744||0.00075241
07:32||597375500||449744||0.00075241
07:33||598311000||449744||0.00075241
07:34||597942500||449744||0.00075241
07:35||597942500||449744||0.00075241
07:36||597942500||449744||0.00075241
07:37||598637000||449744||0.00075241
07:38||598920000||449744||0.00075241
07:39||598919000||449744||0.00075241
07:40||598924000||449744||0.00075241
07:41||598924500||449744||0.00075241
07:42||598924500||449744||0.00075241
07:43||598965000||452072||0.00075241
07:44||598966000||452072||0.00075241
07:45||598969000||452072||0.00075241
07:46||599417500||452072||0.00075241
07:47||599420000||452072||0.00075241
07:48||599973000||452906||0.00075241
07:49||599973000||452906||0.00075241
07:50||600220500||452906||0.00075241
07:51||600220000||452906||0.00075241
07:52||601246000||452950||0.00075241
07:53||601495000||451446||0.00075241
07:54||602200000||454755||0.00075241
07:55||602169000||454706||0.00075241
07:56||602667000||454706||0.00075241
07:57||602917000||454705||0.00075241
07:58||602901000||454705||0.00075241
07:59||603399500||454705||0.00075241
08:00||605124500||455395||0.00075241
08:01||605124000||455395||0.00075241
08:02||605123000||455395||0.00075241
08:03||605000500||455395||0.00075241
08:04||605000500||455208||0.00075241
08:05||604001500||455208||0.00075241
08:06||604004000||453703||0.00075241
08:07||604002500||453703||0.00075241
08:08||603965500||453703||0.00075241
08:09||603964000||453703||0.00075241
08:10||603958500||453703||0.00075241
08:11||603958500||453703||0.00075241
08:12||605938500||455914||0.00075241
08:13||606302500||456460||0.00075241
08:14||606699500||456460||0.00075241
08:15||607026000||456712||0.00075241
08:16||608126000||458217||0.00075241
08:17||608999500||458592||0.00075241
08:18||609249000||458217||0.00075241
08:19||609497500||458592||0.00075241
08:20||609499500||458593||0.00075241
08:21||609999500||458970||0.00075241
08:22||611498500||459346||0.00075241
08:23||610998500||458970||0.00075241
08:24||610996500||459350||0.00075241
08:25||610852000||459872||0.00075241
08:26||610113500||458217||0.00075241
08:27||610544000||459871||0.00075241
08:28||611080500||459871||0.00075241
08:29||611080500||459871||0.00075241
08:30||611080500||459782||0.00075241
08:31||611080500||459783||0.00075241
08:32||611080500||459782||0.00075241
08:33||611080500||459782||0.00075241
08:34||611080500||459782||0.00075241
08:35||611080500||459783||0.00075241
08:36||611080500||459783||0.00075241
08:37||611080500||459783||0.00075241
08:38||611080500||459783||0.00075241
08:39||611288000||460095||0.00075241
08:40||611495500||460095||0.00075241
08:41||611495500||460095||0.00075241
08:42||611495500||460095||0.00075241
08:43||611495500||460094||0.00075241
08:44||611495500||460094||0.00075241
08:45||611495500||460094||0.00075241
08:46||611495500||460095||0.00075241
08:47||611495500||460095||0.00075241
08:48||611495500||460095||0.00075241
08:49||611495500||460095||0.00075241
08:50||611495500||460094||0.00075241
08:51||611495500||460094||0.00075241
08:52||611495500||460094||0.00075241
08:53||611495500||460094||0.00075241
08:54||611495500||460095||0.00075241
08:55||611495500||460095||0.00075241
08:56||611495500||460095||0.00075241
08:57||611495500||460095||0.00075241
08:58||611495500||460095||0.00075241
08:59||611495500||460094||0.00075241
09:00||611495500||460095||0.00075241
09:01||611499500||460098||0.00075241
09:02||611998500||460473||0.00075241
09:03||611998500||460474||0.00075241
09:04||611998500||460474||0.00075241
09:05||611998500||460474||0.00075241
09:06||611999500||460474||0.00075241
09:07||612988500||460474||0.00075241
09:08||612988500||461218||0.00075241
09:09||612987500||461217||0.00075241
09:10||612987500||461217||0.00075241
09:11||612988000||461217||0.00075241
09:12||612989500||461219||0.00075241
09:13||612989500||461219||0.00075241
09:14||612989500||461219||0.00075241
09:15||612988500||461217||0.00075241
09:16||612989500||461217||0.00075241
09:17||613997500||461229||0.00075241
09:18||613997500||461229||0.00075241
09:19||613997500||461978||0.00075241
09:20||613997500||461978||0.00075241
09:21||613997500||461978||0.00075241
09:22||613997500||461978||0.00075241
09:23||614199500||462130||0.00075241
09:24||614549000||462130||0.00075241
09:25||614548500||462130||0.00075241
09:26||614200500||462130||0.00075241
09:27||615075000||462732||0.00075241
09:28||615224500||462732||0.00075241
09:29||615150000||462732||0.00075241
09:30||614950500||462732||0.00075241
09:31||615000500||462732||0.00075241
09:32||614950000||462732||0.00075241
09:33||614900500||462732||0.00075241
09:34||614900500||462732||0.00075241
09:35||614900500||462732||0.00075241
09:36||614850000||462581||0.00075241
09:37||614850000||462656||0.00075241
09:38||614899500||462656||0.00075241
09:39||614899500||462656||0.00075241
09:40||614899500||462656||0.00075241
09:41||614899500||462656||0.00075241
09:42||614899500||462656||0.00075241
09:43||614899500||462656||0.00075241
09:44||614899500||462656||0.00075241
09:45||614899500||462656||0.00075241
09:46||614899500||462656||0.00075241
09:47||614899500||462656||0.00075241
09:48||614899500||462656||0.00075241
09:49||614899500||462656||0.00075241
09:50||614695500||462355||0.00075241
09:51||614300000||462130||0.00075241
09:52||614300000||462130||0.00075241
09:53||614200500||462130||0.00075241
09:54||614200500||462130||0.00075241
09:55||614200500||462130||0.00075241
09:56||614200500||462130||0.00075241
09:57||614550000||462130||0.00075241
09:58||614550500||462130||0.00075241
09:59||615100000||462882||0.00075241
10:00||616900000||463408||0.00075241
10:01||616950000||464906||0.00075241
10:02||618705500||464913||0.00075241
10:03||618893500||464989||0.00075241
10:04||618491000||464989||0.00075241
10:05||617990000||464613||0.00075241
10:06||617749000||464613||0.00075241
10:07||617500500||464613||0.00075241
10:08||617500500||464613||0.00075241
10:09||617749500||464987||0.00075241
10:10||617994500||464987||0.00075241
10:11||617742000||464984||0.00075241
10:12||616502000||463936||0.00075241
10:13||616502500||463862||0.00075241
10:14||616502500||463863||0.00075241
10:15||616971000||463863||0.00075241
10:16||617015000||463867||0.00075241
10:17||617020000||463943||0.00075241
10:18||617020000||463973||0.00075241
10:19||616990000||463950||0.00075241
10:20||616619500||463950||0.00075241
10:21||616555000||463943||0.00075241
10:22||616560000||463951||0.00075241
10:23||616560000||463951||0.00075241
10:24||616931500||463951||0.00075241
10:25||616895500||463951||0.00075241
10:26||616861000||463951||0.00075241
10:27||616829500||463951||0.00075241
10:28||616800500||463951||0.00075241
10:29||616773500||463951||0.00075241
10:30||616755000||464240||0.00075241
10:31||618115000||466494||0.00075241
10:32||618017500||466494||0.00075241
10:33||617895500||463866||0.00075241
10:34||617238500||463866||0.00075241
10:35||617026500||463866||0.00075241
10:36||617026500||463866||0.00075241
10:37||617026500||464257||0.00075241
10:38||617026500||464257||0.00075241
10:39||618012000||465741||0.00075241
10:40||618013500||465741||0.00075241
10:41||618012500||464258||0.00075241
10:42||617552500||464989||0.00075241
10:43||618289000||464989||0.00075241
10:44||618750000||465734||0.00075241
10:45||618095500||465665||0.00075241
10:46||617392500||465665||0.00075241
10:47||618249500||464619||0.00075241
10:48||618311000||465734||0.00075241
10:49||618353500||465733||0.00075241
10:50||618395000||465733||0.00075241
10:51||618443500||465733||0.00075241
10:52||619503000||466482||0.00075241
10:53||619503000||466482||0.00075241
10:54||619987500||466482||0.00075241
10:55||619987500||466482||0.00075241
10:56||620054000||466494||0.00075241
10:57||621513000||467246||0.00075241
10:58||623523500||469503||0.00075241
10:59||623523500||469503||0.00075241
11:00||623523500||466494||0.00075241
11:01||623562500||469503||0.00075241
11:02||623563000||468847||0.00075241
11:03||623590000||468875||0.00075241
11:04||624342000||469921||0.00075241
11:05||624422500||469555||0.00075241
11:06||624452500||469567||0.00075241
11:07||624452000||470084||0.00075241
11:08||624445500||470084||0.00075241
11:09||624445500||470084||0.00075241
11:10||624737500||470084||0.00075241
11:11||622529000||466803||0.00075241
11:12||622469500||469990||0.00075241
11:13||622589500||469990||0.00075241
11:14||623035000||469990||0.00075241
11:15||623390000||469990||0.00075241
11:16||623390000||469990||0.00075241
11:17||621981500||469990||0.00075241
11:18||621551000||467029||0.00075241
11:19||621586000||467029||0.00075241
11:20||622098000||468073||0.00075241
11:21||623520000||470256||0.00075241
11:22||623521000||470256||0.00075241
11:23||623094500||467319||0.00075241
11:24||623062500||467319||0.00075241
11:25||623092000||467319||0.00075241
11:26||622986000||467319||0.00075241
11:27||622887000||467319||0.00075241
11:28||622796000||467319||0.00075241
11:29||622733000||467319||0.00075241
11:30||622578500||467713||0.00075241
11:31||622500500||467713||0.00075241
11:32||622446000||467713||0.00075241
11:33||622493000||467789||0.00075241
11:34||622525500||467789||0.00075241
11:35||622525500||467789||0.00075241
11:36||622523500||467789||0.00075241
11:37||622885500||469533||0.00075241
11:38||622804500||469533||0.00075241
11:39||622651000||469533||0.00075241
11:40||622583500||469533||0.00075241
11:41||622536500||468977||0.00075241
11:42||622464500||468977||0.00075241
11:43||622424500||468977||0.00075241
11:44||622393000||468977||0.00075241
11:45||622347000||468977||0.00075241
11:46||622304000||468977||0.00075241
11:47||622301000||468977||0.00075241
11:48||622274500||468977||0.00075241
11:49||622249500||467923||0.00075241
11:50||622226000||467923||0.00075241
11:51||622197000||467923||0.00075241
11:52||622177500||468349||0.00075241
11:53||622158500||468349||0.00075241
11:54||622146500||468349||0.00075241
11:55||622106000||468293||0.00075241
11:56||622094000||467883||0.00075241
11:57||622093000||467882||0.00075241
11:58||622087000||467882||0.00075241
11:59||621846500||467882||0.00075241
12:00||622097500||467882||0.00075241
12:01||622097500||467882||0.00075241
12:02||621505000||466965||0.00075241
12:03||621557500||466965||0.00075241
12:04||621431000||466965||0.00075241
12:05||621479000||466965||0.00075241
12:06||621499500||467622||0.00075241
12:07||621749500||467622||0.00075241
12:08||621749500||467622||0.00075241
12:09||622502500||467999||0.00075241
12:10||622786000||469127||0.00075241
12:11||622844500||469127||0.00075241
12:12||622845500||469127||0.00075241
12:13||622845500||469127||0.00075241
12:14||622845500||469127||0.00075241
12:15||622845500||469127||0.00075241
12:16||622899500||469127||0.00075241
12:17||622937500||469127||0.00075241
12:18||622973500||469127||0.00075241
12:19||623007500||469127||0.00075241
12:20||623007500||468386||0.00075241
12:21||623061000||468467||0.00075241
12:22||623061000||468467||0.00075241
12:23||623061000||468467||0.00075241
12:24||623052000||468467||0.00075241
12:25||623052500||468467||0.00075241
12:26||623043000||469114||0.00075241
12:27||623043000||469114||0.00075241
12:28||623043000||469114||0.00075241
12:29||622054000||468467||0.00075241
12:30||622054000||468467||0.00075241
12:31||622054000||468467||0.00075241
12:32||622054000||468467||0.00075241
12:33||622030500||467626||0.00075241
12:34||621985000||467626||0.00075241
12:35||621951000||467622||0.00075241
12:36||621921500||467622||0.00075241
12:37||621885000||468230||0.00075241
12:38||622127000||468230||0.00075241
12:39||622127000||468230||0.00075241
12:40||621744500||467999||0.00075241
12:41||621744500||467999||0.00075241
12:42||621744500||467999||0.00075241
12:43||621744500||467999||0.00075241
12:44||621744500||467999||0.00075241
12:45||621499500||467999||0.00075241
12:46||621254500||467999||0.00075241
12:47||621249000||467253||0.00075241
12:48||621249000||467253||0.00075241
12:49||621254000||467253||0.00075241
12:50||621498500||467260||0.00075241
12:51||621259000||467260||0.00075241
12:52||621259000||467260||0.00075241
12:53||621259000||467260||0.00075241
12:54||621259000||467260||0.00075241
12:55||621259000||467260||0.00075241
12:56||621259000||467260||0.00075241
12:57||621259000||467260||0.00075241
12:58||621259000||467260||0.00075241
12:59||621254000||467260||0.00075241
13:00||621254000||467253||0.00075241
13:01||621259000||467622||0.00075241
13:02||621259000||467622||0.00075241
13:03||621259000||467260||0.00075241
13:04||621259000||467260||0.00075241
13:05||621259000||467260||0.00075241
13:06||621259000||467260||0.00075241
13:07||621498500||467260||0.00075241
13:08||621498500||467260||0.00075241
13:09||621667000||467622||0.00075241
13:10||621667000||467632||0.00075241
13:11||621667000||467864||0.00075241
13:12||621667000||467864||0.00075241
13:13||621667000||467864||0.00075241
13:14||621667000||467864||0.00075241
13:15||621667000||467864||0.00075241
13:16||621667000||467632||0.00075241
13:17||621667000||467632||0.00075241
13:18||621667000||467632||0.00075241
13:19||622434000||468202||0.00075241
13:20||622434000||468202||0.00075241
13:21||622569500||468202||0.00075241
13:22||622569500||468202||0.00075241
13:23||622569500||468202||0.00075241
13:24||622569500||468427||0.00075241
13:25||622569500||468427||0.00075241
13:26||622569500||468427||0.00075241
13:27||622569500||468427||0.00075241
13:28||622569500||468427||0.00075241
13:29||622780000||468427||0.00075241
13:30||622780500||468743||0.00075241
13:31||622776500||468743||0.00075241
13:32||622776500||468737||0.00075241
13:33||622632000||468223||0.00075241
13:34||622261000||468223||0.00075241
13:35||622249000||468223||0.00075241
13:36||621965500||468223||0.00075241
13:37||621965500||468223||0.00075241
13:38||621965500||468158||0.00075241
13:39||621965500||468158||0.00075241
13:40||622356500||468158||0.00075241
13:41||622392000||468158||0.00075241
13:42||622426000||468158||0.00075241
13:43||622426000||468158||0.00075241
13:44||622206500||468158||0.00075241
13:45||622145000||468502||0.00075241
13:46||622135000||468502||0.00075241
13:47||622053500||468502||0.00075241
13:48||622022500||468502||0.00075241
13:49||621983500||468502||0.00075241
13:50||621947500||468502||0.00075241
13:51||621914500||468502||0.00075241
13:52||621570500||468502||0.00075241
13:53||621570500||467675||0.00075241
13:54||621570500||467675||0.00075241
13:55||621570500||467675||0.00075241
13:56||621335500||467321||0.00075241
13:57||621335500||467321||0.00075241
13:58||621330500||467253||0.00075241
13:59||620767000||467253||0.00075241
14:00||620767000||466965||0.00075241
14:01||620767000||467177||0.00075241
14:02||620767000||467177||0.00075241
14:03||620767000||467177||0.00075241
14:04||620760500||467167||0.00075241
14:05||620760500||467167||0.00075241
14:06||620149000||466803||0.00075241
14:07||619168500||464989||0.00075241
14:08||619145500||466678||0.00075241
14:09||619121000||466678||0.00075241
14:10||619121000||466678||0.00075241
14:11||619099500||466678||0.00075241
14:12||619098000||466678||0.00075241
14:13||619076500||466678||0.00075241
14:14||619098000||466609||0.00075241
14:15||619098000||466609||0.00075241
14:16||619098000||466609||0.00075241
14:17||619119000||466609||0.00075241
14:18||619119000||466609||0.00075241
14:19||619092500||466609||0.00075241
14:20||620050000||466609||0.00075241
14:21||620049500||466494||0.00075241
14:22||620000500||466494||0.00075241
14:23||620000500||466494||0.00075241
14:24||620000500||466494||0.00075241
14:25||620000500||466494||0.00075241
14:26||620000500||466494||0.00075241
14:27||620000500||466494||0.00075241
14:28||620000500||466494||0.00075241
14:29||620000500||466494||0.00075241
14:30||620000500||466494||0.00075241
14:31||620000500||466494||0.00075241
14:32||620000500||466494||0.00075241
14:33||620000500||466494||0.00075241
14:34||620000500||466494||0.00075241
14:35||620000500||466494||0.00075241
14:36||620000500||466494||0.00075241
14:37||620000500||466494||0.00075241
14:38||620000500||466494||0.00075241
14:39||620000500||466494||0.00075241
14:40||620000500||466494||0.00075241
14:41||620000500||466494||0.00075241
14:42||620000500||466494||0.00075241
14:43||620000500||466494||0.00075241
14:44||620000500||466494||0.00075241
14:45||620000500||466494||0.00075241
14:46||620000500||466494||0.00075241
14:48||620000500||466494||0.00075241
14:49||620000500||466494||0.00075241
14:50||620000500||466494||0.00075241
14:51||620000500||466494||0.00075241
14:52||620000500||466494||0.00075241
14:53||620000500||466494||0.00075241
14:54||620000500||466494||0.00075241
14:55||620000500||466494||0.00075241
14:56||620000500||466494||0.00075241
14:57||620000500||466494||0.00075241
14:58||620000500||466494||0.00075241
14:59||620000500||466494||0.00075241
15:00||620000500||466494||0.00075241
15:01||620000500||466494||0.00075241
15:02||620000500||466494||0.00075241
15:03||620000500||466494||0.00075241
15:04||620000500||466494||0.00075241
15:05||620000500||466494||0.00075241
15:06||620000500||466494||0.00075241
15:07||620000500||466494||0.00075241
15:08||620000500||466494||0.00075241
15:09||619004000||466494||0.00075241
15:10||619009000||466494||0.00075241
15:11||619009000||466494||0.00075241
15:12||619009000||466494||0.00075241
15:13||619011000||466494||0.00075241
15:14||619011000||466494||0.00075241
15:15||619011000||466494||0.00075241
15:16||618267000||465384||0.00075241
15:17||618267000||465384||0.00075241
15:18||617247500||464619||0.00075241
15:19||616233000||463866||0.00075241
15:20||616233000||463484||0.00075241
15:21||616200000||463484||0.00075241
15:22||616200000||463484||0.00075241
15:23||616200000||463484||0.00075241
15:24||616200000||463484||0.00075241
15:25||616700000||463484||0.00075241
15:26||616700000||463484||0.00075241
15:27||616700000||463484||0.00075241
15:28||616700000||464537||0.00075241
15:29||616700000||464537||0.00075241
15:30||616700000||463484||0.00075241
15:31||616200000||462732||0.00075241
15:32||616000000||462732||0.00075241
15:33||616000000||462732||0.00075241
15:34||615147500||462175||0.00075241
15:35||615130000||464537||0.00075241
15:36||615830000||464537||0.00075241
15:37||615830000||464537||0.00075241
15:38||615830000||464537||0.00075241
15:39||615830000||464537||0.00075241
15:40||615830000||464537||0.00075241
15:41||615830000||462175||0.00075241
15:42||615829500||462175||0.00075241
15:43||615821500||462169||0.00075241
15:44||615715000||462169||0.00075241
15:45||615714000||462169||0.00075241
15:47||614251500||462169||0.00075241
15:48||614251500||462169||0.00075241
15:49||615714500||462169||0.00075241
15:50||615711000||462169||0.00075241
15:51||615709500||462169||0.00075241
15:52||615709500||462169||0.00075241
15:53||614275500||462169||0.00075241
15:54||614275500||462169||0.00075241
15:55||614275500||462205||0.00075241
15:56||614275500||462205||0.00075241
15:57||615893500||462205||0.00075241
15:58||615971500||462205||0.00075241
15:59||616067500||462677||0.00075241
16:00||616155500||462677||0.00075241
16:01||616216500||462677||0.00075241
16:02||616293000||462677||0.00075241
16:03||616347500||462677||0.00075241
16:04||616429000||462677||0.00075241
16:05||616489000||462677||0.00075241
16:06||616504500||463392||0.00075241
16:07||616553500||463392||0.00075241
16:08||616589000||464315||0.00075241
16:09||616611500||464315||0.00075241
16:10||616633000||464315||0.00075241
16:11||616663500||464315||0.00075241
16:12||617169500||464364||0.00075241
16:13||617169500||464364||0.00075241
16:14||617299500||464364||0.00075241
16:15||617299500||464364||0.00075241
16:16||618718000||464537||0.00075241
16:17||618793000||464537||0.00075241
16:18||618841500||464537||0.00075241
16:19||618818500||464798||0.00075241
16:20||618752500||464798||0.00075241
16:21||618711000||464798||0.00075241
16:22||618670500||464798||0.00075241
16:23||618632000||464798||0.00075241
16:24||618595000||464798||0.00075241
16:25||618578500||464798||0.00075241
16:26||618528000||464798||0.00075241
16:27||618495500||464798||0.00075241
16:28||618464000||464798||0.00075241
16:29||618434000||464798||0.00075241
16:30||618349500||464798||0.00075241
16:31||617751500||464798||0.00075241
16:32||617751500||464798||0.00075241
16:33||616373500||464798||0.00075241
16:34||616290000||464710||0.00075241
16:35||616264000||464710||0.00075241
16:36||616190500||464710||0.00075241
16:37||616144000||464710||0.00075241
16:38||616077000||464710||0.00075241
16:39||616034500||462774||0.00075241
16:40||615974500||462774||0.00075241
16:41||615917500||462774||0.00075241
16:42||615881500||462774||0.00075241
16:43||615830000||462774||0.00075241
16:44||615797500||462774||0.00075241
16:45||616987500||462774||0.00075241
16:46||616909000||465562||0.00075241
16:47||616797000||465562||0.00075241
16:48||616726000||465562||0.00075241
16:49||615550500||463194||0.00075241
16:50||617024500||463184||0.00075241
16:51||616963000||463184||0.00075241
16:52||616903500||465218||0.00075241
16:53||616846000||465218||0.00075241
16:54||616354500||465218||0.00075241
16:55||616354500||464392||0.00075241
16:56||616336500||464392||0.00075241
16:57||616319000||463109||0.00075241
16:58||616367500||463109||0.00075241
16:59||617091500||465354||0.00075241
17:00||617117000||465270||0.00075241
17:01||617165000||465194||0.00075241
17:02||617186000||465194||0.00075241
17:03||617206500||465194||0.00075241
17:04||617261500||465194||0.00075241
17:05||617310500||465194||0.00075241
17:06||617374000||465194||0.00075241
17:07||617430500||465194||0.00075241
17:08||617483500||465194||0.00075241
17:09||617742500||465194||0.00075241
17:10||617803000||465194||0.00075241
17:11||617818000||465194||0.00075241
17:12||617827500||465194||0.00075241
17:13||617873500||465194||0.00075241
17:14||617856500||465194||0.00075241
17:15||617855500||465194||0.00075241
17:16||617855500||465194||0.00075241
17:17||617855500||465194||0.00075241
17:18||617855500||465194||0.00075241
17:19||617855500||465194||0.00075241
17:20||617855500||465194||0.00075241
17:21||617855500||465194||0.00075241
17:22||617846500||465194||0.00075241
17:23||617826500||465194||0.00075241
17:24||617807500||465194||0.00075241
17:25||617798500||465194||0.00075241
17:26||617780500||465194||0.00075241
17:27||616661500||464534||0.00075241
17:28||616632000||464534||0.00075241
17:29||616604000||464534||0.00075241
17:30||616577000||464534||0.00075241
17:31||616551000||464534||0.00075241
17:32||616526000||464534||0.00075241
17:33||615269500||463108||0.00075241
17:34||615269500||462774||0.00075241
17:35||615269500||462774||0.00075241
17:36||615269500||463095||0.00075241
17:37||615269500||463095||0.00075241
17:38||614526000||462732||0.00075241
17:39||614526000||462582||0.00075241
17:40||614526000||462168||0.00075241
17:41||614526000||462168||0.00075241
17:42||614557500||462168||0.00075241
17:43||614557500||462168||0.00075241
17:44||614560000||462168||0.00075241
17:45||614560000||462168||0.00075241
17:46||615628500||462168||0.00075241
17:47||615628500||462168||0.00075241
17:48||615628500||462168||0.00075241
17:49||615628500||462168||0.00075241
17:50||615628500||462168||0.00075241
17:51||615628500||462168||0.00075241
17:52||615628500||462168||0.00075241
17:53||615603000||462168||0.00075241
17:54||615454000||462168||0.00075241
17:55||615342500||462168||0.00075241
17:56||615223000||462168||0.00075241
17:57||615117000||462168||0.00075241
17:58||615038000||462168||0.00075241
17:59||613028000||462168||0.00075241
18:00||611967000||459053||0.00075241
18:01||612766000||459053||0.00075241
18:02||613501000||459053||0.00075241
18:03||613501000||459053||0.00075241
18:04||614881000||461788||0.00075241
18:05||614881000||461788||0.00075241
18:06||614881000||461788||0.00075241
18:07||614836000||461788||0.00075241
18:08||614792000||461788||0.00075241
18:09||614710500||461788||0.00075241
18:10||614617000||461801||0.00075241
18:11||614517000||461801||0.00075241
18:12||612571000||461801||0.00075241
18:13||612571000||459189||0.00075241
18:14||615235500||462620||0.00075241
18:15||615236000||463197||0.00075241
18:16||615236000||463197||0.00075241
18:17||615236000||463197||0.00075241
18:18||615236000||463197||0.00075241
18:19||615236000||463197||0.00075241
18:20||615236000||463197||0.00075241
18:21||615234500||463197||0.00075241
18:22||615242000||463197||0.00075241
18:23||615239000||463197||0.00075241
18:24||615239000||463191||0.00075241
18:25||615239000||463191||0.00075241
18:26||615239000||463191||0.00075241
18:27||615239000||463191||0.00075241
18:28||615239000||463191||0.00075241
18:29||615239000||463191||0.00075241
18:30||615239000||463191||0.00075241
18:31||615239000||463191||0.00075241
18:32||615239000||463191||0.00075241
18:33||615239000||463191||0.00075241
18:34||615239000||463191||0.00075241
18:35||615239000||463191||0.00075241
18:36||615239000||462632||0.00075241
18:37||615239000||462632||0.00075241
18:38||615231500||462632||0.00075241
18:39||615231500||462632||0.00075241
18:40||615231500||462621||0.00075241
18:41||615224000||462621||0.00075241
18:42||615224000||462621||0.00075241
18:43||615224000||462621||0.00075241
18:44||615224000||463179||0.00075241
18:45||613691000||462621||0.00075241
18:46||613806000||462621||0.00075241
18:47||613914500||462621||0.00075241
18:48||614016000||462621||0.00075241
18:49||614112000||462621||0.00075241
18:50||614231000||462621||0.00075241
18:51||614314000||462621||0.00075241
18:52||614392000||463179||0.00075241
18:53||614489000||463179||0.00075241
18:54||614556500||463179||0.00075241
18:55||614618500||463179||0.00075241
18:56||614697500||463179||0.00075241
18:57||614753000||463179||0.00075241
18:58||614805000||463179||0.00075241
18:59||614854000||463179||0.00075241
19:00||614915000||463179||0.00075241
19:01||614929500||463179||0.00075241
19:02||614984500||463179||0.00075241
19:03||615590500||463179||0.00075241
19:04||615590500||463179||0.00075241
19:05||615590500||463179||0.00075241
19:06||615590500||463179||0.00075241
19:07||615590500||463179||0.00075241
19:08||615590500||463179||0.00075241
19:09||616280000||463523||0.00075241
19:10||616277000||463523||0.00075241
19:11||616277000||463523||0.00075241
19:12||616277000||463853||0.00075241
19:13||616277000||463853||0.00075241
19:14||616277000||463853||0.00075241
19:15||616277000||463853||0.00075241
19:16||616277000||463853||0.00075241
19:17||616754000||464236||0.00075241
19:18||616754000||464236||0.00075241
19:19||617532500||464236||0.00075241
19:20||617563000||464988||0.00075241
19:21||617600500||464988||0.00075241
19:22||617759500||464988||0.00075241
19:23||618249500||464988||0.00075241
19:24||618249500||464988||0.00075241
19:25||618249500||464988||0.00075241
19:26||618249500||464988||0.00075241
19:27||618275000||465177||0.00075241
19:28||617763500||465215||0.00075241
19:29||617763500||465215||0.00075241
19:30||617763500||465215||0.00075241
19:31||617763500||465215||0.00075241
19:32||617795000||465215||0.00075241
19:33||618296500||465215||0.00075241
19:34||618296500||465215||0.00075241
19:35||618296500||465215||0.00075241
19:36||618296500||465215||0.00075241
19:37||618296500||465212||0.00075241
19:38||618298000||465212||0.00075241
19:39||618299500||465215||0.00075241
19:40||618657000||465215||0.00075241
19:41||618680000||465250||0.00075241
19:42||619493000||465747||0.00075241
19:43||619531500||465747||0.00075241
19:44||619105500||466494||0.00075241
19:45||619100500||466494||0.00075241
19:46||619150500||466494||0.00075241
19:47||619577500||467132||0.00075241
19:48||619925000||467132||0.00075241
19:49||620157500||466117||0.00075241
19:50||619655500||466494||0.00075241
19:51||619057000||464462||0.00075241
19:52||618749000||464462||0.00075241
19:53||618762500||464462||0.00075241
19:54||619250000||464462||0.00075241
19:55||619251000||464462||0.00075241
19:56||619251000||464462||0.00075241
19:57||619501000||464462||0.00075241
19:58||619501000||464462||0.00075241
19:59||619508500||464462||0.00075241
20:00||619510000||464462||0.00075241
20:01||619595500||466476||0.00075241
20:02||619345500||465741||0.00075241
20:03||619345500||465741||0.00075241
20:04||619345500||465741||0.00075241
20:05||619345500||466261||0.00075241
20:06||619250000||465741||0.00075241
20:07||619235000||465741||0.00075241
20:08||619235000||465741||0.00075241
20:09||619035000||465365||0.00075241
20:10||618931000||466471||0.00075241
20:11||618499500||466471||0.00075241
20:12||618499500||464990||0.00075241
20:13||618499500||464990||0.00075241
20:14||618499500||464990||0.00075241
20:15||618499500||465065||0.00075241
20:16||618499500||465065||0.00075241
20:17||618504500||464990||0.00075241
20:18||618554000||465740||0.00075241
20:19||618554000||465740||0.00075241
20:20||618554000||465740||0.00075241
20:21||618554000||465740||0.00075241
20:22||618554000||465072||0.00075241
20:23||618559000||465072||0.00075241
20:24||618559000||465739||0.00075241
20:25||618559000||465739||0.00075241
20:26||618559000||465739||0.00075241
20:27||618559000||465739||0.00075241
20:28||618563000||465087||0.00075241
20:29||618577500||465102||0.00075241
20:30||618582500||465738||0.00075241
20:31||618552500||465066||0.00075241
20:32||618552500||465066||0.00075241
20:33||618552500||465066||0.00075241
20:34||618597500||465072||0.00075241
20:35||618748000||465072||0.00075241
20:36||618797500||465072||0.00075241
20:37||618807500||465072||0.00075241
20:38||618807500||465072||0.00075241
20:39||618847500||465455||0.00075241
20:40||618844500||465516||0.00075241
20:41||616326000||464738||0.00075241
20:42||616326000||464738||0.00075241
20:43||616323500||464726||0.00075241
20:44||616050500||464726||0.00075241
20:45||616031500||462808||0.00075241
20:46||616031500||462808||0.00075241
20:47||616030000||462808||0.00075241
20:48||615550000||462732||0.00075241
20:49||615550000||462732||0.00075241
20:50||615550000||462732||0.00075241
20:51||615758000||462732||0.00075241
20:52||615999500||462732||0.00075241
20:53||615999500||462732||0.00075241
20:54||615999500||463484||0.00075241
20:55||615999500||463483||0.00075241
20:56||615999500||463483||0.00075241
20:57||615999500||463483||0.00075241
20:58||615999500||463484||0.00075241
20:59||615999500||463484||0.00075241
21:00||615721000||463483||0.00075241
21:01||614486500||462732||0.00075241
21:02||613487000||461979||0.00075241
21:03||613511000||462711||0.00075241
21:04||613511500||462711||0.00075241
21:05||613536000||462711||0.00075241
21:06||613561000||462711||0.00075241
21:07||613561500||462711||0.00075241
21:08||613561500||462711||0.00075241
21:09||613561500||462711||0.00075241
21:10||613495500||462711||0.00075241
21:11||613496000||462711||0.00075241
21:12||613496500||462711||0.00075241
21:13||613496500||462711||0.00075241
21:14||613474500||462710||0.00075241
21:15||613474500||462710||0.00075241
21:16||613474500||460490||0.00075241
21:17||613511500||460490||0.00075241
21:18||613737000||460490||0.00075241
21:19||614236000||460490||0.00075241
21:20||614750000||462732||0.00075241
21:21||614759500||462732||0.00075241
21:22||614735000||462732||0.00075241
21:23||614709500||462732||0.00075241
21:24||614709500||462732||0.00075241
21:25||614245500||462732||0.00075241
21:26||614245500||462709||0.00075241
21:27||614260500||462732||0.00075241
21:28||614500000||462732||0.00075241
21:29||614500000||462732||0.00075241
21:30||614500000||462732||0.00075241
21:31||614500000||462732||0.00075241
21:32||614999500||461716||0.00075241
21:33||614311000||462731||0.00075241
21:34||615450000||462731||0.00075241
21:35||615450000||462731||0.00075241
21:36||615450000||462731||0.00075241
21:37||615439500||462731||0.00075241
21:38||615439500||462731||0.00075241
21:39||615439500||462731||0.00075241
21:40||615439500||461453||0.00075241
21:41||614604000||463415||0.00075241
21:42||614604000||463415||0.00075241
21:43||614604000||461453||0.00075241
21:44||613854500||463415||0.00075241
21:45||612900500||460325||0.00075241
21:46||614454000||461979||0.00075241
21:47||614954000||463415||0.00075241
21:48||614954000||461979||0.00075241
21:49||614954000||463415||0.00075241
21:50||614954000||463415||0.00075241
21:51||614900500||461979||0.00075241
21:52||614886500||461986||0.00075241
21:53||614886500||463306||0.00075241
21:54||614010500||463306||0.00075241
21:55||614010500||463306||0.00075241
21:56||614010500||461988||0.00075241
21:57||614010500||461988||0.00075241
21:58||614010500||461988||0.00075241
21:59||614010500||461988||0.00075241
22:00||613506000||461987||0.00075241
22:01||614010500||461987||0.00075241
22:02||614010500||461987||0.00075241
22:03||613452000||461228||0.00075241
22:04||613452000||461228||0.00075241
22:05||613902500||461228||0.00075241
22:06||613451500||461906||0.00075241
22:07||613451500||461906||0.00075241
22:08||613451500||461906||0.00075241
22:09||613451500||461906||0.00075241
22:10||613476000||461906||0.00075241
22:11||613476500||461906||0.00075241
22:12||613901500||461906||0.00075241
22:13||613902000||461906||0.00075241
22:14||613902000||461906||0.00075241
22:15||614843000||461906||0.00075241
22:16||614843000||461906||0.00075241
22:17||614843500||461906||0.00075241
22:18||614845000||463322||0.00075241
22:19||614845000||463322||0.00075241
22:20||614892500||463322||0.00075241
22:21||615392500||463322||0.00075241
22:22||615393000||463322||0.00075241
22:23||615393000||463322||0.00075241
22:24||615784500||463322||0.00075241
22:25||615799500||463484||0.00075241
22:26||615999500||463484||0.00075241
22:27||616987500||463484||0.00075241
22:28||616988500||464227||0.00075241
22:29||616988500||464227||0.00075241
22:30||617049500||464274||0.00075241
22:31||617740000||464613||0.00075241
22:32||617978000||464613||0.00075241
22:33||617977500||464972||0.00075241
22:34||617739000||464972||0.00075241
22:35||617734000||464613||0.00075241
22:36||617001500||464572||0.00075241
22:37||617001500||464572||0.00075241
22:38||615996000||464237||0.00075241
22:39||615981500||464237||0.00075241
22:40||616286500||464206||0.00075241
22:41||615488500||463469||0.00075241
22:42||614752500||462358||0.00075241
22:43||615967000||462733||0.00075241
22:44||615967000||462733||0.00075241
22:45||615967000||462733||0.00075241
22:46||615001500||462733||0.00075241
22:47||615001500||462733||0.00075241
22:48||615001500||462733||0.00075241
22:49||614752000||462733||0.00075241
22:50||614251500||461987||0.00075241
22:51||614296500||461987||0.00075241
22:52||613785000||461307||0.00075241
22:53||613787500||461307||0.00075241
22:54||613676000||462307||0.00075241
22:55||613676000||462307||0.00075241
22:56||614240500||462160||0.00075241
22:57||614240500||462160||0.00075241
22:58||615960000||462160||0.00075241
22:59||615918500||462160||0.00075241
23:00||615354000||461310||0.00075241
23:01||615048500||464685||0.00075241
23:02||615049000||464685||0.00075241
23:03||615162000||464685||0.00075241
23:04||614607500||464685||0.00075241
23:05||614607500||464685||0.00075241
23:06||614608500||464685||0.00075241
23:07||614608500||463270||0.00075241
23:08||614608500||463270||0.00075241
23:09||614608500||463270||0.00075241
23:10||614591500||463270||0.00075241
23:11||614591500||463270||0.00075241
23:12||614591500||463270||0.00075241
23:13||614591500||463270||0.00075241
23:14||614591500||463236||0.00075241
23:15||613303000||461605||0.00075241
23:16||614616000||461605||0.00075241
23:17||613340000||461688||0.00075241
23:18||613340000||461654||0.00075241
23:19||614338500||461311||0.00075241
23:20||614338000||461311||0.00075241
23:21||614338000||461311||0.00075241
23:22||614338000||461311||0.00075241
23:23||614338000||463157||0.00075241
23:24||614338000||461310||0.00075241
23:25||614338000||461310||0.00075241
23:26||614338000||461310||0.00075241
23:27||614338000||461310||0.00075241
23:28||614338000||461310||0.00075241
23:29||614338000||461310||0.00075241
23:30||614313500||461310||0.00075241
23:31||612586000||460525||0.00075241
23:32||612586000||460525||0.00075241
23:33||612069000||460525||0.00075241
23:34||612576000||460525||0.00075241
23:35||612567500||460525||0.00075241
23:36||612052000||460525||0.00075241
23:37||612052000||460525||0.00075241
23:38||612565000||460513||0.00075241
23:39||612565000||461286||0.00075241
23:40||612565000||460513||0.00075241
23:41||612565000||461286||0.00075241
23:42||612296000||460881||0.00075241
23:43||612418000||460881||0.00075241
23:44||612170500||460693||0.00075241
23:45||612109500||460513||0.00075241
23:46||612391500||460944||0.00075241
23:47||612503000||460769||0.00075241
23:48||612503000||460769||0.00075241
23:49||612133000||460512||0.00075241
23:50||612575000||461302||0.00075241
23:51||612837000||461302||0.00075241
23:52||612575500||460513||0.00075241
23:53||612312500||460513||0.00075241
23:54||612706000||460709||0.00075241
23:55||612706000||461302||0.00075241
23:56||612827000||461302||0.00075241
23:57||612443500||460717||0.00075241
23:58||612250000||460612||0.00075241
23:59||612250000||460612||0.00075241
