00:00||679980000||512729||0.00075241
00:01||680000000||512729||0.00075241
00:02||679980000||512729||0.00075241
00:03||679980000||512361||0.00075241
00:04||679980000||512361||0.00075241
00:05||679980000||512361||0.00075241
00:06||679025500||509390||0.00075241
00:07||679025500||509390||0.00075241
00:08||679045500||509390||0.00075241
00:09||679045500||509390||0.00075241
00:10||679045500||509390||0.00075241
00:11||679045500||509390||0.00075241
00:12||679006500||509450||0.00075241
00:13||679006500||509450||0.00075241
00:14||679045500||509450||0.00075241
00:15||679045500||512332||0.00075241
00:16||679045500||512332||0.00075241
00:17||679045500||512332||0.00075241
00:18||679045500||512332||0.00075241
00:19||679045500||512332||0.00075241
00:20||679045500||512332||0.00075241
00:21||679045500||509508||0.00075241
00:22||679045500||509508||0.00075241
00:23||679045500||512332||0.00075241
00:24||679045500||512332||0.00075241
00:25||679045500||512332||0.00075241
00:26||679045500||509508||0.00075241
00:27||679007500||509508||0.00075241
00:28||679007500||509508||0.00075241
00:29||679007500||512275||0.00075241
00:30||679507500||512275||0.00075241
00:31||679507500||512275||0.00075241
00:32||679507500||512275||0.00075241
00:33||679066000||512275||0.00075241
00:34||679066000||512275||0.00075241
00:35||679066000||512275||0.00075241
00:36||679066000||512275||0.00075241
00:37||679066000||512275||0.00075241
00:38||679066000||512275||0.00075241
00:39||677668000||510261||0.00075241
00:40||677668000||510261||0.00075241
00:41||676439000||509275||0.00075241
00:42||676439000||509275||0.00075241
00:43||676439000||509275||0.00075241
00:44||677969000||509275||0.00075241
00:45||677974000||509275||0.00075241
00:46||677969000||509275||0.00075241
00:47||678008000||509275||0.00075241
00:48||678008000||508702||0.00075241
00:49||678008000||508702||0.00075241
00:50||678008000||511577||0.00075241
00:51||678008000||508702||0.00075241
00:52||677969500||508702||0.00075241
00:53||677479500||508702||0.00075241
00:54||677479500||508702||0.00075241
00:55||677479500||508702||0.00075241
00:56||677479500||508702||0.00075241
00:57||677479500||508702||0.00075241
00:58||677479500||508702||0.00075241
00:59||677495000||508702||0.00075241
01:00||677479500||508702||0.00075241
01:01||677479500||508702||0.00075241
01:02||677508500||510841||0.00075241
01:03||677508500||510841||0.00075241
01:04||677508500||510841||0.00075241
01:05||677508500||510841||0.00075241
01:06||677508500||510841||0.00075241
01:07||677508500||510841||0.00075241
01:08||677508500||510841||0.00075241
01:09||677508500||510841||0.00075241
01:10||677508500||510841||0.00075241
01:11||677508500||510841||0.00075241
01:12||677508500||510841||0.00075241
01:13||677508500||510841||0.00075241
01:14||677508500||510841||0.00075241
01:15||677479500||510841||0.00075241
01:16||677479500||510841||0.00075241
01:17||677479500||510841||0.00075241
01:18||677479500||510841||0.00075241
01:19||677479500||510841||0.00075241
01:20||677479500||510841||0.00075241
01:21||677479500||510841||0.00075241
01:22||677479500||510841||0.00075241
01:23||677479500||510841||0.00075241
01:24||677479500||510841||0.00075241
01:25||677479500||510841||0.00075241
01:26||677479500||510841||0.00075241
01:27||677479500||510841||0.00075241
01:28||677479500||510841||0.00075241
01:29||677479500||510841||0.00075241
01:30||677479500||510841||0.00075241
01:31||677479500||510841||0.00075241
01:32||677508500||510841||0.00075241
01:33||677508500||510841||0.00075241
01:34||677508500||510841||0.00075241
01:35||677508500||510841||0.00075241
01:36||677508500||510841||0.00075241
01:37||677508500||510841||0.00075241
01:38||677508500||510841||0.00075241
01:39||677508500||510841||0.00075241
01:40||677538500||510841||0.00075241
01:41||677538500||510886||0.00075241
01:42||677538500||510886||0.00075241
01:43||677538500||510886||0.00075241
01:44||677538500||510886||0.00075241
01:45||677538500||510886||0.00075241
01:46||677616500||510886||0.00075241
01:47||677616500||510886||0.00075241
01:48||677616500||510886||0.00075241
01:49||677616500||510886||0.00075241
01:50||677616500||510886||0.00075241
01:51||677589000||508804||0.00075241
01:52||677589000||508804||0.00075241
01:53||677589000||510845||0.00075241
01:54||677616500||510845||0.00075241
01:55||677616500||510886||0.00075241
01:56||677616500||510886||0.00075241
01:57||677616500||510886||0.00075241
01:58||677616500||510886||0.00075241
01:59||677616500||510886||0.00075241
02:00||677616500||510886||0.00075241
02:01||677616500||510886||0.00075241
02:02||677616500||510886||0.00075241
02:03||677700500||510886||0.00075241
02:04||677925500||510886||0.00075241
02:05||678112000||510886||0.00075241
02:06||678283500||510886||0.00075241
02:07||678398000||510886||0.00075241
02:08||678507000||510886||0.00075241
02:09||678597000||510886||0.00075241
02:10||678672000||510307||0.00075241
02:11||678734500||510307||0.00075241
02:12||678781500||510307||0.00075241
02:13||678825500||510307||0.00075241
02:14||678863000||510307||0.00075241
02:15||678896500||510307||0.00075241
02:16||678922000||510307||0.00075241
02:17||678941000||510307||0.00075241
02:18||678961000||510307||0.00075241
02:19||678999500||510307||0.00075241
02:20||678999500||510885||0.00075241
02:21||679581000||511638||0.00075241
02:22||678083000||511638||0.00075241
02:23||678443000||511638||0.00075241
02:24||678710000||511638||0.00075241
02:25||678932000||511638||0.00075241
02:26||679118000||511638||0.00075241
02:27||679288000||511638||0.00075241
02:28||679414000||511638||0.00075241
02:29||678044000||511638||0.00075241
02:30||679498000||511638||0.00075241
02:31||679498000||511638||0.00075241
02:32||678235500||511638||0.00075241
02:33||678500500||511638||0.00075241
02:34||678746500||511638||0.00075241
02:35||678089000||511638||0.00075241
02:36||678403500||511638||0.00075241
02:37||678692500||511638||0.00075241
02:38||678930000||511638||0.00075241
02:39||679087000||511638||0.00075241
02:40||679174000||511638||0.00075241
02:41||679174000||511638||0.00075241
02:42||679174000||511638||0.00075241
02:43||679206500||511638||0.00075241
02:44||679206500||511638||0.00075241
02:45||679205500||510446||0.00075241
02:46||679207000||510446||0.00075241
02:47||679207000||510446||0.00075241
02:48||679068000||510446||0.00075241
02:49||678939000||511234||0.00075241
02:50||678834000||511234||0.00075241
02:51||678756000||511234||0.00075241
02:52||678683500||511234||0.00075241
02:53||678626000||511234||0.00075241
02:54||678578500||511234||0.00075241
02:55||678539500||511234||0.00075241
02:56||678535000||510446||0.00075241
02:57||678535000||510446||0.00075241
02:58||678535000||510446||0.00075241
02:59||678535000||510446||0.00075241
03:00||678535000||510446||0.00075241
03:01||678535000||510446||0.00075241
03:02||678535000||510446||0.00075241
03:03||678207000||510446||0.00075241
03:04||676960500||510133||0.00075241
03:05||676836000||510133||0.00075241
03:06||678977000||509803||0.00075241
03:07||678977000||509803||0.00075241
03:08||678058500||509803||0.00075241
03:09||678058500||509803||0.00075241
03:10||678058500||509803||0.00075241
03:11||678058500||509803||0.00075241
03:12||678058500||509803||0.00075241
03:13||678127000||509803||0.00075241
03:14||678127000||509803||0.00075241
03:15||678127000||509803||0.00075241
03:16||678127000||509803||0.00075241
03:17||678127000||509803||0.00075241
03:18||678127000||509803||0.00075241
03:19||678127000||509803||0.00075241
03:20||678127000||509803||0.00075241
03:21||678127000||509803||0.00075241
03:22||678127000||509803||0.00075241
03:23||678127000||508851||0.00075241
03:24||678127000||508851||0.00075241
03:25||678019500||508851||0.00075241
03:26||678019500||508851||0.00075241
03:27||678019500||508851||0.00075241
03:28||678019500||508851||0.00075241
03:29||678019500||508851||0.00075241
03:30||678019500||508851||0.00075241
03:31||678019500||508851||0.00075241
03:32||678019500||508851||0.00075241
03:33||678019500||508851||0.00075241
03:34||678019500||508851||0.00075241
03:35||678019500||508851||0.00075241
03:36||678019500||508851||0.00075241
03:37||678019500||508851||0.00075241
03:38||678058500||508851||0.00075241
03:39||678058500||508851||0.00075241
03:40||678058500||508851||0.00075241
03:41||678058500||508851||0.00075241
03:42||678058500||508851||0.00075241
03:43||678058500||508851||0.00075241
03:44||678058500||508851||0.00075241
03:45||678058500||508851||0.00075241
03:46||678019500||508851||0.00075241
03:47||678019500||508851||0.00075241
03:48||678019500||508851||0.00075241
03:49||678019500||508851||0.00075241
03:50||678019500||508851||0.00075241
03:51||678019500||508851||0.00075241
03:52||678019500||508851||0.00075241
03:53||678019500||508851||0.00075241
03:54||678019500||508629||0.00075241
03:55||674732000||507876||0.00075241
03:56||674712000||507876||0.00075241
03:58||674674500||507876||0.00075241
03:59||674674500||507876||0.00075241
04:00||674674500||507876||0.00075241
04:01||674674500||507876||0.00075241
04:02||673664000||507541||0.00075241
04:03||673534000||507541||0.00075241
04:04||673437500||507541||0.00075241
04:05||673349500||507541||0.00075241
04:06||673277000||507541||0.00075241
04:07||673239000||507541||0.00075241
04:08||673239000||507541||0.00075241
04:09||673239000||507541||0.00075241
04:10||673239000||507541||0.00075241
04:11||676430500||511637||0.00075241
04:12||676430500||511637||0.00075241
04:13||676430500||511637||0.00075241
04:14||676430500||511637||0.00075241
04:15||676430500||511637||0.00075241
04:16||676499000||511531||0.00075241
04:17||676499000||511531||0.00075241
04:18||676499000||511531||0.00075241
04:19||676499000||511531||0.00075241
04:20||676499000||511531||0.00075241
04:21||676499000||511531||0.00075241
04:22||673723500||511531||0.00075241
04:23||673723500||507458||0.00075241
04:24||673723500||507458||0.00075241
04:25||673723500||507458||0.00075241
04:26||673148500||506374||0.00075241
04:27||673148500||507458||0.00075241
04:28||673148500||507458||0.00075241
04:29||673148500||507458||0.00075241
04:30||673506000||507458||0.00075241
04:31||676208500||507458||0.00075241
04:32||673288500||507458||0.00075241
04:33||673288500||507458||0.00075241
04:34||673288500||507458||0.00075241
04:35||673288500||507458||0.00075241
04:36||673288500||507458||0.00075241
04:37||673288500||507458||0.00075241
04:38||676208500||511637||0.00075241
04:39||676208500||506046||0.00075241
04:40||676208500||506046||0.00075241
04:41||676282000||506046||0.00075241
04:42||676294500||511544||0.00075241
04:43||676994000||511548||0.00075241
04:44||677053000||511548||0.00075241
04:45||675564500||511548||0.00075241
04:46||677053000||511548||0.00075241
04:47||676994000||511548||0.00075241
04:48||675494000||511548||0.00075241
04:49||676994000||511548||0.00075241
04:50||676994000||511548||0.00075241
04:51||675956500||511548||0.00075241
04:52||675956500||509987||0.00075241
04:53||675956500||509987||0.00075241
04:54||675956500||509987||0.00075241
04:55||675956500||509987||0.00075241
04:56||675429500||509987||0.00075241
04:57||675429500||509194||0.00075241
04:58||675429500||509194||0.00075241
04:59||675429500||509194||0.00075241
05:00||675035000||509194||0.00075241
05:01||674545000||509194||0.00075241
05:02||674545000||509194||0.00075241
05:03||674545000||509194||0.00075241
05:04||674545000||509194||0.00075241
05:05||674545000||509194||0.00075241
05:06||674545000||509194||0.00075241
05:07||674750000||509194||0.00075241
05:08||674750000||507876||0.00075241
05:09||675245000||507876||0.00075241
05:10||674995000||507876||0.00075241
05:11||674995000||508245||0.00075241
05:12||674995000||508245||0.00075241
05:13||674995000||508245||0.00075241
05:14||674995000||508245||0.00075241
05:15||674995000||508245||0.00075241
05:16||674995000||508245||0.00075241
05:17||674995000||508245||0.00075241
05:18||674655500||507876||0.00075241
05:19||674655500||507876||0.00075241
05:20||674655500||507876||0.00075241
05:21||674655500||507876||0.00075241
05:22||674220000||507425||0.00075241
05:23||674220000||507425||0.00075241
05:24||674220000||507425||0.00075241
05:25||673318500||507205||0.00075241
05:26||673318500||507205||0.00075241
05:27||671900000||505469||0.00075241
05:28||671900000||505469||0.00075241
05:29||671900000||505469||0.00075241
05:30||671900000||505469||0.00075241
05:31||671900000||505469||0.00075241
05:32||673749500||505619||0.00075241
05:33||673947000||505619||0.00075241
05:34||674050000||508200||0.00075241
05:35||673052000||506914||0.00075241
05:36||672926500||506914||0.00075241
05:37||672893500||506914||0.00075241
05:38||672811500||506914||0.00075241
05:39||672747000||506914||0.00075241
05:40||672692000||506914||0.00075241
05:41||672649000||506914||0.00075241
05:42||672601000||505995||0.00075241
05:43||672601000||505995||0.00075241
05:44||675165000||507748||0.00075241
05:45||675176000||507763||0.00075241
05:46||679921000||515393||0.00075241
05:47||679871000||515393||0.00075241
05:48||679872500||515393||0.00075241
05:49||679877500||515393||0.00075241
05:50||674889500||507793||0.00075241
05:51||674894500||507793||0.00075241
05:52||674894500||507793||0.00075241
05:53||674964000||507797||0.00075241
05:54||682000500||507876||0.00075241
05:55||682000500||507876||0.00075241
05:56||682000500||507876||0.00075241
05:57||681501500||511640||0.00075241
05:58||677449500||507800||0.00075241
05:59||678948500||507800||0.00075241
06:00||679108000||507800||0.00075241
06:01||679411500||507800||0.00075241
06:02||678265500||507800||0.00075241
06:03||678618500||507800||0.00075241
06:04||678619500||507800||0.00075241
06:05||678619500||507800||0.00075241
06:06||677916500||507800||0.00075241
06:07||677916500||507800||0.00075241
06:08||677958000||507800||0.00075241
06:09||678159000||507800||0.00075241
06:10||678376000||507800||0.00075241
06:11||678326000||507800||0.00075241
06:12||678279000||508503||0.00075241
06:13||678584500||508503||0.00075241
06:14||678127000||508503||0.00075241
06:15||678127000||508503||0.00075241
06:16||678151500||508503||0.00075241
06:17||677949500||508503||0.00075241
06:18||678027500||508503||0.00075241
06:19||678027500||508503||0.00075241
06:20||678027500||508503||0.00075241
06:21||678027500||508503||0.00075241
06:22||678027500||508503||0.00075241
06:23||677681500||508503||0.00075241
06:24||677935500||508503||0.00075241
06:25||677580000||508503||0.00075241
06:26||677013000||508503||0.00075241
06:27||676847000||508503||0.00075241
06:28||678394500||509225||0.00075241
06:29||678723000||509225||0.00075241
06:30||678752500||509225||0.00075241
06:31||678652500||509225||0.00075241
06:32||678833500||509225||0.00075241
06:33||678983500||511337||0.00075241
06:34||679095000||511337||0.00075241
06:35||679196000||511337||0.00075241
06:36||679263500||511337||0.00075241
06:37||679322000||510865||0.00075241
06:38||679435000||511413||0.00075241
06:39||679483000||511413||0.00075241
06:40||679526000||511413||0.00075241
06:41||679548500||511413||0.00075241
06:42||679548500||511413||0.00075241
06:43||679548500||511413||0.00075241
06:44||679548500||511413||0.00075241
06:45||679548500||511413||0.00075241
06:46||677886000||508629||0.00075241
06:47||678257000||508629||0.00075241
06:48||679757500||511413||0.00075241
06:49||679899500||511488||0.00075241
06:50||679989500||511563||0.00075241
06:51||679989500||511631||0.00075241
06:52||679989500||511631||0.00075241
06:53||679989500||511631||0.00075241
06:54||679989500||511631||0.00075241
06:55||679989500||511631||0.00075241
06:56||678191000||511631||0.00075241
06:57||678498000||511631||0.00075241
06:58||678754500||511631||0.00075241
06:59||678755500||511631||0.00075241
07:00||678754500||511631||0.00075241
07:01||678754500||511631||0.00075241
07:02||678468500||511631||0.00075241
07:03||678532000||511631||0.00075241
07:04||678101000||511631||0.00075241
07:05||678451000||511631||0.00075241
07:06||678667000||511631||0.00075241
07:07||678864000||511631||0.00075241
07:08||677650000||509532||0.00075241
07:09||678528000||511413||0.00075241
07:10||679599500||511337||0.00075241
07:11||679500500||511264||0.00075241
07:12||678975000||511264||0.00075241
07:13||678329500||511224||0.00075241
07:14||678329500||511224||0.00075241
07:15||678222000||509381||0.00075241
07:16||678898000||507765||0.00075241
07:17||678899000||507765||0.00075241
07:18||678371500||510433||0.00075241
07:19||678199000||511143||0.00075241
07:20||678199000||511143||0.00075241
07:21||678149000||511143||0.00075241
07:22||678149000||511143||0.00075241
07:23||678149000||511143||0.00075241
07:24||678147500||511143||0.00075241
07:25||678147500||511143||0.00075241
07:26||678144000||510808||0.00075241
07:27||678143000||510808||0.00075241
07:28||678143000||510808||0.00075241
07:29||678142000||510808||0.00075241
07:30||677443000||508380||0.00075241
07:31||677229000||508373||0.00075241
07:32||677229000||508373||0.00075241
07:33||677229000||508373||0.00075241
07:34||677229000||508373||0.00075241
07:35||677229000||508373||0.00075241
07:36||677204000||508373||0.00075241
07:37||677204000||508373||0.00075241
07:38||677204000||508373||0.00075241
07:39||677204000||508373||0.00075241
07:40||677204000||508373||0.00075241
07:41||677204000||508373||0.00075241
07:42||677204000||508373||0.00075241
07:43||677204000||508373||0.00075241
07:44||677204000||508373||0.00075241
07:45||675830000||508373||0.00075241
07:46||675829000||508373||0.00075241
07:47||675829000||508373||0.00075241
07:48||675829000||508373||0.00075241
07:49||675999000||508627||0.00075241
07:50||676080000||508629||0.00075241
07:51||676080000||508629||0.00075241
07:52||676080000||509005||0.00075241
07:53||676080000||509005||0.00075241
07:54||676080000||509005||0.00075241
07:55||676080000||509005||0.00075241
07:56||676080000||508373||0.00075241
07:57||676080000||508373||0.00075241
07:58||676080000||508373||0.00075241
07:59||676080000||508373||0.00075241
08:00||676080000||508373||0.00075241
08:01||676080000||508373||0.00075241
08:02||676080000||508373||0.00075241
08:03||676078500||508373||0.00075241
08:04||676077500||508373||0.00075241
08:05||676077500||508373||0.00075241
08:06||676077500||509001||0.00075241
08:07||676077500||509001||0.00075241
08:08||676077500||509001||0.00075241
08:09||676077500||509001||0.00075241
08:10||676077500||509001||0.00075241
08:11||676077500||508373||0.00075241
08:12||676076500||509000||0.00075241
08:13||675745500||507876||0.00075241
08:14||675671500||507765||0.00075241
08:15||675671500||507765||0.00075241
08:16||675426000||507765||0.00075241
08:17||675426000||507765||0.00075241
08:18||674505000||506379||0.00075241
08:19||674503500||506379||0.00075241
08:20||674506000||506379||0.00075241
08:21||674506000||506379||0.00075241
08:22||674506000||506379||0.00075241
08:23||674548500||506379||0.00075241
08:24||674101000||507876||0.00075241
08:25||673200500||506523||0.00075241
08:26||673200500||506523||0.00075241
08:27||673348500||506523||0.00075241
08:28||673348500||506523||0.00075241
08:29||673349500||506523||0.00075241
08:30||674100500||506524||0.00075241
08:31||674102000||507875||0.00075241
08:32||674451000||507875||0.00075241
08:33||674454000||507875||0.00075241
08:34||674455000||507875||0.00075241
08:35||674455000||507875||0.00075241
08:36||674455000||507875||0.00075241
08:37||674454500||507058||0.00075241
08:38||674454000||507058||0.00075241
08:39||674104000||507058||0.00075241
08:40||673212500||506529||0.00075241
08:41||673212500||506532||0.00075241
08:42||673212500||506532||0.00075241
08:43||673212500||506532||0.00075241
08:44||673212500||506532||0.00075241
08:45||673212500||506532||0.00075241
08:46||674214000||506532||0.00075241
08:47||674613500||506532||0.00075241
08:48||675295500||507876||0.00075241
08:49||675499500||507876||0.00075241
08:50||675499500||507876||0.00075241
08:51||675499500||508252||0.00075241
08:52||674884000||508252||0.00075241
08:53||675725000||508252||0.00075241
08:54||676282000||508642||0.00075241
08:55||676281500||508642||0.00075241
08:56||675463000||507192||0.00075241
08:57||675432500||507756||0.00075241
08:58||676205500||508629||0.00075241
08:59||676249000||508629||0.00075241
09:00||676249000||508629||0.00075241
09:01||676249000||508629||0.00075241
09:02||676247500||508629||0.00075241
09:03||676247500||508629||0.00075241
09:04||676781000||509042||0.00075241
09:05||677592000||509381||0.00075241
09:06||677771000||510434||0.00075241
09:07||677761000||510434||0.00075241
09:08||677761000||510434||0.00075241
09:09||677756000||510434||0.00075241
09:10||677755000||510434||0.00075241
09:11||677755000||510434||0.00075241
09:12||677754500||510434||0.00075241
09:13||677754500||510434||0.00075241
09:14||677755000||510434||0.00075241
09:15||677751500||510359||0.00075241
09:16||677726000||510359||0.00075241
09:17||677726000||510359||0.00075241
09:18||677721500||510359||0.00075241
09:19||677716500||510307||0.00075241
09:20||677706500||510307||0.00075241
09:21||677710500||510307||0.00075241
09:22||677710500||510307||0.00075241
09:23||677710000||510307||0.00075241
09:24||677713000||510307||0.00075241
09:25||677713000||510307||0.00075241
09:26||677665500||510307||0.00075241
09:27||677665500||509547||0.00075241
09:28||677665500||509547||0.00075241
09:29||677674000||509547||0.00075241
09:30||677674500||510217||0.00075241
09:31||678110500||510217||0.00075241
09:32||678110500||510217||0.00075241
09:33||678110500||510216||0.00075241
09:34||678110500||510216||0.00075241
09:35||678110500||510216||0.00075241
09:36||678110500||510216||0.00075241
09:37||677661500||510216||0.00075241
09:38||678115500||510886||0.00075241
09:39||678510000||510886||0.00075241
09:40||678510000||510886||0.00075241
09:41||678552500||510885||0.00075241
09:42||678124500||509569||0.00075241
09:43||678124500||509571||0.00075241
09:44||678123000||509571||0.00075241
09:45||677257500||509573||0.00075241
09:46||677257500||509574||0.00075241
09:47||677257500||509574||0.00075241
09:48||678117500||509575||0.00075241
09:49||678114000||509577||0.00075241
09:50||678117500||510861||0.00075241
09:51||678045500||510861||0.00075241
09:52||677270500||510861||0.00075241
09:53||677270500||510861||0.00075241
09:54||677270500||510861||0.00075241
09:55||677270500||510861||0.00075241
09:56||677270500||509583||0.00075241
09:57||677799000||510337||0.00075241
09:58||677703000||510337||0.00075241
09:59||677639000||510337||0.00075241
10:00||677639000||510337||0.00075241
10:01||677639000||510337||0.00075241
10:02||677774500||510337||0.00075241
10:03||677553000||510337||0.00075241
10:04||677500500||510337||0.00075241
10:05||677380000||510337||0.00075241
10:06||677379000||510337||0.00075241
10:07||677329500||510337||0.00075241
10:08||677329500||510337||0.00075241
10:09||677329500||509665||0.00075241
10:10||677329500||509665||0.00075241
10:11||677329000||509592||0.00075241
10:12||677329000||509592||0.00075241
10:13||677329500||509665||0.00075241
10:14||677331000||509665||0.00075241
10:15||677331000||509665||0.00075241
10:16||677331000||509665||0.00075241
10:17||677642000||510133||0.00075241
10:18||677641500||510133||0.00075241
10:19||677640500||509595||0.00075241
10:20||677624500||509595||0.00075241
10:21||677547500||509595||0.00075241
10:22||677284500||509595||0.00075241
10:23||677284500||509595||0.00075241
10:24||677284500||509595||0.00075241
10:25||677639500||509595||0.00075241
10:26||677442500||509833||0.00075241
10:27||677594500||509833||0.00075241
10:28||677594500||509833||0.00075241
10:29||677440500||509595||0.00075241
10:30||677440000||509595||0.00075241
10:31||677286500||509816||0.00075241
10:32||677286500||509596||0.00075241
10:33||677286500||509596||0.00075241
10:34||677286500||509596||0.00075241
10:35||677286500||509596||0.00075241
10:36||677284500||509596||0.00075241
10:37||677284500||509595||0.00075241
10:38||677284500||509596||0.00075241
10:39||677238000||509533||0.00075241
10:40||677204500||509533||0.00075241
10:41||677202500||509535||0.00075241
10:42||677186000||509522||0.00075241
10:43||677186000||509520||0.00075241
10:44||677186000||509520||0.00075241
10:45||677185500||509520||0.00075241
10:46||677185500||509520||0.00075241
10:47||677185500||509520||0.00075241
10:48||677185500||509520||0.00075241
10:49||677762500||509757||0.00075241
10:50||678281000||510179||0.00075241
10:51||678319500||510502||0.00075241
10:52||678365000||510502||0.00075241
10:53||678393000||510493||0.00075241
10:54||678477500||510492||0.00075241
10:55||678477500||510493||0.00075241
10:56||678477500||510493||0.00075241
10:57||678477500||510493||0.00075241
10:58||678477500||510493||0.00075241
10:59||678554500||510607||0.00075241
11:00||678478500||510494||0.00075241
11:01||678477500||510492||0.00075241
11:02||678477500||510492||0.00075241
11:03||678477500||510492||0.00075241
11:04||678477500||510492||0.00075241
11:05||678477500||510493||0.00075241
11:06||678477500||510493||0.00075241
11:07||678477500||510607||0.00075241
11:09||678538500||510607||0.00075241
11:10||678599500||510583||0.00075241
11:08||678552500||510583||0.00075241
11:11||678599500||510583||0.00075241
11:12||678599500||510583||0.00075241
11:13||678599500||510583||0.00075241
11:14||678629500||510607||0.00075241
11:15||678629500||510607||0.00075241
11:16||678629500||510607||0.00075241
11:17||678629500||510607||0.00075241
11:18||678629500||510607||0.00075241
11:19||678629500||510607||0.00075241
11:20||678629500||510607||0.00075241
11:21||678629500||510607||0.00075241
11:22||678629500||510607||0.00075241
11:23||678629500||510607||0.00075241
11:24||678629500||510607||0.00075241
11:25||678629500||510607||0.00075241
11:26||678629500||510607||0.00075241
11:27||678629500||510607||0.00075241
11:28||678629500||510607||0.00075241
11:29||678629500||510607||0.00075241
11:30||678629500||510607||0.00075241
11:31||678629500||510607||0.00075241
11:32||678629500||510607||0.00075241
11:33||678629500||510607||0.00075241
11:34||678629500||510607||0.00075241
11:35||678629500||510607||0.00075241
11:36||678629500||510607||0.00075241
11:37||678629500||510607||0.00075241
11:38||678629500||510607||0.00075241
11:39||678629500||510607||0.00075241
11:40||678629500||510607||0.00075241
11:41||678629500||510607||0.00075241
11:42||678629500||510607||0.00075241
11:43||678629500||510607||0.00075241
11:44||678629500||510607||0.00075241
11:45||678629500||510607||0.00075241
11:46||678629500||510607||0.00075241
11:47||678629500||510607||0.00075241
11:48||678629500||510607||0.00075241
11:49||678629500||510607||0.00075241
11:50||678629500||510607||0.00075241
11:51||678629500||510607||0.00075241
11:52||678629500||510607||0.00075241
11:53||678629500||510607||0.00075241
11:54||678629500||510607||0.00075241
11:55||678629500||510607||0.00075241
11:56||678629500||510607||0.00075241
11:57||678629500||510607||0.00075241
11:58||678629500||510607||0.00075241
11:59||678629500||510607||0.00075241
12:00||678629500||510607||0.00075241
12:01||678629500||510607||0.00075241
12:02||678629500||510607||0.00075241
12:03||678664000||510659||0.00075241
12:04||678664000||510659||0.00075241
12:05||678669000||510659||0.00075241
12:06||678669000||510659||0.00075241
12:07||678698500||510659||0.00075241
12:08||678698500||510659||0.00075241
12:09||678698500||510659||0.00075241
12:10||678698500||510659||0.00075241
12:11||678832500||510861||0.00075241
12:12||678832500||510659||0.00075241
12:13||678832500||510659||0.00075241
12:14||678832500||510659||0.00075241
12:15||678832500||510659||0.00075241
12:16||678832500||510659||0.00075241
12:17||678832500||510861||0.00075241
12:18||678699000||510861||0.00075241
12:19||678699000||510660||0.00075241
12:20||679749000||512240||0.00075241
12:21||679834500||510886||0.00075241
12:22||679501500||510887||0.00075241
12:23||679499500||510887||0.00075241
12:24||679450500||510887||0.00075241
12:25||679401500||511488||0.00075241
12:26||679251000||511488||0.00075241
12:27||679005500||511260||0.00075241
12:28||679005500||511260||0.00075241
12:29||679005500||510890||0.00075241
12:30||679005500||510890||0.00075241
12:31||679005500||510890||0.00075241
12:32||679005500||510890||0.00075241
12:33||679005500||510890||0.00075241
12:34||679005500||510890||0.00075241
12:35||679005500||510890||0.00075241
12:36||679005500||510890||0.00075241
12:37||679005500||510890||0.00075241
12:38||679005500||510890||0.00075241
12:39||679005500||510890||0.00075241
12:40||679005500||510890||0.00075241
12:41||679005500||510890||0.00075241
12:42||679005500||510890||0.00075241
12:43||679005500||510890||0.00075241
12:44||679005500||510890||0.00075241
12:45||679005500||510890||0.00075241
12:46||679005500||510890||0.00075241
12:47||679005500||510890||0.00075241
12:48||679152500||511112||0.00075241
12:49||679150000||510886||0.00075241
12:50||679150500||510886||0.00075241
12:51||679148000||510887||0.00075241
12:52||679147500||510887||0.00075241
12:53||679147500||511106||0.00075241
12:54||679147500||511106||0.00075241
12:55||679147500||511106||0.00075241
12:56||679149500||511106||0.00075241
12:57||679149500||511106||0.00075241
12:58||679149500||511106||0.00075241
12:59||679149500||511106||0.00075241
13:00||679291500||511106||0.00075241
13:01||679291500||511106||0.00075241
13:02||679291500||511106||0.00075241
13:03||679345000||511186||0.00075241
13:04||679396500||511185||0.00075241
13:05||679396500||511184||0.00075241
13:06||679441500||511253||0.00075241
13:07||679368000||511074||0.00075241
13:08||678748500||510208||0.00075241
13:09||679836000||512522||0.00075241
13:10||680299000||513143||0.00075241
13:11||680327000||513143||0.00075241
13:12||680949000||513143||0.00075241
13:13||680850000||513143||0.00075241
13:14||680749000||513143||0.00075241
13:15||680749000||513143||0.00075241
13:16||680014000||511661||0.00075241
13:17||680000500||511661||0.00075241
13:18||680000500||511639||0.00075241
13:19||678281000||509052||0.00075241
13:20||678328500||509128||0.00075241
13:21||677331500||510133||0.00075241
13:22||679992500||510133||0.00075241
13:23||679992500||510133||0.00075241
13:24||679992500||511632||0.00075241
13:25||679992500||511632||0.00075241
13:26||679992500||511632||0.00075241
13:27||678496000||509381||0.00075241
13:28||678496000||509381||0.00075241
13:29||678496000||511632||0.00075241
13:30||678496000||511632||0.00075241
13:31||678496000||511632||0.00075241
13:32||678498000||511632||0.00075241
13:33||678502000||511632||0.00075241
13:34||678501000||511632||0.00075241
13:35||678499000||511625||0.00075241
13:36||678497500||511625||0.00075241
13:37||678497500||511625||0.00075241
13:38||678345000||511625||0.00075241
13:39||679669500||511390||0.00075241
13:40||679669500||511390||0.00075241
13:41||679669500||511390||0.00075241
13:42||678344500||511389||0.00075241
13:43||678356500||511385||0.00075241
13:44||678356500||511385||0.00075241
13:45||678350500||511385||0.00075241
13:46||678194500||509495||0.00075241
13:47||678200500||509497||0.00075241
13:48||678200500||511063||0.00075241
13:49||678618500||511063||0.00075241
13:50||678618500||511063||0.00075241
13:51||678617000||511063||0.00075241
13:52||678616500||511063||0.00075241
13:53||678613500||510137||0.00075241
13:54||678613500||510137||0.00075241
13:55||678613500||510142||0.00075241
13:56||678611000||510142||0.00075241
13:57||678611000||511045||0.00075241
13:58||678604500||511045||0.00075241
13:59||678403000||511045||0.00075241
14:00||678011500||511045||0.00075241
14:01||678379500||511045||0.00075241
14:02||678380000||510697||0.00075241
14:03||678743500||510697||0.00075241
14:04||678743500||510697||0.00075241
14:05||678743500||510693||0.00075241
14:06||678743500||510693||0.00075241
14:07||678743500||510693||0.00075241
14:08||678743500||510693||0.00075241
14:09||678743500||510693||0.00075241
14:10||678743500||510693||0.00075241
14:11||678743500||510693||0.00075241
14:12||678743500||510693||0.00075241
14:13||678743500||510693||0.00075241
14:14||678743500||510693||0.00075241
14:15||678743500||510693||0.00075241
14:16||678743500||510693||0.00075241
14:17||678743500||510693||0.00075241
14:18||678743500||510693||0.00075241
14:19||678743500||510693||0.00075241
14:20||678743500||510693||0.00075241
14:21||678743500||510693||0.00075241
14:22||678743500||510693||0.00075241
14:23||678743500||510693||0.00075241
14:24||678743500||510693||0.00075241
14:25||678743500||510693||0.00075241
14:26||678743500||510693||0.00075241
14:27||678743500||510693||0.00075241
14:28||678743500||510693||0.00075241
14:29||678743500||510693||0.00075241
14:30||678743500||510693||0.00075241
14:31||678743500||510693||0.00075241
14:32||678743500||510693||0.00075241
14:33||678743500||510693||0.00075241
14:34||678743500||510693||0.00075241
14:35||678743500||510693||0.00075241
14:36||678743500||510693||0.00075241
14:37||678743500||510693||0.00075241
14:38||678743500||510693||0.00075241
14:39||678743500||510693||0.00075241
14:40||678743500||510693||0.00075241
14:41||678743500||510693||0.00075241
14:42||678743500||510693||0.00075241
14:43||678743500||510693||0.00075241
14:44||678422000||510693||0.00075241
14:45||678401000||510662||0.00075241
14:46||678401000||510662||0.00075241
14:47||678401000||510662||0.00075241
14:48||678401500||510662||0.00075241
14:49||677513000||510036||0.00075241
14:50||677155500||509498||0.00075241
14:51||677913000||509498||0.00075241
14:52||677913500||509498||0.00075241
14:53||677913500||510638||0.00075241
14:54||677155500||509498||0.00075241
14:55||677155500||509498||0.00075241
14:56||677667500||510284||0.00075241
14:57||677667500||510284||0.00075241
14:58||675589500||506447||0.00075241
14:59||675505500||506447||0.00075241
15:00||676701000||506447||0.00075241
15:01||676701000||506447||0.00075241
15:02||675500500||506447||0.00075241
15:03||675500500||508253||0.00075241
15:04||676627000||508253||0.00075241
15:05||676235000||508253||0.00075241
15:06||674350500||506522||0.00075241
15:07||674925500||506522||0.00075241
15:08||674925500||506522||0.00075241
15:09||675430000||509005||0.00075241
15:10||675430000||509005||0.00075241
15:11||675430000||507395||0.00075241
15:12||675429500||507395||0.00075241
15:13||677200000||510059||0.00075241
15:14||677200000||510059||0.00075241
15:15||677124500||509945||0.00075241
15:16||677620000||509938||0.00075241
15:17||677500500||509938||0.00075241
15:18||677500500||509938||0.00075241
15:19||677500500||509758||0.00075241
15:20||677500500||509758||0.00075241
15:21||677500500||509758||0.00075241
15:22||677500500||509758||0.00075241
15:23||677500500||509758||0.00075241
15:25||677500500||509757||0.00075241
15:26||677500500||509757||0.00075241
15:26||677500500||509757||0.00075241
15:27||677500500||509758||0.00075241
15:28||677500500||509758||0.00075241
15:29||677500500||509758||0.00075241
15:30||677500500||509758||0.00075241
15:31||677500500||509758||0.00075241
15:32||677500500||509758||0.00075241
15:33||677500500||509758||0.00075241
15:34||677500500||509758||0.00075241
15:35||677500500||507500||0.00075241
15:36||676100500||507500||0.00075241
15:37||676250500||507500||0.00075241
15:38||676625000||508252||0.00075241
15:39||676638500||509757||0.00075241
15:40||676639000||509757||0.00075241
15:41||676633500||509750||0.00075241
15:42||676633000||509750||0.00075241
15:43||675764500||509750||0.00075241
15:44||675764500||508462||0.00075241
15:45||676619000||509748||0.00075241
15:46||676602500||509750||0.00075241
15:47||676603000||506905||0.00075241
15:48||675584000||506905||0.00075241
15:49||675624500||506905||0.00075241
15:50||675874500||506905||0.00075241
15:51||675874000||507501||0.00075241
15:52||675874500||507501||0.00075241
15:53||675874000||507501||0.00075241
15:54||675874000||509561||0.00075241
15:55||675895000||509559||0.00075241
15:56||675994500||509559||0.00075241
15:57||675992000||507692||0.00075241
15:58||675979000||507692||0.00075241
15:59||675988500||507692||0.00075241
16:00||675989000||509532||0.00075241
16:01||676710500||510133||0.00075241
16:02||677000000||510262||0.00075241
16:03||677000000||510133||0.00075241
16:04||676999500||510133||0.00075241
16:05||676999500||510133||0.00075241
16:06||677749500||509945||0.00075241
16:07||677749500||509945||0.00075241
16:08||677749500||509945||0.00075241
16:09||677874000||509945||0.00075241
16:10||677879000||509945||0.00075241
16:11||677998500||510133||0.00075241
16:12||677999000||510133||0.00075241
16:13||677998500||510133||0.00075241
16:14||677998500||510133||0.00075241
16:15||677998500||510133||0.00075241
16:16||677998500||510133||0.00075241
16:17||678335500||510262||0.00075241
16:18||678252000||510261||0.00075241
16:19||678202000||510261||0.00075241
16:20||678252000||510510||0.00075241
16:21||678252000||510510||0.00075241
16:22||678252000||510136||0.00075241
16:23||678262000||510136||0.00075241
16:24||678499500||510136||0.00075241
16:25||678499500||510509||0.00075241
16:26||678729500||510683||0.00075241
16:27||678734500||510690||0.00075241
16:28||678870000||510698||0.00075241
16:29||678989500||510878||0.00075241
16:30||678989500||510878||0.00075241
16:31||679150000||511112||0.00075241
16:32||679149000||511112||0.00075241
16:33||679297500||511112||0.00075241
16:34||679297500||511110||0.00075241
16:35||679297500||511109||0.00075241
16:36||679628000||511608||0.00075241
16:37||679897500||511608||0.00075241
16:38||679928500||511562||0.00075241
16:39||679957500||511562||0.00075241
16:40||679989500||511629||0.00075241
16:41||680394500||511857||0.00075241
16:42||680294500||512015||0.00075241
16:43||680497500||511857||0.00075241
16:44||680498500||512013||0.00075241
16:45||680497500||512013||0.00075241
16:46||680497500||512015||0.00075241
16:47||680497500||512015||0.00075241
16:48||680547500||512015||0.00075241
16:49||680546000||512015||0.00075241
16:50||680546000||512015||0.00075241
16:51||680546000||512015||0.00075241
16:52||680546000||512015||0.00075241
16:53||680594500||512015||0.00075241
16:54||680594500||512015||0.00075241
16:55||680594500||512015||0.00075241
16:56||680594500||512086||0.00075241
16:57||680594500||512086||0.00075241
16:58||680795500||512086||0.00075241
16:59||680996500||512086||0.00075241
17:00||680996500||512086||0.00075241
17:01||680996500||512388||0.00075241
17:02||680996500||512388||0.00075241
17:03||680996500||512388||0.00075241
17:04||680996500||512388||0.00075241
17:05||680996500||512388||0.00075241
17:06||680996500||512388||0.00075241
17:07||680996500||512388||0.00075241
17:08||680996500||512388||0.00075241
17:09||680996500||512388||0.00075241
17:10||680996500||512388||0.00075241
17:11||680996500||512388||0.00075241
17:12||680996500||512388||0.00075241
17:13||680996500||512388||0.00075241
17:14||681247500||512765||0.00075241
17:15||681301000||512765||0.00075241
17:16||681302500||512765||0.00075241
17:17||681494500||512763||0.00075241
17:18||681494500||512763||0.00075241
17:19||681494500||513143||0.00075241
17:20||681750000||513143||0.00075241
17:21||681751000||513142||0.00075241
17:22||682004000||513519||0.00075241
17:23||682005000||513519||0.00075241
17:24||682027000||513519||0.00075241
17:25||682027000||513519||0.00075241
17:26||682027000||513519||0.00075241
17:27||682049500||513517||0.00075241
17:28||682048500||513517||0.00075241
17:29||682049500||513517||0.00075241
17:30||682049500||513517||0.00075241
17:31||682048000||513514||0.00075241
17:32||682440500||513514||0.00075241
17:33||682393500||513514||0.00075241
17:34||682442000||513514||0.00075241
17:35||682441000||513514||0.00075241
17:36||682441000||513514||0.00075241
17:37||682441000||513514||0.00075241
17:38||682490500||513514||0.00075241
17:39||682490500||513514||0.00075241
17:40||682493000||513515||0.00075241
17:41||682493000||513515||0.00075241
17:42||682493000||513515||0.00075241
17:43||682493000||513515||0.00075241
17:44||682493000||513515||0.00075241
17:45||682997500||513519||0.00075241
17:46||682997500||513893||0.00075241
17:47||681925500||513437||0.00075241
17:48||681611500||512846||0.00075241
17:49||680776000||512203||0.00075241
17:50||680752500||512205||0.00075241
17:51||680343000||512012||0.00075241
17:52||680350500||512012||0.00075241
17:53||680350500||512012||0.00075241
17:54||680350500||512012||0.00075241
17:55||680350500||512012||0.00075241
17:56||680350500||512012||0.00075241
17:57||680350500||512012||0.00075241
17:58||680350500||511902||0.00075241
17:59||679479500||511638||0.00075241
18:00||679375000||511638||0.00075241
18:01||679319000||511387||0.00075241
18:02||679477500||511262||0.00075241
18:03||679750000||511262||0.00075241
18:04||679750000||511262||0.00075241
18:05||679750000||511262||0.00075241
18:06||679749500||511638||0.00075241
18:07||679749500||511638||0.00075241
18:08||680175000||511638||0.00075241
18:09||680135000||511875||0.00075241
18:10||680002500||511875||0.00075241
18:11||680002500||511875||0.00075241
18:12||680002500||511875||0.00075241
18:13||680175500||511641||0.00075241
18:14||680175500||511641||0.00075241
18:15||680175500||511641||0.00075241
18:16||680348500||511900||0.00075241
18:17||680348500||511900||0.00075241
18:18||680348500||511900||0.00075241
18:19||680348500||511901||0.00075241
18:20||680348500||511901||0.00075241
18:21||680348500||511900||0.00075241
18:22||680348500||511900||0.00075241
18:23||680348500||511900||0.00075241
18:24||681124500||512391||0.00075241
18:25||681253500||512392||0.00075241
18:26||681255500||512765||0.00075241
18:27||681258500||512404||0.00075241
18:28||681019500||512404||0.00075241
18:29||681019500||512404||0.00075241
18:30||681247500||512405||0.00075241
18:31||681259500||512405||0.00075241
18:32||681259500||512405||0.00075241
18:33||681258000||512405||0.00075241
18:34||681258000||512761||0.00075241
18:35||681256500||512761||0.00075241
18:36||681024500||512410||0.00075241
18:37||681024500||512410||0.00075241
18:38||681024500||512410||0.00075241
18:39||681024500||512410||0.00075241
18:40||681024500||512410||0.00075241
18:41||681024500||512410||0.00075241
18:42||681024500||512410||0.00075241
18:43||681024500||512410||0.00075241
18:44||681024500||512410||0.00075241
18:45||681024500||512410||0.00075241
18:46||681024500||512410||0.00075241
18:47||681024500||512409||0.00075241
18:48||681024500||512409||0.00075241
18:49||681024500||512409||0.00075241
18:50||681024500||512410||0.00075241
18:51||681024500||512410||0.00075241
18:52||681024500||512410||0.00075241
18:53||681024500||512410||0.00075241
18:54||681024500||512410||0.00075241
18:55||681024500||512410||0.00075241
18:56||681024500||512410||0.00075241
18:57||681024500||512409||0.00075241
18:58||681024500||512409||0.00075241
18:59||681024500||512409||0.00075241
19:00||681024500||512409||0.00075241
19:01||681024500||512409||0.00075241
19:02||681024500||512409||0.00075241
19:03||681024500||512410||0.00075241
19:04||681024500||512410||0.00075241
19:05||681024500||512410||0.00075241
19:06||681024500||512410||0.00075241
19:07||681242500||512410||0.00075241
19:08||681024500||512410||0.00075241
19:09||680712000||512391||0.00075241
19:10||680664500||512311||0.00075241
19:11||680761500||512410||0.00075241
19:14||680747500||512410||0.00075241
19:15||680747500||512387||0.00075241
19:18||680994500||512387||0.00075241
19:21||680994500||512387||0.00075241
19:21||680994500||512387||0.00075241
19:22||680994500||512387||0.00075241
19:23||680994500||512387||0.00075241
19:24||680994500||512387||0.00075241
19:25||680995500||512388||0.00075241
19:26||680995500||512388||0.00075241
19:27||680996500||512388||0.00075241
19:28||680996500||512388||0.00075241
19:29||680996500||512388||0.00075241
19:30||680996500||512388||0.00075241
19:31||680996500||512388||0.00075241
19:32||680996000||512387||0.00075241
19:33||680996500||512388||0.00075241
19:34||680996500||512388||0.00075241
19:35||680996500||512388||0.00075241
19:36||680996500||512388||0.00075241
19:37||680996500||512388||0.00075241
19:38||680996500||512388||0.00075241
19:39||680996500||512388||0.00075241
19:40||680996500||512388||0.00075241
19:41||680996500||512388||0.00075241
19:42||681225000||512732||0.00075241
19:43||681373000||512955||0.00075241
19:44||681374000||512391||0.00075241
19:45||681374000||512391||0.00075241
19:46||681342000||512391||0.00075241
19:47||681270500||512391||0.00075241
19:48||681211500||512391||0.00075241
19:49||681001500||512392||0.00075241
19:50||681001500||512391||0.00075241
19:51||681001500||512392||0.00075241
19:52||681001500||512392||0.00075241
19:53||681001500||512392||0.00075241
19:54||681001500||512391||0.00075241
19:55||681001500||512392||0.00075241
19:56||681001500||512392||0.00075241
19:57||681001500||512392||0.00075241
19:58||681001500||512392||0.00075241
19:59||681001500||512392||0.00075241
20:00||681001500||512391||0.00075241
20:01||681001500||512392||0.00075241
20:02||681001500||512392||0.00075241
20:03||681001500||512391||0.00075241
20:04||681001500||512392||0.00075241
20:05||680502500||512312||0.00075241
20:06||680333500||511890||0.00075241
20:07||680333500||511890||0.00075241
20:08||680333500||511890||0.00075241
20:09||680104000||511722||0.00075241
20:10||679793500||511246||0.00075241
20:11||679793500||511246||0.00075241
20:12||679794500||511246||0.00075241
20:13||679793500||511246||0.00075241
20:14||679793500||511718||0.00075241
20:15||679793500||511718||0.00075241
20:16||679793500||511248||0.00075241
20:17||679793500||511718||0.00075241
20:18||679793500||511718||0.00075241
20:19||679780000||511718||0.00075241
20:20||679255500||510707||0.00075241
20:21||678470000||509757||0.00075241
20:22||678470000||509757||0.00075241
20:23||678103500||511593||0.00075241
20:24||678079000||511593||0.00075241
20:25||678079000||511593||0.00075241
20:26||678079000||511593||0.00075241
20:27||678079000||511593||0.00075241
20:28||678081500||511593||0.00075241
20:29||678081500||511593||0.00075241
20:30||678081500||511593||0.00075241
20:31||678081500||511593||0.00075241
20:32||678081500||511593||0.00075241
20:33||678081500||511593||0.00075241
20:34||678579000||511593||0.00075241
20:35||678166000||509386||0.00075241
20:36||678424000||509386||0.00075241
20:37||678545000||509386||0.00075241
20:38||678660500||509386||0.00075241
20:39||678737500||510456||0.00075241
20:40||678770500||510456||0.00075241
20:41||678770500||510456||0.00075241
20:42||678770500||510456||0.00075241
20:43||678515000||510133||0.00075241
20:44||678516000||510908||0.00075241
20:45||678516000||510908||0.00075241
20:46||678516500||510909||0.00075241
20:47||678619000||510909||0.00075241
20:48||679245000||511890||0.00075241
20:49||679058000||511890||0.00075241
20:50||678894000||510344||0.00075241
20:51||678772500||510344||0.00075241
20:52||678682500||510344||0.00075241
20:53||678607500||510344||0.00075241
20:54||678682500||510344||0.00075241
20:55||678666000||510344||0.00075241
20:56||678641500||510344||0.00075241
20:57||678621500||510344||0.00075241
20:58||678582500||510344||0.00075241
20:59||678582500||510344||0.00075241
21:00||678582500||510344||0.00075241
21:01||678582500||510344||0.00075241
21:02||678582500||510571||0.00075241
21:03||678582500||510571||0.00075241
21:04||678582500||510571||0.00075241
21:05||678582500||510571||0.00075241
21:06||678582500||510572||0.00075241
21:07||678420000||510571||0.00075241
21:08||678280500||510344||0.00075241
21:09||678136500||510344||0.00075241
21:10||678103000||510344||0.00075241
21:11||678097000||510344||0.00075241
21:12||678147000||510344||0.00075241
21:13||678147000||510344||0.00075241
21:14||678147000||510344||0.00075241
21:15||678191500||510344||0.00075241
21:16||678236000||510344||0.00075241
21:17||678280500||510344||0.00075241
21:18||678280500||510345||0.00075241
21:19||678280500||510345||0.00075241
21:20||678280500||510345||0.00075241
21:21||678280500||510345||0.00075241
21:22||678280500||510345||0.00075241
21:23||678280500||510345||0.00075241
21:24||678280500||510345||0.00075241
21:25||678280500||510345||0.00075241
21:26||678280500||510345||0.00075241
21:27||678280500||510345||0.00075241
21:28||678280500||510345||0.00075241
21:29||678280500||510345||0.00075241
21:30||678280500||510345||0.00075241
21:31||678280500||510345||0.00075241
21:32||678432000||510345||0.00075241
21:33||678432000||510345||0.00075241
21:34||678431500||510572||0.00075241
21:35||678431500||510572||0.00075241
21:36||678428500||510572||0.00075241
21:37||678428500||510572||0.00075241
21:38||677867500||509936||0.00075241
21:39||677358000||509936||0.00075241
21:40||677358000||509915||0.00075241
21:41||677358000||509915||0.00075241
21:42||677358000||509915||0.00075241
21:43||677458000||509915||0.00075241
21:44||677458000||509915||0.00075241
21:45||677458000||509915||0.00075241
21:46||677098500||509537||0.00075241
21:47||677784500||509383||0.00075241
21:48||677001500||510561||0.00075241
21:49||677001500||510561||0.00075241
21:50||677001500||510561||0.00075241
21:51||677001500||510561||0.00075241
21:52||677001500||510561||0.00075241
21:53||677001500||510561||0.00075241
21:54||677000500||509381||0.00075241
21:55||677000500||509381||0.00075241
21:56||677001000||509381||0.00075241
21:57||677001000||509381||0.00075241
21:58||677001500||509381||0.00075241
21:59||677001500||509381||0.00075241
22:00||677001500||509383||0.00075241
22:01||677784000||509383||0.00075241
22:02||677783500||509383||0.00075241
22:03||677779500||509383||0.00075241
22:04||677879000||509383||0.00075241
22:05||677879000||509383||0.00075241
22:06||677879000||509383||0.00075241
22:07||677879000||509383||0.00075241
22:08||677879000||509383||0.00075241
22:09||677879000||509383||0.00075241
22:10||677875000||509532||0.00075241
22:11||677870000||510547||0.00075241
22:12||677850000||510547||0.00075241
22:13||677850000||510547||0.00075241
22:14||677849500||510547||0.00075241
22:15||677850000||510547||0.00075241
22:16||677850000||510547||0.00075241
22:17||677850000||510547||0.00075241
22:18||677899500||510547||0.00075241
22:19||677920000||510547||0.00075241
22:20||677920000||510547||0.00075241
22:21||677920000||510540||0.00075241
22:22||677920000||510540||0.00075241
22:23||677925000||510540||0.00075241
22:24||678270000||510540||0.00075241
22:25||678270000||510540||0.00075241
22:26||678250000||510540||0.00075241
22:27||678150000||510540||0.00075241
22:28||678250000||510510||0.00075241
22:29||678250000||510510||0.00075241
22:30||678250000||510510||0.00075241
22:31||678250000||510510||0.00075241
22:32||678499500||510510||0.00075241
22:33||678499500||510510||0.00075241
22:34||678499500||510510||0.00075241
22:35||678499500||510510||0.00075241
22:36||678499500||510510||0.00075241
22:37||678499500||510510||0.00075241
22:38||678499500||510510||0.00075241
22:39||678499500||510510||0.00075241
22:40||678499500||510510||0.00075241
22:41||678499500||510509||0.00075241
22:42||678499500||510510||0.00075241
22:43||678499500||510510||0.00075241
22:44||678499500||510510||0.00075241
22:45||678499500||510510||0.00075241
22:46||678499500||510510||0.00075241
22:47||678499500||510510||0.00075241
22:48||678499500||510510||0.00075241
22:49||678499500||510510||0.00075241
22:50||678499500||510510||0.00075241
22:51||678499500||510510||0.00075241
22:52||678499500||510510||0.00075241
22:53||678499500||510510||0.00075241
22:54||678499500||510510||0.00075241
22:55||678499500||510510||0.00075241
22:56||678499500||510510||0.00075241
22:57||678499500||510510||0.00075241
22:58||678499500||510510||0.00075241
22:59||678499500||510510||0.00075241
23:00||678499500||510510||0.00075241
23:01||678499500||510510||0.00075241
23:02||678499500||510510||0.00075241
23:03||678499500||510510||0.00075241
23:04||678499500||510510||0.00075241
23:05||679248500||511638||0.00075241
23:06||679248500||510509||0.00075241
23:07||679248500||510509||0.00075241
23:08||679248500||510509||0.00075241
23:09||679298500||510509||0.00075241
23:11||679298500||510509||0.00075241
23:12||679298500||510509||0.00075241
23:13||679298500||510509||0.00075241
23:14||679298500||510509||0.00075241
23:15||679298500||510584||0.00075241
23:16||679298500||510584||0.00075241
23:17||679298500||510584||0.00075241
23:18||679298500||510584||0.00075241
23:19||679312500||510605||0.00075241
23:20||679312500||510605||0.00075241
23:21||679298500||510605||0.00075241
23:22||679298500||510605||0.00075241
23:23||679249000||511637||0.00075241
23:24||678269000||509035||0.00075241
23:25||678214000||509035||0.00075241
23:26||678214000||511554||0.00075241
23:27||678214500||511554||0.00075241
23:28||678388500||509298||0.00075241
23:29||678388500||509298||0.00075241
23:30||677619500||509298||0.00075241
23:31||678380000||509298||0.00075241
23:32||679026500||510296||0.00075241
23:33||679490500||513136||0.00075241
23:34||683106500||513898||0.00075241
23:35||684200000||514648||0.00075241
23:36||685318000||515777||0.00075241
23:37||681335000||515777||0.00075241
23:38||681825000||515777||0.00075241
23:39||686571500||516185||0.00075241
23:40||686754500||516185||0.00075241
23:41||686754500||516185||0.00075241
23:42||686998500||516185||0.00075241
23:43||687499000||517658||0.00075241
23:44||688761500||518410||0.00075241
23:45||688018500||516934||0.00075241
23:46||691000000||519162||0.00075241
23:47||692624000||520704||0.00075241
23:48||691665000||520704||0.00075241
23:49||691733500||521569||0.00075241
23:50||691950000||521569||0.00075241
23:51||691995000||521412||0.00075241
23:52||691995000||521412||0.00075241
23:53||691994500||521412||0.00075241
23:54||691500000||521405||0.00075241
23:55||691500000||521405||0.00075241
23:56||691500000||521405||0.00075241
23:57||691990500||521405||0.00075241
23:58||692040500||519916||0.00075241
23:59||692040500||519991||0.00075241
