00:00||903150000||680026||0.00075241
00:01||903150000||680026||0.00075241
00:02||903150000||680026||0.00075241
00:03||903150000||680026||0.00075241
00:04||903150000||680026||0.00075241
00:05||903150000||680026||0.00075241
00:06||903150000||680026||0.00075241
00:07||903150000||680026||0.00075241
00:08||903150000||680026||0.00075241
00:09||903169500||680026||0.00075241
00:10||903419000||679651||0.00075241
00:11||903574000||679651||0.00075241
00:12||903574000||679651||0.00075241
00:13||903574000||680027||0.00075241
00:14||903573500||680027||0.00075241
00:15||903573500||680027||0.00075241
00:16||903573500||680026||0.00075241
00:17||903574000||679688||0.00075241
00:18||903573500||679688||0.00075241
00:19||903573500||679688||0.00075241
00:20||903573500||679688||0.00075241
00:21||903573500||679688||0.00075241
00:22||903573500||679688||0.00075241
00:23||903573500||679688||0.00075241
00:24||903573500||679688||0.00075241
00:25||903573500||680025||0.00075241
00:26||903573500||680025||0.00075241
00:27||903573500||680025||0.00075241
00:28||903573500||680025||0.00075241
00:29||903573500||680025||0.00075241
00:30||903573500||680025||0.00075241
00:31||903573500||680025||0.00075241
00:32||903573500||680025||0.00075241
00:33||903573500||680025||0.00075241
00:34||903573500||680025||0.00075241
00:35||903573500||680025||0.00075241
00:36||903573500||680025||0.00075241
00:37||903573500||680025||0.00075241
00:38||903573500||680025||0.00075241
00:39||903574000||680025||0.00075241
00:40||903797500||680025||0.00075241
00:41||903797500||680026||0.00075241
00:42||903797500||680026||0.00075241
00:43||903797500||680026||0.00075241
00:44||903797500||680026||0.00075241
00:45||903797500||680026||0.00075241
00:46||903797500||680026||0.00075241
00:47||903797500||680026||0.00075241
00:48||903797500||680026||0.00075241
00:49||903797500||680026||0.00075241
00:50||903797500||680026||0.00075241
00:51||903797500||680026||0.00075241
00:52||903797500||680026||0.00075241
00:53||903797500||680026||0.00075241
00:54||903797500||680026||0.00075241
00:55||903797500||680026||0.00075241
00:56||903797500||680026||0.00075241
00:57||903797500||680026||0.00075241
00:58||903797500||680026||0.00075241
00:59||903797500||680026||0.00075241
01:00||903797500||680026||0.00075241
01:01||903797500||680026||0.00075241
01:02||903797500||680026||0.00075241
01:03||903574000||680025||0.00075241
01:04||903574000||680025||0.00075241
01:05||902653500||678304||0.00075241
01:06||902653500||678304||0.00075241
01:07||902653500||678304||0.00075241
01:08||902653500||678304||0.00075241
01:09||902653500||678304||0.00075241
01:10||902653500||678304||0.00075241
01:11||902653500||678304||0.00075241
01:12||902653500||678304||0.00075241
01:13||902653000||678304||0.00075241
01:14||902653000||678304||0.00075241
01:15||902653000||678304||0.00075241
01:16||902653000||678304||0.00075241
01:17||902653000||678304||0.00075241
01:18||902653000||678304||0.00075241
01:19||902653000||678304||0.00075241
01:20||902653000||678304||0.00075241
01:21||902653000||678304||0.00075241
01:22||902653000||678304||0.00075241
01:23||902653000||678304||0.00075241
01:24||902653000||678304||0.00075241
01:25||902653000||678304||0.00075241
01:26||902653000||678304||0.00075241
01:27||902653000||678304||0.00075241
01:28||902653000||678304||0.00075241
01:29||902653000||678304||0.00075241
01:30||902653000||678304||0.00075241
01:31||902653000||678304||0.00075241
01:32||902653000||678304||0.00075241
01:33||902653000||678304||0.00075241
01:34||902653000||678304||0.00075241
01:35||902653000||678304||0.00075241
01:36||902653000||678304||0.00075241
01:37||902653000||678304||0.00075241
01:38||902653000||678304||0.00075241
01:39||902676000||678304||0.00075241
01:40||902676000||678304||0.00075241
01:41||902676500||678304||0.00075241
01:42||901602000||678304||0.00075241
01:43||902699500||678304||0.00075241
01:44||902699500||678304||0.00075241
01:45||902699500||678304||0.00075241
01:46||902699500||678304||0.00075241
01:47||902699500||678304||0.00075241
01:48||902699500||678304||0.00075241
01:49||902699500||680025||0.00075241
01:50||902699500||680025||0.00075241
01:51||902699500||680025||0.00075241
01:52||902699500||680025||0.00075241
01:53||902699500||680025||0.00075241
01:54||902699500||680025||0.00075241
01:55||902699500||680025||0.00075241
01:56||902699500||680025||0.00075241
01:57||902699500||680025||0.00075241
01:58||902699000||680025||0.00075241
01:59||902699000||680025||0.00075241
02:00||902699000||680025||0.00075241
02:01||902699000||680025||0.00075241
02:02||902699000||680025||0.00075241
02:03||902699000||680025||0.00075241
02:04||902699500||680025||0.00075241
02:05||902699500||680025||0.00075241
02:06||902699500||680025||0.00075241
02:07||902699500||680025||0.00075241
02:08||903307000||680025||0.00075241
02:09||903307000||680025||0.00075241
02:10||903307000||680025||0.00075241
02:11||903307000||680025||0.00075241
02:12||903307000||680025||0.00075241
02:13||903307000||680025||0.00075241
02:14||903307000||680025||0.00075241
02:15||903307000||680025||0.00075241
02:16||903307000||680025||0.00075241
02:17||903307000||680025||0.00075241
02:18||903307000||680025||0.00075241
02:19||903307000||680025||0.00075241
02:20||903797500||680026||0.00075241
02:21||903797500||680026||0.00075241
02:22||903797500||680026||0.00075241
02:23||903797500||680026||0.00075241
02:24||903797500||680026||0.00075241
02:25||903797500||680026||0.00075241
02:26||903797500||680026||0.00075241
02:27||903797500||680026||0.00075241
02:28||903797500||680026||0.00075241
02:29||903797500||680026||0.00075241
02:30||903797500||680026||0.00075241
02:31||903797500||680026||0.00075241
02:32||903797500||680026||0.00075241
02:33||903797500||680026||0.00075241
02:34||903797500||680026||0.00075241
02:35||903797500||680026||0.00075241
02:36||903797500||680026||0.00075241
02:37||903797500||680026||0.00075241
02:38||903797500||680026||0.00075241
02:39||903797500||680026||0.00075241
02:40||903797500||680026||0.00075241
02:41||903797500||680026||0.00075241
02:42||903797500||680026||0.00075241
02:43||903797500||680026||0.00075241
02:44||903797500||680026||0.00075241
02:45||903797500||680026||0.00075241
02:46||903797500||680026||0.00075241
02:47||903797500||680026||0.00075241
02:48||903797500||680026||0.00075241
02:49||903797500||680026||0.00075241
02:50||903797500||680026||0.00075241
02:51||903797500||680026||0.00075241
02:52||903797500||680026||0.00075241
02:53||903797500||680026||0.00075241
02:54||903797500||680026||0.00075241
02:55||903797500||680026||0.00075241
02:56||903797500||680026||0.00075241
02:57||903797500||680026||0.00075241
02:58||903797500||680026||0.00075241
02:59||903797500||680026||0.00075241
03:00||903797500||680026||0.00075241
03:01||903797500||680026||0.00075241
03:02||903797500||680026||0.00075241
03:03||903297500||680026||0.00075241
03:04||903297500||680026||0.00075241
03:05||902676500||678304||0.00075241
03:06||902676500||678304||0.00075241
03:07||902676500||680026||0.00075241
03:08||902676500||680026||0.00075241
03:09||902676500||680026||0.00075241
03:10||902676500||680026||0.00075241
03:11||902676500||680026||0.00075241
03:12||902699500||680026||0.00075241
03:13||902699500||680026||0.00075241
03:14||902699500||680026||0.00075241
03:15||902699500||680026||0.00075241
03:16||902699500||680026||0.00075241
03:17||902723000||680026||0.00075241
03:18||902723000||680026||0.00075241
03:19||902723000||680026||0.00075241
03:20||902723000||680026||0.00075241
03:21||902767000||680026||0.00075241
03:22||902767000||680026||0.00075241
03:23||902790000||680026||0.00075241
03:24||902790000||680026||0.00075241
03:25||902815000||680026||0.00075241
03:26||902840000||680026||0.00075241
03:27||903696500||680021||0.00075241
03:28||903797500||680021||0.00075241
03:29||903797500||680021||0.00075241
03:30||903797500||680021||0.00075241
03:31||903797500||680021||0.00075241
03:32||903797500||680021||0.00075241
03:33||903797500||680021||0.00075241
03:34||903798500||680026||0.00075241
03:35||903798500||680026||0.00075241
03:36||903798500||680026||0.00075241
03:37||903798500||680026||0.00075241
03:38||903798500||680026||0.00075241
03:39||903798500||680026||0.00075241
03:40||903798500||680026||0.00075241
03:41||903798500||680026||0.00075241
03:42||903798500||680026||0.00075241
03:43||903798500||680026||0.00075241
03:44||903798500||680027||0.00075241
03:45||903798500||680027||0.00075241
03:46||903798500||680027||0.00075241
03:47||903798500||680026||0.00075241
03:48||903798500||680026||0.00075241
03:49||903798500||680026||0.00075241
03:50||903798500||680026||0.00075241
03:51||903798500||680026||0.00075241
03:52||903798500||680027||0.00075241
03:53||903798500||680027||0.00075241
03:54||903798500||680027||0.00075241
03:55||903798500||680027||0.00075241
03:56||903798500||680027||0.00075241
03:57||903798500||680027||0.00075241
03:58||903798500||680027||0.00075241
03:59||903798500||680027||0.00075241
04:00||903798500||680027||0.00075241
04:01||903798500||680027||0.00075241
04:02||903798500||680027||0.00075241
04:03||903798500||680027||0.00075241
04:04||903798500||680027||0.00075241
04:05||903798500||680027||0.00075241
04:06||903798500||680027||0.00075241
04:07||903798500||680027||0.00075241
04:08||904894000||681675||0.00075241
04:09||904894000||681675||0.00075241
04:10||904894000||681675||0.00075241
04:11||904894000||681675||0.00075241
04:12||904894000||681675||0.00075241
04:13||904894000||681675||0.00075241
04:14||904894000||681675||0.00075241
04:15||904894000||681675||0.00075241
04:16||904894000||681675||0.00075241
04:17||904894000||681675||0.00075241
04:18||903995000||678673||0.00075241
04:19||903995000||678673||0.00075241
04:20||903995500||678673||0.00075241
04:21||903995500||678673||0.00075241
04:22||903995500||678673||0.00075241
04:23||903995500||678674||0.00075241
04:24||903995500||678674||0.00075241
04:25||903995500||678674||0.00075241
04:26||903995500||678674||0.00075241
04:27||903995000||678673||0.00075241
04:28||903995000||678673||0.00075241
04:29||903995000||678673||0.00075241
04:30||903995000||678673||0.00075241
04:31||903995000||678673||0.00075241
04:32||903995000||678673||0.00075241
04:33||904035000||678673||0.00075241
04:34||904035000||678673||0.00075241
04:35||903580000||678673||0.00075241
04:36||903580000||678673||0.00075241
04:37||903580000||678673||0.00075241
04:38||903581000||678734||0.00075241
04:39||903581000||678734||0.00075241
04:40||903611000||678780||0.00075241
04:41||903581000||678780||0.00075241
04:42||903581000||678780||0.00075241
04:43||902040000||678734||0.00075241
04:44||902040000||678734||0.00075241
04:45||902040000||678734||0.00075241
04:46||902079000||678734||0.00075241
04:47||902079000||678734||0.00075241
04:48||902079000||678734||0.00075241
04:49||902079000||678734||0.00075241
04:50||902079000||678734||0.00075241
04:51||902079000||678734||0.00075241
04:52||902079000||678734||0.00075241
04:53||902079000||678734||0.00075241
04:54||902079000||678734||0.00075241
04:55||902079000||678734||0.00075241
04:56||902079000||678734||0.00075241
04:57||902079500||678734||0.00075241
04:58||902079500||678734||0.00075241
04:59||902079500||678734||0.00075241
05:00||902079500||678734||0.00075241
05:01||902079500||678734||0.00075241
05:02||902079500||678734||0.00075241
05:03||902079500||678734||0.00075241
05:04||902040000||678734||0.00075241
05:05||902040000||678734||0.00075241
05:06||902040500||678734||0.00075241
05:07||902040500||678734||0.00075241
05:08||902040500||678734||0.00075241
05:09||902040500||678734||0.00075241
05:10||902040500||678734||0.00075241
05:11||902040500||678734||0.00075241
05:12||902040500||678734||0.00075241
05:13||902040500||678674||0.00075241
05:14||902040500||678674||0.00075241
05:15||902040500||678674||0.00075241
05:16||902040500||678674||0.00075241
05:17||902040500||678674||0.00075241
05:18||902040500||678734||0.00075241
05:19||902040500||678734||0.00075241
05:20||902040500||678734||0.00075241
05:21||902040500||678734||0.00075241
05:22||902040500||678734||0.00075241
05:23||902040500||678734||0.00075241
05:24||902040500||678674||0.00075241
05:25||902040500||678674||0.00075241
05:26||902040500||678674||0.00075241
05:27||902040500||678734||0.00075241
05:28||902040500||678734||0.00075241
05:29||902040500||678734||0.00075241
05:30||902040500||678674||0.00075241
05:31||902040500||678734||0.00075241
05:32||902079000||678734||0.00075241
05:33||902079000||678734||0.00075241
05:34||902079000||678734||0.00075241
05:35||902079000||678734||0.00075241
05:36||902079000||678734||0.00075241
05:37||902079000||678734||0.00075241
05:38||902079000||678734||0.00075241
05:39||902079000||678734||0.00075241
05:40||901794500||678304||0.00075241
05:41||901795000||678304||0.00075241
05:42||901795000||678304||0.00075241
05:43||901794500||678734||0.00075241
05:44||901794500||678734||0.00075241
05:45||901794500||678734||0.00075241
05:46||901794500||678734||0.00075241
05:47||901795500||678734||0.00075241
05:48||901795500||678734||0.00075241
05:49||901795500||678734||0.00075241
05:50||901795500||678734||0.00075241
05:51||901795500||678734||0.00075241
05:52||901795500||678734||0.00075241
05:53||901801000||678734||0.00075241
05:54||901801000||678314||0.00075241
05:55||901801000||678314||0.00075241
05:56||901801000||678314||0.00075241
05:57||901801000||678314||0.00075241
05:58||901801000||678314||0.00075241
05:59||901807000||678314||0.00075241
06:00||901807000||678314||0.00075241
06:01||902755500||678734||0.00075241
06:02||902755500||678734||0.00075241
06:03||902755500||678734||0.00075241
06:04||902755500||679484||0.00075241
06:05||902755500||679484||0.00075241
06:06||902755500||679484||0.00075241
06:07||902755500||679484||0.00075241
06:08||902433500||679000||0.00075241
06:09||902433500||679000||0.00075241
06:10||902433500||679000||0.00075241
06:11||902433500||679000||0.00075241
06:12||902433500||679000||0.00075241
06:13||902433500||678999||0.00075241
06:14||902755500||679484||0.00075241
06:15||903743000||680931||0.00075241
06:16||903743000||680931||0.00075241
06:17||905999500||681682||0.00075241
06:18||904217000||681682||0.00075241
06:19||904217000||681682||0.00075241
06:20||904217000||681682||0.00075241
06:21||904217000||681682||0.00075241
06:22||904217000||681682||0.00075241
06:23||904217500||681682||0.00075241
06:24||903468000||681682||0.00075241
06:25||903468000||679001||0.00075241
06:26||903468000||679001||0.00075241
06:27||903418000||679001||0.00075241
06:28||903417500||679001||0.00075241
06:29||903417500||679001||0.00075241
06:30||903417500||679001||0.00075241
06:31||903218000||679001||0.00075241
06:32||903218000||679001||0.00075241
06:33||903218000||679001||0.00075241
06:34||903218000||679001||0.00075241
06:35||903218000||679001||0.00075241
06:36||903218000||679001||0.00075241
06:37||903418000||680479||0.00075241
06:38||903418500||680479||0.00075241
06:39||903418500||680479||0.00075241
06:40||903418500||680479||0.00075241
06:41||903419500||680479||0.00075241
06:42||903419500||680479||0.00075241
06:43||903419500||680479||0.00075241
06:44||903419500||680479||0.00075241
06:45||903425000||680479||0.00075241
06:46||903375000||680479||0.00075241
06:47||904500000||681683||0.00075241
06:48||905049500||681684||0.00075241
06:49||904580500||681684||0.00075241
06:50||904580500||681684||0.00075241
06:51||904550000||681684||0.00075241
06:52||904550000||681758||0.00075241
06:53||904535000||681758||0.00075241
06:54||904535000||681758||0.00075241
06:55||904581000||681758||0.00075241
06:56||904550000||681758||0.00075241
06:57||905099000||681758||0.00075241
06:58||905099000||681757||0.00075241
06:59||905099000||681757||0.00075241
07:00||905049500||681757||0.00075241
07:01||905049500||681757||0.00075241
07:02||905049500||681757||0.00075241
07:03||905099000||681757||0.00075241
07:04||905099000||681757||0.00075241
07:05||905099000||681757||0.00075241
07:06||903267500||679001||0.00075241
07:07||903267000||679001||0.00075241
07:08||903218000||679001||0.00075241
07:09||903218000||680178||0.00075241
07:10||903235000||679001||0.00075241
07:11||903255000||679057||0.00075241
07:12||903510000||680178||0.00075241
07:13||903999500||680178||0.00075241
07:14||903999500||680177||0.00075241
07:15||903999500||680177||0.00075241
07:16||903999500||680177||0.00075241
07:17||903999500||680177||0.00075241
07:18||903999500||680177||0.00075241
07:19||903999500||680177||0.00075241
07:20||903999500||680177||0.00075241
07:21||903999500||680177||0.00075241
07:22||903999500||680177||0.00075241
07:23||903999500||680177||0.00075241
07:24||903999500||680177||0.00075241
07:25||903999500||680177||0.00075241
07:26||903999500||680178||0.00075241
07:27||903999500||680177||0.00075241
07:28||903999500||680177||0.00075241
07:29||903999500||680177||0.00075241
07:30||903999500||680177||0.00075241
07:31||903999500||680177||0.00075241
07:32||903999500||680177||0.00075241
07:33||903999500||680178||0.00075241
07:34||903999500||680178||0.00075241
07:35||903999500||680178||0.00075241
07:36||903999500||680178||0.00075241
07:37||903999500||680177||0.00075241
07:38||903999500||680177||0.00075241
07:39||903999500||680177||0.00075241
07:40||903999500||680177||0.00075241
07:41||903999500||680177||0.00075241
07:42||903999500||680177||0.00075241
07:43||904510000||680178||0.00075241
07:44||904999500||680178||0.00075241
07:45||904999500||680178||0.00075241
07:46||904999500||680178||0.00075241
07:47||904999500||680178||0.00075241
07:48||904999500||680178||0.00075241
07:49||904999500||680178||0.00075241
07:50||904999500||680930||0.00075241
07:51||904999500||680930||0.00075241
07:52||904999500||680930||0.00075241
07:53||904999500||680930||0.00075241
07:54||904999500||680930||0.00075241
07:55||904999500||680930||0.00075241
07:56||904999500||680930||0.00075241
07:57||904999500||680930||0.00075241
07:58||904999500||680930||0.00075241
07:59||904999500||680930||0.00075241
08:00||904999500||680930||0.00075241
08:01||904999500||680930||0.00075241
08:02||904999500||680930||0.00075241
08:03||904999500||680930||0.00075241
08:04||904999500||680930||0.00075241
08:05||904999500||680930||0.00075241
08:06||904999500||680930||0.00075241
08:07||904999500||680930||0.00075241
08:08||904999500||680930||0.00075241
08:09||904999500||680930||0.00075241
08:10||905089500||680931||0.00075241
08:11||905089500||680998||0.00075241
08:12||905089500||680998||0.00075241
08:13||905089500||680998||0.00075241
08:14||905089500||680998||0.00075241
08:15||905089500||680998||0.00075241
08:16||905089500||680998||0.00075241
08:17||905089500||680998||0.00075241
08:18||905089500||680998||0.00075241
08:19||905089500||680998||0.00075241
08:20||905089500||680998||0.00075241
08:21||905089500||680998||0.00075241
08:22||905089500||680998||0.00075241
08:23||905089500||680998||0.00075241
08:24||905089500||680998||0.00075241
08:25||905089500||680998||0.00075241
08:26||905089500||680998||0.00075241
08:27||905089500||680998||0.00075241
08:28||905089500||680998||0.00075241
08:29||905544000||681682||0.00075241
08:30||905803000||681682||0.00075241
08:31||905803000||681387||0.00075241
08:32||905803000||681387||0.00075241
08:33||905803000||681387||0.00075241
08:34||905803000||681387||0.00075241
08:35||905803000||681387||0.00075241
08:36||905807500||681387||0.00075241
08:37||905807500||681387||0.00075241
08:38||905807500||681682||0.00075241
08:39||905807000||681394||0.00075241
08:40||905807000||681394||0.00075241
08:41||905855000||681394||0.00075241
08:42||905901000||681535||0.00075241
08:43||905997500||681535||0.00075241
08:44||905997500||681681||0.00075241
08:45||905997500||681681||0.00075241
08:46||905998500||681681||0.00075241
08:47||906048500||681832||0.00075241
08:48||906893000||682285||0.00075241
08:49||907279500||682435||0.00075241
08:50||907899500||683113||0.00075241
08:51||907899500||683113||0.00075241
08:52||907951000||683113||0.00075241
08:53||907999500||683188||0.00075241
08:54||907999500||683188||0.00075241
08:55||907999500||683188||0.00075241
08:56||908499500||683263||0.00075241
08:57||908989500||683564||0.00075241
08:58||908989500||683564||0.00075241
08:59||908989500||683933||0.00075241
09:00||908989500||683932||0.00075241
09:01||908989500||683932||0.00075241
09:02||908989500||683933||0.00075241
09:03||908989500||683933||0.00075241
09:04||908989500||683932||0.00075241
09:05||908989500||683932||0.00075241
09:06||908989500||683933||0.00075241
09:07||908989500||683933||0.00075241
09:08||908989500||683933||0.00075241
09:09||908989500||683933||0.00075241
09:10||908989500||683933||0.00075241
09:11||908989500||683933||0.00075241
09:12||908989500||683933||0.00075241
09:13||908989500||683933||0.00075241
09:14||908989500||683933||0.00075241
09:15||908989500||683932||0.00075241
09:16||908989500||683932||0.00075241
09:17||908989500||683933||0.00075241
09:18||908989500||683933||0.00075241
09:19||908989500||683932||0.00075241
09:20||908989500||683932||0.00075241
09:21||908989500||683932||0.00075241
09:22||908989500||683932||0.00075241
09:23||908989500||683932||0.00075241
09:24||908989500||683933||0.00075241
09:25||908989500||683933||0.00075241
09:26||908989500||683933||0.00075241
09:27||908989500||683933||0.00075241
09:28||908989500||683933||0.00075241
09:29||908989500||683933||0.00075241
09:30||908989500||683933||0.00075241
09:31||908989500||683933||0.00075241
09:32||908989500||683933||0.00075241
09:33||908989500||683932||0.00075241
09:34||908989500||683933||0.00075241
09:35||908989500||683933||0.00075241
09:36||908989500||683933||0.00075241
09:37||908989500||683933||0.00075241
09:38||908989500||683933||0.00075241
09:39||908989500||683933||0.00075241
09:40||908989500||683932||0.00075241
09:41||908995500||683933||0.00075241
09:42||908999500||683940||0.00075241
09:43||909399500||683940||0.00075241
09:44||909450000||684241||0.00075241
09:45||909499500||684316||0.00075241
09:46||909499500||684316||0.00075241
09:47||909499500||684316||0.00075241
09:48||909499500||684316||0.00075241
09:49||909499500||684316||0.00075241
09:50||909492500||684316||0.00075241
09:51||910749500||686197||0.00075241
09:52||910014500||684706||0.00075241
09:53||910014500||684703||0.00075241
09:54||910000500||684703||0.00075241
09:55||910003000||684704||0.00075241
09:56||910003000||684704||0.00075241
09:57||909991500||684687||0.00075241
09:58||909991500||684686||0.00075241
09:59||909991500||684686||0.00075241
10:00||909991500||684687||0.00075241
10:01||909991500||684687||0.00075241
10:02||909991500||684687||0.00075241
10:03||910003000||684687||0.00075241
10:04||910003000||684687||0.00075241
10:05||910003500||684704||0.00075241
10:06||910007000||684704||0.00075241
10:07||910014500||684692||0.00075241
10:08||910007000||684692||0.00075241
10:09||910007500||684704||0.00075241
10:10||910008000||684704||0.00075241
10:11||910008000||684704||0.00075241
10:12||910008000||684704||0.00075241
10:13||910008000||684704||0.00075241
10:14||910008500||684704||0.00075241
10:15||910001500||684704||0.00075241
10:16||910001500||684694||0.00075241
10:17||910003000||684686||0.00075241
10:18||909991500||684686||0.00075241
10:19||909996000||684686||0.00075241
10:20||909996000||684686||0.00075241
10:21||909996000||684686||0.00075241
10:22||909991500||684686||0.00075241
10:23||909991500||684687||0.00075241
10:24||909991500||684693||0.00075241
10:25||909993000||684693||0.00075241
10:26||909996000||684693||0.00075241
10:27||909996000||684693||0.00075241
10:28||909996000||684687||0.00075241
10:29||909995500||684686||0.00075241
10:30||909991000||684686||0.00075241
10:31||909990500||684686||0.00075241
10:32||909990500||684686||0.00075241
10:33||909982500||684673||0.00075241
10:34||909746500||684686||0.00075241
10:35||909746500||684686||0.00075241
10:36||909504500||684686||0.00075241
10:37||909509000||684316||0.00075241
10:38||909509000||684316||0.00075241
10:39||909508500||684329||0.00075241
10:40||909244000||684316||0.00075241
10:41||908997500||683931||0.00075241
10:42||908988500||683931||0.00075241
10:43||908988500||683931||0.00075241
10:44||908988500||683931||0.00075241
10:45||908988500||683931||0.00075241
10:46||908997500||683931||0.00075241
10:47||909253500||683945||0.00075241
10:48||909244500||683945||0.00075241
10:49||909245000||684316||0.00075241
10:50||909245000||684316||0.00075241
10:51||909240000||684316||0.00075241
10:52||909234500||684309||0.00075241
10:53||907806000||682413||0.00075241
10:54||907606000||684204||0.00075241
10:55||907554000||681764||0.00075241
10:56||907553500||681764||0.00075241
10:57||905917500||681457||0.00075241
10:58||905910500||681781||0.00075241
10:59||905917500||681781||0.00075241
11:00||905921500||681781||0.00075241
11:01||905921500||681465||0.00075241
11:02||905921500||681465||0.00075241
11:03||905922000||681465||0.00075241
11:04||906753000||681783||0.00075241
11:05||907766000||683026||0.00075241
11:06||906753000||681475||0.00075241
11:07||906752000||681475||0.00075241
11:08||906753000||683023||0.00075241
11:09||905887500||681475||0.00075241
11:10||906840000||683023||0.00075241
11:11||906840000||681611||0.00075241
11:12||907452500||683940||0.00075241
11:13||907448000||683940||0.00075241
11:14||907987000||683940||0.00075241
11:15||906979500||682423||0.00075241
11:16||907986500||682423||0.00075241
11:17||907986500||683933||0.00075241
11:18||907986000||683933||0.00075241
11:19||907981000||682422||0.00075241
11:20||907986000||682422||0.00075241
11:21||907991000||684166||0.00075241
11:22||908496000||684693||0.00075241
11:23||908497500||684693||0.00075241
11:24||908497500||684693||0.00075241
11:25||908712500||685069||0.00075241
11:26||908663500||685016||0.00075241
11:27||908663500||685016||0.00075241
11:28||908666000||684942||0.00075241
11:29||907980500||682436||0.00075241
11:30||907750500||682436||0.00075241
11:31||908632000||684941||0.00075241
11:32||908436000||684941||0.00075241
11:33||908407000||684941||0.00075241
11:34||908407500||684941||0.00075241
11:35||908656500||684941||0.00075241
11:36||908656500||684552||0.00075241
11:37||908656500||684552||0.00075241
11:38||908628500||684552||0.00075241
11:39||908602500||684471||0.00075241
11:40||908237500||684471||0.00075241
11:41||908238000||684471||0.00075241
11:42||908369000||682432||0.00075241
11:43||907332000||682432||0.00075241
11:44||907081000||682432||0.00075241
11:45||907081000||682424||0.00075241
11:46||908052500||682422||0.00075241
11:47||908079000||682103||0.00075241
11:48||906572500||682103||0.00075241
11:49||906573000||682103||0.00075241
11:50||906564500||682104||0.00075241
11:51||906572500||682104||0.00075241
11:52||906574500||682128||0.00075241
11:53||907984500||682128||0.00075241
11:54||907804500||683940||0.00075241
11:55||907458000||683940||0.00075241
11:56||907539500||683195||0.00075241
11:57||908305500||683188||0.00075241
11:58||908370500||683940||0.00075241
11:59||908301500||683940||0.00075241
12:00||908336000||683940||0.00075241
12:01||908130000||683007||0.00075241
12:02||907555500||682143||0.00075241
12:03||907309500||682143||0.00075241
12:04||907310500||683195||0.00075241
12:05||907305500||683195||0.00075241
12:06||907306000||683188||0.00075241
12:07||907344500||683188||0.00075241
12:08||907344500||683187||0.00075241
12:09||907256000||682202||0.00075241
12:10||907156000||683113||0.00075241
12:11||907180500||683113||0.00075241
12:12||907181500||683113||0.00075241
12:13||907143000||683113||0.00075241
12:14||907196500||683113||0.00075241
12:15||907196500||683113||0.00075241
12:16||907197000||683113||0.00075241
12:17||907198000||682205||0.00075241
12:18||907198000||682207||0.00075241
12:19||907197500||682961||0.00075241
12:20||907198000||682208||0.00075241
12:21||907198000||682209||0.00075241
12:22||906708500||682209||0.00075241
12:23||906708500||682209||0.00075241
12:24||907696500||682216||0.00075241
12:25||907647000||683630||0.00075241
12:26||908581000||683630||0.00075241
12:27||908581000||683630||0.00075241
12:28||908581000||683630||0.00075241
12:29||908581000||683639||0.00075241
12:30||908581000||683639||0.00075241
12:31||908581000||683639||0.00075241
12:32||908790500||683639||0.00075241
12:33||908975500||683925||0.00075241
12:34||908975500||683925||0.00075241
12:35||908791000||684693||0.00075241
12:36||909454000||684693||0.00075241
12:37||909454000||684693||0.00075241
12:38||909453000||684693||0.00075241
12:39||908904500||683796||0.00075241
12:40||908904500||683796||0.00075241
12:41||907875000||682247||0.00075241
12:42||907829000||683871||0.00075241
12:43||909300000||683940||0.00075241
12:44||908493500||684690||0.00075241
12:45||908945000||682435||0.00075241
12:46||908940000||683188||0.00075241
12:47||908900500||684542||0.00075241
12:48||908895500||684541||0.00075241
12:49||908895500||684535||0.00075241
12:50||908945500||683264||0.00075241
12:51||908986000||684535||0.00075241
12:52||908986000||684535||0.00075241
12:53||908990000||684602||0.00075241
12:54||908995000||684942||0.00075241
12:55||909060500||683277||0.00075241
12:56||909595500||683277||0.00075241
12:57||909595500||683277||0.00075241
12:58||909957000||684942||0.00075241
12:59||910331500||684942||0.00075241
13:00||909971000||684942||0.00075241
13:01||909814500||684399||0.00075241
13:02||909302500||683940||0.00075241
13:03||909302500||683940||0.00075241
13:04||909303500||684395||0.00075241
13:05||909300000||684395||0.00075241
13:06||909850000||685219||0.00075241
13:07||909200500||684167||0.00075241
13:08||909200500||684167||0.00075241
13:09||909300500||684167||0.00075241
13:10||909300500||684166||0.00075241
13:11||909300500||684167||0.00075241
13:12||910000000||685219||0.00075241
13:13||910000000||684167||0.00075241
13:14||910000000||684166||0.00075241
13:15||909549500||685219||0.00075241
13:16||909549500||685219||0.00075241
13:17||910795000||686197||0.00075241
13:18||910795000||684384||0.00075241
13:19||911499000||686949||0.00075241
13:20||911000000||686949||0.00075241
13:21||912000000||688455||0.00075241
13:22||912000000||684693||0.00075241
13:23||912000000||684693||0.00075241
13:24||912050000||687702||0.00075241
13:25||912055500||687702||0.00075241
13:26||915818000||692217||0.00075241
13:27||915792000||686243||0.00075241
13:28||917695000||689207||0.00075241
13:29||917608000||689959||0.00075241
13:30||917613000||690874||0.00075241
13:31||917613000||690874||0.00075241
13:32||917593000||690874||0.00075241
13:33||917596000||690844||0.00075241
13:34||918174500||690844||0.00075241
13:35||917000500||689960||0.00075241
13:36||917000500||689959||0.00075241
13:37||915972500||689959||0.00075241
13:38||915473000||687703||0.00075241
13:39||914490500||687703||0.00075241
13:40||914000500||687703||0.00075241
13:41||910863500||686942||0.00075241
13:42||910535000||685826||0.00075241
13:43||911605000||684858||0.00075241
13:44||911717500||684858||0.00075241
13:45||911717500||684858||0.00075241
13:46||911717500||684858||0.00075241
13:47||911717500||686901||0.00075241
13:48||911702500||685070||0.00075241
13:49||911702000||685070||0.00075241
13:50||911702000||685070||0.00075241
13:51||911752000||685144||0.00075241
13:52||910600500||685144||0.00075241
13:53||910600500||685145||0.00075241
13:54||910600500||685144||0.00075241
13:55||910600500||685144||0.00075241
13:56||910600500||685145||0.00075241
13:57||910600500||685145||0.00075241
13:58||910600500||685144||0.00075241
13:59||910600500||685144||0.00075241
14:00||910600500||685144||0.00075241
14:01||910600500||685144||0.00075241
14:02||910600500||685144||0.00075241
14:03||910800500||685146||0.00075241
14:04||910606000||685146||0.00075241
14:05||910805500||685152||0.00075241
14:06||911950000||685445||0.00075241
14:07||913917000||688406||0.00075241
14:08||913917000||686875||0.00075241
14:09||913915500||686875||0.00075241
14:10||913899500||688402||0.00075241
14:11||913444000||686882||0.00075241
14:12||912910500||686882||0.00075241
14:13||912910500||686882||0.00075241
14:14||912910500||686883||0.00075241
14:15||912910500||686882||0.00075241
14:16||912910500||686882||0.00075241
14:17||912450500||686197||0.00075241
14:18||912049000||686271||0.00075241
14:19||912049000||686271||0.00075241
14:20||912049000||686271||0.00075241
14:21||912049000||686271||0.00075241
14:22||912049000||686271||0.00075241
14:23||912049000||686271||0.00075241
14:24||912455000||686882||0.00075241
14:25||912455000||686882||0.00075241
14:26||912455500||686883||0.00075241
14:27||911755000||685144||0.00075241
14:28||911755000||685144||0.00075241
14:29||911706500||685145||0.00075241
14:30||911706000||685145||0.00075241
14:31||911706000||685145||0.00075241
14:32||911667000||686741||0.00075241
14:33||910611500||686741||0.00075241
14:34||910611500||685152||0.00075241
14:35||910611500||685152||0.00075241
14:36||910611500||684776||0.00075241
14:37||911510500||686882||0.00075241
14:38||911510500||686882||0.00075241
14:39||911361000||684777||0.00075241
14:40||911062000||686882||0.00075241
14:41||910608000||684855||0.00075241
14:42||910608000||684855||0.00075241
14:43||911113000||686205||0.00075241
14:44||911160000||684855||0.00075241
14:45||911160000||686205||0.00075241
14:46||911160000||684926||0.00075241
14:47||911160000||686205||0.00075241
14:48||911180500||686205||0.00075241
14:49||910675500||686205||0.00075241
14:50||911630000||684957||0.00075241
14:51||911633500||684957||0.00075241
14:52||910992000||684957||0.00075241
14:53||910926500||684958||0.00075241
14:54||910926500||684958||0.00075241
14:55||910926500||684958||0.00075241
14:56||911000500||684958||0.00075241
14:57||911709500||686881||0.00075241
14:58||912201000||686881||0.00075241
14:59||912250000||686875||0.00075241
15:00||912904500||686875||0.00075241
15:01||912255000||686881||0.00075241
15:02||912255000||686882||0.00075241
15:03||912905000||686875||0.00075241
15:04||912904500||686882||0.00075241
15:05||912905000||686882||0.00075241
15:06||912905000||686881||0.00075241
15:07||912905000||686881||0.00075241
15:08||914151000||688831||0.00075241
15:09||914151000||686876||0.00075241
15:10||913650000||686193||0.00075241
15:11||912750000||688756||0.00075241
15:12||913700500||688756||0.00075241
15:13||914500000||688756||0.00075241
15:14||914593500||688831||0.00075241
15:15||914850500||689207||0.00075241
15:17||918087500||690712||0.00075241
15:18||919999500||692217||0.00075241
15:19||919995000||692217||0.00075241
15:20||919995000||692209||0.00075241
15:21||922494500||695888||0.00075241
15:22||922885500||695888||0.00075241
15:23||924823500||695894||0.00075241
15:24||924754000||695797||0.00075241
15:25||924749500||695797||0.00075241
15:26||922000500||693730||0.00075241
15:27||922750000||693722||0.00075241
15:28||924688500||695745||0.00075241
15:29||924688500||695745||0.00075241
15:30||923594500||695737||0.00075241
15:31||923217000||695168||0.00075241
15:32||923682500||694120||0.00075241
15:33||925300000||696430||0.00075241
15:34||924500500||695979||0.00075241
15:35||924575000||695339||0.00075241
15:36||924580000||695979||0.00075241
15:37||924999500||695979||0.00075241
15:38||925250000||696355||0.00075241
15:39||926249500||697483||0.00075241
15:40||926252000||697483||0.00075241
15:41||926255000||697484||0.00075241
15:42||926550000||696362||0.00075241
15:43||927999500||698236||0.00075241
15:44||927999500||698236||0.00075241
15:45||927949000||698235||0.00075241
15:46||927244500||698220||0.00075241
15:47||926844500||698220||0.00075241
15:48||925920500||696988||0.00075241
15:49||925914500||696988||0.00075241
15:50||925798500||696354||0.00075241
15:51||924350000||696354||0.00075241
15:52||924350500||696354||0.00075241
15:53||923856500||695979||0.00075241
15:54||924359500||695010||0.00075241
15:55||924425000||695979||0.00075241
15:56||925024000||696805||0.00075241
15:57||925024500||696806||0.00075241
15:58||930004000||699747||0.00075241
15:59||927025500||695227||0.00075241
16:00||927095500||695227||0.00075241
16:01||927000000||695227||0.00075241
16:02||927000000||695227||0.00075241
16:03||927004000||695992||0.00075241
16:04||927100500||698981||0.00075241
16:05||929495500||698981||0.00075241
16:06||929495500||700117||0.00075241
16:07||929991500||698982||0.00075241
16:08||929490000||698982||0.00075241
16:09||928050500||696815||0.00075241
16:10||927960000||699590||0.00075241
16:11||927910500||699590||0.00075241
16:12||928100000||699515||0.00075241
16:13||928110000||699515||0.00075241
16:14||928050000||695979||0.00075241
16:15||927400500||699213||0.00075241
16:16||926000000||697484||0.00075241
16:17||927155000||698153||0.00075241
16:18||927395000||698153||0.00075241
16:19||927350000||698010||0.00075241
16:20||927189500||698010||0.00075241
16:21||927378500||698010||0.00075241
16:22||927188500||697768||0.00075241
16:23||927188500||697768||0.00075241
16:24||927188500||697484||0.00075241
16:25||927376500||697767||0.00075241
16:26||927376500||697767||0.00075241
16:27||927376500||697767||0.00075241
16:28||927688500||697767||0.00075241
16:29||927377500||697767||0.00075241
16:30||927688000||697767||0.00075241
16:31||927377000||697768||0.00075241
16:32||927377500||697768||0.00075241
16:33||927377500||697768||0.00075241
16:34||927376500||697766||0.00075241
16:35||927376500||697767||0.00075241
16:36||927376500||697767||0.00075241
16:37||927377000||697768||0.00075241
16:38||927377000||697768||0.00075241
16:39||927377000||697768||0.00075241
16:40||928238000||699064||0.00075241
16:41||928238000||699064||0.00075241
16:42||928238000||699064||0.00075241
16:43||928238500||699064||0.00075241
16:44||928187500||697767||0.00075241
16:45||928194500||697767||0.00075241
16:46||928245000||698973||0.00075241
16:47||928275500||698973||0.00075241
16:48||928989500||698657||0.00075241
16:49||930500000||700493||0.00075241
16:50||931645500||701246||0.00075241
16:51||931646000||700713||0.00075241
16:52||934775000||705421||0.00075241
16:53||936614000||705414||0.00075241
16:54||935344500||703503||0.00075241
16:55||935399500||703503||0.00075241
16:56||935344500||703586||0.00075241
16:57||933860000||703503||0.00075241
16:58||932001000||701247||0.00075241
16:59||932027500||701283||0.00075241
17:00||933600500||703879||0.00075241
17:01||933553500||703879||0.00075241
17:02||934300000||703578||0.00075241
17:03||934350000||702374||0.00075241
17:04||934350500||702374||0.00075241
17:05||935350000||703879||0.00075241
17:06||933750500||703653||0.00075241
17:07||933999500||702750||0.00075241
17:08||933999500||702750||0.00075241
17:09||933750500||702375||0.00075241
17:10||933750500||702750||0.00075241
17:11||933750500||702750||0.00075241
17:12||935463500||705316||0.00075241
17:13||935464000||705316||0.00075241
17:14||935465500||705316||0.00075241
17:15||935427000||705316||0.00075241
17:16||935504500||702449||0.00075241
17:17||935308000||705318||0.00075241
17:18||936990500||704993||0.00075241
17:19||935267000||704994||0.00075241
17:20||935957000||704943||0.00075241
17:21||935957000||703503||0.00075241
17:22||935540000||703503||0.00075241
17:24||935635000||704240||0.00075241
17:25||935635000||704240||0.00075241
17:26||935290500||704240||0.00075241
17:27||935290500||703722||0.00075241
17:28||935290500||703722||0.00075241
17:29||934500500||703722||0.00075241
17:30||934555500||703722||0.00075241
17:31||934555500||703699||0.00075241
17:32||934413500||703577||0.00075241
17:33||934413500||703486||0.00075241
17:34||934401500||702638||0.00075241
17:35||934214500||702375||0.00075241
17:36||934214500||703449||0.00075241
17:37||934199500||703449||0.00075241
17:38||933934500||702375||0.00075241
17:39||934171500||703383||0.00075241
17:40||934839500||703382||0.00075241
17:41||934839500||703382||0.00075241
17:42||933420000||701246||0.00075241
17:43||933445000||703382||0.00075241
17:44||933445000||703382||0.00075241
17:45||933445000||703382||0.00075241
17:46||933397500||703311||0.00075241
17:47||933420000||703382||0.00075241
17:48||933392000||703340||0.00075241
17:49||934781500||699741||0.00075241
17:50||932391000||703339||0.00075241
17:51||932343000||703339||0.00075241
17:52||932250500||703339||0.00075241
17:53||933542500||701622||0.00075241
17:54||932550000||701622||0.00075241
17:55||933640500||703338||0.00075241
17:56||933640500||703338||0.00075241
17:57||933640500||703338||0.00075241
17:58||933665000||703337||0.00075241
17:59||933662500||703337||0.00075241
18:00||933663000||703337||0.00075241
18:01||933662500||701659||0.00075241
18:02||933662000||701659||0.00075241
18:03||933660500||701659||0.00075241
18:04||933650500||701659||0.00075241
18:05||933884500||701659||0.00075241
18:06||933934500||701659||0.00075241
18:07||934134500||701659||0.00075241
18:08||934185000||703329||0.00075241
18:09||934769500||703329||0.00075241
18:10||934769500||703330||0.00075241
18:11||934769500||703330||0.00075241
18:12||934772000||703334||0.00075241
18:13||933920500||703308||0.00075241
18:14||933920500||703308||0.00075241
18:15||934302000||703288||0.00075241
18:16||934303000||703288||0.00075241
18:17||934713500||703288||0.00075241
18:18||934722500||703288||0.00075241
18:19||934730500||703300||0.00075241
18:20||934730500||703300||0.00075241
18:21||934730500||703300||0.00075241
18:22||934730500||703300||0.00075241
18:23||934865000||703503||0.00075241
18:24||934865000||703503||0.00075241
18:25||934926500||703300||0.00075241
18:26||935061000||703595||0.00075241
18:27||935091000||703595||0.00075241
18:28||935067500||703548||0.00075241
18:29||935070500||703548||0.00075241
18:30||935096000||703595||0.00075241
18:31||935096000||703595||0.00075241
18:32||935089500||703555||0.00075241
18:33||935084000||703553||0.00075241
18:34||935087500||703556||0.00075241
18:35||935089500||703578||0.00075241
18:36||935116500||703586||0.00075241
18:37||936016000||704940||0.00075241
18:38||936034000||704940||0.00075241
18:39||936955000||704940||0.00075241
18:40||937500000||705760||0.00075241
18:41||937500000||705008||0.00075241
18:42||937500500||705760||0.00075241
18:43||937999500||705760||0.00075241
18:44||938498500||706136||0.00075241
18:45||938498500||706136||0.00075241
18:46||938499500||706136||0.00075241
18:47||938749500||706136||0.00075241
18:48||938749500||706512||0.00075241
18:49||938749500||706512||0.00075241
18:50||938799500||706512||0.00075241
18:51||938791000||706505||0.00075241
18:52||937831000||706135||0.00075241
18:53||937992500||705755||0.00075241
18:54||937992500||705754||0.00075241
18:55||937992500||705755||0.00075241
18:56||937992500||705755||0.00075241
18:57||937992500||705755||0.00075241
18:58||937992500||705754||0.00075241
18:59||937992500||705755||0.00075241
19:00||937992500||705755||0.00075241
19:01||937992500||705754||0.00075241
19:02||937992500||705755||0.00075241
19:03||937992500||705754||0.00075241
19:04||937992500||705754||0.00075241
19:05||937992500||705755||0.00075241
19:06||937992500||705754||0.00075241
19:07||937992500||705755||0.00075241
19:08||937596500||705158||0.00075241
19:09||937595500||705753||0.00075241
19:10||937124500||705158||0.00075241
19:11||937100500||705084||0.00075241
19:12||937100500||705083||0.00075241
19:13||937570500||705755||0.00075241
19:14||937570000||705120||0.00075241
19:15||937991500||705754||0.00075241
19:16||937991500||705754||0.00075241
19:17||937992500||705754||0.00075241
19:18||938369000||706302||0.00075241
19:19||938723500||705158||0.00075241
19:20||938723500||706305||0.00075241
19:21||938358500||706305||0.00075241
19:22||938356500||706305||0.00075241
19:23||938356500||706305||0.00075241
19:24||938531500||706291||0.00075241
19:25||938531500||706291||0.00075241
19:26||938618500||706291||0.00075241
19:27||938533000||706160||0.00075241
19:28||938541000||706305||0.00075241
19:29||938541000||706305||0.00075241
19:30||938765000||706505||0.00075241
19:31||938750000||706505||0.00075241
19:32||938750000||706362||0.00075241
19:33||938728500||706324||0.00075241
19:34||938749500||706324||0.00075241
19:35||938749500||706324||0.00075241
19:36||938749500||706324||0.00075241
19:37||938749500||706324||0.00075241
19:38||938749500||706324||0.00075241
19:39||938749500||706324||0.00075241
19:40||938749500||706324||0.00075241
19:41||938749500||706324||0.00075241
19:42||938749500||706324||0.00075241
19:43||938749500||706324||0.00075241
19:44||938749500||706324||0.00075241
19:45||938749500||706324||0.00075241
19:46||938749500||706324||0.00075241
19:47||938749500||706324||0.00075241
19:48||938749500||706324||0.00075241
19:49||938749500||706324||0.00075241
19:50||938749500||706324||0.00075241
19:51||938700500||706324||0.00075241
19:52||938700500||706288||0.00075241
19:53||938700500||706288||0.00075241
19:54||938700500||706288||0.00075241
19:55||938700500||706288||0.00075241
19:56||938347000||705755||0.00075241
19:57||938347000||705755||0.00075241
19:58||938347000||706288||0.00075241
19:59||938347000||706288||0.00075241
20:00||938347000||706288||0.00075241
20:01||936925000||703615||0.00075241
20:02||936924500||706287||0.00075241
20:03||938699500||706287||0.00075241
20:04||936840000||703615||0.00075241
20:05||936840000||706160||0.00075241
20:06||936561000||706160||0.00075241
20:07||936561000||706160||0.00075241
20:08||936561000||705740||0.00075241
20:09||936561000||705740||0.00075241
20:10||936487000||703503||0.00075241
20:11||936457000||703503||0.00075241
20:12||936001000||705008||0.00075241
20:13||936001000||705008||0.00075241
20:14||936006000||705008||0.00075241
20:15||936127500||703504||0.00075241
20:16||936127500||703504||0.00075241
20:17||936000500||703504||0.00075241
20:18||936730500||703504||0.00075241
20:19||937230000||706106||0.00075241
20:20||937230000||706106||0.00075241
20:21||937230000||706106||0.00075241
20:22||937230000||706106||0.00075241
20:23||937230000||706106||0.00075241
20:24||936986000||706106||0.00075241
20:25||936986000||706106||0.00075241
20:26||936986000||706106||0.00075241
20:27||936986000||705739||0.00075241
20:28||936986000||705739||0.00075241
20:29||936000500||704255||0.00075241
20:30||936000500||704255||0.00075241
20:31||936000500||704255||0.00075241
20:32||936000500||704255||0.00075241
20:33||936000500||704256||0.00075241
20:34||936000500||704256||0.00075241
20:35||936000500||704256||0.00075241
20:36||936000500||704256||0.00075241
20:37||936000500||704256||0.00075241
20:38||936000500||704256||0.00075241
20:39||936000500||704256||0.00075241
20:40||936000500||704256||0.00075241
20:41||936000500||704256||0.00075241
20:42||936000500||704256||0.00075241
20:43||936000500||704256||0.00075241
20:44||936000500||704256||0.00075241
20:45||936000500||704256||0.00075241
20:46||936000500||704256||0.00075241
20:47||936006000||704256||0.00075241
20:48||936006000||704256||0.00075241
20:49||936006000||704255||0.00075241
20:50||936005500||704255||0.00075241
20:51||936008500||704268||0.00075241
20:52||936008500||704268||0.00075241
20:53||937000000||705760||0.00075241
20:54||936500000||705760||0.00075241
20:55||936500000||705760||0.00075241
20:56||937349000||706285||0.00075241
20:57||937349000||706285||0.00075241
20:58||937599000||704631||0.00075241
20:59||937599000||704631||0.00075241
21:00||937599000||704631||0.00075241
21:01||937599000||704631||0.00075241
21:02||937596000||704631||0.00075241
21:03||937596000||704631||0.00075241
21:04||937596000||704631||0.00075241
21:05||937596000||704631||0.00075241
21:06||936501500||704632||0.00075241
21:07||936501000||704633||0.00075241
21:08||936501000||704633||0.00075241
21:09||936251000||704255||0.00075241
21:10||936251000||704633||0.00075241
21:11||936251000||704633||0.00075241
21:12||936251000||704255||0.00075241
21:13||936251000||704255||0.00075241
21:14||936251000||704255||0.00075241
21:15||936000500||704255||0.00075241
21:16||936000500||704255||0.00075241
21:17||936000500||704255||0.00075241
21:18||936000500||704255||0.00075241
21:19||936000500||704255||0.00075241
21:20||936000500||704255||0.00075241
21:21||936000500||704255||0.00075241
21:22||936000500||704255||0.00075241
21:23||936000500||704255||0.00075241
21:24||936000500||704255||0.00075241
21:25||936000500||704256||0.00075241
21:26||936000500||704256||0.00075241
21:27||936000500||704256||0.00075241
21:28||936000500||704255||0.00075241
21:29||936000500||704256||0.00075241
21:30||936000500||704256||0.00075241
21:31||936000500||704256||0.00075241
21:32||936862000||705526||0.00075241
21:33||937250500||706136||0.00075241
21:34||937306500||706221||0.00075241
21:35||937307000||706221||0.00075241
21:36||936001500||704257||0.00075241
21:37||936001500||704257||0.00075241
21:38||937823000||705009||0.00075241
21:39||938611500||706221||0.00075241
21:40||938645500||706272||0.00075241
21:41||938645500||706272||0.00075241
21:42||938611500||706272||0.00075241
21:43||938611500||706272||0.00075241
21:44||938611500||706272||0.00075241
21:45||938611500||706221||0.00075241
21:46||938611500||706221||0.00075241
21:47||938611500||706221||0.00075241
21:48||938611500||706221||0.00075241
21:49||938611500||706221||0.00075241
21:50||938611500||706220||0.00075241
21:51||938611500||706221||0.00075241
21:52||938611500||706220||0.00075241
21:53||938611500||706220||0.00075241
21:54||938611500||706220||0.00075241
21:55||938611500||706220||0.00075241
21:56||938611500||706220||0.00075241
21:57||938611500||706220||0.00075241
21:58||938611500||706220||0.00075241
21:59||938611500||706221||0.00075241
22:00||938611500||706221||0.00075241
22:01||938611500||706221||0.00075241
22:02||938611500||706221||0.00075241
22:03||938611500||706221||0.00075241
22:04||938611500||706221||0.00075241
22:05||938611500||706221||0.00075241
22:06||938611500||706221||0.00075241
22:07||938611500||706221||0.00075241
22:08||938611500||706220||0.00075241
22:09||938611500||706221||0.00075241
22:10||938611500||706221||0.00075241
22:11||938611500||706221||0.00075241
22:12||938611500||706221||0.00075241
22:13||938611500||706221||0.00075241
22:14||938611500||706221||0.00075241
22:15||938611500||706221||0.00075241
22:16||938611500||706221||0.00075241
22:17||938611500||706221||0.00075241
22:18||938611500||706221||0.00075241
22:19||938611500||706221||0.00075241
22:20||938611500||706221||0.00075241
22:21||938611500||706221||0.00075241
22:22||938611500||706221||0.00075241
22:23||938611500||706221||0.00075241
22:24||938611500||706221||0.00075241
22:25||938611500||706221||0.00075241
22:26||938611500||706220||0.00075241
22:27||938611500||706221||0.00075241
22:28||938611500||706221||0.00075241
22:29||938611500||706221||0.00075241
22:30||938611500||706221||0.00075241
22:31||938611500||706221||0.00075241
22:32||938611500||706221||0.00075241
22:33||938611500||706221||0.00075241
22:34||938611500||706221||0.00075241
22:35||938611500||706221||0.00075241
22:36||938611500||706221||0.00075241
22:37||938611500||706221||0.00075241
22:38||938805000||706512||0.00075241
22:39||938809000||706512||0.00075241
22:40||939308000||707263||0.00075241
22:41||938659500||707263||0.00075241
22:42||938659500||707263||0.00075241
22:43||940316500||707271||0.00075241
22:44||943006000||710275||0.00075241
22:45||943005500||710274||0.00075241
22:46||943066500||710274||0.00075241
22:47||943586500||710275||0.00075241
22:48||944387500||710275||0.00075241
22:49||944387500||711027||0.00075241
22:50||944650000||711027||0.00075241
22:51||944650000||710500||0.00075241
22:52||945250000||711403||0.00075241
22:53||945250000||711403||0.00075241
22:54||946000000||712532||0.00075241
22:55||946000500||712532||0.00075241
22:56||946000000||711780||0.00075241
22:57||946500000||711779||0.00075241
22:58||945950000||712457||0.00075241
22:59||946425000||712457||0.00075241
23:00||946781000||712457||0.00075241
23:01||946662500||712278||0.00075241
23:02||946662500||712278||0.00075241
23:03||946662500||712277||0.00075241
23:04||946662500||712278||0.00075241
23:05||946666000||712280||0.00075241
23:06||947250000||712532||0.00075241
23:07||947250000||712908||0.00075241
23:08||947749500||712908||0.00075241
23:09||947750000||713283||0.00075241
23:10||947750000||713283||0.00075241
23:11||946608000||712532||0.00075241
23:12||946283000||712532||0.00075241
23:13||946283000||711942||0.00075241
23:14||945676000||711027||0.00075241
23:15||945676000||711028||0.00075241
23:16||945676000||711028||0.00075241
23:17||945675500||711028||0.00075241
23:18||945675500||711028||0.00075241
23:19||945003500||711028||0.00075241
23:20||945003500||711028||0.00075241
23:21||945675500||711031||0.00075241
23:22||947006000||713284||0.00075241
23:23||947500000||713369||0.00075241
23:25||947450000||713369||0.00075241
23:26||947500000||713369||0.00075241
23:27||947500500||713369||0.00075241
23:28||947250500||713369||0.00075241
23:29||946750000||711779||0.00075241
23:30||946700000||711779||0.00075241
23:31||946702000||711779||0.00075241
23:32||947152000||711782||0.00075241
23:33||947153000||711784||0.00075241
23:34||947252000||713660||0.00075241
23:35||947252000||711782||0.00075241
23:36||945750000||709522||0.00075241
23:37||946000000||714037||0.00075241
23:38||945500000||713284||0.00075241
23:39||945505000||713284||0.00075241
23:40||946000000||713284||0.00075241
23:41||944505000||713284||0.00075241
23:42||943752000||711787||0.00075241
23:43||945000000||709522||0.00075241
23:44||945000000||709522||0.00075241
23:45||943500000||709522||0.00075241
23:46||943500000||709522||0.00075241
23:47||943500000||709522||0.00075241
23:48||943999500||709522||0.00075241
23:49||943499500||709522||0.00075241
23:50||943499000||709522||0.00075241
23:51||943499000||709522||0.00075241
23:52||943499000||709522||0.00075241
23:53||943499000||709522||0.00075241
23:54||943249500||709522||0.00075241
23:55||943000500||709522||0.00075241
23:56||943000500||709522||0.00075241
23:57||942617000||708945||0.00075241
23:58||942617000||708945||0.00075241
23:59||942233500||708945||0.00075241
