00:00||929480500||698988||0.00075241
00:01||929480500||698988||0.00075241
00:02||929480500||698988||0.00075241
00:03||929480500||698988||0.00075241
00:04||929480500||698988||0.00075241
00:05||929480500||699711||0.00075241
00:06||929480500||699711||0.00075241
00:07||929480500||699711||0.00075241
00:08||929001500||699711||0.00075241
00:09||929001500||699711||0.00075241
00:10||929001500||699711||0.00075241
00:11||929001500||698990||0.00075241
00:12||929001500||698990||0.00075241
00:13||929001500||698990||0.00075241
00:14||929001500||698989||0.00075241
00:15||929001500||698989||0.00075241
00:16||929001500||698989||0.00075241
00:17||929001500||698990||0.00075241
00:18||929001500||698990||0.00075241
00:19||929001500||698990||0.00075241
00:20||929001500||698990||0.00075241
00:21||929001500||698990||0.00075241
00:22||929001500||698990||0.00075241
00:23||929001500||698990||0.00075241
00:24||929001500||698990||0.00075241
00:25||929001500||698990||0.00075241
00:26||928667500||698989||0.00075241
00:27||928667500||698738||0.00075241
00:28||928459000||698424||0.00075241
00:29||928372500||698424||0.00075241
00:30||928372500||698424||0.00075241
00:31||928361000||698424||0.00075241
00:32||928361000||698424||0.00075241
00:33||928355000||698424||0.00075241
00:34||928355000||698582||0.00075241
00:35||928250500||698582||0.00075241
00:36||928250500||698582||0.00075241
00:37||928254500||698582||0.00075241
00:38||928250500||698582||0.00075241
00:39||928250500||698582||0.00075241
00:40||928250500||698582||0.00075241
00:41||928250500||698582||0.00075241
00:42||928250500||698582||0.00075241
00:43||928250500||698425||0.00075241
00:44||928250500||698425||0.00075241
00:45||928250500||698425||0.00075241
00:46||928250500||698425||0.00075241
00:47||928250500||698425||0.00075241
00:48||928250500||698424||0.00075241
00:49||928254500||698424||0.00075241
00:50||928254500||698424||0.00075241
00:51||928250500||698424||0.00075241
00:52||928254500||698424||0.00075241
00:53||928254500||698424||0.00075241
00:54||928254500||698424||0.00075241
00:55||928254500||698424||0.00075241
00:56||928254500||698424||0.00075241
00:57||928254500||698424||0.00075241
00:58||928254500||698424||0.00075241
00:59||928254500||698424||0.00075241
01:00||928254500||698424||0.00075241
01:01||928254500||698424||0.00075241
01:02||928254500||698424||0.00075241
01:03||928254500||698424||0.00075241
01:04||928256500||698434||0.00075241
01:05||928257500||698435||0.00075241
01:06||928372000||698435||0.00075241
01:07||928471500||698435||0.00075241
01:08||928471500||698435||0.00075241
01:09||928473500||698603||0.00075241
01:10||928487500||698603||0.00075241
01:11||928496500||698603||0.00075241
01:12||930207500||699854||0.00075241
01:13||930207500||699854||0.00075241
01:14||930207500||699854||0.00075241
01:15||930207500||699854||0.00075241
01:16||930207500||699854||0.00075241
01:17||930207500||699854||0.00075241
01:18||930207500||699854||0.00075241
01:19||929718500||699854||0.00075241
01:20||929718500||700456||0.00075241
01:21||929124000||700456||0.00075241
01:22||929124000||700456||0.00075241
01:23||928983500||700456||0.00075241
01:24||928983500||700456||0.00075241
01:25||928743500||700456||0.00075241
01:26||930420000||698602||0.00075241
01:27||930420000||698602||0.00075241
01:28||928927500||698602||0.00075241
01:29||928927500||698602||0.00075241
01:30||928925500||698602||0.00075241
01:31||930424000||701198||0.00075241
01:32||928695000||701198||0.00075241
01:33||930208000||698915||0.00075241
01:34||930208000||698915||0.00075241
01:35||930208000||698915||0.00075241
01:36||930208000||698915||0.00075241
01:37||930089500||698424||0.00075241
01:38||928364500||698424||0.00075241
01:39||928364500||698424||0.00075241
01:40||928364500||698424||0.00075241
01:41||928626000||698424||0.00075241
01:42||928629000||698424||0.00075241
01:43||928629500||698424||0.00075241
01:44||928629500||698424||0.00075241
01:45||928629500||698424||0.00075241
01:46||928629500||698424||0.00075241
01:47||929060000||698424||0.00075241
01:48||929060000||698424||0.00075241
01:49||928934500||697005||0.00075241
01:50||928934500||697005||0.00075241
01:51||928934500||697005||0.00075241
01:52||928934500||697005||0.00075241
01:53||928934500||697005||0.00075241
01:54||928934500||699642||0.00075241
01:55||928934500||699642||0.00075241
01:56||928934500||699642||0.00075241
01:57||928934500||699642||0.00075241
01:58||928934500||699642||0.00075241
01:59||928934500||699642||0.00075241
02:00||928934500||699642||0.00075241
02:01||928934500||699642||0.00075241
02:02||928934500||699642||0.00075241
02:03||928934500||699642||0.00075241
02:04||928934500||699642||0.00075241
02:05||928934500||699642||0.00075241
02:06||928935000||699642||0.00075241
02:08||929004500||699642||0.00075241
02:09||929004500||699642||0.00075241
02:10||929004500||699642||0.00075241
02:11||929004500||699642||0.00075241
02:12||929004500||699642||0.00075241
02:13||929004500||699642||0.00075241
02:14||929004500||699642||0.00075241
02:15||929004500||699642||0.00075241
02:16||929004500||699642||0.00075241
02:17||929004500||699642||0.00075241
02:18||929004500||699642||0.00075241
02:19||929004500||699642||0.00075241
02:20||929004500||699642||0.00075241
02:21||929004500||699642||0.00075241
02:22||929004500||698237||0.00075241
02:23||929004500||698237||0.00075241
02:24||929004500||698237||0.00075241
02:25||929004500||699747||0.00075241
02:26||929004500||699747||0.00075241
02:27||929004500||699747||0.00075241
02:28||929004500||699747||0.00075241
02:29||929004500||699747||0.00075241
02:30||929004500||699747||0.00075241
02:31||929004500||699747||0.00075241
02:32||929004500||699747||0.00075241
02:33||929004500||699747||0.00075241
02:34||929004500||699747||0.00075241
02:35||929004500||699747||0.00075241
02:36||929004500||699747||0.00075241
02:37||929400000||699747||0.00075241
02:38||929400000||699747||0.00075241
02:39||929400000||700342||0.00075241
02:40||929400000||700342||0.00075241
02:41||929400000||700342||0.00075241
02:42||929400000||700342||0.00075241
02:43||929400000||700342||0.00075241
02:44||929400000||700342||0.00075241
02:45||929400000||700342||0.00075241
02:46||929400000||700342||0.00075241
02:47||929400000||700342||0.00075241
02:48||929400000||700342||0.00075241
02:49||929400000||700342||0.00075241
02:50||929400000||700342||0.00075241
02:51||929400000||700342||0.00075241
02:52||929400000||700342||0.00075241
02:53||929400000||700342||0.00075241
02:54||931399000||700343||0.00075241
02:55||931399500||700343||0.00075241
02:56||931399500||701246||0.00075241
02:57||931399500||701246||0.00075241
02:58||931399500||701246||0.00075241
02:59||931399500||701246||0.00075241
03:00||931399500||701246||0.00075241
03:01||931399500||701246||0.00075241
03:02||931399500||701246||0.00075241
03:03||931399500||701246||0.00075241
03:04||931399500||701246||0.00075241
03:05||931399500||701246||0.00075241
03:06||931399500||701246||0.00075241
03:07||931399500||701246||0.00075241
03:08||931399500||701246||0.00075241
03:09||931399500||701246||0.00075241
03:10||931399500||701246||0.00075241
03:11||931399500||701246||0.00075241
03:12||931245000||701246||0.00075241
03:13||931245000||701246||0.00075241
03:14||931245000||699741||0.00075241
03:15||931245000||699741||0.00075241
03:16||931245000||699741||0.00075241
03:17||931245000||699741||0.00075241
03:18||931245000||699741||0.00075241
03:19||931555500||702082||0.00075241
03:20||931555500||702082||0.00075241
03:21||931555500||702082||0.00075241
03:22||931907500||702611||0.00075241
03:23||931907500||702611||0.00075241
03:24||931907500||702611||0.00075241
03:25||931907500||699741||0.00075241
03:26||931907500||699741||0.00075241
03:27||931907500||699741||0.00075241
03:28||931907500||699741||0.00075241
03:29||931907500||699741||0.00075241
03:30||931907500||702611||0.00075241
03:31||931907500||702611||0.00075241
03:32||931907500||702611||0.00075241
03:33||931907500||702611||0.00075241
03:34||931907500||702611||0.00075241
03:35||931907500||702611||0.00075241
03:36||931907500||702611||0.00075241
03:37||931907500||702611||0.00075241
03:38||931907500||702611||0.00075241
03:39||931907500||702611||0.00075241
03:40||931907500||702611||0.00075241
03:41||931907500||702611||0.00075241
03:42||931907500||702611||0.00075241
03:43||931907500||702611||0.00075241
03:44||931907500||702611||0.00075241
03:45||931907500||702611||0.00075241
03:46||931908000||702611||0.00075241
03:47||931908000||702611||0.00075241
03:48||931907500||702611||0.00075241
03:49||931907500||702611||0.00075241
03:50||931907500||702611||0.00075241
03:51||931907500||702611||0.00075241
03:52||931907500||702611||0.00075241
03:53||931907500||702611||0.00075241
03:54||931906500||702611||0.00075241
03:55||931906500||702611||0.00075241
03:56||931868500||702611||0.00075241
03:57||931830000||702611||0.00075241
03:58||931830000||702495||0.00075241
03:59||931830000||702495||0.00075241
04:00||931830500||702495||0.00075241
04:01||931830500||702495||0.00075241
04:02||931830500||702495||0.00075241
04:03||931793500||702439||0.00075241
04:04||931868000||702439||0.00075241
04:05||931868000||702439||0.00075241
04:06||931868000||702439||0.00075241
04:07||931868000||702439||0.00075241
04:08||931868000||702439||0.00075241
04:09||931870000||702439||0.00075241
04:10||931370000||699745||0.00075241
04:11||931369500||699745||0.00075241
04:12||931002500||702612||0.00075241
04:13||933349500||701246||0.00075241
04:14||934758000||703277||0.00075241
04:15||934758000||703277||0.00075241
04:16||934757500||703276||0.00075241
04:17||934757500||703276||0.00075241
04:18||934756000||703276||0.00075241
04:19||934748500||703276||0.00075241
04:20||934748500||703276||0.00075241
04:21||934748500||703276||0.00075241
04:22||934748500||703276||0.00075241
04:23||934748500||703276||0.00075241
04:24||934748500||703276||0.00075241
04:25||934748500||703276||0.00075241
04:26||934748500||703276||0.00075241
04:27||934747000||703276||0.00075241
04:28||934747000||703350||0.00075241
04:29||934748000||703350||0.00075241
04:30||934748000||703350||0.00075241
04:31||934748000||703350||0.00075241
04:32||934748000||703276||0.00075241
04:33||934724000||703276||0.00075241
04:34||934699500||703276||0.00075241
04:35||932757000||703276||0.00075241
04:36||932837000||703276||0.00075241
04:37||934699500||703276||0.00075241
04:38||934699500||703276||0.00075241
04:39||934699500||703277||0.00075241
04:40||934699500||703277||0.00075241
04:41||934699500||703277||0.00075241
04:42||934724000||703314||0.00075241
04:43||934724000||703314||0.00075241
04:44||934748500||703314||0.00075241
04:45||934748500||703314||0.00075241
04:46||936928000||704255||0.00075241
04:47||937949500||705008||0.00075241
04:48||937949500||705008||0.00075241
04:49||937949500||705007||0.00075241
04:50||937949500||705007||0.00075241
04:51||937949500||705007||0.00075241
04:52||938350000||705007||0.00075241
04:53||938300000||705007||0.00075241
04:54||938192000||705007||0.00075241
04:55||938192000||705007||0.00075241
04:56||938245000||705007||0.00075241
04:57||938145000||705007||0.00075241
04:58||937800500||705007||0.00075241
04:59||937800500||705610||0.00075241
05:00||937400000||705007||0.00075241
05:01||937400000||705007||0.00075241
05:02||937195500||705303||0.00075241
05:03||937191000||705303||0.00075241
05:04||937191000||705303||0.00075241
05:05||936999500||705303||0.00075241
05:06||936999500||705303||0.00075241
05:07||936999500||705303||0.00075241
05:08||936999500||705008||0.00075241
05:09||936999500||705008||0.00075241
05:10||936999500||705008||0.00075241
05:11||936999500||705008||0.00075241
05:12||936999500||705008||0.00075241
05:13||936999500||705008||0.00075241
05:14||936999500||705008||0.00075241
05:15||936999500||705008||0.00075241
05:16||936999500||705008||0.00075241
05:17||937400000||705008||0.00075241
05:18||937399500||705008||0.00075241
05:19||937399500||705008||0.00075241
05:20||936249500||703276||0.00075241
05:21||936187500||703276||0.00075241
05:22||936187500||703276||0.00075241
05:23||936187500||703276||0.00075241
05:24||936187500||703276||0.00075241
05:25||934553500||703276||0.00075241
05:26||934553500||705423||0.00075241
05:27||934609000||705423||0.00075241
05:28||934776000||705423||0.00075241
05:29||934776000||705423||0.00075241
05:30||933570000||705423||0.00075241
05:31||933560000||705423||0.00075241
05:32||934935500||705432||0.00075241
05:33||935052500||705432||0.00075241
05:34||934854500||705432||0.00075241
05:35||934951000||705310||0.00075241
05:36||934951000||705310||0.00075241
05:37||934951000||705310||0.00075241
05:38||933250000||705310||0.00075241
05:39||933250000||705310||0.00075241
05:40||933255000||705310||0.00075241
05:41||933250500||701623||0.00075241
05:42||933250500||701623||0.00075241
05:43||933250500||702750||0.00075241
05:44||933250500||702750||0.00075241
05:45||933250500||702750||0.00075241
05:46||934949500||702750||0.00075241
05:47||933480500||702750||0.00075241
05:48||933235500||702750||0.00075241
05:49||933235500||702728||0.00075241
05:50||933235500||702728||0.00075241
05:51||933235500||702728||0.00075241
05:52||933585000||702728||0.00075241
05:53||933935000||702728||0.00075241
05:54||933935000||702728||0.00075241
05:55||933900500||702675||0.00075241
05:56||933900500||702675||0.00075241
05:57||933934500||702675||0.00075241
05:58||933934500||702675||0.00075241
05:59||933934500||702727||0.00075241
06:00||933550000||702675||0.00075241
06:01||933591500||702727||0.00075241
06:02||933599500||702727||0.00075241
06:03||933617000||702727||0.00075241
06:04||933584500||702727||0.00075241
06:05||933584500||702727||0.00075241
06:06||933584500||702727||0.00075241
06:07||933584500||702727||0.00075241
06:08||933584500||702727||0.00075241
06:09||933584500||702727||0.00075241
06:10||933584500||702727||0.00075241
06:11||933584500||702727||0.00075241
06:12||934376000||702727||0.00075241
06:13||934326000||702727||0.00075241
06:14||934326000||702727||0.00075241
06:15||934326000||702727||0.00075241
06:17||933313500||702727||0.00075241
06:18||933826500||702727||0.00075241
06:19||933826500||702727||0.00075241
06:20||934326500||702727||0.00075241
06:21||933324000||702727||0.00075241
06:22||933324000||702149||0.00075241
06:23||933324000||702149||0.00075241
06:24||933324000||702149||0.00075241
06:25||933324000||702149||0.00075241
06:26||933324000||702149||0.00075241
06:27||933324000||702334||0.00075241
06:28||933324500||702334||0.00075241
06:29||933324500||702334||0.00075241
06:30||933324500||702334||0.00075241
06:31||933201500||702150||0.00075241
06:32||933201500||702149||0.00075241
06:33||933201500||702149||0.00075241
06:34||933201500||702149||0.00075241
06:35||933201500||702150||0.00075241
06:36||933201500||702150||0.00075241
06:37||933201500||702150||0.00075241
06:38||933201500||702150||0.00075241
06:39||933201500||702150||0.00075241
06:40||933201500||702150||0.00075241
06:41||934257000||703738||0.00075241
06:42||935294500||703738||0.00075241
06:43||935285500||703738||0.00075241
06:44||935037500||703738||0.00075241
06:45||935272500||703738||0.00075241
06:46||935272500||703738||0.00075241
06:47||935272500||703738||0.00075241
06:48||935263500||703738||0.00075241
06:49||935254500||703738||0.00075241
06:50||935254500||703738||0.00075241
06:51||935254500||703738||0.00075241
06:52||935254500||703738||0.00075241
06:53||935245500||703738||0.00075241
06:54||935245500||703738||0.00075241
06:55||935245500||703738||0.00075241
06:56||935245500||703738||0.00075241
06:57||935245500||703738||0.00075241
06:58||935245500||703688||0.00075241
06:59||935245500||703688||0.00075241
07:00||935245500||703687||0.00075241
07:01||935245500||703688||0.00075241
07:02||935245500||703688||0.00075241
07:03||935245500||703688||0.00075241
07:04||935245500||703688||0.00075241
07:05||935245500||703688||0.00075241
07:06||935842500||704586||0.00075241
07:07||936717000||704586||0.00075241
07:08||936988500||704586||0.00075241
07:09||936990500||705007||0.00075241
07:10||934955000||704990||0.00075241
07:11||934955000||704990||0.00075241
07:12||934984000||704990||0.00075241
07:13||934984000||702419||0.00075241
07:14||934984000||702419||0.00075241
07:15||934984000||702419||0.00075241
07:16||935012500||704562||0.00075241
07:17||935258500||704562||0.00075241
07:18||935259500||704562||0.00075241
07:19||935262500||704938||0.00075241
07:20||936907500||704938||0.00075241
07:21||937203000||705383||0.00075241
07:22||937202500||705383||0.00075241
07:23||937398500||705383||0.00075241
07:24||937398500||705383||0.00075241
07:25||937489500||705383||0.00075241
07:26||937485500||705383||0.00075241
07:27||937481500||705367||0.00075241
07:28||937477500||705367||0.00075241
07:29||937211500||705367||0.00075241
07:30||937215000||705367||0.00075241
07:31||937215000||704966||0.00075241
07:32||937468500||704966||0.00075241
07:33||937468500||705367||0.00075241
07:34||937472500||705367||0.00075241
07:35||937213500||704969||0.00075241
07:36||937214000||704969||0.00075241
07:37||937218500||704969||0.00075241
07:38||937012000||704969||0.00075241
07:39||936959500||704969||0.00075241
07:40||936959500||704978||0.00075241
07:41||936959500||704978||0.00075241
07:42||936959500||704978||0.00075241
07:43||936959500||704978||0.00075241
07:44||936959500||704978||0.00075241
07:45||936950500||704977||0.00075241
07:46||936954500||704970||0.00075241
07:47||936954500||704970||0.00075241
07:48||936954500||704970||0.00075241
07:49||936958500||704970||0.00075241
07:50||936958500||704977||0.00075241
07:51||936958500||704977||0.00075241
07:52||936958500||704977||0.00075241
07:53||936958500||704977||0.00075241
07:54||936958500||704977||0.00075241
07:55||936958500||704977||0.00075241
07:56||936958500||704977||0.00075241
07:57||936958500||704977||0.00075241
07:58||936958500||704977||0.00075241
07:59||936958500||704977||0.00075241
08:00||936958500||704977||0.00075241
08:01||936958500||704977||0.00075241
08:02||936958500||704977||0.00075241
08:03||937078500||704977||0.00075241
08:04||937228000||705383||0.00075241
08:05||937287000||705383||0.00075241
08:06||937342000||705516||0.00075241
08:07||937673500||705516||0.00075241
08:08||937673500||705514||0.00075241
08:09||937673500||705514||0.00075241
08:10||937673500||705515||0.00075241
08:11||937673500||705515||0.00075241
08:12||937673500||705515||0.00075241
08:13||937673500||705515||0.00075241
08:14||937673500||705515||0.00075241
08:15||937673500||705515||0.00075241
08:16||937673500||705515||0.00075241
08:17||937673500||705515||0.00075241
08:18||937673500||705515||0.00075241
08:19||937673500||705514||0.00075241
08:20||937673500||705515||0.00075241
08:21||937673500||705515||0.00075241
08:22||937673500||705515||0.00075241
08:23||937673500||705514||0.00075241
08:24||937673500||705514||0.00075241
08:25||937673500||705514||0.00075241
08:26||937674000||705516||0.00075241
08:27||937674000||705516||0.00075241
08:28||937674000||705516||0.00075241
08:29||937674000||705516||0.00075241
08:30||937737000||705610||0.00075241
08:31||937735500||705608||0.00075241
08:32||937735500||705608||0.00075241
08:33||937673500||705515||0.00075241
08:34||937673500||705515||0.00075241
08:35||937673500||705515||0.00075241
08:36||937673500||705515||0.00075241
08:37||937587000||705515||0.00075241
08:38||937211500||705384||0.00075241
08:39||935925000||703503||0.00075241
08:40||934992500||703503||0.00075241
08:41||934988500||703503||0.00075241
08:42||934097500||702150||0.00075241
08:43||934100500||703503||0.00075241
08:44||934100500||703503||0.00075241
08:45||934097000||703503||0.00075241
08:46||934098500||703503||0.00075241
08:47||934161500||703503||0.00075241
08:48||934161500||703503||0.00075241
08:49||934161500||703503||0.00075241
08:50||934161500||703503||0.00075241
08:51||934161500||703495||0.00075241
08:52||934162000||702249||0.00075241
08:53||933500500||702249||0.00075241
08:54||934246000||702375||0.00075241
08:55||934241000||702376||0.00075241
08:56||934261000||703495||0.00075241
08:57||935304000||705008||0.00075241
08:58||935994500||705008||0.00075241
08:59||935993500||704249||0.00075241
09:00||935990500||704249||0.00075241
09:01||935990500||704251||0.00075241
09:02||935743500||703873||0.00075241
09:03||935743500||703873||0.00075241
09:04||935743500||703873||0.00075241
09:05||935744000||703873||0.00075241
09:06||935849500||703873||0.00075241
09:07||935845500||704027||0.00075241
09:08||934802000||704027||0.00075241
09:09||934952000||704027||0.00075241
09:10||934998500||704251||0.00075241
09:11||934999000||704251||0.00075241
09:12||934999000||704251||0.00075241
09:13||935506500||702760||0.00075241
09:14||935315500||705008||0.00075241
09:15||935315500||705008||0.00075241
09:16||935315500||705008||0.00075241
09:17||935315000||705008||0.00075241
09:18||935315000||705008||0.00075241
09:19||935315000||705008||0.00075241
09:20||935415000||705008||0.00075241
09:21||935415000||705008||0.00075241
09:22||935415000||705008||0.00075241
09:23||935445000||705008||0.00075241
09:24||935445000||705008||0.00075241
09:25||935498500||705008||0.00075241
09:26||935656000||705005||0.00075241
09:27||936173000||705005||0.00075241
09:28||936897000||705005||0.00075241
09:29||936547500||705005||0.00075241
09:30||936997500||705005||0.00075241
09:31||936997500||705006||0.00075241
09:32||936997500||705006||0.00075241
09:33||936997500||705005||0.00075241
09:34||936997500||705005||0.00075241
09:35||936997500||705005||0.00075241
09:36||936997500||705005||0.00075241
09:37||936997500||705005||0.00075241
09:38||936997500||705005||0.00075241
09:39||936997500||705005||0.00075241
09:40||936997500||705005||0.00075241
09:41||935950500||705005||0.00075241
09:42||935396500||703504||0.00075241
09:43||935347000||703504||0.00075241
09:44||935347000||703504||0.00075241
09:45||935197000||703504||0.00075241
09:46||934575500||703504||0.00075241
09:47||934757000||703504||0.00075241
09:48||936028500||703696||0.00075241
09:49||936028500||703696||0.00075241
09:50||936078500||703696||0.00075241
09:51||935636000||703704||0.00075241
09:52||935636000||703696||0.00075241
09:53||935628500||703696||0.00075241
09:54||935628500||703696||0.00075241
09:56||935262500||703696||0.00075241
09:57||935262500||703696||0.00075241
09:58||935262500||703696||0.00075241
09:59||936127500||703696||0.00075241
10:00||936127500||703696||0.00075241
10:01||936127500||703696||0.00075241
10:02||936127500||705006||0.00075241
10:03||935878500||705006||0.00075241
10:04||935878500||704631||0.00075241
10:05||935878500||704631||0.00075241
10:06||935878500||704631||0.00075241
10:07||935878500||704631||0.00075241
10:08||935879000||704631||0.00075241
10:09||935879000||704631||0.00075241
10:10||935419000||704631||0.00075241
10:11||935419000||704631||0.00075241
10:12||935419000||703939||0.00075241
10:13||935419000||703939||0.00075241
10:14||935419000||703697||0.00075241
10:15||935419000||703697||0.00075241
10:16||935536000||703697||0.00075241
10:17||935419500||703696||0.00075241
10:18||935258500||703696||0.00075241
10:19||936129500||705008||0.00075241
10:20||936333000||705008||0.00075241
10:21||936165500||703996||0.00075241
10:22||935967000||703996||0.00075241
10:23||935967000||703996||0.00075241
10:24||935967000||703996||0.00075241
10:25||936134500||705008||0.00075241
10:26||936828000||705008||0.00075241
10:27||936827500||705007||0.00075241
10:28||936827500||705007||0.00075241
10:29||936656500||704750||0.00075241
10:30||936656500||704750||0.00075241
10:31||936656500||704750||0.00075241
10:32||936656500||704750||0.00075241
10:33||936656500||704750||0.00075241
10:34||936656500||704750||0.00075241
10:35||936656500||704690||0.00075241
10:36||936617500||704690||0.00075241
10:37||936651500||704750||0.00075241
10:38||936650500||704740||0.00075241
10:39||936646500||704750||0.00075241
10:40||936632500||704732||0.00075241
10:41||936632500||704732||0.00075241
10:42||935957500||703715||0.00075241
10:43||935944000||704732||0.00075241
10:44||935944000||704732||0.00075241
10:45||936493500||704732||0.00075241
10:46||935881500||704617||0.00075241
10:47||936531500||704617||0.00075241
10:48||936588500||704709||0.00075241
10:49||936588500||704709||0.00075241
10:50||936589500||704709||0.00075241
10:51||936619500||704713||0.00075241
10:52||936619500||704713||0.00075241
10:53||936619500||704713||0.00075241
10:54||936591500||704688||0.00075241
10:55||935926500||704685||0.00075241
10:56||935926500||704685||0.00075241
10:57||935926500||704685||0.00075241
10:58||935927000||704685||0.00075241
10:59||935927000||704685||0.00075241
11:00||935927000||704685||0.00075241
11:01||935926500||704685||0.00075241
11:02||935926500||704685||0.00075241
11:03||935926000||704683||0.00075241
11:04||935926000||704683||0.00075241
11:05||935926500||704683||0.00075241
11:06||936328500||704683||0.00075241
11:07||934047000||702944||0.00075241
11:08||934046500||702900||0.00075241
11:09||929627000||695979||0.00075241
11:10||927772500||695979||0.00075241
11:11||928116500||695979||0.00075241
11:12||928209000||695979||0.00075241
11:13||928209000||697046||0.00075241
11:14||929725000||699741||0.00075241
11:15||929725000||699741||0.00075241
11:16||931224500||701997||0.00075241
11:17||931224500||701997||0.00075241
11:18||931224500||701997||0.00075241
11:19||930975000||701997||0.00075241
11:20||931290000||701997||0.00075241
11:21||931294500||701997||0.00075241
11:22||931499000||701997||0.00075241
11:23||931000000||701997||0.00075241
11:24||931000000||699741||0.00075241
11:25||930050000||699742||0.00075241
11:26||930098500||699742||0.00075241
11:27||930098500||699742||0.00075241
11:28||930098500||699815||0.00075241
11:29||930098500||699815||0.00075241
11:30||931548000||699815||0.00075241
11:31||931548500||699815||0.00075241
11:32||931549500||701997||0.00075241
11:33||931300500||701997||0.00075241
11:34||931250500||701622||0.00075241
11:35||931250500||701547||0.00075241
11:36||931250500||701547||0.00075241
11:37||931250500||699817||0.00075241
11:38||931250000||699818||0.00075241
11:39||930100500||699818||0.00075241
11:40||930100500||699818||0.00075241
11:41||930425500||698575||0.00075241
11:42||930226000||701547||0.00075241
11:43||930226000||701547||0.00075241
11:44||930176500||698576||0.00075241
11:45||930227000||698576||0.00075241
11:46||930222000||698578||0.00075241
11:47||926454500||697070||0.00075241
11:48||926455000||697070||0.00075241
11:49||926455000||697070||0.00075241
11:50||926459000||697070||0.00075241
11:51||926680500||697070||0.00075241
11:52||929134000||701095||0.00075241
11:53||928945500||701020||0.00075241
11:54||926407500||701020||0.00075241
11:55||926409000||697027||0.00075241
11:56||926652000||697027||0.00075241
11:57||926697500||697405||0.00075241
11:58||926696500||697484||0.00075241
11:59||926695500||697484||0.00075241
12:00||926695500||697484||0.00075241
12:01||924994500||695979||0.00075241
12:02||925250500||695227||0.00075241
12:03||924466000||695168||0.00075241
12:04||923963500||695169||0.00075241
12:05||923925500||695169||0.00075241
12:06||926446500||697107||0.00075241
12:08||928197000||699741||0.00075241
12:09||928647000||699741||0.00075241
12:10||928646000||697027||0.00075241
12:11||928691500||697028||0.00075241
12:12||928692000||700485||0.00075241
12:13||928688000||700477||0.00075241
12:14||928688500||700477||0.00075241
12:15||930978500||700477||0.00075241
12:16||928689000||700477||0.00075241
12:17||928704500||700477||0.00075241
12:18||928777000||700477||0.00075241
12:19||928738000||700477||0.00075241
12:20||928900000||700477||0.00075241
12:21||928900000||700477||0.00075241
12:22||928950000||700477||0.00075241
12:23||925508000||692217||0.00075241
12:24||922407000||695610||0.00075241
12:25||922453500||695616||0.00075241
12:26||927242500||695616||0.00075241
12:27||927244000||699733||0.00075241
12:28||926250000||699733||0.00075241
12:29||928900000||698236||0.00075241
12:30||927145500||699590||0.00075241
12:31||925745500||699590||0.00075241
12:32||925745500||699590||0.00075241
12:33||925745500||695596||0.00075241
12:34||925745500||695596||0.00075241
12:35||923818500||695596||0.00075241
12:36||923818500||695596||0.00075241
12:37||923807000||695596||0.00075241
12:38||923819000||695596||0.00075241
12:39||922819500||695596||0.00075241
12:40||922820500||695979||0.00075241
12:41||923495000||695979||0.00075241
12:42||923495000||695979||0.00075241
12:43||924500000||697484||0.00075241
12:44||924747500||697484||0.00075241
12:45||924747500||697484||0.00075241
12:46||922508500||694092||0.00075241
12:47||924746500||697484||0.00075241
12:48||924246500||696731||0.00075241
12:49||924246500||696731||0.00075241
12:50||924297500||696731||0.00075241
12:51||924500000||696731||0.00075241
12:52||924500000||696731||0.00075241
12:53||924304500||694557||0.00075241
12:54||924304500||696355||0.00075241
12:55||924354500||696355||0.00075241
12:56||924361000||694170||0.00075241
12:57||923222500||694170||0.00075241
12:58||923222500||694170||0.00075241
12:59||919163000||688455||0.00075241
13:00||919757000||694474||0.00075241
13:01||916466000||693721||0.00075241
13:02||919320500||689607||0.00075241
13:03||918766000||689607||0.00075241
13:04||919265500||692969||0.00075241
13:05||917039500||690373||0.00075241
13:06||917547500||689607||0.00075241
13:07||917039500||689607||0.00075241
13:08||917016000||689607||0.00075241
13:09||916966000||689607||0.00075241
13:10||916944000||689313||0.00075241
13:11||916220500||689313||0.00075241
13:12||916000500||689313||0.00075241
13:13||916657500||689143||0.00075241
13:14||916659000||689143||0.00075241
13:15||916700500||689208||0.00075241
13:16||916500000||689207||0.00075241
13:17||916550000||689207||0.00075241
13:18||916550000||689282||0.00075241
13:19||916550000||689959||0.00075241
13:20||916600000||689959||0.00075241
13:21||916601000||689358||0.00075241
13:22||912673000||689360||0.00075241
13:23||909286500||684156||0.00075241
13:24||911171500||686942||0.00075241
13:25||913030000||689207||0.00075241
13:26||913109000||684857||0.00075241
13:27||913550000||685152||0.00075241
13:28||915000500||685152||0.00075241
13:29||912599000||684842||0.00075241
13:30||913089500||688455||0.00075241
13:31||914000500||688455||0.00075241
13:32||912849000||688831||0.00075241
13:33||912694000||688455||0.00075241
13:34||912694000||684986||0.00075241
13:35||912598500||685445||0.00075241
13:36||912646000||688452||0.00075241
13:37||913035500||688452||0.00075241
13:38||913079500||688452||0.00075241
13:39||914995000||688448||0.00075241
13:40||916100000||689207||0.00075241
13:41||915995000||689959||0.00075241
13:42||915994500||689959||0.00075241
13:43||915994000||689957||0.00075241
13:44||915994000||689957||0.00075241
13:45||914995500||689957||0.00075241
13:46||914999500||688454||0.00075241
13:47||914995500||688454||0.00075241
13:48||914995500||688455||0.00075241
13:49||914995500||688455||0.00075241
13:50||914995500||688455||0.00075241
13:51||914995500||688455||0.00075241
13:52||915999000||688455||0.00075241
13:53||916018500||688455||0.00075241
13:54||915750500||689956||0.00075241
13:55||915765000||689583||0.00075241
13:56||915765000||689583||0.00075241
13:57||916998000||689583||0.00075241
13:58||917495500||689583||0.00075241
13:59||917495500||690332||0.00075241
14:00||917495500||690333||0.00075241
14:01||917495500||690332||0.00075241
14:02||917495500||690332||0.00075241
14:03||916000500||690333||0.00075241
14:04||915901000||689959||0.00075241
14:05||915751000||689808||0.00075241
14:06||915765500||689583||0.00075241
14:07||915750500||689583||0.00075241
14:08||915750000||688455||0.00075241
14:09||915495500||688448||0.00075241
14:10||915495000||689206||0.00075241
14:11||915495500||689206||0.00075241
14:12||915495000||689206||0.00075241
14:13||915495500||689207||0.00075241
14:14||915495500||689207||0.00075241
14:15||915495500||688448||0.00075241
14:16||915495500||688448||0.00075241
14:17||915495500||688448||0.00075241
14:18||915495500||688448||0.00075241
14:19||915495500||688448||0.00075241
14:20||915495500||688448||0.00075241
14:21||915495500||688448||0.00075241
14:22||915495500||688448||0.00075241
14:23||913315500||685085||0.00075241
14:24||914040000||685520||0.00075241
14:25||914039500||686258||0.00075241
14:26||915449500||688455||0.00075241
14:27||915400000||688455||0.00075241
14:28||915400500||688455||0.00075241
14:29||916248500||689583||0.00075241
14:30||916950500||688455||0.00075241
14:31||918949500||691389||0.00075241
14:32||919200000||691840||0.00075241
14:33||919200000||691840||0.00075241
14:34||919600000||692208||0.00075241
14:35||919400000||691840||0.00075241
14:36||919400000||691840||0.00075241
14:37||919300500||691691||0.00075241
14:38||919300500||691691||0.00075241
14:39||919300500||691690||0.00075241
14:40||919300500||691691||0.00075241
14:41||919300500||691691||0.00075241
14:42||919300500||691691||0.00075241
14:43||919300500||691691||0.00075241
14:44||919649500||692216||0.00075241
14:45||919649500||692216||0.00075241
14:46||920655000||693722||0.00075241
14:47||920654500||691698||0.00075241
14:48||920749500||693721||0.00075241
14:49||920499500||692968||0.00075241
14:50||920110500||692968||0.00075241
14:51||920110500||692968||0.00075241
14:52||920110500||692968||0.00075241
14:53||920110500||692300||0.00075241
14:54||919524500||689997||0.00075241
14:55||919748500||689997||0.00075241
14:56||919677500||689997||0.00075241
14:57||919277500||692969||0.00075241
14:58||919277500||692969||0.00075241
14:59||919277500||692969||0.00075241
15:00||919299500||692969||0.00075241
15:01||919150000||692743||0.00075241
15:02||919999000||692743||0.00075241
15:03||919300500||692742||0.00075241
15:04||918275500||690381||0.00075241
15:05||918275500||690381||0.00075241
15:06||918125000||690148||0.00075241
15:07||918125000||690148||0.00075241
15:08||918125000||690148||0.00075241
15:09||918375000||690148||0.00075241
15:10||918375500||690148||0.00075241
15:11||919654000||691691||0.00075241
15:12||920140500||692885||0.00075241
15:13||920166000||691766||0.00075241
15:14||920166000||692885||0.00075241
15:15||920166000||692885||0.00075241
15:16||919666500||691965||0.00075241
15:17||919666500||691965||0.00075241
15:18||919666500||691965||0.00075241
15:19||919666500||691965||0.00075241
15:20||919666500||691966||0.00075241
15:21||919666500||691966||0.00075241
15:22||919666500||691966||0.00075241
15:23||919666500||691966||0.00075241
15:24||919666500||691966||0.00075241
15:25||919833000||692217||0.00075241
15:26||919833000||692217||0.00075241
15:27||920500000||692969||0.00075241
15:28||920499500||692969||0.00075241
15:29||920499500||692969||0.00075241
15:30||920499500||692969||0.00075241
15:31||920499500||692969||0.00075241
15:32||920499500||692969||0.00075241
15:33||920495000||692968||0.00075241
15:34||920495000||692962||0.00075241
15:35||921600000||693496||0.00075241
15:36||923250000||695979||0.00075241
15:37||922346000||695226||0.00075241
15:38||922346000||695226||0.00075241
15:39||922496500||695226||0.00075241
15:40||922496500||695226||0.00075241
15:41||922492000||695226||0.00075241
15:42||922492000||695226||0.00075241
15:43||914850500||692981||0.00075241
15:44||916000000||692981||0.00075241
15:45||920499500||692969||0.00075241
15:46||917550000||692217||0.00075241
15:47||920274500||692217||0.00075241
15:48||920274500||692217||0.00075241
15:49||917555500||688538||0.00075241
15:50||918774000||688538||0.00075241
15:51||918774500||689959||0.00075241
15:52||918770000||692623||0.00075241
15:53||918675000||692623||0.00075241
15:54||918675000||692623||0.00075241
15:55||918670000||692623||0.00075241
15:56||918669500||692623||0.00075241
15:57||918669500||692623||0.00075241
15:58||918500000||692217||0.00075241
15:59||918499500||692217||0.00075241
16:00||918000000||692217||0.00075241
16:01||916930500||688538||0.00075241
16:02||916930500||688538||0.00075241
16:03||916870000||691269||0.00075241
16:04||917120000||691269||0.00075241
16:05||917100000||691269||0.00075241
16:06||916250000||690712||0.00075241
16:07||916250000||689959||0.00075241
16:08||916250000||689959||0.00075241
16:09||916250000||689959||0.00075241
16:10||916251500||689959||0.00075241
16:11||916251500||689959||0.00075241
16:12||915507500||689959||0.00075241
16:13||915507500||689959||0.00075241
16:14||910851000||681683||0.00075241
16:15||910825000||682548||0.00075241
16:16||910570000||682548||0.00075241
16:17||910070000||682541||0.00075241
16:18||910550000||683263||0.00075241
16:19||910550000||683263||0.00075241
16:20||911530000||684738||0.00075241
16:21||912500000||684738||0.00075241
16:22||912450000||686950||0.00075241
16:23||912064500||686950||0.00075241
16:24||912999500||686950||0.00075241
16:25||913499500||686949||0.00075241
16:26||912000000||686949||0.00075241
16:27||911499500||684693||0.00075241
16:28||911499000||684693||0.00075241
16:29||911495000||684693||0.00075241
16:30||911495000||684693||0.00075241
16:31||911495000||684693||0.00075241
16:32||911495000||684693||0.00075241
16:33||911250000||684693||0.00075241
16:34||911000000||684693||0.00075241
16:35||911000000||686197||0.00075241
16:36||907600000||681081||0.00075241
16:37||907600000||681081||0.00075241
16:38||907060000||679426||0.00075241
16:39||907550000||679426||0.00075241
16:40||907550000||684693||0.00075241
16:41||908500000||681087||0.00075241
16:42||907999000||684691||0.00075241
16:43||907998500||684691||0.00075241
16:44||908002500||684691||0.00075241
16:45||908000500||684691||0.00075241
16:46||906567000||684691||0.00075241
16:47||907550500||684691||0.00075241
16:48||908747000||681011||0.00075241
16:49||908746500||684688||0.00075241
16:50||908747000||684688||0.00075241
16:51||908750500||684688||0.00075241
16:52||908750500||684688||0.00075241
16:53||908750500||682435||0.00075241
16:54||908775500||682854||0.00075241
16:55||908819500||684688||0.00075241
16:56||909993500||684693||0.00075241
16:57||909996500||684693||0.00075241
16:58||910996500||684693||0.00075241
16:59||910996500||686197||0.00075241
17:00||910996500||686197||0.00075241
17:01||910996500||686197||0.00075241
17:02||910996500||686197||0.00075241
17:03||910996000||686197||0.00075241
17:04||910996000||686197||0.00075241
17:05||910996000||684687||0.00075241
17:06||910996000||686197||0.00075241
17:07||910998500||684687||0.00075241
17:08||911000500||686197||0.00075241
17:09||911000500||686197||0.00075241
17:10||911600000||687100||0.00075241
17:11||916337500||682529||0.00075241
17:12||915337500||690712||0.00075241
17:13||915341000||690712||0.00075241
17:14||915341000||689959||0.00075241
17:15||915493000||689959||0.00075241
17:16||915494500||689959||0.00075241
17:17||915488500||687694||0.00075241
17:18||915486500||687694||0.00075241
17:19||914996500||687694||0.00075241
17:20||914996500||687697||0.00075241
17:21||914496500||689207||0.00075241
17:22||913988500||687689||0.00075241
17:23||912007000||687713||0.00075241
17:24||911990500||687713||0.00075241
17:25||911990500||687713||0.00075241
17:26||911981500||687713||0.00075241
17:27||914244500||688078||0.00075241
17:28||913994500||688078||0.00075241
17:29||913994000||688078||0.00075241
17:30||913994000||688078||0.00075241
17:31||913988500||687692||0.00075241
17:32||913989000||687701||0.00075241
17:33||913826500||687701||0.00075241
17:34||914489500||688455||0.00075241
17:35||914489500||688455||0.00075241
17:36||913011500||684710||0.00075241
17:37||911512500||684710||0.00075241
17:38||911501500||684710||0.00075241
17:39||911501000||684710||0.00075241
17:40||911501000||684694||0.00075241
17:41||911501000||684694||0.00075241
17:42||908753500||680931||0.00075241
17:43||908750500||686574||0.00075241
17:44||908004500||686574||0.00075241
17:45||907180500||686574||0.00075241
17:46||907180000||686574||0.00075241
17:47||906004000||686574||0.00075241
17:48||907009000||682441||0.00075241
17:49||907011000||682443||0.00075241
17:50||906012500||680931||0.00075241
17:51||908977500||685445||0.00075241
17:52||908060500||685445||0.00075241
17:53||906073000||681022||0.00075241
17:54||906073000||681022||0.00075241
17:55||905993500||680931||0.00075241
17:56||905278500||679860||0.00075241
17:57||905119000||682426||0.00075241
17:58||905118500||679614||0.00075241
17:59||905120500||679614||0.00075241
18:00||906365500||679614||0.00075241
18:01||908592000||685295||0.00075241
18:02||906396000||685295||0.00075241
18:03||906389500||681976||0.00075241
18:04||908584500||685287||0.00075241
18:05||908589500||685287||0.00075241
18:06||908895000||685287||0.00075241
18:07||908895500||685287||0.00075241
18:08||908895500||685287||0.00075241
18:09||908895500||685287||0.00075241
18:10||908895500||685287||0.00075241
18:11||908895500||682436||0.00075241
18:12||908895500||682436||0.00075241
18:13||908504000||682436||0.00075241
18:14||908504000||685287||0.00075241
18:15||908895500||682436||0.00075241
18:16||908000500||682436||0.00075241
18:17||908000500||682436||0.00075241
18:18||908000500||682436||0.00075241
18:19||908000500||682436||0.00075241
18:20||908000500||682436||0.00075241
18:21||908000500||682436||0.00075241
18:22||908000500||682436||0.00075241
18:23||908250000||683940||0.00075241
18:24||908000500||683940||0.00075241
18:25||908000500||682436||0.00075241
18:26||908000500||683940||0.00075241
18:27||908000500||682436||0.00075241
18:28||908000500||683940||0.00075241
18:29||908600000||683940||0.00075241
18:30||908600000||684015||0.00075241
18:31||908450500||682436||0.00075241
18:32||907300000||671902||0.00075241
18:33||911000500||689959||0.00075241
18:34||907000500||684693||0.00075241
18:35||907040000||684693||0.00075241
18:36||907040000||684693||0.00075241
18:37||911949500||689959||0.00075241
18:38||913499000||689959||0.00075241
18:39||913499500||684693||0.00075241
18:40||913450500||684693||0.00075241
18:41||912500500||684693||0.00075241
18:42||911000500||684693||0.00075241
18:43||911500500||684693||0.00075241
18:44||911500000||684693||0.00075241
18:45||911500500||684693||0.00075241
18:46||912980500||686950||0.00075241
18:47||910500500||686950||0.00075241
18:48||911489500||686950||0.00075241
18:49||911489500||684693||0.00075241
18:50||914626000||691652||0.00075241
18:51||918980500||695979||0.00075241
18:52||919000000||695979||0.00075241
18:53||918000000||695979||0.00075241
18:54||916750000||692217||0.00075241
18:55||917500000||692217||0.00075241
18:56||917499500||692217||0.00075241
18:57||918749500||692216||0.00075241
18:58||918750000||692216||0.00075241
18:59||918749000||690336||0.00075241
19:00||917495000||690336||0.00075241
19:01||917495000||690336||0.00075241
19:02||917490000||690336||0.00075241
19:03||917490000||690336||0.00075241
19:04||917490000||690336||0.00075241
19:05||917490000||690336||0.00075241
19:06||917490000||690336||0.00075241
19:07||917490000||688455||0.00075241
19:08||917450500||688455||0.00075241
19:09||917444500||688455||0.00075241
19:10||917444500||688455||0.00075241
19:11||917444500||688455||0.00075241
19:12||917400000||688455||0.00075241
19:13||916500000||688455||0.00075241
19:14||915000500||688455||0.00075241
19:15||915000500||688455||0.00075241
19:16||914125500||687138||0.00075241
19:17||914125000||687138||0.00075241
19:18||914000000||686950||0.00075241
19:19||913500000||687702||0.00075241
19:20||913500000||687702||0.00075241
19:21||913500500||687702||0.00075241
19:22||913500000||687702||0.00075241
19:23||913500000||687702||0.00075241
19:24||913250500||687702||0.00075241
19:25||913500500||687702||0.00075241
19:26||914500000||687702||0.00075241
19:27||914050000||687702||0.00075241
19:28||914050000||687702||0.00075241
19:29||914050000||687777||0.00075241
19:30||914000500||687777||0.00075241
19:31||914000500||687777||0.00075241
19:32||914000500||687777||0.00075241
19:33||914050000||687777||0.00075241
19:34||914050000||687777||0.00075241
19:35||914050000||687777||0.00075241
19:36||914559000||687777||0.00075241
19:37||915000500||688455||0.00075241
19:38||914067000||688455||0.00075241
19:39||914117500||688455||0.00075241
19:40||914116500||688455||0.00075241
19:41||914116500||688455||0.00075241
19:42||914116000||688455||0.00075241
19:43||914123000||687127||0.00075241
19:44||914248000||687127||0.00075241
19:45||914248000||687127||0.00075241
19:46||914248000||687326||0.00075241
19:47||914248000||687326||0.00075241
19:48||914248000||687326||0.00075241
19:49||914248000||687326||0.00075241
19:50||914248000||687326||0.00075241
19:51||914248000||687326||0.00075241
19:52||914263000||687326||0.00075241
19:53||914263000||687349||0.00075241
19:54||914123500||687138||0.00075241
19:55||914123500||687138||0.00075241
19:56||914123500||687138||0.00075241
19:57||914123500||687138||0.00075241
19:58||914123500||687138||0.00075241
19:59||913250500||687138||0.00075241
20:00||913275000||688452||0.00075241
20:01||913275000||687138||0.00075241
20:02||913250500||687138||0.00075241
20:03||913250500||687139||0.00075241
20:04||913250500||687139||0.00075241
20:05||913250500||687138||0.00075241
20:06||913235500||687138||0.00075241
20:07||910625000||687138||0.00075241
20:08||910638000||685633||0.00075241
20:09||910638000||685633||0.00075241
20:10||910638000||685633||0.00075241
20:11||910638000||685633||0.00075241
20:12||910638000||685633||0.00075241
20:13||912270000||685633||0.00075241
20:14||912295000||687176||0.00075241
20:15||912295000||687176||0.00075241
20:16||912294500||687176||0.00075241
20:17||912294500||687176||0.00075241
20:18||912294500||687176||0.00075241
20:19||912294500||687176||0.00075241
20:20||912290500||687176||0.00075241
20:21||912290500||687176||0.00075241
20:22||912290500||687176||0.00075241
20:23||912290500||687169||0.00075241
20:24||912290000||687169||0.00075241
20:25||912290000||685663||0.00075241
20:26||912280000||687161||0.00075241
20:27||912303000||685663||0.00075241
20:28||912303000||685663||0.00075241
20:29||914223500||688452||0.00075241
20:30||914223500||688455||0.00075241
20:31||914223500||688455||0.00075241
20:32||914223500||688455||0.00075241
20:33||914223000||688455||0.00075241
20:34||914239000||688455||0.00075241
20:35||914260000||688455||0.00075241
20:36||914260000||688455||0.00075241
20:37||914260000||688455||0.00075241
20:38||915502000||688455||0.00075241
20:39||915502000||688455||0.00075241
20:40||916541000||690710||0.00075241
20:41||916242000||690710||0.00075241
20:42||917013000||689228||0.00075241
20:43||917013000||689228||0.00075241
20:44||916979000||689207||0.00075241
20:45||916999000||690710||0.00075241
20:46||916491000||688473||0.00075241
20:47||915491500||689192||0.00075241
20:48||915491500||689192||0.00075241
20:49||915491500||689192||0.00075241
20:50||915003500||689192||0.00075241
20:51||913159500||688457||0.00075241
20:52||913159500||688457||0.00075241
20:53||913159000||688457||0.00075241
20:54||913159000||688457||0.00075241
20:55||913159000||688395||0.00075241
20:56||912724500||685744||0.00075241
20:57||913185000||685783||0.00075241
20:58||913189500||685842||0.00075241
20:59||911557000||688343||0.00075241
21:00||913124000||685744||0.00075241
21:01||913193500||685744||0.00075241
21:02||913159000||685744||0.00075241
21:03||902997000||679426||0.00075241
21:04||907997000||686950||0.00075241
21:05||907498000||688395||0.00075241
21:06||908000000||680178||0.00075241
21:07||904500500||680178||0.00075241
21:08||904500000||680178||0.00075241
21:09||904500000||680931||0.00075241
21:10||907500500||680931||0.00075241
21:11||909989500||684686||0.00075241
21:12||909989500||684678||0.00075241
21:13||906001000||683940||0.00075241
21:14||906499500||683933||0.00075241
21:15||908985000||683925||0.00075241
21:16||908990000||683925||0.00075241
21:17||908990000||683925||0.00075241
21:18||908990000||683940||0.00075241
21:19||908999500||683940||0.00075241
21:20||908999500||683939||0.00075241
21:21||906786000||680609||0.00075241
21:22||906787000||680609||0.00075241
21:23||906888500||680764||0.00075241
21:24||906889000||680764||0.00075241
21:25||906891000||683939||0.00075241
21:26||906995000||683939||0.00075241
21:27||907000500||680939||0.00075241
21:28||907994500||680946||0.00075241
21:29||908494500||680946||0.00075241
21:30||908989500||683932||0.00075241
21:31||910500000||684693||0.00075241
21:32||911999500||686197||0.00075241
21:33||911500000||686197||0.00075241
21:34||911505000||687702||0.00075241
21:35||911505000||687702||0.00075241
21:36||911504500||686949||0.00075241
21:37||911999000||686948||0.00075241
21:38||911995000||686948||0.00075241
21:39||911495000||686942||0.00075241
21:40||909500000||686942||0.00075241
21:41||909504500||686942||0.00075241
21:42||910500000||685445||0.00075241
21:43||910500000||685445||0.00075241
21:44||910510500||685445||0.00075241
21:45||910999500||685445||0.00075241
21:46||910500000||685445||0.00075241
21:47||910500000||685445||0.00075241
21:48||910500000||685445||0.00075241
21:49||910000000||683940||0.00075241
21:50||909500000||683940||0.00075241
21:51||907505500||683196||0.00075241
21:52||908012500||682436||0.00075241
21:53||908016500||683199||0.00075241
21:54||908032500||683200||0.00075241
21:55||909417500||683213||0.00075241
21:56||911017500||687702||0.00075241
21:57||912464500||687702||0.00075241
21:58||914994500||688455||0.00075241
21:59||916493500||690710||0.00075241
22:00||916866500||690710||0.00075241
22:01||916844000||690710||0.00075241
22:02||915362500||690710||0.00075241
22:03||913500500||685445||0.00075241
22:04||913500500||685445||0.00075241
22:05||915844500||685445||0.00075241
22:06||913047500||688967||0.00075241
22:07||913104500||685519||0.00075241
22:08||913105000||685519||0.00075241
22:09||913200000||685821||0.00075241
22:10||913200000||685821||0.00075241
22:11||913200000||685821||0.00075241
22:12||913300000||688342||0.00075241
22:13||913425000||688342||0.00075241
22:14||913425000||688342||0.00075241
22:15||913425000||688342||0.00075241
22:16||913300000||686009||0.00075241
22:17||913299500||686009||0.00075241
22:18||913299500||686009||0.00075241
22:19||913300500||686009||0.00075241
22:20||913300500||686010||0.00075241
22:21||913296000||686010||0.00075241
22:22||913296500||686010||0.00075241
22:23||913296500||686010||0.00075241
22:24||913296500||686010||0.00075241
22:25||913296500||688334||0.00075241
22:26||913126500||688334||0.00075241
22:27||913122000||688071||0.00075241
22:28||913122000||688071||0.00075241
22:29||913122000||688071||0.00075241
22:30||913242000||688071||0.00075241
22:31||913243000||688071||0.00075241
22:32||913244500||688071||0.00075241
22:33||913245000||688071||0.00075241
22:34||913745500||688071||0.00075241
22:35||914245500||688071||0.00075241
22:36||914245500||688071||0.00075241
22:37||914245500||688071||0.00075241
22:38||914245500||688071||0.00075241
22:39||914245500||688071||0.00075241
22:40||914245500||688071||0.00075241
22:41||914245500||688071||0.00075241
22:42||914245500||688071||0.00075241
22:43||914245500||688071||0.00075241
22:44||914245500||687703||0.00075241
22:45||913745000||686950||0.00075241
22:46||913748500||686950||0.00075241
22:47||913748500||686950||0.00075241
22:48||913748500||686950||0.00075241
22:49||913748500||686950||0.00075241
22:50||913924000||688334||0.00075241
22:51||917192500||690115||0.00075241
22:53||917563500||690652||0.00075241
22:54||917563500||690652||0.00075241
22:55||917999500||690712||0.00075241
22:56||917999500||690712||0.00075241
22:57||917999500||690712||0.00075241
22:58||917999500||690712||0.00075241
22:59||917999500||690712||0.00075241
23:00||917999500||690712||0.00075241
23:01||917999500||690712||0.00075241
23:02||918099500||690862||0.00075241
23:03||918099500||690862||0.00075241
23:04||918099500||690862||0.00075241
23:05||918099500||690711||0.00075241
23:06||918099500||690711||0.00075241
23:07||918099500||690711||0.00075241
23:08||918097500||690711||0.00075241
23:09||917999500||690711||0.00075241
23:10||917999500||690711||0.00075241
23:11||917999500||690711||0.00075241
23:12||917999500||690711||0.00075241
23:13||917999500||690711||0.00075241
23:14||917999500||690712||0.00075241
23:15||917999500||690712||0.00075241
23:16||917999500||690712||0.00075241
23:17||917999500||690712||0.00075241
23:18||917999500||690712||0.00075241
23:19||917999500||690711||0.00075241
23:20||917999500||690711||0.00075241
23:21||917999500||690711||0.00075241
23:22||917999500||690711||0.00075241
23:23||917999500||690712||0.00075241
23:24||917999500||690712||0.00075241
23:25||917999500||690712||0.00075241
23:26||917994500||690704||0.00075241
23:27||917994500||690704||0.00075241
23:28||917994500||690712||0.00075241
23:29||917850000||690712||0.00075241
23:30||915214000||686956||0.00075241
23:31||913504500||686957||0.00075241
23:32||914520500||686012||0.00075241
23:33||913377000||686012||0.00075241
23:34||913377000||686012||0.00075241
23:35||913500500||686197||0.00075241
23:36||913000500||686197||0.00075241
23:37||913000500||687702||0.00075241
23:38||913500500||688455||0.00075241
23:39||916200000||688455||0.00075241
23:40||916151500||688455||0.00075241
23:41||916175000||688455||0.00075241
23:42||915651500||688455||0.00075241
23:43||916302500||688455||0.00075241
23:44||917149500||690260||0.00075241
23:45||916498000||690260||0.00075241
23:46||917904500||690709||0.00075241
23:47||917900500||690645||0.00075241
23:48||917900500||690637||0.00075241
23:49||917900500||690637||0.00075241
23:50||917900500||690637||0.00075241
23:51||917999500||690712||0.00075241
23:52||917999500||690712||0.00075241
23:53||918499000||691463||0.00075241
23:54||918998500||692215||0.00075241
23:55||918998500||692215||0.00075241
23:56||918998500||692215||0.00075241
23:57||918978500||692215||0.00075241
23:58||918929000||692215||0.00075241
23:59||918929000||692185||0.00075241
