00:00||577149500||434892||0.00075241
00:01||577149500||433613||0.00075241
00:02||577149500||433613||0.00075241
00:03||577149500||433613||0.00075241
00:04||577149500||433613||0.00075241
00:05||577149500||433613||0.00075241
00:06||577149500||433613||0.00075241
00:07||577149500||433613||0.00075241
00:08||577149500||433613||0.00075241
00:09||577149500||433613||0.00075241
00:10||577149500||433613||0.00075241
00:11||577149000||433613||0.00075241
00:12||577149000||433613||0.00075241
00:13||577149000||433613||0.00075241
00:14||577149000||434891||0.00075241
00:15||577149000||434891||0.00075241
00:16||577149000||434891||0.00075241
00:17||577149000||434891||0.00075241
00:18||577149000||434891||0.00075241
00:19||577149000||434891||0.00075241
00:20||577149000||433613||0.00075241
00:21||577149000||433613||0.00075241
00:22||577149000||434891||0.00075241
00:23||577149000||434891||0.00075241
00:24||576724500||434891||0.00075241
00:25||576724500||434891||0.00075241
00:26||577149500||434892||0.00075241
00:27||577149500||434892||0.00075241
00:28||577149500||434892||0.00075241
00:29||577149500||434892||0.00075241
00:30||577149500||434892||0.00075241
00:31||577124500||433576||0.00075241
00:32||577122500||433576||0.00075241
00:33||577122500||433576||0.00075241
00:34||577122500||433576||0.00075241
00:35||577122500||433576||0.00075241
00:36||577124500||434892||0.00075241
00:37||577124500||434892||0.00075241
00:38||577124500||434892||0.00075241
00:39||576125500||433576||0.00075241
00:40||576125500||433576||0.00075241
00:41||576125500||433576||0.00075241
00:42||576125500||433576||0.00075241
00:43||576063000||433576||0.00075241
00:44||576063000||433388||0.00075241
00:45||576063000||433388||0.00075241
00:46||576063000||433388||0.00075241
00:47||576063000||433388||0.00075241
00:48||576063000||433388||0.00075241
00:49||576063000||433388||0.00075241
00:50||577122500||433576||0.00075241
00:51||576998000||433576||0.00075241
00:52||577020000||434892||0.00075241
00:53||577020000||434892||0.00075241
00:54||577020000||434892||0.00075241
00:55||577019500||434892||0.00075241
00:56||577019500||434891||0.00075241
00:57||576999500||434891||0.00075241
00:58||576999500||434891||0.00075241
00:59||576999500||434891||0.00075241
01:00||576999500||434891||0.00075241
01:01||577001500||434891||0.00075241
01:02||577001500||434891||0.00075241
01:03||577001500||434891||0.00075241
01:04||577001500||434891||0.00075241
01:05||577001500||434891||0.00075241
01:06||576927500||434891||0.00075241
01:07||576927500||434891||0.00075241
01:08||576927500||434891||0.00075241
01:09||576927500||434891||0.00075241
01:10||576927500||434891||0.00075241
01:11||576927500||434891||0.00075241
01:12||576927500||434891||0.00075241
01:13||576927500||434891||0.00075241
01:14||576927500||434891||0.00075241
01:15||576928500||432636||0.00075241
01:16||576423000||432636||0.00075241
01:17||576423000||432636||0.00075241
01:18||576423000||434774||0.00075241
01:19||576423000||434774||0.00075241
01:20||576423000||434774||0.00075241
01:21||576423000||434774||0.00075241
01:22||576423000||434774||0.00075241
01:23||576423000||434774||0.00075241
01:24||576423000||434774||0.00075241
01:25||576422000||434774||0.00075241
01:26||576422000||434774||0.00075241
01:27||576249500||432636||0.00075241
01:28||576249500||432636||0.00075241
01:29||576249500||432636||0.00075241
01:30||575550000||432636||0.00075241
01:31||575499500||432636||0.00075241
01:32||575499500||433386||0.00075241
01:33||575499000||432635||0.00075241
01:34||575499000||432635||0.00075241
01:35||575499000||432635||0.00075241
01:36||575499000||432635||0.00075241
01:37||575499000||432635||0.00075241
01:38||575499000||432635||0.00075241
01:39||575499000||432635||0.00075241
01:40||575499000||432635||0.00075241
01:41||575499500||432635||0.00075241
01:42||575499500||432635||0.00075241
01:43||575499500||432635||0.00075241
01:44||575499500||432635||0.00075241
01:45||575499500||432635||0.00075241
01:46||575499500||432635||0.00075241
01:47||575499500||432635||0.00075241
01:48||575499000||432635||0.00075241
01:49||575499000||432635||0.00075241
01:50||575499000||432635||0.00075241
01:51||575499000||432635||0.00075241
01:52||575499000||432635||0.00075241
01:53||575499000||432635||0.00075241
01:54||575499000||432635||0.00075241
01:55||575509000||432635||0.00075241
01:56||575509000||432635||0.00075241
01:57||575509000||432635||0.00075241
01:58||575509000||432635||0.00075241
01:59||575509000||432635||0.00075241
02:00||575509000||432635||0.00075241
02:01||575509000||432650||0.00075241
02:02||575509000||432650||0.00075241
02:03||575509000||432650||0.00075241
02:04||575499000||432650||0.00075241
02:05||575499000||432650||0.00075241
02:06||575499000||432650||0.00075241
02:07||575499000||432650||0.00075241
02:08||575499000||432650||0.00075241
02:09||575499000||433386||0.00075241
02:10||575499000||433386||0.00075241
02:11||575499000||433386||0.00075241
02:12||575499000||433386||0.00075241
02:13||575500000||433386||0.00075241
02:14||575542500||433386||0.00075241
02:15||575542500||433386||0.00075241
02:16||575542500||433386||0.00075241
02:17||575542500||433386||0.00075241
02:18||575542500||433386||0.00075241
02:19||575542500||433386||0.00075241
02:20||575542500||433386||0.00075241
02:21||575500000||433386||0.00075241
02:22||575500000||433386||0.00075241
02:23||575500000||433386||0.00075241
02:24||575500000||433386||0.00075241
02:25||575501000||433388||0.00075241
02:26||575501000||433388||0.00075241
02:27||575501000||433388||0.00075241
02:28||575501000||433388||0.00075241
02:29||575501000||433388||0.00075241
02:30||575501000||433388||0.00075241
02:31||575501000||433388||0.00075241
02:32||575501000||433388||0.00075241
02:33||575501000||433388||0.00075241
02:34||575501000||433388||0.00075241
02:35||575501000||433388||0.00075241
02:36||575522000||433388||0.00075241
02:37||575572500||433388||0.00075241
02:38||575500000||433388||0.00075241
02:39||575500000||433388||0.00075241
02:40||575500000||433388||0.00075241
02:41||575500000||433388||0.00075241
02:42||575500000||433388||0.00075241
02:43||575500000||433388||0.00075241
02:44||575500000||433388||0.00075241
02:45||575500000||433388||0.00075241
02:46||575500000||433388||0.00075241
02:47||575500000||433388||0.00075241
02:48||575500000||433388||0.00075241
02:49||575500000||433388||0.00075241
02:50||575510000||433388||0.00075241
02:51||575510000||433388||0.00075241
02:52||575510000||432650||0.00075241
02:53||576752500||433388||0.00075241
02:54||576752500||433388||0.00075241
02:55||576922500||434772||0.00075241
02:56||576922500||434772||0.00075241
02:57||576922500||434772||0.00075241
02:58||576922500||433391||0.00075241
02:59||576922500||433391||0.00075241
03:00||576922500||433391||0.00075241
03:01||576922500||433391||0.00075241
03:02||576922500||433391||0.00075241
03:03||576922500||433391||0.00075241
03:04||576922500||433391||0.00075241
03:05||576922500||433391||0.00075241
03:06||576922500||433391||0.00075241
03:07||576922500||433391||0.00075241
03:08||576922500||433391||0.00075241
03:09||576922500||433391||0.00075241
03:10||576922500||433391||0.00075241
03:11||576922500||433391||0.00075241
03:12||576922500||433391||0.00075241
03:13||576922500||433391||0.00075241
03:14||576922500||433391||0.00075241
03:15||576922500||433391||0.00075241
03:16||576924000||434774||0.00075241
03:17||576924000||434774||0.00075241
03:18||576924000||434774||0.00075241
03:19||576924000||434774||0.00075241
03:20||576924000||433391||0.00075241
03:21||576924000||433391||0.00075241
03:22||576924000||433391||0.00075241
03:23||576924000||433391||0.00075241
03:24||576924000||433391||0.00075241
03:25||576945000||433391||0.00075241
03:26||576982500||433391||0.00075241
03:27||576982500||433391||0.00075241
03:28||576982500||433391||0.00075241
03:30||576982000||433479||0.00075241
03:31||576982000||433479||0.00075241
03:32||577927000||434774||0.00075241
03:33||577927000||434892||0.00075241
03:34||578416500||435081||0.00075241
03:35||578416500||435081||0.00075241
03:36||578416500||435081||0.00075241
03:37||578416500||435081||0.00075241
03:38||578980000||435645||0.00075241
03:39||578980000||435645||0.00075241
03:40||578980000||435645||0.00075241
03:41||578980000||435645||0.00075241
03:42||577040500||435645||0.00075241
03:43||577040500||435645||0.00075241
03:44||577040500||435645||0.00075241
03:45||577040500||435645||0.00075241
03:46||577040500||435645||0.00075241
03:47||577040500||432696||0.00075241
03:48||577040500||432696||0.00075241
03:49||577040500||432696||0.00075241
03:50||577040500||431887||0.00075241
03:51||577040500||431887||0.00075241
03:52||577040500||431887||0.00075241
03:53||577040500||432696||0.00075241
03:54||577041000||432696||0.00075241
03:55||577041000||432696||0.00075241
03:56||577041000||432696||0.00075241
03:57||577041500||432696||0.00075241
03:58||577041500||432696||0.00075241
03:59||577041500||432696||0.00075241
04:00||577041500||432696||0.00075241
04:01||577041500||432696||0.00075241
04:02||577041500||432696||0.00075241
04:03||577041500||432698||0.00075241
04:04||577041500||432698||0.00075241
04:05||577041500||432698||0.00075241
04:06||577041500||432698||0.00075241
04:07||577041500||432698||0.00075241
04:08||577041500||432698||0.00075241
04:09||577041500||432698||0.00075241
04:10||577041500||432698||0.00075241
04:11||577041500||432698||0.00075241
04:12||577041500||432698||0.00075241
04:13||577041500||432698||0.00075241
04:14||577041500||432698||0.00075241
04:15||577042000||432698||0.00075241
04:16||577003000||432698||0.00075241
04:17||577003500||432698||0.00075241
04:18||577003500||432698||0.00075241
04:19||577003500||432698||0.00075241
04:20||577003500||432698||0.00075241
04:21||576965000||432698||0.00075241
04:22||576972000||432698||0.00075241
04:23||576972000||432698||0.00075241
04:24||576972500||432698||0.00075241
04:25||576972500||432698||0.00075241
04:26||576972500||432698||0.00075241
04:27||576972500||432698||0.00075241
04:28||576972500||432698||0.00075241
04:29||576972500||432698||0.00075241
04:30||576972500||432698||0.00075241
04:31||576972500||432698||0.00075241
04:32||576972500||432698||0.00075241
04:33||576933000||432698||0.00075241
04:34||576970500||432698||0.00075241
04:35||576933000||432698||0.00075241
04:36||576933000||432698||0.00075241
04:37||576933000||432698||0.00075241
04:38||576933000||432698||0.00075241
04:39||576933000||432698||0.00075241
04:40||576933000||432698||0.00075241
04:41||576933000||432698||0.00075241
04:42||576933000||432698||0.00075241
04:43||576933000||432711||0.00075241
04:44||576933000||432711||0.00075241
04:45||576933000||432711||0.00075241
04:46||576933000||432711||0.00075241
04:47||576933000||432711||0.00075241
04:48||576933000||432711||0.00075241
04:49||576933000||432711||0.00075241
04:50||575973500||434065||0.00075241
04:51||575973500||434065||0.00075241
04:52||575973500||434065||0.00075241
04:53||575973500||434065||0.00075241
04:54||575973500||434065||0.00075241
04:55||576173000||434065||0.00075241
04:56||575590500||433464||0.00075241
04:57||575590500||432711||0.00075241
04:58||575590500||432711||0.00075241
04:59||575590500||432711||0.00075241
05:00||575590500||432711||0.00075241
05:01||575590500||432711||0.00075241
05:02||575590500||432711||0.00075241
05:03||575590500||432711||0.00075241
05:04||575590500||432711||0.00075241
05:05||575590500||432711||0.00075241
05:06||575591000||432711||0.00075241
05:07||575591000||432711||0.00075241
05:08||575591000||432711||0.00075241
05:09||575102500||432711||0.00075241
05:10||575591000||432711||0.00075241
05:11||575591000||432711||0.00075241
05:12||575591000||432712||0.00075241
05:13||575591000||432712||0.00075241
05:14||575591000||432712||0.00075241
05:15||576301000||432712||0.00075241
05:16||576301000||432712||0.00075241
05:17||576300500||432712||0.00075241
05:18||576300500||432712||0.00075241
05:19||576375000||432712||0.00075241
05:20||576125000||432823||0.00075241
05:21||576000000||432823||0.00075241
05:22||576250000||432823||0.00075241
05:23||576250000||432823||0.00075241
05:24||576250000||432823||0.00075241
05:25||576250000||432823||0.00075241
05:26||576250000||432823||0.00075241
05:27||576125000||433011||0.00075241
05:28||576000000||433011||0.00075241
05:29||576000000||433011||0.00075241
05:30||576000000||433011||0.00075241
05:31||576000000||433011||0.00075241
05:32||576000000||433011||0.00075241
05:33||576000000||433764||0.00075241
05:34||576125000||433764||0.00075241
05:35||576125000||433200||0.00075241
05:36||576125000||433200||0.00075241
05:37||576125000||433200||0.00075241
05:38||576124500||433200||0.00075241
05:39||576124500||433200||0.00075241
05:40||576124500||433200||0.00075241
05:41||576124500||433200||0.00075241
05:42||576124500||433200||0.00075241
05:43||576124500||433200||0.00075241
05:44||576125000||433764||0.00075241
05:45||576125000||433764||0.00075241
05:46||576125000||433764||0.00075241
05:47||576125000||433764||0.00075241
05:48||576125000||433764||0.00075241
05:49||576125000||433764||0.00075241
05:50||576125000||433200||0.00075241
05:51||576125000||433200||0.00075241
05:52||576125000||433200||0.00075241
05:53||576125000||433200||0.00075241
05:54||576250000||433952||0.00075241
05:55||576250500||433952||0.00075241
05:56||576250500||433952||0.00075241
05:57||577304000||435537||0.00075241
05:58||577373000||435537||0.00075241
05:59||577273000||433356||0.00075241
06:00||577360000||435434||0.00075241
06:01||577375000||435457||0.00075241
06:02||577375000||435457||0.00075241
06:03||577375000||435457||0.00075241
06:04||577375000||435457||0.00075241
06:05||578749500||435457||0.00075241
06:06||578749500||435457||0.00075241
06:07||578749500||435457||0.00075241
06:08||578749500||435457||0.00075241
06:09||578749500||435457||0.00075241
06:10||578749500||435457||0.00075241
06:11||577950000||434253||0.00075241
06:12||577150500||434254||0.00075241
06:13||577950000||434254||0.00075241
06:14||577151000||434254||0.00075241
06:15||578129500||434254||0.00075241
06:16||578400000||435457||0.00075241
06:17||577326000||434517||0.00075241
06:18||577951000||435193||0.00075241
06:19||577851000||434519||0.00075241
06:20||577325000||434516||0.00075241
06:21||578100000||434516||0.00075241
06:22||577754500||434516||0.00075241
06:23||577854500||434516||0.00075241
06:24||578575000||435193||0.00075241
06:25||578575000||435457||0.00075241
06:26||578575000||435457||0.00075241
06:27||578594000||435485||0.00075241
06:28||578594000||435485||0.00075241
06:29||578594000||435485||0.00075241
06:30||578619000||435485||0.00075241
06:31||578685500||435585||0.00075241
06:32||578725000||435645||0.00075241
06:33||578725500||431131||0.00075241
06:34||575938500||431131||0.00075241
06:35||577250000||431131||0.00075241
06:36||577750000||435269||0.00075241
06:37||576250000||431884||0.00075241
06:38||576750000||434892||0.00075241
06:39||577000000||434892||0.00075241
06:40||577750000||435551||0.00075241
06:41||577750000||435551||0.00075241
06:42||578355000||435645||0.00075241
06:43||578230000||435645||0.00075241
06:44||578105000||435645||0.00075241
06:45||578105000||435645||0.00075241
06:46||578105000||435645||0.00075241
06:47||577855000||435645||0.00075241
06:48||577855000||435645||0.00075241
06:49||577750000||434516||0.00075241
06:50||577874000||434140||0.00075241
06:51||577874000||435455||0.00075241
06:52||578120000||434140||0.00075241
06:53||578000000||434140||0.00075241
06:54||578000000||435081||0.00075241
06:55||578000000||434704||0.00075241
06:56||578000000||434704||0.00075241
06:57||577995000||434704||0.00075241
06:58||578000000||435081||0.00075241
06:59||578000000||434704||0.00075241
07:00||577995000||434704||0.00075241
07:01||577995000||434704||0.00075241
07:02||577995000||434704||0.00075241
07:03||577995000||434704||0.00075241
07:04||577995000||434704||0.00075241
07:05||577995000||434704||0.00075241
07:06||577995000||435073||0.00075241
07:07||577995000||435073||0.00075241
07:08||577995000||435073||0.00075241
07:09||577990000||435073||0.00075241
07:10||577519500||434704||0.00075241
07:11||577745000||434516||0.00075241
07:12||577745000||434516||0.00075241
07:13||577745500||434516||0.00075241
07:14||577745500||434516||0.00075241
07:15||577745500||434516||0.00075241
07:16||577995000||434516||0.00075241
07:17||578120000||435073||0.00075241
07:18||578244500||435081||0.00075241
07:19||578244500||435080||0.00075241
07:20||578244500||435080||0.00075241
07:21||578240500||435074||0.00075241
07:22||578240500||435074||0.00075241
07:23||578240500||435074||0.00075241
07:24||578240500||435074||0.00075241
07:25||578240500||435074||0.00075241
07:26||578240500||435074||0.00075241
07:27||578120500||434892||0.00075241
07:28||578000500||434892||0.00075241
07:29||578000500||434892||0.00075241
07:30||578000500||434892||0.00075241
07:31||578000500||434893||0.00075241
07:32||578000500||434893||0.00075241
07:33||577999500||434892||0.00075241
07:34||577999500||434892||0.00075241
07:35||577999500||434892||0.00075241
07:36||577999500||434892||0.00075241
07:37||577999500||434892||0.00075241
07:38||577999500||434892||0.00075241
07:39||577039000||435619||0.00075241
07:40||577444000||435619||0.00075241
07:41||577250000||434892||0.00075241
07:42||577000000||434892||0.00075241
07:43||577002500||434516||0.00075241
07:44||577002500||434516||0.00075241
07:45||577002500||434516||0.00075241
07:46||577002500||434516||0.00075241
07:47||577002500||434516||0.00075241
07:48||577002500||433768||0.00075241
07:49||577003000||433768||0.00075241
07:50||577003000||433768||0.00075241
07:51||577027500||433768||0.00075241
07:52||577855500||435615||0.00075241
07:53||577853000||435645||0.00075241
07:54||577853000||435611||0.00075241
07:55||577853000||435611||0.00075241
07:56||577853000||435611||0.00075241
07:57||577853000||435611||0.00075241
07:58||577853500||435611||0.00075241
07:59||577830500||435611||0.00075241
08:00||578048500||433953||0.00075241
08:01||578240000||433953||0.00075241
08:02||578117500||433953||0.00075241
08:03||578117500||435257||0.00075241
08:04||578117500||435257||0.00075241
08:05||578117500||435257||0.00075241
08:06||578117500||435257||0.00075241
08:07||578117500||435257||0.00075241
08:08||578117500||435257||0.00075241
08:09||578117500||434704||0.00075241
08:10||578110000||435246||0.00075241
08:11||578110000||435246||0.00075241
08:12||578110000||435246||0.00075241
08:13||578110000||435246||0.00075241
08:14||577970500||434516||0.00075241
08:15||577977500||434517||0.00075241
08:16||577975000||434517||0.00075241
08:17||577975000||434517||0.00075241
08:18||576555500||433806||0.00075241
08:19||577505000||435235||0.00075241
08:20||577506500||433807||0.00075241
08:21||577453000||435147||0.00075241
08:22||577416000||435147||0.00075241
08:23||577357000||435003||0.00075241
08:24||577271500||435003||0.00075241
08:25||577276500||433805||0.00075241
08:26||577643500||434891||0.00075241
08:27||577990500||434890||0.00075241
08:28||577990500||434890||0.00075241
08:29||577990500||434890||0.00075241
08:30||577990500||434890||0.00075241
08:31||577990500||434890||0.00075241
08:32||577990500||434890||0.00075241
08:33||577990500||434890||0.00075241
08:34||577990500||434890||0.00075241
08:35||577990500||434890||0.00075241
08:36||577990500||434890||0.00075241
08:37||577990500||434890||0.00075241
08:38||577990500||434890||0.00075241
08:39||577990500||434886||0.00075241
08:40||577990500||434886||0.00075241
08:41||577990500||434886||0.00075241
08:42||577990500||434886||0.00075241
08:43||577990500||434885||0.00075241
08:44||577990500||434885||0.00075241
08:45||577990500||434886||0.00075241
08:46||577990500||434886||0.00075241
08:47||577990500||434886||0.00075241
08:48||578249500||434892||0.00075241
08:49||578249500||435081||0.00075241
08:50||577645500||435081||0.00075241
08:51||577997500||434892||0.00075241
08:52||577997500||434892||0.00075241
08:53||577997500||434892||0.00075241
08:54||577997500||434892||0.00075241
08:55||577997500||434889||0.00075241
08:56||577997500||434889||0.00075241
08:57||578125000||434892||0.00075241
08:58||578122500||435081||0.00075241
08:59||578122500||435081||0.00075241
09:00||578122500||435081||0.00075241
09:01||578240500||435257||0.00075241
09:02||578747500||435645||0.00075241
09:03||578747500||434889||0.00075241
09:04||578747000||436020||0.00075241
09:05||578749000||436020||0.00075241
09:06||578749500||434892||0.00075241
09:07||579399000||435946||0.00075241
09:08||579399000||435946||0.00075241
09:09||578110500||435944||0.00075241
09:10||579324500||435946||0.00075241
09:11||579324500||435946||0.00075241
09:12||579324500||435946||0.00075241
09:13||579374500||436021||0.00075241
09:14||579249500||436021||0.00075241
09:15||578856000||436021||0.00075241
09:16||578875000||436021||0.00075241
09:17||578875000||436021||0.00075241
09:18||578875000||435269||0.00075241
09:19||578900000||435269||0.00075241
09:20||579150500||436209||0.00075241
09:21||579220500||436315||0.00075241
09:22||579220500||435308||0.00075241
09:23||579220500||435308||0.00075241
09:24||579200500||436315||0.00075241
09:25||578551500||435308||0.00075241
09:26||579211000||436299||0.00075241
09:27||579211000||436299||0.00075241
09:28||579218500||436315||0.00075241
09:29||578335000||434983||0.00075241
09:30||578993500||436296||0.00075241
09:31||578975000||435043||0.00075241
09:32||579752000||436209||0.00075241
09:33||579125500||436209||0.00075241
09:34||579125000||436209||0.00075241
09:35||579125000||436209||0.00075241
09:36||579125000||436208||0.00075241
09:37||579125500||436209||0.00075241
09:38||579125500||436209||0.00075241
09:39||579127500||436209||0.00075241
09:40||579115000||436209||0.00075241
09:41||579115000||436190||0.00075241
09:42||579115000||436190||0.00075241
09:43||579115000||435272||0.00075241
09:44||579625500||436210||0.00075241
09:45||579127500||436210||0.00075241
09:46||579128000||435272||0.00075241
09:47||579250000||436209||0.00075241
09:48||579367500||436198||0.00075241
09:49||579367500||436198||0.00075241
09:50||579245000||436198||0.00075241
09:51||579122500||435829||0.00075241
09:52||579000500||435645||0.00075241
09:53||578621500||435410||0.00075241
09:54||578529500||435302||0.00075241
09:55||578514500||435280||0.00075241
09:56||578127500||434989||0.00075241
09:57||578127500||434989||0.00075241
09:58||578555500||434989||0.00075241
09:59||578555500||434989||0.00075241
10:00||578555500||435633||0.00075241
10:01||578555500||435633||0.00075241
10:02||578555500||435633||0.00075241
10:03||578127500||434989||0.00075241
10:04||578127500||434989||0.00075241
10:05||578127500||434989||0.00075241
10:06||578127500||434989||0.00075241
10:07||578127500||434989||0.00075241
10:08||578127500||434989||0.00075241
10:09||578127500||434989||0.00075241
10:10||578127500||434989||0.00075241
10:11||578127500||434989||0.00075241
10:12||578127500||435630||0.00075241
10:13||578545000||434988||0.00075241
10:14||578545000||435617||0.00075241
10:15||578545000||435617||0.00075241
10:16||578545000||435617||0.00075241
10:17||578127500||435617||0.00075241
10:18||578555500||435633||0.00075241
10:19||578127500||435633||0.00075241
10:20||578500000||435081||0.00075241
10:21||578500000||435081||0.00075241
10:22||578500500||435081||0.00075241
10:23||578500500||435081||0.00075241
10:24||578617500||435633||0.00075241
10:25||578617500||435633||0.00075241
10:26||578625500||435645||0.00075241
10:27||578563500||434988||0.00075241
10:28||578562000||435645||0.00075241
10:29||578562500||435645||0.00075241
10:30||578562500||434989||0.00075241
10:31||578562500||434989||0.00075241
10:32||578562500||435645||0.00075241
10:33||578556000||435632||0.00075241
10:34||577751000||433817||0.00075241
10:35||577727000||433817||0.00075241
10:36||577516000||435239||0.00075241
10:37||577519000||435239||0.00075241
10:38||577608000||435239||0.00075241
10:39||577474000||435060||0.00075241
10:40||577377000||435060||0.00075241
10:41||577377500||433957||0.00075241
10:42||577256000||433957||0.00075241
10:43||577257000||434710||0.00075241
10:44||577257000||434710||0.00075241
10:45||577257000||434710||0.00075241
10:46||577256000||434710||0.00075241
10:47||577754500||434708||0.00075241
10:48||577257000||434708||0.00075241
10:49||577265500||434707||0.00075241
10:50||577265500||434707||0.00075241
10:51||577265500||434707||0.00075241
10:52||577265500||434707||0.00075241
10:53||577265500||434707||0.00075241
10:54||577265500||434707||0.00075241
10:55||577267000||434707||0.00075241
10:56||577271000||433981||0.00075241
10:57||577269000||434707||0.00075241
10:58||577268500||434704||0.00075241
10:59||577268500||434704||0.00075241
11:00||577374500||434704||0.00075241
11:01||577749500||434704||0.00075241
11:02||577874500||434892||0.00075241
11:03||577500500||434892||0.00075241
11:04||577500500||434892||0.00075241
11:05||577375500||434141||0.00075241
11:06||577375000||434140||0.00075241
11:07||577367500||434693||0.00075241
11:08||577375000||434693||0.00075241
11:09||577489500||434877||0.00075241
11:10||577345500||433957||0.00075241
11:11||577282000||433957||0.00075241
11:12||577216000||433957||0.00075241
11:13||577167000||433957||0.00075241
11:14||577114500||434534||0.00075241
11:15||577055500||434471||0.00075241
11:16||577054000||434471||0.00075241
11:17||577055000||434406||0.00075241
11:18||577055000||434406||0.00075241
11:19||577053500||434406||0.00075241
11:20||577054500||434406||0.00075241
11:21||577057500||434408||0.00075241
11:22||577205000||434629||0.00075241
11:23||577130000||434516||0.00075241
11:24||577130000||434516||0.00075241
11:25||577250500||434516||0.00075241
11:26||577300000||434591||0.00075241
11:27||577300500||434591||0.00075241
11:28||577251000||434591||0.00075241
11:29||577246000||434142||0.00075241
11:30||577221500||434142||0.00075241
11:31||577220500||434140||0.00075241
11:32||577220500||434140||0.00075241
11:33||577125000||434140||0.00075241
11:34||577125000||434328||0.00075241
11:35||576471000||433051||0.00075241
11:36||576591000||433051||0.00075241
11:37||577088000||433051||0.00075241
11:38||577085000||433051||0.00075241
11:39||576986500||433051||0.00075241
11:40||576240000||434127||0.00075241
11:41||575750500||433200||0.00075241
11:42||575750500||433200||0.00075241
11:43||575750500||433200||0.00075241
11:44||575627000||433200||0.00075241
11:45||575515500||433023||0.00075241
11:46||575515500||433023||0.00075241
11:47||575515500||433023||0.00075241
11:48||575356000||432795||0.00075241
11:49||575334000||432795||0.00075241
11:50||575343500||432993||0.00075241
11:51||575343500||432993||0.00075241
11:52||575343500||432795||0.00075241
11:53||575343500||432993||0.00075241
11:54||575320000||432963||0.00075241
11:55||573878500||431323||0.00075241
11:56||573877500||432239||0.00075241
11:57||573877500||431342||0.00075241
11:58||573877500||431342||0.00075241
11:59||575506000||432239||0.00075241
12:00||575506000||432269||0.00075241
12:01||575506000||432269||0.00075241
12:02||575506000||432269||0.00075241
12:03||575506000||433763||0.00075241
12:04||575506000||433763||0.00075241
12:05||575506000||433763||0.00075241
12:06||575506000||432269||0.00075241
12:07||575506000||432269||0.00075241
12:08||575506000||432269||0.00075241
12:09||575506000||432269||0.00075241
12:10||575506500||433764||0.00075241
12:11||575506500||432269||0.00075241
12:12||575629500||433951||0.00075241
12:13||575629500||433918||0.00075241
12:14||575385000||433918||0.00075241
12:15||575311500||433440||0.00075241
12:16||575140000||433440||0.00075241
12:17||574772500||433440||0.00075241
12:18||574777500||433440||0.00075241
12:19||574777500||433440||0.00075241
12:20||574777500||433440||0.00075241
12:21||574782000||433440||0.00075241
12:22||574782000||433440||0.00075241
12:23||574782000||433440||0.00075241
12:24||574782000||433440||0.00075241
12:25||574782000||433440||0.00075241
12:26||574773000||433440||0.00075241
12:27||574773000||432628||0.00075241
12:28||574773000||432628||0.00075241
12:29||574773500||432628||0.00075241
12:30||574773500||432628||0.00075241
12:31||574773500||432628||0.00075241
12:32||574773500||432628||0.00075241
12:33||574773500||432628||0.00075241
12:34||574903000||432823||0.00075241
12:35||574881500||432269||0.00075241
12:36||575730000||433764||0.00075241
12:37||576230000||433734||0.00075241
12:38||576230000||433734||0.00075241
12:39||576230000||433734||0.00075241
12:40||576000500||433734||0.00075241
12:41||575833500||432270||0.00075241
12:42||575833500||432270||0.00075241
12:43||575833500||432270||0.00075241
12:44||575833500||432270||0.00075241
12:45||575875000||432270||0.00075241
12:46||575867500||433011||0.00075241
12:47||575867500||433011||0.00075241
12:48||575867500||433564||0.00075241
12:49||575867500||433564||0.00075241
12:50||575867500||433564||0.00075241
12:51||576000500||433564||0.00075241
12:52||575750500||433388||0.00075241
12:53||575872500||433012||0.00075241
12:54||575719500||433349||0.00075241
12:55||575684500||433349||0.00075241
12:56||575142500||432252||0.00075241
12:57||575020000||432252||0.00075241
12:58||574928000||432273||0.00075241
12:59||574808000||432709||0.00075241
13:00||574808000||432709||0.00075241
13:01||575247500||433387||0.00075241
13:02||575038500||432861||0.00075241
13:03||575099000||432784||0.00075241
13:04||575099000||432784||0.00075241
13:05||575245500||432859||0.00075241
13:06||575245500||432859||0.00075241
13:07||575245500||432781||0.00075241
13:08||575296500||432858||0.00075241
13:09||575296500||432858||0.00075241
13:10||575296500||432859||0.00075241
13:11||575396000||433011||0.00075241
13:12||574752000||432447||0.00075241
13:13||574389500||432253||0.00075241
13:14||574412000||433011||0.00075241
13:15||575498500||433010||0.00075241
13:16||575498500||433010||0.00075241
13:17||575498500||433011||0.00075241
13:18||574499500||433011||0.00075241
13:19||574377000||431322||0.00075241
13:20||574399500||433011||0.00075241
13:21||574399500||433011||0.00075241
13:22||574150000||432635||0.00075241
13:23||574275000||432823||0.00075241
13:24||574764000||433010||0.00075241
13:25||574764000||433010||0.00075241
13:26||575005000||433010||0.00075241
13:27||575005000||432823||0.00075241
13:28||575125000||432823||0.00075241
13:29||575249500||432639||0.00075241
13:30||575382000||433003||0.00075241
13:31||575406500||433003||0.00075241
13:32||575431500||433004||0.00075241
13:33||575489500||433004||0.00075241
13:34||575489500||433004||0.00075241
13:35||575489500||433003||0.00075241
13:36||575622500||433011||0.00075241
13:37||575699500||433162||0.00075241
13:38||575699500||433162||0.00075241
13:39||575748500||433199||0.00075241
13:40||575880000||433387||0.00075241
13:41||575884500||433387||0.00075241
13:42||575884500||433387||0.00075241
13:43||575998500||433387||0.00075241
13:44||575998500||433387||0.00075241
13:45||575998500||433387||0.00075241
13:46||575998500||433387||0.00075241
13:47||575998500||433387||0.00075241
13:48||575999000||433388||0.00075241
13:49||575999000||433386||0.00075241
13:50||575999000||433386||0.00075241
13:51||575999000||433388||0.00075241
13:52||575999000||433388||0.00075241
13:53||575999000||433388||0.00075241
13:54||575999000||433388||0.00075241
13:55||576373000||433386||0.00075241
13:56||576373000||433950||0.00075241
13:57||576373000||433950||0.00075241
13:58||576381000||433950||0.00075241
13:59||576428500||433950||0.00075241
14:00||576196500||433504||0.00075241
14:01||576496500||433555||0.00075241
14:02||576522000||433950||0.00075241
14:03||576524000||433950||0.00075241
14:04||576523500||433949||0.00075241
14:05||576523000||433622||0.00075241
14:06||576523500||433622||0.00075241
14:07||576540500||433949||0.00075241
14:08||576542000||433949||0.00075241
14:09||576335500||433648||0.00075241
14:10||576335500||433648||0.00075241
14:11||576317500||433638||0.00075241
14:12||576318500||433639||0.00075241
14:13||576303500||433616||0.00075241
14:14||576303500||433616||0.00075241
14:15||576303500||433616||0.00075241
14:16||576303500||433616||0.00075241
14:17||576303500||433616||0.00075241
14:18||576303500||433616||0.00075241
14:19||576303500||433616||0.00075241
14:20||576303500||433616||0.00075241
14:21||576303500||433616||0.00075241
14:22||576303500||433616||0.00075241
14:23||576301500||433616||0.00075241
14:24||576301500||433616||0.00075241
14:25||576301500||433615||0.00075241
14:26||576301500||433615||0.00075241
14:27||576301500||433615||0.00075241
14:28||576301500||433615||0.00075241
14:29||576525000||433949||0.00075241
14:30||576900500||434509||0.00075241
14:31||576869000||434509||0.00075241
14:32||576844500||434461||0.00075241
14:33||576649500||433623||0.00075241
14:34||576400000||433756||0.00075241
14:35||576398000||433745||0.00075241
14:36||576390500||433745||0.00075241
14:37||576383000||433726||0.00075241
14:38||576860500||434441||0.00075241
14:39||576859500||434441||0.00075241
14:40||576859500||434441||0.00075241
14:41||576837000||434423||0.00075241
14:42||576803500||434388||0.00075241
14:43||576782500||434355||0.00075241
14:44||576752500||434309||0.00075241
14:45||576733500||433629||0.00075241
14:46||576713500||434223||0.00075241
14:47||576688500||434197||0.00075241
14:48||576657500||434148||0.00075241
14:49||576628500||434092||0.00075241
14:50||576609500||434092||0.00075241
14:51||576567500||433651||0.00075241
14:52||576566500||433990||0.00075241
14:53||576567000||434140||0.00075241
14:54||576567000||433990||0.00075241
14:55||576669500||434136||0.00075241
14:56||576670000||434136||0.00075241
14:57||576872500||434136||0.00075241
14:58||576872500||434136||0.00075241
14:59||576872500||434136||0.00075241
15:00||576875000||434140||0.00075241
15:01||576875000||434140||0.00075241
15:02||576870000||434140||0.00075241
15:03||576675000||434140||0.00075241
15:04||576654500||433651||0.00075241
15:05||576655000||434110||0.00075241
15:06||576655000||434110||0.00075241
15:07||576625000||434110||0.00075241
15:08||576624500||433951||0.00075241
15:09||576624500||433951||0.00075241
15:10||576729500||434109||0.00075241
15:11||576729500||434109||0.00075241
15:12||576729500||434109||0.00075241
15:13||576729500||434109||0.00075241
15:14||576729500||434109||0.00075241
15:15||576729500||434109||0.00075241
15:16||576729500||434109||0.00075241
15:17||576729500||434109||0.00075241
15:18||576730000||434110||0.00075241
15:19||576725000||434109||0.00075241
15:20||576725000||434102||0.00075241
15:21||576725000||434102||0.00075241
15:22||576725000||434102||0.00075241
15:23||576725000||434102||0.00075241
15:24||576500500||433764||0.00075241
15:25||576954500||434102||0.00075241
15:26||576954500||434109||0.00075241
15:27||576479500||434109||0.00075241
15:28||576479500||434109||0.00075241
15:29||576475000||434102||0.00075241
15:30||576479500||433394||0.00075241
15:31||576529000||434102||0.00075241
15:32||576250500||434102||0.00075241
15:33||576251000||433577||0.00075241
15:34||576600500||433577||0.00075241
15:35||576605000||433577||0.00075241
15:36||576625500||434140||0.00075241
15:37||576505000||433395||0.00075241
15:38||576505000||434140||0.00075241
15:39||576505000||434140||0.00075241
15:40||576505000||434140||0.00075241
15:41||576505000||434140||0.00075241
15:42||574156500||432002||0.00075241
15:43||574750000||431507||0.00075241
15:44||569363500||428873||0.00075241
15:45||570388500||427916||0.00075241
15:46||570388500||427916||0.00075241
15:47||570399000||427916||0.00075241
15:48||570364000||427916||0.00075241
15:49||570314000||427916||0.00075241
15:50||567077500||427368||0.00075241
15:51||567077500||427368||0.00075241
15:54||566000000||424359||0.00075241
15:56||566002500||424359||0.00075241
15:59||563649500||422327||0.00075241
16:00||563749500||422327||0.00075241
16:00||563749500||422327||0.00075241
16:01||563749500||422327||0.00075241
16:02||563375000||425111||0.00075241
16:03||563377500||418005||0.00075241
16:04||558075000||419959||0.00075241
16:05||558075000||419959||0.00075241
16:06||560698500||425110||0.00075241
16:07||561324500||425110||0.00075241
16:08||561499500||425110||0.00075241
16:09||561499500||419844||0.00075241
16:10||561499500||419844||0.00075241
16:11||561500000||419844||0.00075241
16:12||559875000||422478||0.00075241
16:13||559125000||421349||0.00075241
16:14||559125000||421349||0.00075241
16:15||560750000||420032||0.00075241
16:16||560035000||422478||0.00075241
16:17||560499500||422854||0.00075241
16:18||560502000||422854||0.00075241
16:19||560749500||422853||0.00075241
16:20||560749500||422853||0.00075241
16:21||560752500||422854||0.00075241
16:22||560752500||422854||0.00075241
16:23||560752500||422854||0.00075241
16:24||559013000||422854||0.00075241
16:25||559013000||422771||0.00075241
16:26||558068000||422771||0.00075241
16:27||559177500||422771||0.00075241
16:28||559150000||422703||0.00075241
16:29||559099500||422703||0.00075241
16:30||559202500||422703||0.00075241
16:31||559491500||422703||0.00075241
16:32||559727000||422703||0.00075241
16:33||560165000||422627||0.00075241
16:34||560458500||422628||0.00075241
16:35||560600500||422627||0.00075241
16:36||560459500||420762||0.00075241
16:37||560460500||422627||0.00075241
16:38||560462000||422627||0.00075241
16:39||560602000||422627||0.00075241
16:40||560603500||422627||0.00075241
16:41||558665500||420978||0.00075241
16:42||558754500||419712||0.00075241
16:43||559508000||420978||0.00075241
16:44||558867000||419975||0.00075241
16:45||559005000||420090||0.00075241
16:46||558808000||420973||0.00075241
16:47||558967500||420140||0.00075241
16:48||559187500||420973||0.00075241
16:49||559279000||420627||0.00075241
16:50||559321000||420691||0.00075241
16:51||559346000||420980||0.00075241
16:52||559346000||420980||0.00075241
16:53||560380500||422102||0.00075241
16:54||560935000||422627||0.00075241
16:55||561022500||422627||0.00075241
16:56||561123500||422627||0.00075241
16:57||561134500||422478||0.00075241
16:58||561189500||422478||0.00075241
16:59||561328500||422628||0.00075241
17:00||561436000||422096||0.00075241
17:01||561436000||422096||0.00075241
17:02||561448000||422096||0.00075241
17:03||561448000||422763||0.00075241
17:04||561448000||422763||0.00075241
17:05||561448000||422763||0.00075241
17:06||561448000||422114||0.00075241
17:07||561448500||422764||0.00075241
17:08||561448500||422114||0.00075241
17:09||561448500||422764||0.00075241
17:10||561250000||422764||0.00075241
17:11||561250000||422764||0.00075241
17:12||561250000||422478||0.00075241
17:13||561375000||422102||0.00075241
17:14||559419000||419092||0.00075241
17:15||559664000||419092||0.00075241
17:16||560581000||422661||0.00075241
17:17||560604000||422661||0.00075241
17:18||560226500||422661||0.00075241
17:19||560227500||422094||0.00075241
17:20||560227500||422094||0.00075241
17:21||560227500||422094||0.00075241
17:22||560292000||422094||0.00075241
17:23||560292000||422094||0.00075241
17:24||560292000||422094||0.00075241
17:25||560294000||422094||0.00075241
17:26||560308000||422094||0.00075241
17:27||561442500||422207||0.00075241
17:28||561442500||422207||0.00075241
17:29||561815500||422666||0.00075241
17:30||561815500||422760||0.00075241
17:31||562973500||423982||0.00075241
17:32||562973500||423982||0.00075241
17:33||562973500||423982||0.00075241
17:34||562946000||423983||0.00075241
17:35||562946000||423191||0.00075241
17:36||562946000||423940||0.00075241
17:37||562723500||423940||0.00075241
17:38||562723500||423606||0.00075241
17:39||562724000||423191||0.00075241
17:40||562724000||423191||0.00075241
17:41||562724000||423606||0.00075241
17:42||562977500||423606||0.00075241
17:43||562977500||423238||0.00075241
17:44||564323000||423940||0.00075241
17:45||564432500||425027||0.00075241
17:46||564432500||425027||0.00075241
17:47||563693500||425110||0.00075241
17:48||564411500||425027||0.00075241
17:49||564887500||425027||0.00075241
17:50||565281500||425110||0.00075241
17:51||565321500||425487||0.00075241
17:52||565412000||425487||0.00075241
17:53||565412000||425487||0.00075241
17:54||565455000||425356||0.00075241
17:55||565699000||425854||0.00075241
17:56||565842500||425854||0.00075241
17:57||565842500||425854||0.00075241
17:58||565843000||425854||0.00075241
17:59||565843000||425854||0.00075241
18:00||565843000||425854||0.00075241
18:01||565843000||425854||0.00075241
18:02||565843000||425854||0.00075241
18:03||565685000||425637||0.00075241
18:04||564490000||425096||0.00075241
18:05||564367500||425096||0.00075241
18:06||564250500||425096||0.00075241
18:07||564362500||424735||0.00075241
18:08||564625000||424735||0.00075241
18:09||564500000||424735||0.00075241
18:10||564500000||424735||0.00075241
18:11||564499500||424735||0.00075241
18:12||564499500||424922||0.00075241
18:13||564499500||424922||0.00075241
18:14||564499500||424922||0.00075241
18:15||564499500||424922||0.00075241
18:16||564505000||424922||0.00075241
18:17||564505000||424555||0.00075241
18:18||564500000||424555||0.00075241
18:19||564500000||424555||0.00075241
18:20||564495000||424915||0.00075241
18:21||564494500||424915||0.00075241
18:22||564494500||424915||0.00075241
18:23||564250500||424915||0.00075241
18:24||564250500||424548||0.00075241
18:25||564250500||424548||0.00075241
18:26||564250500||424548||0.00075241
18:27||564250500||424548||0.00075241
18:28||564250500||424548||0.00075241
18:29||564250500||424548||0.00075241
18:30||564250500||424548||0.00075241
18:31||564512500||424923||0.00075241
18:32||565356000||425111||0.00075241
18:33||565699500||425487||0.00075241
18:34||565723000||425487||0.00075241
18:35||565746500||425074||0.00075241
18:36||565746500||425673||0.00075241
18:37||565746500||425673||0.00075241
18:38||565746500||425673||0.00075241
18:39||565746500||425673||0.00075241
18:40||565746500||425673||0.00075241
18:41||565746500||425673||0.00075241
18:42||565067000||425262||0.00075241
18:43||564728500||425086||0.00075241
18:44||564087500||424547||0.00075241
18:45||564075000||424361||0.00075241
18:46||564131000||424361||0.00075241
18:47||564437500||424923||0.00075241
18:48||564438500||424923||0.00075241
18:49||564438500||424923||0.00075241
18:50||564432500||424914||0.00075241
18:51||564432500||424914||0.00075241
18:52||564432500||424914||0.00075241
18:53||564127500||424547||0.00075241
18:54||563342500||423046||0.00075241
18:55||563842500||423046||0.00075241
18:56||563842500||424874||0.00075241
18:57||563840000||424870||0.00075241
18:58||563625500||424870||0.00075241
18:59||563376000||424171||0.00075241
19:00||563500000||424171||0.00075241
19:01||563624500||424358||0.00075241
19:02||563499500||424358||0.00075241
19:03||563375000||423983||0.00075241
19:04||563250500||423795||0.00075241
19:05||563250500||423795||0.00075241
19:06||563250500||423795||0.00075241
19:07||563250500||423795||0.00075241
19:08||563250500||423795||0.00075241
19:09||563941000||424646||0.00075241
19:10||563500500||424646||0.00075241
19:11||563500500||423983||0.00075241
19:12||563625000||424171||0.00075241
19:13||563732500||424509||0.00075241
19:14||564099500||424509||0.00075241
19:15||564000500||424508||0.00075241
19:16||564000500||424359||0.00075241
19:17||564000500||424359||0.00075241
19:18||564000500||424359||0.00075241
19:19||564000500||424359||0.00075241
19:20||564000500||424359||0.00075241
19:21||564000500||424359||0.00075241
19:22||564000500||424359||0.00075241
19:23||563625500||423794||0.00075241
19:24||563625500||423794||0.00075241
19:25||563625500||423610||0.00075241
19:26||563626000||423610||0.00075241
19:27||563627000||424359||0.00075241
19:28||563626000||424359||0.00075241
19:29||563626000||424359||0.00075241
19:30||563626000||424357||0.00075241
19:31||563874500||424356||0.00075241
19:32||563869000||424356||0.00075241
19:33||563595500||424171||0.00075241
19:34||563595000||424120||0.00075241
19:35||563684500||424122||0.00075241
19:36||563684500||424122||0.00075241
19:37||563716000||424119||0.00075241
19:38||563716500||424170||0.00075241
19:39||563716500||424170||0.00075241
19:40||563716500||424170||0.00075241
19:41||563716500||424170||0.00075241
19:42||563718500||424170||0.00075241
19:43||563748500||424170||0.00075241
19:44||563716500||424170||0.00075241
19:45||563716000||424170||0.00075241
19:46||563716000||424169||0.00075241
19:47||563716000||424169||0.00075241
19:48||563716000||424169||0.00075241
19:49||563747500||424169||0.00075241
19:50||563747500||424169||0.00075241
19:51||563747500||424169||0.00075241
19:52||563747500||424169||0.00075241
19:53||563747500||424169||0.00075241
19:54||563747500||424169||0.00075241
19:55||563747500||424169||0.00075241
19:56||563747500||424169||0.00075241
19:57||563747500||424169||0.00075241
19:58||563747500||424169||0.00075241
19:59||563747500||424168||0.00075241
20:00||563747500||424168||0.00075241
20:01||563747500||424169||0.00075241
20:02||563747500||424169||0.00075241
20:03||563747500||424169||0.00075241
20:04||563747500||424169||0.00075241
20:05||563747500||424169||0.00075241
20:06||563747500||424169||0.00075241
20:07||563747500||424169||0.00075241
20:08||563747500||424169||0.00075241
20:09||563747500||424169||0.00075241
20:10||563747500||424169||0.00075241
20:11||563747500||424169||0.00075241
20:12||563747500||424169||0.00075241
20:13||563747500||424169||0.00075241
20:14||563747500||424169||0.00075241
20:15||563747500||424169||0.00075241
20:16||563747500||424169||0.00075241
20:17||563747500||424169||0.00075241
20:18||563749500||424171||0.00075241
20:19||563874500||424170||0.00075241
20:20||563874500||424359||0.00075241
20:21||563974500||424508||0.00075241
20:22||563974500||424507||0.00075241
20:23||564003000||424546||0.00075241
20:24||564150500||424734||0.00075241
20:25||564150500||424734||0.00075241
20:26||564150000||424210||0.00075241
20:27||564153000||424733||0.00075241
20:28||564154000||424733||0.00075241
20:29||564292000||424870||0.00075241
20:30||564341000||424870||0.00075241
20:31||564342000||424870||0.00075241
20:32||564342000||424870||0.00075241
20:33||564335500||424870||0.00075241
20:34||564335500||424860||0.00075241
20:35||564005500||424860||0.00075241
20:36||564327500||424848||0.00075241
20:37||564327500||424848||0.00075241
20:38||564327500||424848||0.00075241
20:39||564356000||424848||0.00075241
20:40||564678500||424848||0.00075241
20:41||564678500||424870||0.00075241
20:42||564678500||424870||0.00075241
20:43||564678500||424870||0.00075241
20:44||565098500||425487||0.00075241
20:45||565133500||425487||0.00075241
20:46||565498500||425487||0.00075241
20:47||565744500||425487||0.00075241
20:48||565744500||425855||0.00075241
20:49||565731500||425837||0.00075241
20:50||565716000||425821||0.00075241
20:51||565696000||425812||0.00075241
20:52||565642000||425707||0.00075241
20:53||565621500||425695||0.00075241
20:54||565614500||425695||0.00075241
20:55||565606000||425695||0.00075241
20:56||565600000||425642||0.00075241
20:57||565591000||425629||0.00075241
20:58||565500500||425487||0.00075241
20:59||565500500||425488||0.00075241
21:00||565500500||425488||0.00075241
21:01||565500500||425488||0.00075241
21:02||565500500||425488||0.00075241
21:03||565500500||425488||0.00075241
21:04||565500500||425488||0.00075241
21:05||565500500||425488||0.00075241
21:06||565500500||425488||0.00075241
21:07||565500500||425488||0.00075241
21:08||565500500||425488||0.00075241
21:09||566640500||426614||0.00075241
21:10||566678500||426614||0.00075241
21:11||566714000||426614||0.00075241
21:12||567570000||427368||0.00075241
21:13||567607000||426778||0.00075241
21:14||567649500||427368||0.00075241
21:15||567689000||426888||0.00075241
21:16||567723500||427368||0.00075241
21:17||567742000||426982||0.00075241
21:18||567743000||427368||0.00075241
21:19||568975000||428872||0.00075241
21:20||568474500||427368||0.00075241
21:21||568213500||428098||0.00075241
21:22||567973500||428098||0.00075241
21:23||567852500||427531||0.00075241
21:24||567821500||426984||0.00075241
21:25||567744500||427435||0.00075241
21:26||567727500||427361||0.00075241
21:27||567710500||427361||0.00075241
21:28||567699500||427317||0.00075241
21:29||567682000||427272||0.00075241
21:30||567663500||427272||0.00075241
21:31||567654500||427231||0.00075241
21:32||567645500||427231||0.00075241
21:33||566440500||426927||0.00075241
21:34||566403000||426867||0.00075241
21:35||566365500||426867||0.00075241
21:36||566314000||426755||0.00075241
21:37||566280500||426755||0.00075241
21:38||565756500||426627||0.00075241
21:39||565757000||426627||0.00075241
21:40||566499500||425862||0.00075241
21:41||566249500||425862||0.00075241
21:42||566700500||426541||0.00075241
21:43||568419500||428872||0.00075241
21:44||568421000||428872||0.00075241
21:45||567934500||428685||0.00075241
21:46||566957000||428089||0.00075241
21:47||567930500||428015||0.00075241
21:48||568157500||428008||0.00075241
21:49||567502500||426994||0.00075241
21:50||567127000||426992||0.00075241
21:51||567121000||426795||0.00075241
21:52||567107000||426619||0.00075241
21:53||568021000||428008||0.00075241
21:54||568019500||428004||0.00075241
21:55||568016000||428004||0.00075241
21:56||568014500||428004||0.00075241
21:57||568013000||428004||0.00075241
21:58||568016000||427997||0.00075241
21:59||568015500||427997||0.00075241
22:00||568168500||427997||0.00075241
22:01||568168500||427997||0.00075241
22:02||568168500||427997||0.00075241
22:03||568502500||427997||0.00075241
22:04||568170500||427496||0.00075241
22:05||568170500||427496||0.00075241
22:06||568170500||427497||0.00075241
22:07||568170500||427497||0.00075241
22:08||568170500||427497||0.00075241
22:09||568170500||427497||0.00075241
22:10||568170500||427497||0.00075241
22:11||568170500||427497||0.00075241
22:12||568170500||427497||0.00075241
22:13||568170500||427497||0.00075241
22:14||568170500||427497||0.00075241
22:15||568170500||427497||0.00075241
22:16||568170500||427497||0.00075241
22:17||568170500||427497||0.00075241
22:18||568170500||427497||0.00075241
22:19||568170500||427497||0.00075241
22:20||568170500||427496||0.00075241
22:21||568170500||427497||0.00075241
22:22||568170500||427497||0.00075241
22:23||568170500||427497||0.00075241
22:24||568170500||427497||0.00075241
22:25||568170500||427497||0.00075241
22:26||568170500||427497||0.00075241
22:27||568170500||427497||0.00075241
22:28||568170500||427497||0.00075241
22:29||568170500||427497||0.00075241
22:30||568170500||427497||0.00075241
22:31||568170500||427497||0.00075241
22:32||568170500||427497||0.00075241
22:33||568170500||427497||0.00075241
22:34||568168500||427496||0.00075241
22:35||568168500||427496||0.00075241
22:36||568168500||427496||0.00075241
22:37||568168500||427496||0.00075241
22:38||568168500||427495||0.00075241
22:39||568168500||427495||0.00075241
22:40||568168500||427495||0.00075241
22:41||568168500||427496||0.00075241
22:42||568168500||427496||0.00075241
22:43||568168500||427496||0.00075241
22:44||568168500||427496||0.00075241
22:45||568168500||427496||0.00075241
22:46||568168500||427496||0.00075241
22:47||568168500||427496||0.00075241
22:48||568168500||427496||0.00075241
22:49||568168500||427496||0.00075241
22:50||568168500||427496||0.00075241
22:51||568168500||427496||0.00075241
22:52||568168500||427496||0.00075241
22:53||568168500||427496||0.00075241
22:54||568168500||427495||0.00075241
22:55||568168500||427496||0.00075241
22:56||568168500||427496||0.00075241
22:57||568168500||427496||0.00075241
22:58||568168500||427496||0.00075241
22:59||568168500||427496||0.00075241
23:00||568168500||427496||0.00075241
23:01||568168500||427496||0.00075241
23:02||568168500||427496||0.00075241
23:03||568168500||427496||0.00075241
23:04||568168500||427496||0.00075241
23:05||568168500||427496||0.00075241
23:06||568168500||427496||0.00075241
23:07||568168500||427496||0.00075241
23:08||568168500||427496||0.00075241
23:09||568168500||427496||0.00075241
23:10||568168500||427496||0.00075241
23:11||568168500||427496||0.00075241
23:12||568168500||427496||0.00075241
23:13||568168500||427496||0.00075241
23:14||568168500||427495||0.00075241
23:15||568168500||427495||0.00075241
23:16||568168500||427496||0.00075241
23:17||567834000||427495||0.00075241
23:18||568165500||427493||0.00075241
23:19||568165500||427493||0.00075241
23:20||568165500||427493||0.00075241
23:21||568165500||427493||0.00075241
23:22||568165500||427493||0.00075241
23:23||568165500||427493||0.00075241
23:24||568165500||427493||0.00075241
23:25||569224500||428046||0.00075241
23:26||569250000||428046||0.00075241
23:27||569250000||428046||0.00075241
23:28||569250000||428121||0.00075241
23:29||568568000||428097||0.00075241
23:30||568533500||428097||0.00075241
23:31||568532500||428097||0.00075241
23:32||568532500||428097||0.00075241
23:33||568530500||428097||0.00075241
23:34||568530500||428097||0.00075241
23:35||568530500||427494||0.00075241
23:36||568530500||427494||0.00075241
23:37||568530500||428041||0.00075241
23:38||568482500||428041||0.00075241
23:39||568481000||428041||0.00075241
23:40||568471000||428041||0.00075241
23:41||568471000||428041||0.00075241
23:42||568471000||427951||0.00075241
23:43||568471000||427951||0.00075241
23:44||568471000||427951||0.00075241
23:45||568469500||427951||0.00075241
23:46||568469500||427949||0.00075241
23:47||568143000||427494||0.00075241
23:48||568143000||427494||0.00075241
23:49||568143000||427494||0.00075241
23:50||568143000||427494||0.00075241
23:51||568143000||427494||0.00075241
23:52||568143000||427494||0.00075241
23:53||568143000||427494||0.00075241
23:54||568143000||427494||0.00075241
23:55||568143000||427494||0.00075241
23:56||568142000||427948||0.00075241
23:57||568142000||427948||0.00075241
23:58||568142000||427948||0.00075241
23:59||568141500||427948||0.00075241
