00:00||468271000||352880||0.00075241
00:01||468271000||352880||0.00075241
00:02||468271000||352880||0.00075241
00:03||468610000||352880||0.00075241
00:04||468659000||352880||0.00075241
00:05||468659000||353104||0.00075241
00:06||468420000||353104||0.00075241
00:07||468441500||353104||0.00075241
00:08||468907000||353104||0.00075241
00:09||468899000||353104||0.00075241
00:10||468899000||353104||0.00075241
00:11||468899500||353104||0.00075241
00:12||468899500||353104||0.00075241
00:13||468995000||353248||0.00075241
00:14||469005500||353248||0.00075241
00:15||469245000||352887||0.00075241
00:16||469245000||352887||0.00075241
00:17||468996000||352887||0.00075241
00:18||468951000||352887||0.00075241
00:19||468951000||352887||0.00075241
00:20||468951000||352887||0.00075241
00:21||468946500||353173||0.00075241
00:22||468852500||353173||0.00075241
00:23||468852500||353173||0.00075241
00:24||468852000||353173||0.00075241
00:25||468753000||353173||0.00075241
00:26||468753000||353173||0.00075241
00:27||468753000||352880||0.00075241
00:28||468753000||352880||0.00075241
00:29||468753000||352880||0.00075241
00:30||468752500||352507||0.00075241
00:31||468752500||352507||0.00075241
00:32||468752500||352507||0.00075241
00:33||468289500||351789||0.00075241
00:34||468289500||351811||0.00075241
00:35||468509500||351811||0.00075241
00:36||468509500||351811||0.00075241
00:37||468509500||351811||0.00075241
00:38||468509500||351811||0.00075241
00:39||468509500||351811||0.00075241
00:40||468509500||351811||0.00075241
00:41||468509500||352142||0.00075241
00:42||468270000||352142||0.00075241
00:43||468270000||352142||0.00075241
00:44||468121000||352142||0.00075241
00:45||468071000||352142||0.00075241
00:46||468071000||352579||0.00075241
00:47||468081500||352579||0.00075241
00:48||468195500||352579||0.00075241
00:49||468245500||352579||0.00075241
00:50||468195500||352579||0.00075241
00:51||468408000||351820||0.00075241
00:52||468408000||351820||0.00075241
00:53||468358000||352139||0.00075241
00:54||468358000||352139||0.00075241
00:55||468358000||352139||0.00075241
00:56||468758000||352139||0.00075241
00:57||468758000||352139||0.00075241
00:58||468758000||352139||0.00075241
00:59||468758000||352139||0.00075241
01:00||468758000||352139||0.00075241
01:01||468758000||352139||0.00075241
01:02||468808000||352880||0.00075241
01:03||468804000||352880||0.00075241
01:04||468011000||352591||0.00075241
01:05||467766500||352591||0.00075241
01:06||467766500||352591||0.00075241
01:07||467766500||352591||0.00075241
01:08||467766500||352591||0.00075241
01:09||467761500||352591||0.00075241
01:10||467770500||352591||0.00075241
01:11||467775000||352591||0.00075241
01:12||468275000||352880||0.00075241
01:13||468275000||352880||0.00075241
01:14||468275000||352880||0.00075241
01:15||468275000||352880||0.00075241
01:16||468510000||352880||0.00075241
01:17||468271000||352880||0.00075241
01:18||468011500||352880||0.00075241
01:19||467962500||352880||0.00075241
01:20||468191500||352127||0.00075241
01:21||468191500||352127||0.00075241
01:22||468191500||352127||0.00075241
01:23||468000500||352127||0.00075241
01:24||468000500||352127||0.00075241
01:25||468000500||352127||0.00075241
01:26||468000500||352128||0.00075241
01:27||468000500||352128||0.00075241
01:28||468000500||352128||0.00075241
01:29||468000500||352128||0.00075241
01:30||467771000||352128||0.00075241
01:31||467268500||351781||0.00075241
01:32||467268500||351781||0.00075241
01:33||467268500||351781||0.00075241
01:34||467268500||351781||0.00075241
01:35||467268500||351781||0.00075241
01:36||467000500||351781||0.00075241
01:37||467000500||351781||0.00075241
01:38||467000500||351376||0.00075241
01:39||467000500||351376||0.00075241
01:40||467000500||351376||0.00075241
01:41||467000500||351376||0.00075241
01:42||467000500||351376||0.00075241
01:43||467000500||351376||0.00075241
01:44||467000500||351376||0.00075241
01:45||467000500||351376||0.00075241
01:46||467000500||351376||0.00075241
01:47||467490000||351375||0.00075241
01:48||466500500||351375||0.00075241
01:49||466990000||351360||0.00075241
01:50||466990000||351360||0.00075241
01:51||467640000||352353||0.00075241
01:52||467640000||352353||0.00075241
01:53||467640000||352353||0.00075241
01:54||467640000||352353||0.00075241
01:55||467640000||352353||0.00075241
01:56||467590000||352353||0.00075241
01:57||467590000||352278||0.00075241
01:58||467100000||352278||0.00075241
01:59||467500000||351375||0.00075241
02:00||467500000||351375||0.00075241
02:01||467500000||351375||0.00075241
02:02||467500000||351375||0.00075241
02:03||467500000||351375||0.00075241
02:04||467500000||351375||0.00075241
02:05||467500000||351375||0.00075241
02:06||467500000||351375||0.00075241
02:07||467500000||351375||0.00075241
02:08||467500000||351375||0.00075241
02:09||467500000||351375||0.00075241
02:10||467500000||352127||0.00075241
02:11||467500000||352127||0.00075241
02:12||467500000||352127||0.00075241
02:13||467500000||352127||0.00075241
02:14||467500000||352127||0.00075241
02:15||467500000||352127||0.00075241
02:16||467500000||352127||0.00075241
02:17||467500000||352127||0.00075241
02:18||467500000||352127||0.00075241
02:19||467500000||352127||0.00075241
02:20||467500000||352127||0.00075241
02:21||467500000||352127||0.00075241
02:22||467500000||352127||0.00075241
02:23||467500000||352127||0.00075241
02:24||467500000||352127||0.00075241
02:25||467500000||352127||0.00075241
02:26||467500000||352127||0.00075241
02:27||467500000||352127||0.00075241
02:28||467500000||352127||0.00075241
02:29||467500000||352127||0.00075241
02:30||467500000||352127||0.00075241
02:31||467500000||352127||0.00075241
02:32||467500000||352127||0.00075241
02:33||467500000||352127||0.00075241
02:34||467500000||352127||0.00075241
02:35||467510000||352127||0.00075241
02:36||467510000||352127||0.00075241
02:37||467510000||352127||0.00075241
02:38||467510000||351390||0.00075241
02:39||467510000||351390||0.00075241
02:40||467510000||351390||0.00075241
02:41||467608000||351390||0.00075241
02:42||467608000||351390||0.00075241
02:43||467608000||351390||0.00075241
02:44||467608000||351390||0.00075241
02:45||467608000||351390||0.00075241
02:46||467608000||351390||0.00075241
02:47||467608000||351390||0.00075241
02:48||467608000||351390||0.00075241
02:49||467608000||351390||0.00075241
02:50||467608000||351390||0.00075241
02:51||467608000||351390||0.00075241
02:52||467608000||351390||0.00075241
02:53||467608000||351390||0.00075241
02:54||467608000||352127||0.00075241
02:55||467608000||352127||0.00075241
02:56||467608000||352127||0.00075241
02:57||467999500||352127||0.00075241
02:58||467999500||352127||0.00075241
02:59||468126000||352127||0.00075241
03:00||468126000||352127||0.00075241
03:01||468126000||352127||0.00075241
03:02||467637500||352127||0.00075241
03:03||467637500||352127||0.00075241
03:04||467637500||352127||0.00075241
03:06||467612500||352127||0.00075241
03:07||467608000||352127||0.00075241
03:08||467755000||352127||0.00075241
03:09||467750000||352127||0.00075241
03:10||467745000||352127||0.00075241
03:11||467545000||352127||0.00075241
03:12||467500000||352127||0.00075241
03:13||467500000||352127||0.00075241
03:14||467462500||352127||0.00075241
03:15||467462500||352127||0.00075241
03:16||467462500||352127||0.00075241
03:17||467463000||352127||0.00075241
03:18||467463000||352127||0.00075241
03:19||467463000||352127||0.00075241
03:20||467471500||352127||0.00075241
03:21||467550000||352127||0.00075241
03:22||467550000||352127||0.00075241
03:23||467011500||350625||0.00075241
03:24||466971500||350625||0.00075241
03:25||467112000||350625||0.00075241
03:26||467022000||350625||0.00075241
03:27||467122000||351977||0.00075241
03:28||467025000||351977||0.00075241
03:29||467050000||351977||0.00075241
03:30||467050000||351977||0.00075241
03:31||467050000||351977||0.00075241
03:32||467250000||352052||0.00075241
03:33||467350000||352052||0.00075241
03:34||467450000||352052||0.00075241
03:35||467350000||352052||0.00075241
03:36||467350000||352127||0.00075241
03:37||467500000||352127||0.00075241
03:38||467500000||352127||0.00075241
03:39||467500000||352127||0.00075241
03:40||467500000||352127||0.00075241
03:41||467500000||352127||0.00075241
03:42||467500000||352127||0.00075241
03:43||467500000||352127||0.00075241
03:44||467500000||352127||0.00075241
03:45||467450000||352127||0.00075241
03:46||467400000||352127||0.00075241
03:47||467350000||352127||0.00075241
03:48||467350000||352127||0.00075241
03:49||467350000||352127||0.00075241
03:50||467350000||352127||0.00075241
03:51||467350000||352127||0.00075241
03:52||467350000||352127||0.00075241
03:53||467350000||352127||0.00075241
03:54||467250000||352127||0.00075241
03:55||467250000||352127||0.00075241
03:56||467250000||352127||0.00075241
03:57||467250000||352127||0.00075241
03:58||467250000||352127||0.00075241
03:59||467250000||352127||0.00075241
04:00||467250000||352127||0.00075241
04:01||467250000||352127||0.00075241
04:02||467250000||352127||0.00075241
04:03||467255000||352127||0.00075241
04:04||467255000||352127||0.00075241
04:05||467255000||352127||0.00075241
04:06||467025000||351036||0.00075241
04:07||467025000||351036||0.00075241
04:08||467025000||351036||0.00075241
04:09||467025000||351036||0.00075241
04:10||467025000||351036||0.00075241
04:11||467025000||351036||0.00075241
04:12||467025000||351036||0.00075241
04:13||467025000||351036||0.00075241
04:14||467025000||351036||0.00075241
04:15||467025000||351036||0.00075241
04:16||467025000||351036||0.00075241
04:17||467025000||351036||0.00075241
04:18||467025000||351036||0.00075241
04:19||467025000||351036||0.00075241
04:20||467025000||351036||0.00075241
04:21||467025000||351036||0.00075241
04:22||467025000||351036||0.00075241
04:23||467025000||351036||0.00075241
04:24||467025000||351036||0.00075241
04:25||467025000||351036||0.00075241
04:26||467025000||351036||0.00075241
04:27||467025000||351036||0.00075241
04:28||467025000||351036||0.00075241
04:29||467025000||351036||0.00075241
04:30||467034500||351036||0.00075241
04:31||467034500||351036||0.00075241
04:32||467851500||351977||0.00075241
04:33||467851500||351977||0.00075241
04:34||467225000||351977||0.00075241
04:35||467225000||351977||0.00075241
04:36||467225000||351977||0.00075241
04:38||467238500||351977||0.00075241
04:39||467238500||351977||0.00075241
04:40||467238500||351977||0.00075241
04:41||468118500||352504||0.00075241
04:42||468625500||352504||0.00075241
04:43||468625500||352504||0.00075241
04:44||468887000||352880||0.00075241
04:45||469167500||353068||0.00075241
04:46||469007500||353068||0.00075241
04:47||469005500||353068||0.00075241
04:48||469005500||353068||0.00075241
04:49||468750500||353068||0.00075241
04:50||468750500||353068||0.00075241
04:51||468750500||353068||0.00075241
04:52||468501500||353068||0.00075241
04:53||468501500||353068||0.00075241
04:54||468501500||353068||0.00075241
04:55||468501500||353068||0.00075241
04:56||468501500||353068||0.00075241
04:57||468501500||353068||0.00075241
04:58||467000000||352504||0.00075241
04:59||467000000||352504||0.00075241
05:00||467000000||352504||0.00075241
05:01||467000000||352504||0.00075241
05:02||467020000||352504||0.00075241
05:03||467020000||352504||0.00075241
05:04||467020000||352504||0.00075241
05:05||467000000||352504||0.00075241
05:06||467000000||352504||0.00075241
05:07||467000000||352504||0.00075241
05:08||467000000||352504||0.00075241
05:09||467000000||352504||0.00075241
05:10||467000000||352504||0.00075241
05:11||467000000||352504||0.00075241
05:12||467000000||352504||0.00075241
05:13||467000000||352504||0.00075241
05:14||467000000||352504||0.00075241
05:15||467000000||352127||0.00075241
05:16||467000000||352127||0.00075241
05:17||467000000||352127||0.00075241
05:18||467005000||352127||0.00075241
05:19||467005000||352127||0.00075241
05:20||467005000||352127||0.00075241
05:21||467005000||352127||0.00075241
05:22||467005000||352127||0.00075241
05:23||467005000||352127||0.00075241
05:24||467005000||352127||0.00075241
05:25||467005000||352127||0.00075241
05:26||467005000||352127||0.00075241
05:27||467005000||352127||0.00075241
05:28||467005000||352127||0.00075241
05:29||467125000||352127||0.00075241
05:30||467500000||352127||0.00075241
05:31||467625000||352127||0.00075241
05:32||467625000||352127||0.00075241
05:33||467625000||352127||0.00075241
05:34||467625000||352127||0.00075241
05:35||467625000||352127||0.00075241
05:36||467625000||352127||0.00075241
05:37||467625000||352127||0.00075241
05:38||467625000||352127||0.00075241
05:39||467620000||352127||0.00075241
05:40||467620000||352127||0.00075241
05:41||467620000||352127||0.00075241
05:42||467620000||352127||0.00075241
05:43||467620000||352127||0.00075241
05:44||467620000||352127||0.00075241
05:45||467620000||352127||0.00075241
05:46||467620000||352127||0.00075241
05:47||467620000||352127||0.00075241
05:48||467620000||352127||0.00075241
05:49||467620000||352127||0.00075241
05:50||467620000||352127||0.00075241
05:51||467620000||352127||0.00075241
05:52||467620000||352127||0.00075241
05:53||467620000||352127||0.00075241
05:54||467620000||352127||0.00075241
05:55||467620000||352127||0.00075241
05:56||467620000||352127||0.00075241
05:57||467620000||352127||0.00075241
05:58||467620000||352127||0.00075241
05:59||467620000||352127||0.00075241
06:00||467620000||352127||0.00075241
06:01||467620000||352127||0.00075241
06:02||467620000||352127||0.00075241
06:03||467620000||352127||0.00075241
06:04||467620000||352127||0.00075241
06:05||467620000||352127||0.00075241
06:06||467620000||352127||0.00075241
06:07||467620000||352127||0.00075241
06:08||467620000||352127||0.00075241
06:09||467620000||352127||0.00075241
06:10||467620000||352127||0.00075241
06:11||467620000||352127||0.00075241
06:12||467620000||352127||0.00075241
06:13||467620000||352127||0.00075241
06:14||467620000||352127||0.00075241
06:15||467620000||352127||0.00075241
06:17||467620000||352127||0.00075241
06:18||467620000||352127||0.00075241
06:19||467620000||352127||0.00075241
06:20||467620000||352127||0.00075241
06:21||467620000||352127||0.00075241
06:22||467620000||352127||0.00075241
06:23||467620000||352127||0.00075241
06:24||467620000||352127||0.00075241
06:25||467620000||352127||0.00075241
06:26||467627500||352127||0.00075241
06:27||467627500||352127||0.00075241
06:28||467620000||352120||0.00075241
06:29||467736500||352120||0.00075241
06:30||467841500||352120||0.00075241
06:31||467841500||352120||0.00075241
06:32||467841500||352120||0.00075241
06:33||467841500||352120||0.00075241
06:34||467841500||352120||0.00075241
06:35||467841500||352120||0.00075241
06:36||467841500||352120||0.00075241
06:37||467841500||352120||0.00075241
06:38||467841500||352120||0.00075241
06:39||467841500||352120||0.00075241
06:40||467842500||352120||0.00075241
06:41||467842500||352120||0.00075241
06:42||467842500||352120||0.00075241
06:43||467842500||352120||0.00075241
06:44||467842500||352120||0.00075241
06:45||467893500||352120||0.00075241
06:46||467893500||352120||0.00075241
06:47||467893500||352120||0.00075241
06:48||467893500||352120||0.00075241
06:49||467888500||352112||0.00075241
06:50||467979500||352112||0.00075241
06:51||467979500||352112||0.00075241
06:52||467979500||352112||0.00075241
06:53||467979500||352112||0.00075241
06:54||467979500||352112||0.00075241
06:55||467979500||352112||0.00075241
06:56||467979500||352112||0.00075241
06:57||467979500||352112||0.00075241
06:58||467979500||352112||0.00075241
06:59||467979500||352112||0.00075241
07:00||467979500||352112||0.00075241
07:01||467979500||352112||0.00075241
07:02||467979500||352112||0.00075241
07:03||467979500||352112||0.00075241
07:04||467979500||352112||0.00075241
07:05||467979500||352112||0.00075241
07:06||467979500||352112||0.00075241
07:07||467979500||352112||0.00075241
07:08||467979500||352112||0.00075241
07:09||467979500||352112||0.00075241
07:10||467889000||352112||0.00075241
07:11||467985000||352112||0.00075241
07:12||467894000||352120||0.00075241
07:13||467894000||352120||0.00075241
07:14||467894000||351975||0.00075241
07:15||467894000||351975||0.00075241
07:16||467797500||351975||0.00075241
07:17||467797500||351975||0.00075241
07:18||467797500||351975||0.00075241
07:19||467797500||351975||0.00075241
07:20||467797500||351975||0.00075241
07:21||467797500||351975||0.00075241
07:22||467797500||351975||0.00075241
07:23||467893000||351975||0.00075241
07:24||467893000||351975||0.00075241
07:25||467893000||351975||0.00075241
07:26||467619500||351975||0.00075241
07:27||467619000||351975||0.00075241
07:28||467619000||351975||0.00075241
07:29||467500000||351975||0.00075241
07:30||467500000||351975||0.00075241
07:31||467475000||351975||0.00075241
07:32||467475500||351975||0.00075241
07:33||467471000||351975||0.00075241
07:34||467250500||351564||0.00075241
07:35||467250500||351564||0.00075241
07:36||467250500||351564||0.00075241
07:37||467250500||351564||0.00075241
07:38||467250500||351564||0.00075241
07:39||467250500||351564||0.00075241
07:40||467250500||351564||0.00075241
07:41||467250500||351564||0.00075241
07:42||467250500||351564||0.00075241
07:43||467125500||351563||0.00075241
07:44||467125500||351563||0.00075241
07:45||467125500||351563||0.00075241
07:46||467125500||351563||0.00075241
07:47||467125500||351563||0.00075241
07:48||467351000||351564||0.00075241
07:49||467475000||351564||0.00075241
07:50||467477500||351564||0.00075241
07:51||467477500||351564||0.00075241
07:52||467477500||351564||0.00075241
07:53||467477500||351564||0.00075241
07:54||467477500||351564||0.00075241
07:55||467477500||351564||0.00075241
07:56||467477500||351564||0.00075241
07:57||467477500||351564||0.00075241
07:58||467477500||351564||0.00075241
07:59||467477500||351564||0.00075241
08:00||467477500||351564||0.00075241
08:01||467477500||351564||0.00075241
08:02||467477500||351564||0.00075241
08:03||467477500||351564||0.00075241
08:04||467477500||351564||0.00075241
08:05||467477500||351564||0.00075241
08:06||467477500||351564||0.00075241
08:07||467627500||351793||0.00075241
08:08||467555500||351793||0.00075241
08:09||467555500||351793||0.00075241
08:10||467555500||351793||0.00075241
08:11||467555500||351793||0.00075241
08:12||467555500||351793||0.00075241
08:13||467555500||351793||0.00075241
08:14||467555500||351793||0.00075241
08:15||467627500||351793||0.00075241
08:16||467627500||351793||0.00075241
08:17||467627500||351793||0.00075241
08:18||467627500||351793||0.00075241
08:19||467627500||351793||0.00075241
08:20||467627500||351793||0.00075241
08:21||467627500||351793||0.00075241
08:22||467627500||351793||0.00075241
08:23||467627500||351793||0.00075241
08:24||467627500||351793||0.00075241
08:25||467627500||351793||0.00075241
08:26||467773000||352120||0.00075241
08:27||467768000||352120||0.00075241
08:28||467768000||351793||0.00075241
08:29||467768000||351793||0.00075241
08:30||467768000||351793||0.00075241
08:31||467768000||351793||0.00075241
08:32||467773000||352120||0.00075241
08:33||467773000||352120||0.00075241
08:34||467988500||352120||0.00075241
08:35||467988500||352120||0.00075241
08:36||467988500||352120||0.00075241
08:37||467988500||352120||0.00075241
08:38||467989500||352120||0.00075241
08:39||467989500||352120||0.00075241
08:40||467989500||352120||0.00075241
08:41||467989500||352120||0.00075241
08:42||467999500||352120||0.00075241
08:43||467999500||352120||0.00075241
08:44||467999500||352120||0.00075241
08:45||467999500||352120||0.00075241
08:46||467999500||352120||0.00075241
08:47||468250000||352127||0.00075241
08:48||468250000||352127||0.00075241
08:49||468250000||352127||0.00075241
08:50||468250000||352127||0.00075241
08:51||468250000||352127||0.00075241
08:52||468250000||352127||0.00075241
08:53||468250000||352127||0.00075241
08:54||468250000||352127||0.00075241
08:55||468250000||352127||0.00075241
08:56||468250000||352127||0.00075241
08:57||468250000||352127||0.00075241
08:58||468250000||352127||0.00075241
08:59||468250000||352127||0.00075241
09:00||468250000||352504||0.00075241
09:01||468250500||352504||0.00075241
09:02||468254500||352504||0.00075241
09:03||468254500||352504||0.00075241
09:04||468255000||352504||0.00075241
09:05||468255000||352504||0.00075241
09:06||468255000||352504||0.00075241
09:07||468255000||352504||0.00075241
09:08||468255000||352504||0.00075241
09:09||468255000||352504||0.00075241
09:10||468255000||352504||0.00075241
09:11||468255000||352504||0.00075241
09:12||468753000||353376||0.00075241
09:13||469754500||354761||0.00075241
09:14||470061000||355137||0.00075241
09:15||470060500||355136||0.00075241
09:16||469811500||354761||0.00075241
09:17||469311500||354008||0.00075241
09:18||469061500||353632||0.00075241
09:19||469250000||352504||0.00075241
09:20||469254500||352504||0.00075241
09:21||469254500||353631||0.00075241
09:22||469257000||353631||0.00075241
09:23||469257500||353631||0.00075241
09:24||469259500||353631||0.00075241
09:25||469259000||353631||0.00075241
09:26||469274000||352541||0.00075241
09:27||469275000||352541||0.00075241
09:28||469275500||352541||0.00075241
09:29||469325000||353557||0.00075241
09:30||469325500||353557||0.00075241
09:31||469325500||353557||0.00075241
09:32||469325000||353557||0.00075241
09:33||469325000||353557||0.00075241
09:34||469799500||353557||0.00075241
09:35||469320000||353481||0.00075241
09:36||469273500||353431||0.00075241
09:37||469499500||353431||0.00075241
09:38||469249000||353255||0.00075241
09:39||469248500||352880||0.00075241
09:40||469248000||353254||0.00075241
09:41||469245000||353248||0.00075241
09:42||469240500||353248||0.00075241
09:43||469235500||353233||0.00075241
09:44||469235500||353233||0.00075241
09:45||469235500||353233||0.00075241
09:46||469235500||353233||0.00075241
09:47||469235500||353233||0.00075241
09:48||469235500||353233||0.00075241
09:49||469469500||353233||0.00075241
09:50||469469500||353233||0.00075241
09:51||469469500||353233||0.00075241
09:52||469469500||353233||0.00075241
09:53||469469500||353233||0.00075241
09:54||469469500||353233||0.00075241
09:55||469469500||353233||0.00075241
09:56||469469500||353233||0.00075241
09:57||469469500||353233||0.00075241
09:58||469469500||353233||0.00075241
09:59||469469500||353233||0.00075241
10:00||469469500||353233||0.00075241
10:01||469469500||353233||0.00075241
10:02||469583500||353404||0.00075241
10:03||469698500||353405||0.00075241
10:04||469698500||353405||0.00075241
10:05||469698500||353405||0.00075241
10:06||469698500||353406||0.00075241
10:07||469698500||353406||0.00075241
10:08||469698500||353406||0.00075241
10:09||469698500||353406||0.00075241
10:10||469698500||353406||0.00075241
10:11||469698500||353405||0.00075241
10:12||469698500||353406||0.00075241
10:13||469698500||353406||0.00075241
10:14||469698500||353406||0.00075241
10:15||469698500||353406||0.00075241
10:16||469698500||353406||0.00075241
10:17||469748000||353480||0.00075241
10:18||469748000||353480||0.00075241
10:19||469797500||353480||0.00075241
10:20||469797500||353480||0.00075241
10:21||469797500||353480||0.00075241
10:22||469797500||353480||0.00075241
10:23||469797500||353480||0.00075241
10:24||469570000||353405||0.00075241
10:25||469470500||353405||0.00075241
10:26||469470500||353405||0.00075241
10:27||469210500||353233||0.00075241
10:28||469210500||353233||0.00075241
10:29||469099000||353027||0.00075241
10:30||469002500||353027||0.00075241
10:31||469002500||353027||0.00075241
10:32||469002500||353027||0.00075241
10:33||469002500||352882||0.00075241
10:34||469002500||352882||0.00075241
10:35||469002500||352882||0.00075241
10:36||469001500||352881||0.00075241
10:37||469001500||352881||0.00075241
10:38||468525000||352541||0.00075241
10:39||468525000||352541||0.00075241
10:40||468525000||352530||0.00075241
10:41||468525000||352530||0.00075241
10:42||468325500||352512||0.00075241
10:43||468325500||352512||0.00075241
10:44||468325500||352512||0.00075241
10:45||468326000||352512||0.00075241
10:46||468326000||352512||0.00075241
10:47||468326000||352512||0.00075241
10:48||468326000||352512||0.00075241
10:49||468326000||352512||0.00075241
10:50||468327000||352512||0.00075241
10:51||468510500||352511||0.00075241
10:52||468510500||352511||0.00075241
10:53||468510500||352512||0.00075241
10:54||468510500||352512||0.00075241
10:55||468510500||352512||0.00075241
10:56||468510500||352512||0.00075241
10:57||468510500||352512||0.00075241
10:58||468510500||352511||0.00075241
10:59||468510500||352511||0.00075241
11:00||468510500||352512||0.00075241
11:01||468510500||352512||0.00075241
11:02||468510500||352512||0.00075241
11:03||468510500||352512||0.00075241
11:04||468510500||352512||0.00075241
11:05||468510500||352512||0.00075241
11:06||468510500||352512||0.00075241
11:07||468510500||352511||0.00075241
11:08||468510500||352511||0.00075241
11:09||468510500||352511||0.00075241
11:10||468510500||352511||0.00075241
11:11||468510500||352511||0.00075241
11:12||468510500||352512||0.00075241
11:13||468510500||352512||0.00075241
11:14||468510500||352512||0.00075241
11:15||468510500||352512||0.00075241
11:16||469380000||353632||0.00075241
11:17||469362500||353632||0.00075241
11:18||470098000||353632||0.00075241
11:19||470000500||353632||0.00075241
11:20||470000500||353632||0.00075241
11:21||470000500||353632||0.00075241
11:22||470000500||353633||0.00075241
11:23||470100000||353783||0.00075241
11:24||470245000||354008||0.00075241
11:25||470000500||353633||0.00075241
11:26||470448500||354385||0.00075241
11:27||470633500||354209||0.00075241
11:28||470500500||354209||0.00075241
11:29||470500500||354209||0.00075241
11:30||470500500||354009||0.00075241
11:31||470500500||354009||0.00075241
11:32||471299500||354610||0.00075241
11:33||471299500||354610||0.00075241
11:34||470275000||354761||0.00075241
11:35||470275000||354761||0.00075241
11:36||470581000||355137||0.00075241
11:37||470501000||352926||0.00075241
11:38||470256500||352926||0.00075241
11:39||469781000||352926||0.00075241
11:40||469781000||352926||0.00075241
11:41||469796000||352926||0.00075241
11:42||469796000||352926||0.00075241
11:43||469796000||352949||0.00075241
11:44||470046000||354385||0.00075241
11:45||470500000||354385||0.00075241
11:46||470500000||354385||0.00075241
11:47||470500000||354385||0.00075241
11:48||470500000||354385||0.00075241
11:49||470950000||354385||0.00075241
11:50||470950000||354385||0.00075241
11:51||470950000||354385||0.00075241
11:52||470950000||354385||0.00075241
11:53||470949500||354385||0.00075241
11:54||470900500||354761||0.00075241
11:55||470900500||354761||0.00075241
11:56||470900500||354310||0.00075241
11:57||470900500||354310||0.00075241
11:58||470900500||354310||0.00075241
11:59||471200000||354761||0.00075241
12:00||471200500||354761||0.00075241
12:01||471200500||354761||0.00075241
12:02||471199500||354761||0.00075241
12:03||471200000||354761||0.00075241
12:04||471200000||354761||0.00075241
12:05||471198500||354309||0.00075241
12:06||471198000||354309||0.00075241
12:07||471198000||354759||0.00075241
12:08||471198500||354759||0.00075241
12:09||471198500||354759||0.00075241
12:10||471199000||354759||0.00075241
12:11||471201000||354761||0.00075241
12:12||471400000||355060||0.00075241
12:13||471401500||355060||0.00075241
12:14||471401500||355060||0.00075241
12:15||471401500||355060||0.00075241
12:16||471455000||355060||0.00075241
12:17||471455000||355060||0.00075241
12:18||471445000||355137||0.00075241
12:19||471200000||355137||0.00075241
12:20||471201500||355137||0.00075241
12:21||471299500||355137||0.00075241
12:22||471299500||354610||0.00075241
12:23||471299500||354610||0.00075241
12:24||471299500||354610||0.00075241
12:25||471299500||354610||0.00075241
12:26||471299500||354610||0.00075241
12:27||471299500||354610||0.00075241
12:28||471299500||354610||0.00075241
12:29||471299500||354610||0.00075241
12:30||471299500||354610||0.00075241
12:31||471299500||354610||0.00075241
12:32||471299500||354610||0.00075241
12:33||471299500||354610||0.00075241
12:34||471299500||354610||0.00075241
12:35||471815000||354761||0.00075241
12:36||471649500||354761||0.00075241
12:37||472124500||355325||0.00075241
12:38||472886000||355813||0.00075241
12:39||472394500||354635||0.00075241
12:40||471416500||355865||0.00075241
12:41||471399500||355865||0.00075241
12:42||471750500||354761||0.00075241
12:43||471990500||355498||0.00075241
12:44||471745500||355498||0.00075241
12:45||471436000||354762||0.00075241
12:46||471149000||354686||0.00075241
12:47||470182000||354309||0.00075241
12:48||470182500||354276||0.00075241
12:49||470185000||354276||0.00075241
12:50||470201000||354276||0.00075241
12:51||470264500||354276||0.00075241
12:52||470677500||353645||0.00075241
12:53||470500500||353645||0.00075241
12:54||470691500||354009||0.00075241
12:55||470691500||354009||0.00075241
12:56||470852500||354535||0.00075241
12:57||470975000||354535||0.00075241
12:58||470975000||354535||0.00075241
12:59||470966500||354535||0.00075241
13:00||470771000||354672||0.00075241
13:01||470771000||354672||0.00075241
13:02||470064000||354009||0.00075241
13:03||470055500||353388||0.00075241
13:04||470218000||353960||0.00075241
13:05||470218000||353960||0.00075241
13:06||470218000||353960||0.00075241
13:07||470218000||353960||0.00075241
13:08||470218000||353960||0.00075241
13:09||469821500||353608||0.00075241
13:10||470201500||353960||0.00075241
13:11||470202000||353960||0.00075241
13:12||470226500||353973||0.00075241
13:13||470226500||353973||0.00075241
13:14||470226500||353973||0.00075241
13:15||470226000||353973||0.00075241
13:16||470226000||353973||0.00075241
13:17||470226000||353633||0.00075241
13:18||470226500||353633||0.00075241
13:19||470225500||353972||0.00075241
13:20||470228500||353972||0.00075241
13:21||470228500||353972||0.00075241
13:22||470228500||353972||0.00075241
13:23||470228500||353972||0.00075241
13:24||470228500||353972||0.00075241
13:25||470228500||353637||0.00075241
13:26||470231500||353637||0.00075241
13:27||470231500||353640||0.00075241
13:28||470225000||353640||0.00075241
13:29||470231500||353972||0.00075241
13:30||470231500||353972||0.00075241
13:31||470231500||353972||0.00075241
13:32||470232500||353973||0.00075241
13:33||470232500||353973||0.00075241
13:34||470680000||353973||0.00075241
13:35||471342500||354644||0.00075241
13:36||471342500||354644||0.00075241
13:37||471342500||354644||0.00075241
13:38||471342500||354644||0.00075241
13:39||471342500||354644||0.00075241
13:40||471342500||354640||0.00075241
13:41||471343500||354644||0.00075241
13:42||471343500||354644||0.00075241
13:43||471343500||354644||0.00075241
13:44||471344500||354644||0.00075241
13:45||471344500||354644||0.00075241
13:46||471344500||354643||0.00075241
13:47||471343500||354642||0.00075241
13:48||471343500||354644||0.00075241
13:49||471343500||354644||0.00075241
13:50||471343500||354644||0.00075241
13:51||471343500||354644||0.00075241
13:52||471343500||354644||0.00075241
13:53||471342500||354643||0.00075241
13:54||471342500||354643||0.00075241
13:55||471342500||354643||0.00075241
13:56||471342500||354643||0.00075241
13:57||471342500||354643||0.00075241
13:58||471342500||354642||0.00075241
13:59||471342500||354643||0.00075241
14:00||473171000||357394||0.00075241
14:01||472923500||355889||0.00075241
14:02||472923500||355889||0.00075241
14:03||472919000||357017||0.00075241
14:04||472919000||357011||0.00075241
14:05||472918500||357011||0.00075241
14:06||472919500||357011||0.00075241
14:07||472919500||354648||0.00075241
14:08||472919500||357010||0.00075241
14:09||472919500||357010||0.00075241
14:10||472919500||357010||0.00075241
14:11||472919500||357010||0.00075241
14:12||472919500||357010||0.00075241
14:13||472920500||357011||0.00075241
14:14||472920000||357011||0.00075241
14:15||472920000||357011||0.00075241
14:16||472773000||354649||0.00075241
14:17||472773000||354649||0.00075241
14:18||472772500||356785||0.00075241
14:19||472774500||356785||0.00075241
14:20||472775000||356785||0.00075241
14:21||472774500||356785||0.00075241
14:22||472774500||356785||0.00075241
14:23||472778500||356785||0.00075241
14:24||472434500||356784||0.00075241
14:25||471999500||356784||0.00075241
14:26||471999500||356784||0.00075241
14:27||471999500||356784||0.00075241
14:28||471999500||355137||0.00075241
14:29||471999500||355136||0.00075241
14:30||471117500||354640||0.00075241
14:31||471098500||354640||0.00075241
14:32||471097000||354640||0.00075241
14:33||471097000||354640||0.00075241
14:34||471081000||354640||0.00075241
14:35||471229000||354640||0.00075241
14:36||471080500||353786||0.00075241
14:37||471082500||355104||0.00075241
14:38||471082500||355104||0.00075241
14:39||471082500||355104||0.00075241
14:40||471081000||355104||0.00075241
14:41||471079000||355102||0.00075241
14:42||471079500||355099||0.00075241
14:43||471085500||355099||0.00075241
14:44||471085500||355099||0.00075241
14:45||471091000||355099||0.00075241
14:46||470615000||355099||0.00075241
14:47||470615000||355099||0.00075241
14:48||471251000||354385||0.00075241
14:49||471251000||354761||0.00075241
14:50||471251000||354761||0.00075241
14:51||471376000||355099||0.00075241
14:52||471376000||354949||0.00075241
14:53||471126000||354949||0.00075241
14:54||471126000||354573||0.00075241
14:55||471126000||354573||0.00075241
14:56||471250500||354761||0.00075241
14:57||471250500||354761||0.00075241
14:58||471250500||354761||0.00075241
14:59||471250500||354760||0.00075241
15:00||471250000||354760||0.00075241
15:01||471300500||354760||0.00075241
15:02||471176000||354760||0.00075241
15:03||470776000||353858||0.00075241
15:04||470301000||353859||0.00075241
15:05||470301000||353858||0.00075241
15:06||470750000||354565||0.00075241
15:07||470745000||354565||0.00075241
15:08||470745000||354565||0.00075241
15:09||470750500||354385||0.00075241
15:10||470749500||354385||0.00075241
15:11||471125000||354573||0.00075241
15:12||471248000||354759||0.00075241
15:13||471497000||354758||0.00075241
15:14||471249500||354759||0.00075241
15:15||471249500||354759||0.00075241
15:16||471249500||354385||0.00075241
15:17||471249500||354385||0.00075241
15:18||471306500||354753||0.00075241
15:19||471310500||354759||0.00075241
15:20||471310500||354759||0.00075241
15:21||471310500||354759||0.00075241
15:22||471316500||354761||0.00075241
15:23||471311500||354477||0.00075241
15:24||471305500||354761||0.00075241
15:25||471305500||354752||0.00075241
15:26||471311000||354759||0.00075241
15:27||471123500||354478||0.00075241
15:28||471310500||354759||0.00075241
15:29||471310500||354759||0.00075241
15:30||471311500||354759||0.00075241
15:31||471311500||354759||0.00075241
15:32||471437500||354949||0.00075241
15:33||471439000||354949||0.00075241
15:34||471439000||354949||0.00075241
15:35||471539500||355099||0.00075241
15:36||471539500||355099||0.00075241
15:37||471544000||355102||0.00075241
15:38||471544000||355102||0.00075241
15:39||471576500||355102||0.00075241
15:40||471601500||355102||0.00075241
15:41||471602500||354573||0.00075241
15:42||471602000||354573||0.00075241
15:43||471602000||355101||0.00075241
15:44||471604000||355102||0.00075241
15:45||471607000||355102||0.00075241
15:46||471607000||355102||0.00075241
15:47||471605500||354579||0.00075241
15:48||471604500||354579||0.00075241
15:49||471604500||354581||0.00075241
15:50||471605500||355099||0.00075241
15:51||471606500||355099||0.00075241
15:52||471607500||355099||0.00075241
15:53||471612500||355099||0.00075241
15:54||471612500||355099||0.00075241
15:55||471612500||355099||0.00075241
15:56||471605500||354581||0.00075241
15:57||471607500||354581||0.00075241
15:58||471607500||355098||0.00075241
15:59||471607500||355098||0.00075241
16:00||471607500||355098||0.00075241
16:01||471576500||354535||0.00075241
16:02||471576500||355100||0.00075241
16:03||471576500||354535||0.00075241
16:04||471577500||355102||0.00075241
16:05||471577500||355102||0.00075241
16:06||471577000||354537||0.00075241
16:07||471537500||354477||0.00075241
16:08||471537000||355100||0.00075241
16:09||471537000||355100||0.00075241
16:10||471537000||355100||0.00075241
16:11||471537000||354477||0.00075241
16:12||471537000||355100||0.00075241
16:13||471536500||355100||0.00075241
16:14||471537500||355099||0.00075241
16:15||471538000||355099||0.00075241
16:16||471538000||355099||0.00075241
16:17||471538000||355099||0.00075241
16:18||471538000||354479||0.00075241
16:19||471540000||355099||0.00075241
16:20||471541000||355099||0.00075241
16:21||471525000||355062||0.00075241
16:22||471527500||355062||0.00075241
16:23||471527500||355062||0.00075241
16:24||471537500||355062||0.00075241
16:25||471537500||354516||0.00075241
16:26||471563500||355099||0.00075241
16:27||471714000||355099||0.00075241
16:28||471540500||355099||0.00075241
16:29||471540500||355099||0.00075241
16:30||471540500||354483||0.00075241
16:31||471439500||355099||0.00075241
16:32||471440000||355099||0.00075241
16:33||471440000||354482||0.00075241
16:34||471441000||354948||0.00075241
16:35||471441000||354948||0.00075241
16:36||471440000||354947||0.00075241
16:37||471440000||354947||0.00075241
16:38||471442000||354947||0.00075241
16:39||471546000||355101||0.00075241
16:40||471548500||355101||0.00075241
16:41||471549000||355102||0.00075241
16:42||471549000||355102||0.00075241
16:43||471556500||354497||0.00075241
16:44||471559000||355102||0.00075241
16:45||471581500||355102||0.00075241
16:46||471587000||355102||0.00075241
16:47||471577500||355062||0.00075241
16:48||471580000||355062||0.00075241
16:49||471582000||355062||0.00075241
16:50||471599500||355061||0.00075241
16:51||471604500||354618||0.00075241
16:52||471615000||354618||0.00075241
16:53||471619500||355062||0.00075241
16:54||471644500||355099||0.00075241
16:55||471651500||355102||0.00075241
16:56||471654000||355102||0.00075241
16:57||471927000||355512||0.00075241
16:58||471927000||354652||0.00075241
16:59||471937500||355513||0.00075241
17:00||471937500||355513||0.00075241
17:01||471656000||355513||0.00075241
17:02||471656000||355090||0.00075241
17:03||471656000||355090||0.00075241
17:04||471657500||355090||0.00075241
17:05||472189000||354670||0.00075241
17:06||472189000||355889||0.00075241
17:07||472189000||355889||0.00075241
17:08||472189500||355889||0.00075241
17:09||472220000||355880||0.00075241
17:10||472220000||355880||0.00075241
17:11||472220000||355880||0.00075241
17:12||472219500||355880||0.00075241
17:13||472219000||355879||0.00075241
17:14||472219000||354725||0.00075241
17:15||472177500||354723||0.00075241
17:16||472177500||354723||0.00075241
17:17||472174500||355814||0.00075241
17:18||472174500||354723||0.00075241
17:19||472174500||354723||0.00075241
17:20||471725500||354723||0.00075241
17:21||471726000||355137||0.00075241
17:22||472067500||354725||0.00075241
17:23||472067000||354725||0.00075241
17:24||472066000||354725||0.00075241
17:25||471965500||354725||0.00075241
17:26||471965500||354725||0.00075241
17:27||471965500||354725||0.00075241
17:28||471965000||354725||0.00075241
17:29||471965000||354725||0.00075241
17:30||471965000||354725||0.00075241
17:31||471965000||354725||0.00075241
17:32||471965000||354725||0.00075241
17:33||471965000||355494||0.00075241
17:34||471965000||355494||0.00075241
17:35||471965000||354727||0.00075241
17:36||471965000||354727||0.00075241
17:37||471965000||354727||0.00075241
17:38||471965000||354727||0.00075241
17:39||471927500||354727||0.00075241
17:40||471927500||354727||0.00075241
17:41||471927500||354727||0.00075241
17:42||471927500||354727||0.00075241
17:43||471928000||354727||0.00075241
17:44||471928000||355438||0.00075241
17:45||471928000||355438||0.00075241
17:46||471456500||355438||0.00075241
17:47||471927500||355437||0.00075241
17:48||471928500||355437||0.00075241
17:49||471928500||355437||0.00075241
17:50||471928000||355437||0.00075241
17:51||471457500||354729||0.00075241
17:52||471457500||355435||0.00075241
17:53||471457500||354729||0.00075241
17:54||471457500||354728||0.00075241
17:55||471458500||354729||0.00075241
17:56||471479000||354761||0.00075241
17:57||471603500||354948||0.00075241
17:58||471604000||354948||0.00075241
17:59||471624500||354948||0.00075241
18:00||471624500||354948||0.00075241
18:01||471624500||354948||0.00075241
18:02||471624500||354948||0.00075241
18:03||471624500||354948||0.00075241
18:04||471627000||354948||0.00075241
18:05||471627000||354948||0.00075241
18:06||471748500||354948||0.00075241
18:07||471748500||354947||0.00075241
18:08||471748500||354947||0.00075241
18:09||471671500||354765||0.00075241
18:10||471747500||354765||0.00075241
18:11||471747500||354765||0.00075241
18:12||471747500||354765||0.00075241
18:13||471748000||354948||0.00075241
18:14||471748000||354948||0.00075241
18:15||471748000||354948||0.00075241
18:16||471748000||354948||0.00075241
18:17||471748500||354948||0.00075241
18:18||471880000||354949||0.00075241
18:19||471998500||354949||0.00075241
18:20||472194000||355430||0.00075241
18:21||472194000||355430||0.00075241
18:22||472194000||355430||0.00075241
18:23||472194000||355430||0.00075241
18:24||472194000||355430||0.00075241
18:25||472194000||355430||0.00075241
18:26||472120000||355430||0.00075241
18:27||471999500||355136||0.00075241
18:28||472122500||355318||0.00075241
18:29||472122500||355141||0.00075241
18:30||472174000||355318||0.00075241
18:31||472174000||355318||0.00075241
18:32||472172500||355318||0.00075241
18:33||472172500||355318||0.00075241
18:34||472172500||355318||0.00075241
18:35||472052000||355318||0.00075241
18:36||472118500||355318||0.00075241
18:37||472100000||355318||0.00075241
18:38||472100000||355288||0.00075241
18:39||472100000||355288||0.00075241
18:40||472119500||355288||0.00075241
18:41||472120500||355318||0.00075241
18:42||472101500||355288||0.00075241
18:43||472117500||355138||0.00075241
18:44||472117500||355138||0.00075241
18:45||472117500||355313||0.00075241
18:46||472120500||355318||0.00075241
18:47||472121500||355139||0.00075241
18:48||472121000||355139||0.00075241
18:49||472126500||355325||0.00075241
18:50||472126500||355325||0.00075241
18:51||472121500||355318||0.00075241
18:52||472120500||355138||0.00075241
18:53||472238000||355430||0.00075241
18:54||472249500||355325||0.00075241
18:55||472362000||355494||0.00075241
18:56||472362000||355494||0.00075241
18:57||472362500||355494||0.00075241
18:58||472362500||355494||0.00075241
18:59||472362500||355494||0.00075241
19:00||472362500||355494||0.00075241
19:01||472362500||355494||0.00075241
19:02||472361500||355324||0.00075241
19:03||472361500||355324||0.00075241
19:04||472361500||355324||0.00075241
19:05||472361500||355324||0.00075241
19:06||472361500||355324||0.00075241
19:07||472361500||355324||0.00075241
19:08||472361500||355324||0.00075241
19:09||472424000||355324||0.00075241
19:10||472424000||355324||0.00075241
19:11||472424000||355324||0.00075241
19:12||472423500||355324||0.00075241
19:13||472423500||355324||0.00075241
19:14||472423500||355324||0.00075241
19:15||472423500||355324||0.00075241
19:16||472423500||355324||0.00075241
19:17||472361500||355326||0.00075241
19:18||472361500||355326||0.00075241
19:19||472362000||355326||0.00075241
19:20||472362000||355326||0.00075241
19:21||472362000||355326||0.00075241
19:22||472362000||355326||0.00075241
19:23||472250500||355326||0.00075241
19:24||472250500||355326||0.00075241
19:25||472250500||355326||0.00075241
19:26||472250500||355325||0.00075241
19:27||472361500||355492||0.00075241
19:28||472362500||355492||0.00075241
19:29||472362500||355492||0.00075241
19:30||472362500||355492||0.00075241
19:31||472362000||355492||0.00075241
19:32||472361500||355492||0.00075241
19:33||472361000||355492||0.00075241
19:34||472361000||355492||0.00075241
19:35||472361500||355492||0.00075241
19:36||472361500||355492||0.00075241
19:37||472361500||355492||0.00075241
19:38||472361500||355492||0.00075241
19:39||472361500||355492||0.00075241
19:40||472361500||355492||0.00075241
19:41||472360500||355326||0.00075241
19:42||472360500||355326||0.00075241
19:43||472359500||355491||0.00075241
19:44||472360500||355491||0.00075241
19:45||472361000||355490||0.00075241
19:46||472255500||355490||0.00075241
19:47||472255500||355490||0.00075241
19:48||472255500||355330||0.00075241
19:49||472255500||355330||0.00075241
19:50||472255500||355330||0.00075241
19:51||472255500||355330||0.00075241
19:52||472255500||355330||0.00075241
19:53||472255500||355330||0.00075241
19:54||472255500||355330||0.00075241
19:55||472255500||355330||0.00075241
19:56||472255500||355330||0.00075241
19:57||472255500||355330||0.00075241
19:58||472255500||355330||0.00075241
19:59||472255500||355330||0.00075241
20:00||472468500||355330||0.00075241
20:01||472608500||355701||0.00075241
20:02||472874500||355701||0.00075241
20:03||472874500||355881||0.00075241
20:04||472728000||355881||0.00075241
20:05||472728500||355881||0.00075241
20:06||472988500||355880||0.00075241
20:07||472988500||355880||0.00075241
20:08||472729500||355881||0.00075241
20:09||472610000||355881||0.00075241
20:10||472625000||355881||0.00075241
20:11||472625000||355701||0.00075241
20:12||472625000||355701||0.00075241
20:13||472625000||355513||0.00075241
20:14||472625000||355701||0.00075241
20:15||472625000||355701||0.00075241
20:16||472625500||355701||0.00075241
20:17||472625500||355514||0.00075241
20:18||472500500||355514||0.00075241
20:19||472625000||355701||0.00075241
20:20||472624500||355701||0.00075241
20:21||472624500||355701||0.00075241
20:22||472625000||355701||0.00075241
20:23||472625500||355701||0.00075241
20:24||472625500||355701||0.00075241
20:25||472630500||355701||0.00075241
20:26||472630500||355701||0.00075241
20:27||472634000||355523||0.00075241
20:28||472639000||355880||0.00075241
20:29||472749500||355701||0.00075241
20:30||472749500||355701||0.00075241
20:31||472750500||355880||0.00075241
20:32||472751000||355880||0.00075241
20:33||472632000||355880||0.00075241
20:34||472753500||355880||0.00075241
20:35||472734500||355880||0.00075241
20:36||472734500||355528||0.00075241
20:37||472734500||355528||0.00075241
20:38||472754000||355881||0.00075241
20:39||472988500||355881||0.00075241
20:40||472988500||355881||0.00075241
20:41||472750500||355880||0.00075241
20:42||472749500||355880||0.00075241
20:43||472749500||355879||0.00075241
20:44||472988500||355881||0.00075241
20:45||472988500||355881||0.00075241
20:46||472988500||355880||0.00075241
20:47||473136500||355889||0.00075241
20:48||473261500||356266||0.00075241
20:49||473999500||356642||0.00075241
20:50||473999500||356641||0.00075241
20:51||473999500||356641||0.00075241
20:52||473266000||356641||0.00075241
20:53||473443500||356642||0.00075241
20:54||473503500||355895||0.00075241
20:55||473999500||356641||0.00075241
20:56||473999500||356642||0.00075241
20:57||473999500||356641||0.00075241
20:58||473999500||356642||0.00075241
20:59||473999500||356642||0.00075241
21:00||473999500||356641||0.00075241
21:01||473999500||356641||0.00075241
21:02||473999500||356642||0.00075241
21:03||473999500||356642||0.00075241
21:04||474249500||357018||0.00075241
21:05||474249500||357018||0.00075241
21:06||473999500||357545||0.00075241
21:07||473999500||356641||0.00075241
21:08||473999500||356641||0.00075241
21:09||473999500||356641||0.00075241
21:10||473999500||356641||0.00075241
21:11||473999500||356641||0.00075241
21:12||473999500||356641||0.00075241
21:13||473999500||356641||0.00075241
21:14||473999500||356642||0.00075241
21:15||473999500||356642||0.00075241
21:16||473999500||356641||0.00075241
21:17||473999500||356641||0.00075241
21:18||473999500||356642||0.00075241
21:19||473999500||356642||0.00075241
21:20||473999500||356642||0.00075241
21:21||473999500||356642||0.00075241
21:22||473750000||356642||0.00075241
21:23||473750000||356642||0.00075241
21:24||473750000||356642||0.00075241
21:25||473750000||356642||0.00075241
21:26||473755000||356642||0.00075241
21:27||473755000||356642||0.00075241
21:28||473755000||356642||0.00075241
21:29||473755000||356642||0.00075241
21:30||473755000||356642||0.00075241
21:31||473755000||356642||0.00075241
21:32||473765000||356642||0.00075241
21:33||473765000||356288||0.00075241
21:34||473765000||356642||0.00075241
21:35||473765000||356642||0.00075241
21:36||473750000||356642||0.00075241
21:37||473749500||356641||0.00075241
21:38||473749000||356640||0.00075241
21:39||473740000||356640||0.00075241
21:40||473500500||356627||0.00075241
21:41||473500500||356627||0.00075241
21:42||473500500||356266||0.00075241
21:43||473500500||356266||0.00075241
21:44||473500500||356266||0.00075241
21:45||473325500||355702||0.00075241
21:46||473325500||356567||0.00075241
21:47||473325500||355702||0.00075241
21:48||473325500||355702||0.00075241
21:49||473325000||356566||0.00075241
21:50||473336500||355719||0.00075241
21:51||473336500||355719||0.00075241
21:52||473458000||355719||0.00075241
21:53||473458000||356565||0.00075241
21:54||473458000||356565||0.00075241
21:55||473467500||356565||0.00075241
21:56||473518500||356642||0.00075241
21:57||473518500||356642||0.00075241
21:58||473518500||356642||0.00075241
21:59||473037500||355918||0.00075241
22:00||473543500||356642||0.00075241
22:01||473543500||356642||0.00075241
22:02||473543000||356641||0.00075241
22:03||473543000||356641||0.00075241
22:04||473552500||356641||0.00075241
22:05||473552500||356641||0.00075241
22:06||473552000||356641||0.00075241
22:07||473543000||356627||0.00075241
22:08||473543000||356627||0.00075241
22:09||473543000||356627||0.00075241
22:10||473543000||355969||0.00075241
22:11||473534500||355969||0.00075241
22:12||473534500||355969||0.00075241
22:13||473525500||355969||0.00075241
22:14||473496000||355969||0.00075241
22:15||473496000||355971||0.00075241
22:16||473496000||355971||0.00075241
22:17||473108500||356542||0.00075241
22:18||473108500||356542||0.00075241
22:19||473108500||356542||0.00075241
22:20||473533500||356611||0.00075241
22:21||473535000||356611||0.00075241
22:22||473540000||356611||0.00075241
22:23||473531500||356611||0.00075241
22:24||473533500||356611||0.00075241
22:25||473525500||356611||0.00075241
22:26||473525500||356611||0.00075241
22:27||473507500||356611||0.00075241
22:28||473508000||356611||0.00075241
22:29||473507500||356611||0.00075241
22:30||473507500||356558||0.00075241
22:31||473446000||355969||0.00075241
22:32||473397000||355969||0.00075241
22:33||472784000||355564||0.00075241
22:34||472785000||355564||0.00075241
22:35||472790500||355139||0.00075241
22:36||472015500||355139||0.00075241
22:37||472775500||356316||0.00075241
22:38||472776000||356316||0.00075241
22:39||472861000||356316||0.00075241
22:40||472862000||356245||0.00075241
22:41||472862000||356245||0.00075241
22:42||472862000||356245||0.00075241
22:43||472862500||356245||0.00075241
22:44||472836500||356245||0.00075241
22:45||472836500||356205||0.00075241
22:46||472815000||356205||0.00075241
22:47||472815000||356205||0.00075241
22:48||472619000||356136||0.00075241
22:49||472276500||355363||0.00075241
22:50||472642500||355362||0.00075241
22:51||472348500||355436||0.00075241
22:52||472324500||355362||0.00075241
22:53||472324000||355362||0.00075241
22:54||472275500||355362||0.00075241
22:55||472276000||355327||0.00075241
22:56||472276000||355362||0.00075241
22:57||472130000||355325||0.00075241
22:58||471442000||355062||0.00075241
22:59||471442000||355062||0.00075241
23:00||471442000||355062||0.00075241
23:01||471442000||355062||0.00075241
23:02||471442000||355062||0.00075241
23:03||471245000||355062||0.00075241
23:04||470497000||354385||0.00075241
23:05||470000500||353633||0.00075241
23:06||470000500||353633||0.00075241
23:07||470490000||353633||0.00075241
23:08||469517000||353270||0.00075241
23:09||469517000||353270||0.00075241
23:10||470243000||353269||0.00075241
23:11||470243000||353269||0.00075241
23:12||470243500||353269||0.00075241
23:13||469876500||353809||0.00075241
23:14||469875000||353267||0.00075241
23:15||469259500||352883||0.00075241
23:16||469259500||353267||0.00075241
23:17||469255000||353267||0.00075241
23:18||469255000||353260||0.00075241
23:19||468836500||352881||0.00075241
23:20||468656500||352579||0.00075241
23:21||468274500||352511||0.00075241
23:22||468057000||352127||0.00075241
23:23||468516000||351942||0.00075241
23:24||467778000||351942||0.00075241
23:25||467778000||351942||0.00075241
23:26||467778000||351942||0.00075241
23:27||468028000||351793||0.00075241
23:28||467777500||351793||0.00075241
23:29||467652500||351939||0.00075241
23:30||467674500||351939||0.00075241
23:31||467600500||351826||0.00075241
23:32||467600500||351826||0.00075241
23:33||467600500||351827||0.00075241
23:34||467600500||351827||0.00075241
23:35||467600500||351827||0.00075241
23:36||467748500||351939||0.00075241
23:37||467881000||351939||0.00075241
23:38||467999500||352127||0.00075241
23:39||467999500||352127||0.00075241
23:40||467999500||352127||0.00075241
23:41||468254500||352503||0.00075241
23:42||468254500||352503||0.00075241
23:43||468303500||352504||0.00075241
23:44||468499500||352504||0.00075241
23:45||468499500||352504||0.00075241
23:46||468499500||352504||0.00075241
23:47||468499500||352504||0.00075241
23:48||468499500||352503||0.00075241
23:49||468499500||352503||0.00075241
23:50||468499500||352503||0.00075241
23:51||468499500||352503||0.00075241
23:52||468499500||352504||0.00075241
23:53||468499500||352504||0.00075241
23:54||468499500||352504||0.00075241
23:55||468499500||352504||0.00075241
23:56||468499500||352504||0.00075241
23:57||468499500||352504||0.00075241
23:58||468499500||352504||0.00075241
23:59||468499500||352504||0.00075241
