00:00||519551500||389865||0.00075241
00:01||519551500||389865||0.00075241
00:02||519551500||389865||0.00075241
00:03||519551500||389865||0.00075241
00:04||519551500||389865||0.00075241
00:05||519551500||389865||0.00075241
00:06||517292000||389865||0.00075241
00:07||517292000||389865||0.00075241
00:08||517292000||389865||0.00075241
00:09||517292000||389865||0.00075241
00:10||517292000||389865||0.00075241
00:11||517292000||389865||0.00075241
00:12||517292000||389865||0.00075241
00:13||517292000||389865||0.00075241
00:14||517292000||389865||0.00075241
00:15||517292000||389865||0.00075241
00:16||517292000||389811||0.00075241
00:17||517292000||389811||0.00075241
00:18||517292000||389811||0.00075241
00:19||517292000||389811||0.00075241
00:20||517292000||389811||0.00075241
00:21||517292000||389811||0.00075241
00:22||517292000||389811||0.00075241
00:23||517292000||389811||0.00075241
00:24||517292000||389811||0.00075241
00:25||517292000||389811||0.00075241
00:26||517292000||389811||0.00075241
00:27||517292000||389811||0.00075241
00:28||517292000||389811||0.00075241
00:29||517292000||389811||0.00075241
00:30||517292000||389811||0.00075241
00:31||517292000||389811||0.00075241
00:32||517292000||389811||0.00075241
00:33||517292000||389811||0.00075241
00:34||517292000||389811||0.00075241
00:35||518215000||389811||0.00075241
00:36||518215000||389811||0.00075241
00:37||518215000||389811||0.00075241
00:38||518215000||389811||0.00075241
00:39||518215000||389811||0.00075241
00:40||518215000||389811||0.00075241
00:41||518180000||389811||0.00075241
00:42||518180000||388619||0.00075241
00:43||518180000||388619||0.00075241
00:44||518180000||388619||0.00075241
00:45||518180000||388619||0.00075241
00:46||518180000||388619||0.00075241
00:47||518180000||388619||0.00075241
00:48||518180000||388619||0.00075241
00:49||518180000||391147||0.00075241
00:50||518180000||391147||0.00075241
00:51||518180000||391147||0.00075241
00:52||518180000||391147||0.00075241
00:53||518180000||391147||0.00075241
00:54||518180000||391147||0.00075241
00:55||518180000||391147||0.00075241
00:56||518180000||391147||0.00075241
00:57||518180000||391147||0.00075241
00:58||518180000||391147||0.00075241
00:59||518180000||391147||0.00075241
01:00||518180000||391147||0.00075241
01:01||518180000||391147||0.00075241
01:02||518180000||391147||0.00075241
01:03||518180000||391147||0.00075241
01:04||518180000||391147||0.00075241
01:05||515760000||388619||0.00075241
01:06||515760000||388619||0.00075241
01:07||515760000||388619||0.00075241
01:08||515760000||388619||0.00075241
01:09||515760000||388619||0.00075241
01:10||515760000||388619||0.00075241
01:11||515760000||388619||0.00075241
01:12||515760000||388619||0.00075241
01:13||515760000||388619||0.00075241
01:14||515760000||388619||0.00075241
01:15||515760000||388619||0.00075241
01:16||515760000||388619||0.00075241
01:17||514681000||385986||0.00075241
01:18||514681000||385986||0.00075241
01:19||514681000||385986||0.00075241
01:20||514681000||385986||0.00075241
01:21||514681000||385986||0.00075241
01:22||514681000||385986||0.00075241
01:23||514681000||385986||0.00075241
01:24||514681000||385986||0.00075241
01:25||514681000||385986||0.00075241
01:26||514681000||388515||0.00075241
01:27||514681000||388515||0.00075241
01:28||514681000||388515||0.00075241
01:29||514681000||388515||0.00075241
01:30||514681500||388515||0.00075241
01:31||514681500||388515||0.00075241
01:32||514681500||388515||0.00075241
01:33||514681000||388515||0.00075241
01:34||514681500||388515||0.00075241
01:35||514681500||388515||0.00075241
01:36||514681500||388515||0.00075241
01:37||514681500||388515||0.00075241
01:38||514681500||388515||0.00075241
01:39||514681500||388515||0.00075241
01:40||514681500||388515||0.00075241
01:41||514681500||388515||0.00075241
01:42||514681500||388515||0.00075241
01:43||514681500||388515||0.00075241
01:44||514681500||388515||0.00075241
01:45||514681500||388515||0.00075241
01:46||514681500||388515||0.00075241
01:47||514681500||388515||0.00075241
01:48||514681500||388515||0.00075241
01:49||514681500||388515||0.00075241
01:50||514681500||388515||0.00075241
01:51||514681500||388515||0.00075241
01:52||514681500||388515||0.00075241
01:53||514681500||388515||0.00075241
01:54||514681500||388515||0.00075241
01:55||514681500||388515||0.00075241
01:56||514681500||388515||0.00075241
01:57||514681500||388515||0.00075241
01:58||514681500||388515||0.00075241
01:59||514681500||388515||0.00075241
02:00||514681500||388515||0.00075241
02:01||514681500||388515||0.00075241
02:02||514681500||388515||0.00075241
02:03||514681500||388515||0.00075241
02:04||514681500||388515||0.00075241
02:05||514681500||388515||0.00075241
02:06||514681500||388515||0.00075241
02:07||514681500||388515||0.00075241
02:08||514681500||388515||0.00075241
02:09||514682500||388515||0.00075241
02:10||514682500||388515||0.00075241
02:11||514682500||388515||0.00075241
02:12||514682500||388515||0.00075241
02:13||514682500||388515||0.00075241
02:14||514682500||388515||0.00075241
02:15||514682500||388515||0.00075241
02:16||514682500||388515||0.00075241
02:17||514682500||388515||0.00075241
02:18||514682500||388515||0.00075241
02:19||514682500||388515||0.00075241
02:20||514682500||388515||0.00075241
02:21||514682500||388515||0.00075241
02:22||515941500||388515||0.00075241
02:23||516001500||388515||0.00075241
02:24||516001500||388515||0.00075241
02:25||516001500||388515||0.00075241
02:26||516001500||388515||0.00075241
02:27||516001500||388515||0.00075241
02:28||516001500||388515||0.00075241
02:29||516001500||388515||0.00075241
02:30||516001500||388515||0.00075241
02:31||516001500||390500||0.00075241
02:32||515941500||390500||0.00075241
02:33||515941500||390500||0.00075241
02:34||515941500||390500||0.00075241
02:35||515941500||390500||0.00075241
02:36||515941500||390500||0.00075241
02:37||515941500||390500||0.00075241
02:38||515941500||390500||0.00075241
02:39||515941500||390500||0.00075241
02:40||516001500||390500||0.00075241
02:41||516001500||390500||0.00075241
02:42||516001500||390500||0.00075241
02:43||516431500||391253||0.00075241
02:44||516431500||391253||0.00075241
02:45||516431500||391253||0.00075241
02:46||516431500||391253||0.00075241
02:47||516431500||391253||0.00075241
02:48||516431500||391253||0.00075241
02:49||516436000||391253||0.00075241
02:50||516436000||391253||0.00075241
02:51||516436000||391253||0.00075241
02:52||516436000||391253||0.00075241
02:53||516436000||391253||0.00075241
02:54||516436000||391253||0.00075241
02:55||516436000||391253||0.00075241
02:56||516436000||391253||0.00075241
02:57||516436000||391253||0.00075241
02:58||516436000||391253||0.00075241
02:59||516436000||391253||0.00075241
03:00||516506000||391253||0.00075241
03:01||516506000||391253||0.00075241
03:02||516506000||391253||0.00075241
03:03||516506000||391253||0.00075241
03:04||516506000||391253||0.00075241
03:05||516506000||391253||0.00075241
03:06||516506000||391253||0.00075241
03:07||516506000||391253||0.00075241
03:08||516506000||391253||0.00075241
03:09||516506000||391253||0.00075241
03:10||516506000||391253||0.00075241
03:11||516506000||391253||0.00075241
03:12||516506000||391253||0.00075241
03:13||516436000||391253||0.00075241
03:14||516436000||391253||0.00075241
03:15||516436000||391253||0.00075241
03:16||516436000||391253||0.00075241
03:17||516436000||391253||0.00075241
03:18||516436000||391253||0.00075241
03:19||516436000||391253||0.00075241
03:20||516436000||391253||0.00075241
03:21||516436000||391253||0.00075241
03:22||516436000||391253||0.00075241
03:23||516436000||391253||0.00075241
03:24||516436000||391253||0.00075241
03:25||516436000||391253||0.00075241
03:26||516436000||391253||0.00075241
03:27||516436000||391253||0.00075241
03:28||516436000||391253||0.00075241
03:29||516436000||391253||0.00075241
03:30||516436000||391253||0.00075241
03:31||516436000||391253||0.00075241
03:32||516436000||391147||0.00075241
03:33||516436000||391147||0.00075241
03:34||516436000||391147||0.00075241
03:35||516436000||391147||0.00075241
03:36||516436000||391147||0.00075241
03:37||516436000||391147||0.00075241
03:38||516436000||391147||0.00075241
03:39||516203500||391147||0.00075241
03:40||515946000||391147||0.00075241
03:41||515746000||391147||0.00075241
03:42||515746000||391147||0.00075241
03:43||515746000||391147||0.00075241
03:44||516436000||391253||0.00075241
03:45||516437000||391253||0.00075241
03:46||516437000||391253||0.00075241
03:47||516507500||391253||0.00075241
03:48||516507500||391253||0.00075241
03:49||516507500||391253||0.00075241
03:50||516507500||391253||0.00075241
03:51||516507500||391253||0.00075241
03:52||516509500||391253||0.00075241
03:53||516509500||391253||0.00075241
03:54||516509500||391253||0.00075241
03:55||516509500||391253||0.00075241
03:56||516509500||391253||0.00075241
03:57||516510000||391253||0.00075241
03:58||516510000||391253||0.00075241
03:59||516510000||391253||0.00075241
04:00||516510000||391253||0.00075241
04:01||516511500||391253||0.00075241
04:02||516511500||391253||0.00075241
04:03||516511000||391253||0.00075241
04:04||516511000||391253||0.00075241
04:05||516511000||391253||0.00075241
04:06||516511500||391253||0.00075241
04:07||516511500||391253||0.00075241
04:08||516511500||391253||0.00075241
04:09||516511500||391253||0.00075241
04:10||516512500||391253||0.00075241
04:11||516512500||391253||0.00075241
04:12||516512500||391253||0.00075241
04:13||516442500||391253||0.00075241
04:14||516443000||391253||0.00075241
04:15||516443000||391253||0.00075241
04:16||516443000||391253||0.00075241
04:17||516443000||391253||0.00075241
04:18||516443000||391253||0.00075241
04:19||516443000||391253||0.00075241
04:20||516443000||391253||0.00075241
04:21||516443000||391253||0.00075241
04:22||516455000||391253||0.00075241
04:23||516455000||391253||0.00075241
04:24||516480000||391253||0.00075241
04:25||516480000||391253||0.00075241
04:26||516480000||391253||0.00075241
04:27||516480500||391253||0.00075241
04:28||516480500||391253||0.00075241
04:29||516480500||391253||0.00075241
04:30||516480500||391253||0.00075241
04:31||516480500||391253||0.00075241
04:32||516480500||391253||0.00075241
04:33||516480500||391253||0.00075241
04:34||516481500||391253||0.00075241
04:35||516481500||391147||0.00075241
04:36||516481500||391147||0.00075241
04:37||516481500||391147||0.00075241
04:38||516481500||391147||0.00075241
04:39||516481500||391147||0.00075241
04:40||516481500||391147||0.00075241
04:41||516481500||391147||0.00075241
04:42||516481500||391147||0.00075241
04:43||516481500||391147||0.00075241
04:44||516481500||391147||0.00075241
04:45||516481500||391147||0.00075241
04:46||516481500||391147||0.00075241
04:47||516481500||391147||0.00075241
04:48||516481500||391147||0.00075241
04:49||516481500||391147||0.00075241
04:50||516481500||391147||0.00075241
04:51||516481500||391147||0.00075241
04:52||516411500||391147||0.00075241
04:53||516413000||391147||0.00075241
04:54||516861000||391147||0.00075241
04:55||516861000||391147||0.00075241
04:56||516861000||391147||0.00075241
04:57||516803500||391147||0.00075241
04:58||516803500||391147||0.00075241
04:59||516803500||391147||0.00075241
05:00||516803500||391147||0.00075241
05:01||516803500||391147||0.00075241
05:02||516803500||391147||0.00075241
05:03||516803500||391147||0.00075241
05:04||516803500||391147||0.00075241
05:05||516803500||391147||0.00075241
05:06||516803500||391147||0.00075241
05:07||516803500||391147||0.00075241
05:08||516803500||391147||0.00075241
05:09||516355000||391147||0.00075241
05:10||516355000||391147||0.00075241
05:11||516355000||391147||0.00075241
05:12||516353000||391147||0.00075241
05:13||516354000||391147||0.00075241
05:14||516356000||391147||0.00075241
05:15||516356000||391147||0.00075241
05:16||516356000||391147||0.00075241
05:17||516356000||391147||0.00075241
05:18||516356000||391147||0.00075241
05:19||516378500||391147||0.00075241
05:20||516378500||391147||0.00075241
05:21||516378500||391147||0.00075241
05:22||516378500||391147||0.00075241
05:23||516378500||391147||0.00075241
05:24||516378500||391147||0.00075241
05:25||516378500||391147||0.00075241
05:26||516378500||391147||0.00075241
05:27||516378500||391147||0.00075241
05:28||516378500||391147||0.00075241
05:29||516378500||391147||0.00075241
05:30||516378500||391147||0.00075241
05:31||516380000||391147||0.00075241
05:32||516380000||391147||0.00075241
05:33||516380000||391147||0.00075241
05:34||516380000||391147||0.00075241
05:35||516380000||391147||0.00075241
05:36||516380000||391147||0.00075241
05:37||516380000||391147||0.00075241
05:38||516380000||391147||0.00075241
05:39||516380000||391147||0.00075241
05:40||516380000||391147||0.00075241
05:41||516380000||391147||0.00075241
05:42||516380000||391147||0.00075241
05:43||516380000||391147||0.00075241
05:44||516380000||391147||0.00075241
05:45||516380000||391147||0.00075241
05:46||516380000||390955||0.00075241
05:47||516381000||390955||0.00075241
05:48||516382000||390955||0.00075241
05:49||516383000||390955||0.00075241
05:50||516383000||390955||0.00075241
05:51||516383000||390955||0.00075241
05:52||516383000||390955||0.00075241
05:53||516383000||390955||0.00075241
05:54||516383000||390955||0.00075241
05:55||516383000||390955||0.00075241
05:56||516383000||390955||0.00075241
05:57||516383000||390955||0.00075241
05:58||516383000||390955||0.00075241
05:59||513509000||386629||0.00075241
06:00||513509000||386629||0.00075241
06:01||512683500||385802||0.00075241
06:02||512194500||385693||0.00075241
06:03||512195500||385241||0.00075241
06:04||512195500||385519||0.00075241
06:05||512195500||385519||0.00075241
06:06||512195500||385519||0.00075241
06:07||512195500||385519||0.00075241
06:08||512195500||385519||0.00075241
06:09||512194500||385519||0.00075241
06:10||512194500||385519||0.00075241
06:11||512194500||385519||0.00075241
06:12||512194500||385519||0.00075241
06:13||513965000||385519||0.00075241
06:14||513965000||385519||0.00075241
06:15||513965000||388183||0.00075241
06:16||514005000||388183||0.00075241
06:17||513965000||388183||0.00075241
06:18||513965500||388183||0.00075241
06:19||513000500||388183||0.00075241
06:20||514508500||388198||0.00075241
06:21||514508500||388198||0.00075241
06:22||514509000||388198||0.00075241
06:23||515459000||389748||0.00075241
06:24||515459000||389748||0.00075241
06:25||515460000||389748||0.00075241
06:26||515460000||389748||0.00075241
06:27||515460000||389748||0.00075241
06:28||515460000||389748||0.00075241
06:29||515460000||389748||0.00075241
06:30||515460000||389748||0.00075241
06:31||515460000||389748||0.00075241
06:32||515460000||389748||0.00075241
06:33||515460000||389748||0.00075241
06:34||515460000||389748||0.00075241
06:35||515700000||389748||0.00075241
06:36||513745000||389748||0.00075241
06:37||513260500||386363||0.00075241
06:38||513260500||386363||0.00075241
06:39||513260500||386363||0.00075241
06:40||513260500||386363||0.00075241
06:41||513260500||386363||0.00075241
06:42||512756500||386363||0.00075241
06:43||512756500||386363||0.00075241
06:44||512764000||386363||0.00075241
06:45||512764000||386363||0.00075241
06:46||512764000||386363||0.00075241
06:47||512764000||386363||0.00075241
06:48||512764000||386363||0.00075241
06:49||512764000||386363||0.00075241
06:50||512764000||386363||0.00075241
06:51||512764000||386363||0.00075241
06:52||512764000||386363||0.00075241
06:53||512764000||386363||0.00075241
06:54||513013500||386363||0.00075241
06:55||513013500||386363||0.00075241
06:56||512994000||386363||0.00075241
06:57||512994000||386363||0.00075241
06:58||512994500||386363||0.00075241
06:59||512994500||386363||0.00075241
07:00||512994500||386363||0.00075241
07:01||512994500||386363||0.00075241
07:02||512994500||386363||0.00075241
07:03||512994000||386709||0.00075241
07:04||512994000||386709||0.00075241
07:05||513013500||386709||0.00075241
07:06||512994000||386709||0.00075241
07:07||512994000||386709||0.00075241
07:08||511659000||385233||0.00075241
07:09||510737000||383732||0.00075241
07:10||510737000||383732||0.00075241
07:11||510737000||383732||0.00075241
07:12||510752000||383732||0.00075241
07:13||510737000||383732||0.00075241
07:14||510737000||383732||0.00075241
07:15||510766500||383732||0.00075241
07:16||510737500||383732||0.00075241
07:17||510737500||383732||0.00075241
07:18||510737500||383732||0.00075241
07:19||510737500||383732||0.00075241
07:20||510737500||383732||0.00075241
07:21||510737500||383732||0.00075241
07:22||510737500||383732||0.00075241
07:23||510737500||383732||0.00075241
07:24||510737500||383732||0.00075241
07:25||510738000||383732||0.00075241
07:26||510738000||383732||0.00075241
07:27||510738000||383732||0.00075241
07:28||510738000||383732||0.00075241
07:29||509668000||383729||0.00075241
07:30||509668000||383729||0.00075241
07:31||509835500||383729||0.00075241
07:32||509835500||383605||0.00075241
07:33||509835500||383605||0.00075241
07:34||509835500||383604||0.00075241
07:35||509835500||383604||0.00075241
07:36||509835500||383604||0.00075241
07:37||509835500||383604||0.00075241
07:38||510651000||384832||0.00075241
07:39||510651000||384832||0.00075241
07:40||510651000||384832||0.00075241
07:41||510651000||384832||0.00075241
07:42||510651000||384832||0.00075241
07:43||510652000||383604||0.00075241
07:44||510652000||383604||0.00075241
07:45||510652000||383604||0.00075241
07:46||510651000||383604||0.00075241
07:47||510651000||383604||0.00075241
07:48||510651000||384832||0.00075241
07:49||510651500||384832||0.00075241
07:50||510651500||384832||0.00075241
07:51||511934500||384857||0.00075241
07:52||512519500||387491||0.00075241
07:53||515496000||387491||0.00075241
07:54||515995000||388236||0.00075241
07:55||512810500||388236||0.00075241
07:56||514561500||390497||0.00075241
07:57||514561500||390498||0.00075241
07:58||515251000||390498||0.00075241
07:59||514500000||390498||0.00075241
08:00||515500000||388995||0.00075241
08:01||515450000||388995||0.00075241
08:02||513579500||383821||0.00075241
08:03||513595500||384023||0.00075241
08:04||513612500||384023||0.00075241
08:05||514652500||384023||0.00075241
08:06||515036000||384023||0.00075241
08:07||515105000||384023||0.00075241
08:08||514352000||384023||0.00075241
08:09||514966000||388770||0.00075241
08:10||514652500||388770||0.00075241
08:11||514966500||388770||0.00075241
08:12||514966500||388770||0.00075241
08:13||515231500||388770||0.00075241
08:14||515378000||388770||0.00075241
08:15||515378000||388770||0.00075241
08:16||515378000||388770||0.00075241
08:17||514929000||388770||0.00075241
08:18||516554500||390494||0.00075241
08:19||517076500||390494||0.00075241
08:20||517076500||390494||0.00075241
08:21||517076500||390494||0.00075241
08:22||517076500||390494||0.00075241
08:23||517076500||390494||0.00075241
08:24||517076500||390494||0.00075241
08:25||516658000||390494||0.00075241
08:26||517999500||390494||0.00075241
08:27||517999500||390494||0.00075241
08:28||517999500||390494||0.00075241
08:29||517999500||390494||0.00075241
08:30||517999500||390494||0.00075241
08:31||517999500||390494||0.00075241
08:32||517999500||390494||0.00075241
08:33||517999500||390494||0.00075241
08:34||517999500||390494||0.00075241
08:35||517999500||390494||0.00075241
08:36||517999500||390494||0.00075241
08:37||517999500||390494||0.00075241
08:38||517999500||390494||0.00075241
08:39||517999500||390494||0.00075241
08:40||517999500||390494||0.00075241
08:41||517999500||390494||0.00075241
08:42||517999500||390494||0.00075241
08:43||517999500||390494||0.00075241
08:44||517999500||390494||0.00075241
08:45||517999500||390494||0.00075241
08:46||517999500||389748||0.00075241
08:47||517999500||389748||0.00075241
08:48||517999500||389748||0.00075241
08:49||517999500||389747||0.00075241
08:50||517999500||389747||0.00075241
08:51||517999500||389747||0.00075241
08:52||517999500||389747||0.00075241
08:53||517999500||389747||0.00075241
08:54||517999500||389747||0.00075241
08:55||517000000||388243||0.00075241
08:56||517000000||388243||0.00075241
08:57||517000000||388243||0.00075241
08:58||517000000||388243||0.00075241
08:59||517000000||388243||0.00075241
09:00||517000000||388243||0.00075241
09:01||517000000||388243||0.00075241
09:02||517000000||389748||0.00075241
09:03||517000000||389748||0.00075241
09:04||517000000||389748||0.00075241
09:05||517000000||389748||0.00075241
09:06||517000000||389748||0.00075241
09:07||517000000||389748||0.00075241
09:08||517000000||389748||0.00075241
09:09||517000000||389748||0.00075241
09:10||517000000||389748||0.00075241
09:11||517000000||389748||0.00075241
09:12||517000000||389748||0.00075241
09:13||517000000||389748||0.00075241
09:14||517500000||389748||0.00075241
09:15||517500000||389748||0.00075241
09:16||517500000||389748||0.00075241
09:17||517500000||389748||0.00075241
09:18||517500000||389748||0.00075241
09:19||517500000||389748||0.00075241
09:20||517500000||389748||0.00075241
09:21||517500000||389748||0.00075241
09:22||517250000||388619||0.00075241
09:23||517250000||388619||0.00075241
09:24||517250000||388619||0.00075241
09:25||517250000||388619||0.00075241
09:26||517250000||389748||0.00075241
09:27||517250000||389748||0.00075241
09:28||517249000||389748||0.00075241
09:29||517249000||389748||0.00075241
09:30||517249000||389748||0.00075241
09:31||517247500||389744||0.00075241
09:32||517199500||389744||0.00075241
09:33||517199500||389744||0.00075241
09:34||517198000||389744||0.00075241
09:35||517198000||389744||0.00075241
09:36||517198000||389744||0.00075241
09:37||517198000||389744||0.00075241
09:38||517198000||389744||0.00075241
09:39||517198000||389744||0.00075241
09:40||517198000||389744||0.00075241
09:41||517197500||389744||0.00075241
09:42||517196500||389744||0.00075241
09:43||517196500||389667||0.00075241
09:44||517196500||389669||0.00075241
09:45||517196500||389669||0.00075241
09:46||517196500||389669||0.00075241
09:47||517196500||389669||0.00075241
09:48||517196500||389669||0.00075241
09:49||517196500||389669||0.00075241
09:50||517196500||389669||0.00075241
09:51||515055000||385309||0.00075241
09:52||515055000||385309||0.00075241
09:53||515109500||385309||0.00075241
09:54||516444000||385309||0.00075241
09:55||516473000||385309||0.00075241
09:56||516944000||385309||0.00075241
09:57||516944000||385309||0.00075241
09:58||515836000||385309||0.00075241
09:59||515878000||385309||0.00075241
10:00||515878000||385309||0.00075241
10:01||515981500||385309||0.00075241
10:02||515981500||385309||0.00075241
10:03||515981500||385309||0.00075241
10:04||515942500||385309||0.00075241
10:05||515942500||386738||0.00075241
10:06||515887000||386738||0.00075241
10:07||515277000||386738||0.00075241
10:08||515277000||386738||0.00075241
10:09||515527000||387867||0.00075241
10:10||515527000||387867||0.00075241
10:11||515527000||387867||0.00075241
10:12||515999500||387867||0.00075241
10:13||516255000||388243||0.00075241
10:14||516255000||388619||0.00075241
10:15||516255000||388251||0.00075241
10:16||516255000||388251||0.00075241
10:17||516255000||388251||0.00075241
10:18||516255000||388251||0.00075241
10:19||516504500||388995||0.00075241
10:20||516503500||388995||0.00075241
10:21||516503500||388995||0.00075241
10:22||516503500||388995||0.00075241
10:23||516503500||388995||0.00075241
10:24||516503500||388995||0.00075241
10:25||516503500||388995||0.00075241
10:26||516503500||388995||0.00075241
10:27||516503500||388995||0.00075241
10:28||516503500||388995||0.00075241
10:29||516503500||388995||0.00075241
10:30||516503500||388995||0.00075241
10:31||516502000||388993||0.00075241
10:32||516502000||388993||0.00075241
10:33||516502000||388993||0.00075241
10:34||516502000||388993||0.00075241
10:35||516502000||388993||0.00075241
10:36||516502000||388993||0.00075241
10:37||516502000||388993||0.00075241
10:38||516502000||388993||0.00075241
10:39||516502000||388993||0.00075241
10:40||516502000||388993||0.00075241
10:41||516502000||388993||0.00075241
10:42||516502000||388993||0.00075241
10:43||516502000||388993||0.00075241
10:44||516502000||388992||0.00075241
10:45||516502000||388992||0.00075241
10:46||516502000||388992||0.00075241
10:47||516503000||388992||0.00075241
10:48||516503500||388992||0.00075241
10:49||516503500||388992||0.00075241
10:50||516503500||388992||0.00075241
10:51||516504500||388995||0.00075241
10:52||516504500||388995||0.00075241
10:53||516503500||388995||0.00075241
10:54||516503500||388995||0.00075241
10:55||516503500||388995||0.00075241
10:56||516503500||388995||0.00075241
10:57||516503500||388995||0.00075241
10:58||516503500||388995||0.00075241
10:59||516503500||388995||0.00075241
11:00||516503500||388995||0.00075241
11:01||516503500||388995||0.00075241
11:02||516503500||388995||0.00075241
11:03||516503500||388995||0.00075241
11:04||516010500||388995||0.00075241
11:05||516010500||388995||0.00075241
11:06||516010500||388995||0.00075241
11:07||516010500||388995||0.00075241
11:08||516010500||388995||0.00075241
11:09||516010500||388995||0.00075241
11:10||516010500||388251||0.00075241
11:11||516010500||388251||0.00075241
11:12||516010500||388251||0.00075241
11:13||516010500||388251||0.00075241
11:14||516499500||388995||0.00075241
11:15||516988500||388995||0.00075241
11:16||516988500||388995||0.00075241
11:17||516988500||388995||0.00075241
11:18||516988500||388995||0.00075241
11:19||516988500||388995||0.00075241
11:20||516988500||388995||0.00075241
11:21||516988500||388995||0.00075241
11:22||516988500||388995||0.00075241
11:23||516988500||388995||0.00075241
11:24||516988500||388995||0.00075241
11:25||516988500||388995||0.00075241
11:26||516988500||388995||0.00075241
11:27||516988500||388987||0.00075241
11:28||516988500||388987||0.00075241
11:29||516988500||388987||0.00075241
11:30||516988500||388987||0.00075241
11:31||516988500||388987||0.00075241
11:32||516988500||388987||0.00075241
11:33||516988500||388987||0.00075241
11:34||516988500||388987||0.00075241
11:35||516988500||388987||0.00075241
11:36||517355500||388995||0.00075241
11:37||517687000||389372||0.00075241
11:38||517749500||389372||0.00075241
11:39||517749500||389372||0.00075241
11:40||517763000||389372||0.00075241
11:41||517763000||389372||0.00075241
11:42||517749500||389559||0.00075241
11:43||517924000||389580||0.00075241
11:44||517999500||389748||0.00075241
11:45||518509000||390499||0.00075241
11:46||518997500||390499||0.00075241
11:47||518997500||390499||0.00075241
11:48||518997500||390499||0.00075241
11:49||518997500||390499||0.00075241
11:50||518997500||390499||0.00075241
11:51||518997500||390499||0.00075241
11:52||518997500||390499||0.00075241
11:53||518997500||390499||0.00075241
11:54||518997500||390499||0.00075241
11:55||518997500||390499||0.00075241
11:56||518997500||390499||0.00075241
11:57||518997500||390499||0.00075241
11:58||518997500||390499||0.00075241
11:59||518997500||390499||0.00075241
12:00||518997500||390499||0.00075241
12:01||518997500||390499||0.00075241
12:02||518997500||390499||0.00075241
12:03||518997500||390499||0.00075241
12:04||518997500||390499||0.00075241
12:05||518997500||390499||0.00075241
12:06||518997500||390499||0.00075241
12:07||518997500||390499||0.00075241
12:08||518997500||390499||0.00075241
12:09||518997500||390499||0.00075241
12:10||518997500||390499||0.00075241
12:11||518997500||390499||0.00075241
12:12||518997500||390499||0.00075241
12:13||518997500||390499||0.00075241
12:14||519504500||390500||0.00075241
12:15||519988500||390500||0.00075241
12:16||519988500||390500||0.00075241
12:17||519988500||390500||0.00075241
12:18||519988500||390500||0.00075241
12:19||519988500||390500||0.00075241
12:20||519988500||390500||0.00075241
12:21||519988500||390500||0.00075241
12:22||519988500||390500||0.00075241
12:23||519988500||390500||0.00075241
12:24||519988500||390500||0.00075241
12:25||519988500||390500||0.00075241
12:26||519988500||390500||0.00075241
12:27||519988500||390500||0.00075241
12:28||519988500||390500||0.00075241
12:29||519988500||390500||0.00075241
12:30||519988500||390500||0.00075241
12:31||519493500||391244||0.00075241
12:32||519493500||391244||0.00075241
12:33||519493500||391244||0.00075241
12:34||518844000||390500||0.00075241
12:35||518843500||390500||0.00075241
12:36||518864500||390500||0.00075241
12:37||518864500||390500||0.00075241
12:38||518864500||390500||0.00075241
12:39||518864500||390500||0.00075241
12:40||519452500||390500||0.00075241
12:41||519452500||390500||0.00075241
12:42||519452500||390500||0.00075241
12:43||519443500||390500||0.00075241
12:44||519443500||390500||0.00075241
12:45||519443000||390500||0.00075241
12:46||519400000||390500||0.00075241
12:47||519440000||390500||0.00075241
12:48||519440000||390500||0.00075241
12:49||519443000||391167||0.00075241
12:50||518865000||391167||0.00075241
12:51||518865000||391167||0.00075241
12:52||518865000||391167||0.00075241
12:53||518865000||391167||0.00075241
12:54||518864500||391167||0.00075241
12:55||518864500||391167||0.00075241
12:56||518864500||391167||0.00075241
12:57||518885000||391167||0.00075241
12:58||518885000||389661||0.00075241
12:59||518885000||389661||0.00075241
13:00||518885000||391165||0.00075241
13:01||518925500||391165||0.00075241
13:02||519004500||391165||0.00075241
13:03||518862000||391165||0.00075241
13:04||518862000||391165||0.00075241
13:05||518862000||391165||0.00075241
13:06||518862000||391165||0.00075241
13:07||518862000||391165||0.00075241
13:08||518862000||391165||0.00075241
13:09||518862000||391165||0.00075241
13:10||518862000||391165||0.00075241
13:11||518861000||391165||0.00075241
13:12||518421000||391165||0.00075241
13:13||518421000||391165||0.00075241
13:14||517922000||391165||0.00075241
13:15||517922000||391165||0.00075241
13:16||517922000||391165||0.00075241
13:17||517922000||391165||0.00075241
13:18||517844500||389631||0.00075241
13:19||517417000||388987||0.00075241
13:20||516644500||388987||0.00075241
13:21||516502500||388987||0.00075241
13:22||516017500||388255||0.00075241
13:23||516017500||388255||0.00075241
13:24||516017500||388255||0.00075241
13:25||516017500||388257||0.00075241
13:26||516017500||388257||0.00075241
13:27||516502500||388257||0.00075241
13:28||516502500||388257||0.00075241
13:29||516503000||388257||0.00075241
13:30||516503000||388257||0.00075241
13:31||516512500||388257||0.00075241
13:32||516512500||388257||0.00075241
13:33||516609000||388375||0.00075241
13:34||516988500||388375||0.00075241
13:35||516988500||388375||0.00075241
13:36||516988500||388375||0.00075241
13:37||516988500||388375||0.00075241
13:38||516988500||388375||0.00075241
13:39||516988500||388375||0.00075241
13:40||516988500||388987||0.00075241
13:41||516988500||388986||0.00075241
13:42||516988500||388986||0.00075241
13:43||516988500||388986||0.00075241
13:44||516988500||388986||0.00075241
13:45||516988500||388986||0.00075241
13:46||516988500||388986||0.00075241
13:47||516988500||388986||0.00075241
13:48||516988500||388986||0.00075241
13:49||516988500||388986||0.00075241
13:50||516988500||388986||0.00075241
13:51||516988500||388986||0.00075241
13:52||516988500||388986||0.00075241
13:53||516988500||388986||0.00075241
13:54||516988500||388986||0.00075241
13:55||516988500||388986||0.00075241
13:56||516988500||388986||0.00075241
13:57||516988500||388986||0.00075241
13:58||516988500||388986||0.00075241
13:59||516988500||388986||0.00075241
14:00||516988500||388986||0.00075241
14:01||516988500||388986||0.00075241
14:02||517416500||389631||0.00075241
14:03||517416500||389631||0.00075241
14:04||517416500||389631||0.00075241
14:05||517416500||389631||0.00075241
14:06||517416500||389631||0.00075241
14:07||517416500||389631||0.00075241
14:08||517416500||389631||0.00075241
14:09||517416500||389631||0.00075241
14:10||517416500||389631||0.00075241
14:11||517416500||389631||0.00075241
14:12||517416500||389631||0.00075241
14:13||517416500||389631||0.00075241
14:14||517416500||389631||0.00075241
14:15||517416500||389631||0.00075241
14:16||517416500||389631||0.00075241
14:17||517394000||389631||0.00075241
14:18||517394000||389631||0.00075241
14:19||517394000||389631||0.00075241
14:20||517394000||389631||0.00075241
14:21||517394000||389631||0.00075241
14:22||517400000||389631||0.00075241
14:23||517050000||389071||0.00075241
14:24||517400000||389071||0.00075241
14:25||517400000||389071||0.00075241
14:26||517400000||389071||0.00075241
14:27||517400000||389597||0.00075241
14:28||517400000||389597||0.00075241
14:29||517399500||389597||0.00075241
14:30||517399500||389597||0.00075241
14:31||517399500||389597||0.00075241
14:32||517299500||388986||0.00075241
14:33||517298500||388986||0.00075241
14:34||517299500||388986||0.00075241
14:35||517295000||389595||0.00075241
14:36||517295000||389595||0.00075241
14:37||517644000||389372||0.00075241
14:38||517646000||389372||0.00075241
14:39||517646000||389590||0.00075241
14:40||517641000||389590||0.00075241
14:41||517640500||389590||0.00075241
14:42||517601000||389590||0.00075241
14:43||517601000||389590||0.00075241
14:44||517601000||389590||0.00075241
14:45||517601000||389590||0.00075241
14:46||517601000||389590||0.00075241
14:47||517601000||389590||0.00075241
14:48||517601000||389590||0.00075241
14:49||517639500||389372||0.00075241
14:50||517640000||389372||0.00075241
14:51||517640000||389372||0.00075241
14:52||517640000||389372||0.00075241
14:53||517640000||389372||0.00075241
14:54||517640000||389582||0.00075241
14:55||517640000||389582||0.00075241
14:56||517640000||389582||0.00075241
14:57||517640000||389372||0.00075241
14:58||517640000||389372||0.00075241
14:59||517640000||389372||0.00075241
15:00||517640000||389372||0.00075241
15:01||517640000||389372||0.00075241
15:02||517640000||389372||0.00075241
15:03||517640000||389372||0.00075241
15:04||517640000||389372||0.00075241
15:05||517640000||389372||0.00075241
15:06||517640000||389372||0.00075241
15:07||517640000||389372||0.00075241
15:08||517640000||389582||0.00075241
15:09||517640000||389582||0.00075241
15:10||517640000||389582||0.00075241
15:11||517640000||389582||0.00075241
15:12||517640000||389582||0.00075241
15:13||517778500||389582||0.00075241
15:14||517778500||389582||0.00075241
15:15||517778500||389581||0.00075241
15:16||517778500||389581||0.00075241
15:17||517778500||389581||0.00075241
15:18||517778500||389581||0.00075241
15:19||517640000||389581||0.00075241
15:20||517640000||389581||0.00075241
15:21||517640000||389581||0.00075241
15:22||517640000||389581||0.00075241
15:23||517640000||389581||0.00075241
15:24||517640000||389581||0.00075241
15:25||517640000||389581||0.00075241
15:26||517640000||389581||0.00075241
15:27||517640000||389372||0.00075241
15:28||517640000||389372||0.00075241
15:29||517640000||389372||0.00075241
15:30||517640000||389372||0.00075241
15:31||517714500||389372||0.00075241
15:32||517639500||389372||0.00075241
15:33||517639500||389372||0.00075241
15:34||517639500||389372||0.00075241
15:35||517639500||389372||0.00075241
15:36||517639500||389372||0.00075241
15:37||517639500||389372||0.00075241
15:38||517639500||389372||0.00075241
15:39||517639500||389372||0.00075241
15:40||517639500||389372||0.00075241
15:41||517635000||389372||0.00075241
15:42||517635000||389372||0.00075241
15:43||517635000||389372||0.00075241
15:44||517639500||389575||0.00075241
15:45||517639500||389372||0.00075241
15:46||517639000||389372||0.00075241
15:47||517639000||389372||0.00075241
15:48||517639000||389372||0.00075241
15:49||517639500||389372||0.00075241
15:50||517639500||389372||0.00075241
15:51||517150000||389372||0.00075241
15:52||517200000||389372||0.00075241
15:53||517200000||388845||0.00075241
15:54||517200000||388845||0.00075241
15:55||517200000||388845||0.00075241
15:56||517010000||389161||0.00075241
15:57||517010000||389161||0.00075241
15:58||517010000||389161||0.00075241
15:59||517010000||389161||0.00075241
16:00||517010000||389161||0.00075241
16:01||517010000||389161||0.00075241
16:02||517150000||389446||0.00075241
16:03||517150000||389446||0.00075241
16:04||517150000||389446||0.00075241
16:05||517150000||389446||0.00075241
16:06||517149500||389446||0.00075241
16:07||517149500||389446||0.00075241
16:08||517149500||389446||0.00075241
16:09||517149500||389446||0.00075241
16:10||516754500||388251||0.00075241
16:11||516754500||388251||0.00075241
16:12||516754500||388251||0.00075241
16:13||516754000||389370||0.00075241
16:14||516754000||389370||0.00075241
16:15||516754000||389370||0.00075241
16:16||516754000||389370||0.00075241
16:17||516754000||389370||0.00075241
16:18||516754000||389370||0.00075241
16:19||516754000||389370||0.00075241
16:20||516754000||389370||0.00075241
16:21||516754000||389370||0.00075241
16:22||516754000||389370||0.00075241
16:23||516754000||389370||0.00075241
16:24||516754000||389370||0.00075241
16:25||516754000||389370||0.00075241
16:26||516754000||389370||0.00075241
16:27||516750000||389370||0.00075241
16:28||516750000||389370||0.00075241
16:29||516750000||389370||0.00075241
16:30||516750000||389364||0.00075241
16:31||516750000||389364||0.00075241
16:32||516750000||389364||0.00075241
16:33||516750000||389364||0.00075241
16:34||516750000||389364||0.00075241
16:35||516795000||389364||0.00075241
16:36||516790000||389364||0.00075241
16:37||516745000||389364||0.00075241
16:38||516745000||389364||0.00075241
16:39||516745000||389364||0.00075241
16:40||516010500||389364||0.00075241
16:41||516010500||389364||0.00075241
16:42||516010500||389364||0.00075241
16:43||516010500||389364||0.00075241
16:44||516010500||389364||0.00075241
16:45||516010500||389364||0.00075241
16:46||516010500||389364||0.00075241
16:47||516010500||388251||0.00075241
16:48||516010500||388251||0.00075241
16:49||516010500||388251||0.00075241
16:50||516010500||388251||0.00075241
16:51||516010500||388251||0.00075241
16:52||516010500||388251||0.00075241
16:53||516010500||388251||0.00075241
16:54||515527500||387156||0.00075241
16:55||515527500||387156||0.00075241
16:56||515527500||387156||0.00075241
16:57||515527500||387156||0.00075241
16:58||515527500||387156||0.00075241
16:59||515527500||387156||0.00075241
17:00||515527500||387156||0.00075241
17:01||515527500||387156||0.00075241
17:02||514750000||386072||0.00075241
17:03||514750000||386072||0.00075241
17:04||514750000||385986||0.00075241
17:05||514750000||385986||0.00075241
17:06||512780500||385986||0.00075241
17:07||512777500||385986||0.00075241
17:08||509750000||383729||0.00075241
17:09||511252000||380719||0.00075241
17:10||511252000||380719||0.00075241
17:11||510777000||380719||0.00075241
17:12||509999500||379967||0.00075241
17:13||507000000||379967||0.00075241
17:14||501000500||377408||0.00075241
17:15||501000500||376958||0.00075241
17:16||501000500||376958||0.00075241
17:17||501000500||376958||0.00075241
17:18||501000500||376958||0.00075241
17:19||501000500||376958||0.00075241
17:20||504773500||376958||0.00075241
17:21||502960000||376958||0.00075241
17:22||501980500||378432||0.00075241
17:23||501471000||378432||0.00075241
17:24||500770000||377665||0.00075241
17:25||499599500||376198||0.00075241
17:26||497440500||373196||0.00075241
17:27||497235000||375361||0.00075241
17:28||495591500||372888||0.00075241
17:29||499200500||372888||0.00075241
17:30||500959000||377709||0.00075241
17:31||499029500||377678||0.00075241
17:32||499050500||376913||0.00075241
17:33||500027500||377694||0.00075241
17:34||499057500||376176||0.00075241
17:35||499057500||374816||0.00075241
17:36||499099500||376203||0.00075241
17:37||498868000||376203||0.00075241
17:38||498651000||375452||0.00075241
17:39||498651000||375452||0.00075241
17:40||498651000||375452||0.00075241
17:41||498652500||375452||0.00075241
17:42||498693500||375452||0.00075241
17:43||499499500||375452||0.00075241
17:44||499499500||375452||0.00075241
17:45||499499500||375452||0.00075241
17:46||499499500||375452||0.00075241
17:47||500700000||375452||0.00075241
17:48||498905000||375452||0.00075241
17:49||498916500||375828||0.00075241
17:50||498905000||375828||0.00075241
17:51||498905000||375828||0.00075241
17:52||498893500||375828||0.00075241
17:53||498893500||375810||0.00075241
17:54||498893500||375810||0.00075241
17:55||498156000||374933||0.00075241
17:56||497456500||373646||0.00075241
17:57||497489000||374934||0.00075241
17:58||497531000||373697||0.00075241
17:59||497544500||374934||0.00075241
18:00||498124500||374934||0.00075241
18:01||497425500||374934||0.00075241
18:02||497413500||374934||0.00075241
18:03||497425000||374934||0.00075241
18:04||497500000||374934||0.00075241
18:05||497500500||374934||0.00075241
18:06||497500500||374700||0.00075241
18:07||497510500||374700||0.00075241
18:08||497999500||374700||0.00075241
18:09||497999500||374700||0.00075241
18:10||498749500||377551||0.00075241
18:11||499250000||377551||0.00075241
18:12||499764000||377332||0.00075241
18:13||499729500||377332||0.00075241
18:14||501215000||377332||0.00075241
18:15||499357500||376957||0.00075241
18:16||499811000||376957||0.00075241
18:17||501061000||376957||0.00075241
18:18||501000500||376957||0.00075241
18:19||501000500||376957||0.00075241
18:20||499740500||376943||0.00075241
18:21||498912500||376943||0.00075241
18:22||497755000||376943||0.00075241
18:23||497755000||375076||0.00075241
18:24||497990000||375076||0.00075241
18:25||497665500||373835||0.00075241
18:26||497990000||373835||0.00075241
18:27||497990000||375061||0.00075241
18:28||498000000||375061||0.00075241
18:29||498480000||375828||0.00075241
18:30||498480000||375828||0.00075241
18:31||498480000||375798||0.00075241
18:32||498480000||375798||0.00075241
18:33||498480000||375798||0.00075241
18:34||497264500||374323||0.00075241
18:35||497264500||374307||0.00075241
18:36||497264500||374307||0.00075241
18:37||498231500||375798||0.00075241
18:38||498231500||375798||0.00075241
18:39||498231500||375798||0.00075241
18:40||498207500||375798||0.00075241
18:41||498254000||375798||0.00075241
18:42||498475500||375798||0.00075241
18:43||497934500||373835||0.00075241
18:44||496833000||372932||0.00075241
18:45||496834000||372932||0.00075241
18:46||496857500||372932||0.00075241
18:47||497049500||372932||0.00075241
18:48||497826000||373317||0.00075241
18:49||497313500||374681||0.00075241
18:50||497313500||374681||0.00075241
18:51||497313500||374681||0.00075241
18:52||497313500||374681||0.00075241
18:53||497315000||374681||0.00075241
18:54||496327500||373688||0.00075241
18:55||497028500||373688||0.00075241
18:56||496527500||373195||0.00075241
18:57||496527500||373195||0.00075241
18:58||496968500||374681||0.00075241
18:59||496968500||374681||0.00075241
19:00||496968500||374681||0.00075241
19:01||496518500||374681||0.00075241
19:02||496001000||373196||0.00075241
19:03||496988500||373196||0.00075241
19:04||496969000||373195||0.00075241
19:05||496508500||373195||0.00075241
19:06||494020000||370254||0.00075241
19:07||492001000||370187||0.00075241
19:08||494518500||370187||0.00075241
19:09||494013000||370187||0.00075241
19:10||492001000||370187||0.00075241
19:11||492001000||370185||0.00075241
19:12||492001000||370187||0.00075241
19:13||493471000||370263||0.00075241
19:14||493024500||372059||0.00075241
19:15||492721500||372444||0.00075241
19:16||491954500||372444||0.00075241
19:17||492096000||372444||0.00075241
19:18||492204500||370938||0.00075241
19:19||492270000||369766||0.00075241
19:20||491727500||369817||0.00075241
19:21||491237500||369817||0.00075241
19:22||490747500||370163||0.00075241
19:23||490747500||370163||0.00075241
19:24||490747500||370163||0.00075241
19:25||490491000||368680||0.00075241
19:26||490501000||369418||0.00075241
19:27||490285000||369418||0.00075241
19:28||490634000||368882||0.00075241
19:29||490841000||368882||0.00075241
19:30||490841000||368882||0.00075241
19:31||490642500||368882||0.00075241
19:32||493148500||372387||0.00075241
19:33||493358000||372387||0.00075241
19:34||493358000||372387||0.00075241
19:35||493358000||372387||0.00075241
19:36||493421000||370027||0.00075241
19:37||492366500||370215||0.00075241
19:38||493687500||370561||0.00075241
19:39||493604000||370561||0.00075241
19:40||492530000||370561||0.00075241
19:41||492735000||370561||0.00075241
19:42||492920500||372154||0.00075241
19:43||493013000||369803||0.00075241
19:44||492850000||371653||0.00075241
19:45||492960000||371653||0.00075241
19:46||493066000||371653||0.00075241
19:47||493999500||371653||0.00075241
19:48||494307500||372154||0.00075241
19:49||494873500||372154||0.00075241
19:50||494745000||372154||0.00075241
19:51||494745000||372348||0.00075241
19:52||495915500||372348||0.00075241
19:53||495967000||372393||0.00075241
19:54||496044500||372393||0.00075241
19:55||497449000||372393||0.00075241
19:56||497244000||374610||0.00075241
19:57||496950000||374610||0.00075241
19:58||496745000||374610||0.00075241
19:59||496895000||374610||0.00075241
20:00||495953000||373940||0.00075241
20:01||496599500||374098||0.00075241
20:02||496611500||374098||0.00075241
20:03||496856500||374098||0.00075241
20:04||497198500||374097||0.00075241
20:05||499637000||374681||0.00075241
20:06||500627500||374681||0.00075241
20:07||497427500||377130||0.00075241
20:08||500612000||377107||0.00075241
20:09||501099500||377107||0.00075241
20:10||501000500||376958||0.00075241
20:11||501000500||376958||0.00075241
20:12||499755000||376205||0.00075241
20:13||499744500||376205||0.00075241
20:14||498765000||375828||0.00075241
20:15||499255000||375828||0.00075241
20:16||499000500||375828||0.00075241
20:17||497000000||375452||0.00075241
20:18||497290500||375452||0.00075241
20:19||495999500||373195||0.00075241
20:20||497714000||373195||0.00075241
20:21||496529500||373195||0.00075241
20:22||496735500||373239||0.00075241
20:23||496735500||373239||0.00075241
20:24||496735500||373239||0.00075241
20:25||497485500||373217||0.00075241
20:26||497440500||375363||0.00075241
20:27||496000500||375363||0.00075241
20:28||497441000||375407||0.00075241
20:29||496001500||375407||0.00075241
20:30||496001500||375407||0.00075241
20:31||496001500||375407||0.00075241
20:32||496001500||375407||0.00075241
20:33||496250500||373571||0.00075241
20:34||498455500||375385||0.00075241
20:35||498000500||375385||0.00075241
20:36||498000500||375385||0.00075241
20:37||495060500||370185||0.00075241
20:38||495609000||370185||0.00075241
20:39||495609000||370185||0.00075241
20:40||495609000||370185||0.00075241
20:41||495658000||370185||0.00075241
20:42||495887500||370185||0.00075241
20:43||497499500||370185||0.00075241
20:44||497761500||370185||0.00075241
20:45||497513500||370185||0.00075241
20:46||497524500||370185||0.00075241
20:47||497524500||370185||0.00075241
20:48||497524500||374342||0.00075241
20:49||497524500||374342||0.00075241
20:50||497524500||374342||0.00075241
20:51||497524500||374342||0.00075241
20:52||497524500||374342||0.00075241
20:53||497524500||374342||0.00075241
20:54||497524500||374342||0.00075241
20:55||497524500||374342||0.00075241
20:56||497767000||374350||0.00075241
20:57||497040000||374670||0.00075241
20:58||497098000||373398||0.00075241
20:59||496981000||373398||0.00075241
21:00||496981000||373398||0.00075241
21:01||496981000||374670||0.00075241
21:02||496000500||373196||0.00075241
21:03||496000500||373196||0.00075241
21:04||496000500||373196||0.00075241
21:05||496000500||373196||0.00075241
21:06||496000500||373196||0.00075241
21:07||496000500||373196||0.00075241
21:08||496000500||373196||0.00075241
21:09||496000500||373196||0.00075241
21:10||497998500||374699||0.00075241
21:11||497998500||374699||0.00075241
21:12||497998500||374699||0.00075241
21:13||497998500||374699||0.00075241
21:14||497998500||374698||0.00075241
21:15||497998500||374699||0.00075241
21:16||497998500||374699||0.00075241
21:17||497998500||374699||0.00075241
21:18||497998500||374699||0.00075241
21:19||498560500||374850||0.00075241
21:20||499196500||375828||0.00075241
21:21||499196500||375828||0.00075241
21:22||499046000||375828||0.00075241
21:23||498945500||375828||0.00075241
21:24||498945500||375372||0.00075241
21:25||498945500||375372||0.00075241
21:26||498945500||375372||0.00075241
21:27||498945500||375372||0.00075241
21:28||498996000||375527||0.00075241
21:29||499046000||375372||0.00075241
21:30||499046000||375372||0.00075241
21:31||499046000||375372||0.00075241
21:32||499196000||375828||0.00075241
21:33||499196000||375828||0.00075241
21:34||499196000||375828||0.00075241
21:35||499196000||375828||0.00075241
21:36||499196000||375828||0.00075241
21:37||499196000||375828||0.00075241
21:38||499196000||375828||0.00075241
21:39||499196500||375372||0.00075241
21:40||499196500||375372||0.00075241
21:41||498996500||375372||0.00075241
21:42||498996500||375372||0.00075241
21:43||499196000||375372||0.00075241
21:44||499498500||375372||0.00075241
21:45||499498500||375372||0.00075241
21:46||499498500||375372||0.00075241
21:47||499498500||375372||0.00075241
21:48||499499000||375828||0.00075241
21:49||499499000||375828||0.00075241
21:50||499499000||375828||0.00075241
21:51||499499000||375828||0.00075241
21:52||499498500||375828||0.00075241
21:53||499498500||375828||0.00075241
21:54||499498500||375828||0.00075241
21:55||499498500||375828||0.00075241
21:56||499498500||375828||0.00075241
21:57||499498500||375828||0.00075241
21:58||499498500||375828||0.00075241
21:59||499498500||375828||0.00075241
22:00||500553500||376205||0.00075241
22:01||501178500||376958||0.00075241
22:02||501189500||376958||0.00075241
22:03||501189500||377100||0.00075241
22:04||503112000||378086||0.00075241
22:05||503112000||378988||0.00075241
22:06||503112000||378988||0.00075241
22:07||503100000||378988||0.00075241
22:08||503086500||378970||0.00075241
22:09||503306000||378140||0.00075241
22:10||504174500||379778||0.00075241
22:11||503611000||379724||0.00075241
22:12||504339000||379724||0.00075241
22:13||504000500||379724||0.00075241
22:14||504350000||379215||0.00075241
22:15||504343000||379215||0.00075241
22:16||504343000||379215||0.00075241
22:17||504586000||379730||0.00075241
22:18||504725000||379741||0.00075241
22:19||507352000||379967||0.00075241
22:20||506960000||379967||0.00075241
22:21||506510000||379967||0.00075241
22:22||506555000||381441||0.00075241
22:23||506555000||381441||0.00075241
22:24||506555000||381441||0.00075241
22:25||506441000||381441||0.00075241
22:26||506441000||381441||0.00075241
22:27||505431000||379214||0.00075241
22:28||505431000||379214||0.00075241
22:29||505431500||379214||0.00075241
22:30||504750000||379214||0.00075241
22:31||504750000||379214||0.00075241
22:32||504750000||379214||0.00075241
22:33||505485000||380320||0.00075241
22:34||504765500||380320||0.00075241
22:35||505999500||380343||0.00075241
22:36||506391500||380343||0.00075241
22:37||506699500||380343||0.00075241
22:38||506699500||380343||0.00075241
22:39||506699500||380343||0.00075241
22:40||506699500||380343||0.00075241
22:41||506349500||380343||0.00075241
22:42||506349500||380343||0.00075241
22:43||505350500||380343||0.00075241
22:44||505350500||380343||0.00075241
22:45||505350500||380343||0.00075241
22:46||505350500||380343||0.00075241
22:47||505377500||380343||0.00075241
22:48||505350500||379256||0.00075241
22:49||505350500||379256||0.00075241
22:50||505350500||381246||0.00075241
22:51||505323000||381246||0.00075241
22:52||505323000||381246||0.00075241
22:53||505323000||381204||0.00075241
22:54||505274500||381131||0.00075241
22:55||505274500||381131||0.00075241
22:56||505274500||381131||0.00075241
22:57||505274500||381131||0.00075241
22:58||504245500||381131||0.00075241
22:59||504050500||381131||0.00075241
23:00||504027000||381131||0.00075241
23:01||504027000||381131||0.00075241
23:02||504027500||381131||0.00075241
23:03||504027000||381131||0.00075241
23:04||504027000||381131||0.00075241
23:05||504027000||381131||0.00075241
23:06||504027000||381131||0.00075241
23:07||504001500||381131||0.00075241
23:08||504001500||381131||0.00075241
23:09||504001500||379216||0.00075241
23:10||504001500||379216||0.00075241
23:11||504001500||379216||0.00075241
23:12||504001500||379216||0.00075241
23:13||505262000||379593||0.00075241
23:14||505262000||379593||0.00075241
23:15||505247500||379593||0.00075241
23:16||505232500||379593||0.00075241
23:17||505232500||379593||0.00075241
23:18||505188000||379593||0.00075241
23:19||505261000||379593||0.00075241
23:20||505261000||379593||0.00075241
23:21||505261000||379593||0.00075241
23:22||505261000||379593||0.00075241
23:23||505261000||379593||0.00075241
23:24||505261000||379593||0.00075241
23:25||505261000||379593||0.00075241
23:26||505261000||379593||0.00075241
23:27||505261000||379593||0.00075241
23:28||505261000||379593||0.00075241
23:29||505261000||379593||0.00075241
23:30||505261000||379593||0.00075241
23:31||505261000||379593||0.00075241
23:32||505261000||380711||0.00075241
23:33||505261000||380711||0.00075241
23:34||505261000||380711||0.00075241
23:35||505261000||380711||0.00075241
23:36||505261000||380711||0.00075241
23:37||505261000||380711||0.00075241
23:38||505261000||380711||0.00075241
23:39||505261000||380711||0.00075241
23:40||505246500||380711||0.00075241
23:41||505246500||380711||0.00075241
23:42||505261000||380711||0.00075241
23:43||505265000||380717||0.00075241
23:44||505250500||380717||0.00075241
23:45||505250500||380717||0.00075241
23:46||505250500||380717||0.00075241
23:47||505250500||380717||0.00075241
23:48||505250500||380717||0.00075241
23:49||505250500||380717||0.00075241
23:50||505250500||380717||0.00075241
23:51||505250500||380717||0.00075241
23:52||505250500||380717||0.00075241
23:53||505250500||380717||0.00075241
23:54||505250500||380717||0.00075241
23:55||505250500||380717||0.00075241
23:56||505250500||380717||0.00075241
23:57||505250500||380717||0.00075241
23:58||505279500||380717||0.00075241
23:59||505279500||380717||0.00075241
