00:00||686261500||516044||0.00075241
00:01||686233500||516044||0.00075241
00:02||686181000||516044||0.00075241
00:03||686205500||516470||0.00075241
00:04||686205500||516153||0.00075241
00:05||686205500||516153||0.00075241
00:06||686238500||516153||0.00075241
00:07||686238500||516153||0.00075241
00:08||686241500||516153||0.00075241
00:09||686239500||516154||0.00075241
00:10||686281500||516154||0.00075241
00:11||686474500||516154||0.00075241
00:12||686449500||516154||0.00075241
00:13||686449500||516154||0.00075241
00:14||686474500||516154||0.00075241
00:15||686474500||516154||0.00075241
00:16||686474500||516154||0.00075241
00:17||686474500||516154||0.00075241
00:18||686474500||516154||0.00075241
00:19||686474500||516154||0.00075241
00:20||686474500||516154||0.00075241
00:21||686474500||516154||0.00075241
00:22||686474500||516154||0.00075241
00:23||686474500||516154||0.00075241
00:24||686474500||516154||0.00075241
00:25||686474500||516154||0.00075241
00:26||686474500||516154||0.00075241
00:27||686474500||516154||0.00075241
00:28||686474500||516154||0.00075241
00:29||686474500||516509||0.00075241
00:30||686474500||516509||0.00075241
00:31||686750500||516529||0.00075241
00:32||686750500||516529||0.00075241
00:33||686750500||516529||0.00075241
00:34||686750500||516904||0.00075241
00:35||686750500||516904||0.00075241
00:36||686750500||516904||0.00075241
00:37||687500000||518034||0.00075241
00:38||687708500||518034||0.00075241
00:39||687610000||518034||0.00075241
00:40||687536500||518034||0.00075241
00:41||687481000||518034||0.00075241
00:42||687411500||516907||0.00075241
00:43||687401500||516907||0.00075241
00:44||687401500||516907||0.00075241
00:45||687401500||516907||0.00075241
00:46||687706500||516907||0.00075241
00:47||687005500||516907||0.00075241
00:48||687005500||516907||0.00075241
00:49||687690500||516907||0.00075241
00:50||687593500||517876||0.00075241
00:51||687520500||517876||0.00075241
00:52||687456000||517876||0.00075241
00:53||687397000||516907||0.00075241
00:54||686677000||516794||0.00075241
00:55||686677000||516794||0.00075241
00:56||686102000||516530||0.00075241
00:57||686102000||516530||0.00075241
00:58||686102000||516530||0.00075241
00:59||684308000||513519||0.00075241
01:00||684129500||513519||0.00075241
01:01||683968500||513519||0.00075241
01:02||685135500||513519||0.00075241
01:03||683758500||515494||0.00075241
01:04||683732000||513595||0.00075241
01:05||683685500||513595||0.00075241
01:06||683353500||513595||0.00075241
01:07||683330000||513595||0.00075241
01:08||683261000||513595||0.00075241
01:09||683160000||513595||0.00075241
01:10||683047000||513595||0.00075241
01:11||682947000||513595||0.00075241
01:12||683610000||513595||0.00075241
01:13||683446000||513595||0.00075241
01:14||683278000||513595||0.00075241
01:15||683278000||513595||0.00075241
01:16||683278000||513309||0.00075241
01:17||683278000||513309||0.00075241
01:18||683418000||513309||0.00075241
01:19||683418000||513309||0.00075241
01:20||683418000||513309||0.00075241
01:21||683418000||513309||0.00075241
01:22||683750000||515400||0.00075241
01:23||683980000||515400||0.00075241
01:24||684510000||514693||0.00075241
01:25||684060500||514693||0.00075241
01:26||684065000||514693||0.00075241
01:27||684065000||514693||0.00075241
01:28||684520500||514693||0.00075241
01:29||684520500||514693||0.00075241
01:30||684511000||514693||0.00075241
01:31||684511000||514693||0.00075241
01:32||684501000||514693||0.00075241
01:33||684060500||514693||0.00075241
01:34||684520000||514693||0.00075241
01:35||684511000||514693||0.00075241
01:36||684511000||514693||0.00075241
01:37||684511000||514693||0.00075241
01:38||684511000||514693||0.00075241
01:39||683490500||514649||0.00075241
01:40||683001500||514649||0.00075241
01:41||683500500||513897||0.00075241
01:42||683970500||513897||0.00075241
01:43||683496000||513897||0.00075241
01:44||683979500||513897||0.00075241
01:45||683979500||513897||0.00075241
01:46||683003500||513897||0.00075241
01:47||683003500||513897||0.00075241
01:48||683991500||513897||0.00075241
01:49||684979500||513897||0.00075241
01:50||684979500||513897||0.00075241
01:51||683992500||513897||0.00075241
01:52||684979500||513897||0.00075241
01:53||684979500||513897||0.00075241
01:54||684979500||513897||0.00075241
01:55||684979500||513897||0.00075241
01:56||684979500||513897||0.00075241
01:57||684979500||513897||0.00075241
01:58||684979500||515385||0.00075241
01:59||684979500||515385||0.00075241
02:00||684979500||515385||0.00075241
02:01||684979500||515385||0.00075241
02:02||684979500||515385||0.00075241
02:03||684979500||515385||0.00075241
02:04||684979500||515385||0.00075241
02:05||684979500||515385||0.00075241
02:06||684979500||515385||0.00075241
02:07||684979500||515385||0.00075241
02:08||684979500||515385||0.00075241
02:09||684979500||515385||0.00075241
02:10||684979500||515385||0.00075241
02:11||684979500||515385||0.00075241
02:12||684979500||515385||0.00075241
02:13||684979500||515385||0.00075241
02:14||684979500||515385||0.00075241
02:15||684979500||515385||0.00075241
02:16||684979500||515385||0.00075241
02:17||683970000||515385||0.00075241
02:18||683970000||515385||0.00075241
02:19||683970000||515385||0.00075241
02:20||683970000||515385||0.00075241
02:21||683970000||515385||0.00075241
02:22||683970000||515385||0.00075241
02:23||683970000||515385||0.00075241
02:24||683970000||515385||0.00075241
02:25||683970000||515385||0.00075241
02:26||683992500||515385||0.00075241
02:27||683992500||515385||0.00075241
02:28||684979500||515385||0.00075241
02:29||683992500||513898||0.00075241
02:30||683992500||513898||0.00075241
02:31||683992500||515385||0.00075241
02:32||683992500||515385||0.00075241
02:33||683992500||515385||0.00075241
02:34||683602500||515385||0.00075241
02:35||683602500||515385||0.00075241
02:36||683602500||515385||0.00075241
02:37||683602500||515385||0.00075241
02:38||683602500||515385||0.00075241
02:39||683602500||515385||0.00075241
02:40||683602500||515385||0.00075241
02:41||683602500||515385||0.00075241
02:42||683992500||515385||0.00075241
02:43||683992500||515385||0.00075241
02:44||683992500||515385||0.00075241
02:45||683992500||515385||0.00075241
02:46||683992500||515385||0.00075241
02:47||683992500||515385||0.00075241
02:48||683992500||515385||0.00075241
02:49||683992500||515385||0.00075241
02:50||683992500||515385||0.00075241
02:51||683992500||515385||0.00075241
02:52||683992500||515385||0.00075241
02:53||683992500||515385||0.00075241
02:54||683992500||513898||0.00075241
02:55||683992500||513898||0.00075241
02:56||683992500||513898||0.00075241
02:57||683952500||513898||0.00075241
02:58||683952500||513898||0.00075241
02:59||683952500||513898||0.00075241
03:00||683952500||513898||0.00075241
03:01||683952500||513898||0.00075241
03:02||683952500||513898||0.00075241
03:03||683952500||513898||0.00075241
03:04||683952500||513898||0.00075241
03:05||683992500||513898||0.00075241
03:06||683992500||513898||0.00075241
03:07||683992500||513898||0.00075241
03:08||683992500||513898||0.00075241
03:09||683992500||513898||0.00075241
03:10||683992500||513898||0.00075241
03:11||683992500||513898||0.00075241
03:12||683992500||513898||0.00075241
03:13||683992500||513899||0.00075241
03:14||683992500||513899||0.00075241
03:15||683992500||513899||0.00075241
03:16||683992500||513899||0.00075241
03:17||683992500||513899||0.00075241
03:18||683992500||513899||0.00075241
03:19||683992500||513899||0.00075241
03:20||683992500||513898||0.00075241
03:21||683992500||513898||0.00075241
03:22||683992500||513898||0.00075241
03:23||683992500||515385||0.00075241
03:24||683992500||513898||0.00075241
03:25||683992500||513898||0.00075241
03:26||683972500||513898||0.00075241
03:27||683706500||515355||0.00075241
03:28||683633500||515355||0.00075241
03:29||683633500||515355||0.00075241
03:30||683633500||515355||0.00075241
03:31||683633500||515355||0.00075241
03:32||683803000||515385||0.00075241
03:33||683662000||515385||0.00075241
03:34||683532000||515385||0.00075241
03:35||683426500||515385||0.00075241
03:36||683425500||515385||0.00075241
03:37||683425500||515385||0.00075241
03:38||683425500||515385||0.00075241
03:39||683424500||513896||0.00075241
03:40||683424500||513896||0.00075241
03:41||683424500||513896||0.00075241
03:42||683424500||513896||0.00075241
03:43||683424500||513896||0.00075241
03:44||683424500||513896||0.00075241
03:45||683424500||513896||0.00075241
03:46||683424500||513896||0.00075241
03:47||683990500||515385||0.00075241
03:48||683990500||515385||0.00075241
03:49||683990500||515385||0.00075241
03:50||683990500||515385||0.00075241
03:51||683990500||515385||0.00075241
03:52||683910500||515385||0.00075241
03:53||683734500||513896||0.00075241
03:54||683604500||513896||0.00075241
03:55||683484500||513896||0.00075241
03:56||683395500||513896||0.00075241
03:57||683315500||513896||0.00075241
03:58||683249000||513896||0.00075241
03:59||683249000||513896||0.00075241
04:00||683249000||513896||0.00075241
04:01||683249000||513896||0.00075241
04:02||683249000||513896||0.00075241
04:03||683249000||513896||0.00075241
04:04||683249000||514269||0.00075241
04:05||683950500||514269||0.00075241
04:06||683768000||514269||0.00075241
04:07||683619000||514269||0.00075241
04:08||683496500||514269||0.00075241
04:09||683397000||514269||0.00075241
04:10||683316000||514269||0.00075241
04:11||683249500||514269||0.00075241
04:12||683249500||513897||0.00075241
04:13||683249500||513897||0.00075241
04:14||683249500||513897||0.00075241
04:15||683249500||513897||0.00075241
04:16||683251000||513897||0.00075241
04:17||683874500||515265||0.00075241
04:18||683691000||515265||0.00075241
04:19||683568500||515265||0.00075241
04:20||683456000||515265||0.00075241
04:21||683364500||514492||0.00075241
04:22||683363500||514492||0.00075241
04:23||683363500||514492||0.00075241
04:24||683363500||514492||0.00075241
04:25||683363500||514492||0.00075241
04:26||683363500||514492||0.00075241
04:27||683991500||515385||0.00075241
04:28||683991500||513898||0.00075241
04:29||683991500||513898||0.00075241
04:30||683991500||513898||0.00075241
04:31||683991500||513898||0.00075241
04:32||683991500||513898||0.00075241
04:33||683991500||513898||0.00075241
04:34||683991500||513898||0.00075241
04:35||683991500||513898||0.00075241
04:36||683991500||513898||0.00075241
04:37||683991500||513898||0.00075241
04:38||683991500||513898||0.00075241
04:39||683991500||513898||0.00075241
04:40||683991500||513898||0.00075241
04:41||683991500||513898||0.00075241
04:42||683991500||513898||0.00075241
04:43||683991500||513898||0.00075241
04:44||683991500||513898||0.00075241
04:55||684045500||515385||0.00075241
04:56||684045500||515385||0.00075241
04:57||684045500||515385||0.00075241
04:58||684045500||515385||0.00075241
04:59||684045500||515385||0.00075241
05:00||684045500||515385||0.00075241
05:01||684045500||515385||0.00075241
05:02||684045500||515385||0.00075241
05:03||684045500||515385||0.00075241
05:04||683555500||513979||0.00075241
05:05||683554500||513979||0.00075241
05:06||683554500||513979||0.00075241
05:07||683103500||513299||0.00075241
05:08||683102000||513299||0.00075241
05:09||683102000||513299||0.00075241
05:10||683102000||513299||0.00075241
05:11||683102000||513299||0.00075241
05:12||683102000||513299||0.00075241
05:13||683102000||513299||0.00075241
05:14||683102000||513299||0.00075241
05:15||682653500||513299||0.00075241
05:16||682653500||513299||0.00075241
05:17||682653500||513299||0.00075241
05:18||682653500||513299||0.00075241
05:19||682653500||513299||0.00075241
05:20||682659500||513299||0.00075241
05:21||682659500||513299||0.00075241
05:22||683097500||513299||0.00075241
05:23||683097500||513299||0.00075241
05:24||683099500||513969||0.00075241
05:25||683099500||513969||0.00075241
05:26||683099500||513969||0.00075241
05:27||683099500||513969||0.00075241
05:28||683498500||513969||0.00075241
05:29||683498500||513969||0.00075241
05:30||683456000||513969||0.00075241
05:31||683375000||513969||0.00075241
05:32||683355000||513969||0.00075241
05:33||683355000||513969||0.00075241
05:34||683355500||513969||0.00075241
05:35||683355500||513969||0.00075241
05:36||683355500||513969||0.00075241
05:37||683100500||513969||0.00075241
05:38||683100500||513969||0.00075241
05:39||683100500||513969||0.00075241
05:40||683100500||513969||0.00075241
05:41||683100500||513969||0.00075241
05:42||683964000||513971||0.00075241
05:43||683550000||515190||0.00075241
05:44||683321500||515190||0.00075241
05:45||683321500||515190||0.00075241
05:46||683963500||514304||0.00075241
05:47||683797500||514304||0.00075241
05:48||683661500||514304||0.00075241
05:49||684480500||514759||0.00075241
05:50||684480500||514759||0.00075241
05:51||684481500||514759||0.00075241
05:52||684481500||514759||0.00075241
05:53||683946000||514780||0.00075241
05:54||683942500||514780||0.00075241
05:55||683942500||514780||0.00075241
05:56||683944500||514780||0.00075241
05:57||683944500||513978||0.00075241
05:58||683948500||513978||0.00075241
05:59||686264000||518828||0.00075241
06:00||685992500||518828||0.00075241
06:01||685053500||518828||0.00075241
06:02||685100500||516904||0.00075241
06:03||685101000||516904||0.00075241
06:04||685104000||516904||0.00075241
06:05||685105000||516904||0.00075241
06:06||685109000||514060||0.00075241
06:07||685260500||514060||0.00075241
06:08||685979500||514060||0.00075241
06:09||685979500||514060||0.00075241
06:10||685979500||514060||0.00075241
06:11||685999500||514060||0.00075241
06:12||685999500||514060||0.00075241
06:13||685999500||514060||0.00075241
06:14||685999500||514060||0.00075241
06:15||685295000||514060||0.00075241
06:16||686998500||515844||0.00075241
06:17||686998500||515844||0.00075241
06:18||686998500||515844||0.00075241
06:19||686998500||515844||0.00075241
06:20||686998500||515844||0.00075241
06:21||687490500||516905||0.00075241
06:22||685809500||515400||0.00075241
06:23||685810000||515400||0.00075241
06:24||685810000||516619||0.00075241
06:25||685810000||516619||0.00075241
06:26||685814000||516619||0.00075241
06:27||685814000||516619||0.00075241
06:28||685814000||516619||0.00075241
06:29||685814000||516619||0.00075241
06:30||685533000||516619||0.00075241
06:31||685009500||516619||0.00075241
06:32||685026500||515407||0.00075241
06:33||685026500||515407||0.00075241
06:34||685026500||515407||0.00075241
06:35||685026500||515433||0.00075241
06:36||686492000||517613||0.00075241
06:37||685521500||516507||0.00075241
06:38||685271500||516507||0.00075241
06:39||685271500||516507||0.00075241
06:40||685043500||516507||0.00075241
06:41||685043500||515433||0.00075241
06:42||685043500||515433||0.00075241
06:43||685026000||515407||0.00075241
06:44||685026000||515407||0.00075241
06:45||685009500||515407||0.00075241
06:46||685009500||515407||0.00075241
06:47||685009500||515407||0.00075241
06:48||685009500||515407||0.00075241
06:49||685009500||515407||0.00075241
06:50||684480000||515369||0.00075241
06:51||684480000||515369||0.00075241
06:52||684548500||515369||0.00075241
06:53||684625000||515369||0.00075241
06:54||684683000||515369||0.00075241
06:55||684950000||515355||0.00075241
06:56||684942500||515355||0.00075241
06:57||684942500||515357||0.00075241
06:58||684942500||515357||0.00075241
06:59||684942500||515357||0.00075241
07:00||684942500||515357||0.00075241
07:01||684942500||515357||0.00075241
07:02||684920000||515325||0.00075241
07:03||684467500||514690||0.00075241
07:04||684563000||514706||0.00075241
07:05||684458500||514706||0.00075241
07:06||684370000||514706||0.00075241
07:07||684300500||514648||0.00075241
07:08||684054500||514648||0.00075241
07:09||684382500||515237||0.00075241
07:10||684310500||515161||0.00075241
07:11||684302500||515161||0.00075241
07:12||684305000||515161||0.00075241
07:13||684305000||515161||0.00075241
07:14||684305000||515161||0.00075241
07:15||684305000||515161||0.00075241
07:16||684305000||515161||0.00075241
07:17||684305000||515161||0.00075241
07:18||684305000||515161||0.00075241
07:19||684305000||515094||0.00075241
07:20||684299000||515094||0.00075241
07:21||683738500||514648||0.00075241
07:22||683737500||514648||0.00075241
07:23||683737500||514648||0.00075241
07:24||683731500||514648||0.00075241
07:25||683731500||514648||0.00075241
07:26||683731500||514648||0.00075241
07:27||683731500||514648||0.00075241
07:28||683902500||514317||0.00075241
07:29||683902500||514317||0.00075241
07:30||683902500||514317||0.00075241
07:31||683902500||514574||0.00075241
07:32||683551000||514317||0.00075241
07:33||683551000||514317||0.00075241
07:34||683538500||514309||0.00075241
07:35||682230000||512391||0.00075241
07:36||682451500||514575||0.00075241
07:37||682451500||514575||0.00075241
07:38||682301000||514573||0.00075241
07:39||682300000||514573||0.00075241
07:40||682300000||514573||0.00075241
07:41||682300000||512392||0.00075241
07:42||682304500||512392||0.00075241
07:43||682299000||512391||0.00075241
07:44||682298500||512391||0.00075241
07:45||682295000||512392||0.00075241
07:46||682295000||514338||0.00075241
07:47||682295000||514338||0.00075241
07:48||682295000||514338||0.00075241
07:49||682295000||514338||0.00075241
07:50||682295000||514338||0.00075241
07:51||682295000||514338||0.00075241
07:52||683289000||514338||0.00075241
07:53||683539500||512392||0.00075241
07:54||682289500||512392||0.00075241
07:55||682288000||512392||0.00075241
07:56||682288000||512392||0.00075241
07:57||682288000||512392||0.00075241
07:58||682286000||512392||0.00075241
07:59||682290000||512392||0.00075241
08:00||682290000||512392||0.00075241
08:01||682290000||512392||0.00075241
08:02||682291000||512392||0.00075241
08:03||683286000||512392||0.00075241
08:04||683435500||512392||0.00075241
08:05||683435500||512392||0.00075241
08:06||683435500||512392||0.00075241
08:07||683435500||512392||0.00075241
08:08||683435500||512392||0.00075241
08:09||683568500||514322||0.00075241
08:10||683568500||514324||0.00075241
08:11||683568500||514324||0.00075241
08:12||683568500||514324||0.00075241
08:13||683568500||514323||0.00075241
08:14||683568500||514323||0.00075241
08:15||683568500||514323||0.00075241
08:16||683568500||514323||0.00075241
08:17||683568500||514323||0.00075241
08:18||683568500||514323||0.00075241
08:19||683568500||514323||0.00075241
08:20||683568500||514323||0.00075241
08:21||683568500||514324||0.00075241
08:22||683568500||514324||0.00075241
08:23||683568500||514324||0.00075241
08:24||683568500||514323||0.00075241
08:25||683568500||514323||0.00075241
08:26||683568500||514324||0.00075241
08:27||683568500||514324||0.00075241
08:28||683568500||514324||0.00075241
08:29||683568500||514324||0.00075241
08:30||683568500||514324||0.00075241
08:31||683568500||514324||0.00075241
08:32||683568500||514324||0.00075241
08:33||683568500||514323||0.00075241
08:34||683568500||514323||0.00075241
08:35||683568500||514323||0.00075241
08:36||683568500||514323||0.00075241
08:37||683568500||514323||0.00075241
08:38||683568500||514323||0.00075241
08:39||683568500||514324||0.00075241
08:40||683568500||514324||0.00075241
08:41||683568500||514323||0.00075241
08:42||683568500||514323||0.00075241
08:43||683568500||514323||0.00075241
08:44||683568500||514323||0.00075241
08:45||683568500||514323||0.00075241
08:46||683568500||514323||0.00075241
08:47||683568500||514323||0.00075241
08:48||683568500||514323||0.00075241
08:49||683568500||514323||0.00075241
08:50||683568500||514323||0.00075241
08:51||683568500||514323||0.00075241
08:52||683568500||514323||0.00075241
08:53||683568500||514323||0.00075241
08:54||683568500||514323||0.00075241
08:55||683568500||514323||0.00075241
08:56||683568500||514324||0.00075241
08:57||682800500||514323||0.00075241
08:58||682816500||513191||0.00075241
08:59||682499500||513191||0.00075241
09:00||682499500||513519||0.00075241
09:01||682499500||513519||0.00075241
09:02||683000000||514272||0.00075241
09:03||683000000||514272||0.00075241
09:04||683249500||514272||0.00075241
09:05||683249500||514272||0.00075241
09:06||683249500||514272||0.00075241
09:07||683249500||514272||0.00075241
09:08||683254500||514272||0.00075241
09:09||683254500||514272||0.00075241
09:10||683255500||514272||0.00075241
09:11||683255500||514272||0.00075241
09:12||683256500||514272||0.00075241
09:13||683256500||514270||0.00075241
09:14||683256500||514270||0.00075241
09:15||683015500||514270||0.00075241
09:16||683015500||514270||0.00075241
09:17||683015500||514270||0.00075241
09:18||683015500||513908||0.00075241
09:19||683015500||513908||0.00075241
09:20||683015500||513908||0.00075241
09:21||683015500||513908||0.00075241
09:22||683015500||513908||0.00075241
09:23||683015500||513908||0.00075241
09:24||683015500||513908||0.00075241
09:25||683015500||513908||0.00075241
09:26||683015500||513908||0.00075241
09:27||683015500||513908||0.00075241
09:28||683015500||513907||0.00075241
09:29||683015500||513907||0.00075241
09:30||683015500||513908||0.00075241
09:31||683015500||513907||0.00075241
09:32||683012500||513907||0.00075241
09:33||682738500||513877||0.00075241
09:34||682738000||513521||0.00075241
09:35||682738000||513521||0.00075241
09:36||682501500||513521||0.00075241
09:37||682501500||513521||0.00075241
09:38||682501500||513521||0.00075241
09:39||682501500||513521||0.00075241
09:40||682501500||513521||0.00075241
09:41||682737500||513876||0.00075241
09:42||682487500||513876||0.00075241
09:43||682487500||513876||0.00075241
09:44||682487000||513876||0.00075241
09:45||682487500||513876||0.00075241
09:46||682492500||513876||0.00075241
09:47||682490500||513876||0.00075241
09:48||682490500||513876||0.00075241
09:49||682480500||513144||0.00075241
09:50||682480500||513144||0.00075241
09:51||682480500||513144||0.00075241
09:52||682001500||513145||0.00075241
09:53||682001500||513144||0.00075241
09:54||682001500||513144||0.00075241
09:55||682001500||513144||0.00075241
09:56||682001500||513144||0.00075241
09:57||682001500||513144||0.00075241
09:58||682001500||513144||0.00075241
09:59||682004000||513147||0.00075241
10:00||682004000||513147||0.00075241
10:01||682003500||513147||0.00075241
10:02||682003500||513147||0.00075241
10:03||682003500||513145||0.00075241
10:04||682003500||513145||0.00075241
10:05||682003500||513145||0.00075241
10:06||682003500||513145||0.00075241
10:07||682003500||513145||0.00075241
10:08||682003500||513145||0.00075241
10:09||682003500||513145||0.00075241
10:10||682003500||513145||0.00075241
10:11||682472000||513146||0.00075241
10:12||682471000||513849||0.00075241
10:13||682471000||513849||0.00075241
10:14||682471000||513849||0.00075241
10:15||682471000||513849||0.00075241
10:16||682472500||513147||0.00075241
10:17||682005500||513850||0.00075241
10:18||682005500||513850||0.00075241
10:19||682005500||513850||0.00075241
10:20||682005500||512768||0.00075241
10:21||681753500||512768||0.00075241
10:22||681753500||512768||0.00075241
10:23||678523000||508286||0.00075241
10:24||678525500||508286||0.00075241
10:25||678524500||508289||0.00075241
10:26||677500500||507877||0.00075241
10:27||677496000||507877||0.00075241
10:28||677494500||507955||0.00075241
10:29||677494500||507955||0.00075241
10:30||677404500||507955||0.00075241
10:31||677404500||507955||0.00075241
10:32||677452500||507955||0.00075241
10:33||677452000||507955||0.00075241
10:34||676053500||507957||0.00075241
10:35||676054000||507957||0.00075241
10:36||677639500||511487||0.00075241
10:37||677969000||511487||0.00075241
10:38||678249500||511487||0.00075241
10:39||677898000||508629||0.00075241
10:40||677500000||508629||0.00075241
10:41||677500000||508629||0.00075241
10:42||677001000||508629||0.00075241
10:43||676552500||508629||0.00075241
10:44||678376000||509380||0.00075241
10:45||679051000||509380||0.00075241
10:46||679001500||509380||0.00075241
10:47||679000500||509380||0.00075241
10:48||678752000||510886||0.00075241
10:49||678759500||510886||0.00075241
10:50||678519500||510886||0.00075241
10:51||678519500||510525||0.00075241
10:52||678250000||510510||0.00075241
10:53||678499500||510510||0.00075241
10:54||678499500||510510||0.00075241
10:55||678499500||510510||0.00075241
10:56||678499500||510510||0.00075241
10:57||678760000||510525||0.00075241
10:58||678650500||510525||0.00075241
10:59||678688500||510525||0.00075241
11:00||678688500||510652||0.00075241
11:01||678688500||510652||0.00075241
11:02||678688500||510652||0.00075241
11:03||678688500||510652||0.00075241
11:04||678688500||510652||0.00075241
11:05||678688500||510652||0.00075241
11:06||679131500||510708||0.00075241
11:07||680842500||511638||0.00075241
11:08||680842500||511638||0.00075241
11:09||680841500||511638||0.00075241
11:10||684353500||515392||0.00075241
11:11||684366500||515391||0.00075241
11:12||684979000||515383||0.00075241
11:13||684977500||515383||0.00075241
11:14||684977500||515384||0.00075241
11:15||684977500||515384||0.00075241
11:16||684977500||515383||0.00075241
11:17||684975500||515383||0.00075241
11:18||685530500||516151||0.00075241
11:19||685532000||516078||0.00075241
11:20||686455500||516182||0.00075241
11:21||686500500||516210||0.00075241
11:22||686873500||516810||0.00075241
11:23||687443000||516845||0.00075241
11:24||687900500||517658||0.00075241
11:25||687801500||517508||0.00075241
11:26||687801500||517508||0.00075241
11:27||687801500||517508||0.00075241
11:28||685543000||513896||0.00075241
11:29||686489500||515494||0.00075241
11:30||685643000||515494||0.00075241
11:31||685796000||515494||0.00075241
11:32||685821000||515494||0.00075241
11:33||687299500||515494||0.00075241
11:34||687680500||517658||0.00075241
11:35||687721500||517658||0.00075241
11:36||687753000||517658||0.00075241
11:37||687781500||517658||0.00075241
11:38||688261000||517658||0.00075241
11:39||688499500||517658||0.00075241
11:40||688499500||517658||0.00075241
11:41||688596500||518175||0.00075241
11:42||688610000||518042||0.00075241
11:43||688687500||518042||0.00075241
11:44||688687500||518174||0.00075241
11:45||688866500||518410||0.00075241
11:46||688844500||518174||0.00075241
11:47||688843500||518174||0.00075241
11:48||688866000||518174||0.00075241
11:49||689171000||518786||0.00075241
11:50||689186000||518177||0.00075241
11:51||689281500||519155||0.00075241
11:52||689283500||518928||0.00075241
11:53||689423000||519155||0.00075241
11:54||689373500||519155||0.00075241
11:55||689183000||519155||0.00075241
11:56||688936000||518318||0.00075241
11:57||688874500||518315||0.00075241
11:58||688874500||518315||0.00075241
11:59||688781500||518315||0.00075241
12:00||688743500||518174||0.00075241
12:01||688600000||518034||0.00075241
12:02||688600000||518034||0.00075241
12:03||688500500||518034||0.00075241
12:04||688500500||518034||0.00075241
12:05||688500500||518035||0.00075241
12:06||688500500||518035||0.00075241
12:07||688231500||518034||0.00075241
12:08||687773000||517658||0.00075241
12:09||687556500||517323||0.00075241
12:10||687556500||517323||0.00075241
12:11||687556500||517323||0.00075241
12:12||687549000||517323||0.00075241
12:13||687556500||517324||0.00075241
12:14||687556500||517324||0.00075241
12:15||687556500||517324||0.00075241
12:16||687556500||517324||0.00075241
12:17||687556500||517324||0.00075241
12:18||687556500||517324||0.00075241
12:19||687556500||517324||0.00075241
12:20||687556500||517324||0.00075241
12:21||688399500||517324||0.00075241
12:22||688549500||517959||0.00075241
12:23||688550000||517959||0.00075241
12:24||688550000||517959||0.00075241
12:25||688600000||517959||0.00075241
12:26||688650000||518184||0.00075241
12:27||688650000||518184||0.00075241
12:28||688650000||518184||0.00075241
12:29||688699500||518259||0.00075241
12:30||688700000||518260||0.00075241
12:31||688600500||518260||0.00075241
12:32||688400000||517324||0.00075241
12:33||688251500||517658||0.00075241
12:34||688258500||517658||0.00075241
12:35||688263500||517658||0.00075241
12:36||688035500||517658||0.00075241
12:37||688035500||517658||0.00075241
12:38||688035500||517658||0.00075241
12:39||688035500||517658||0.00075241
12:40||688035500||517658||0.00075241
12:41||688035500||517658||0.00075241
12:42||688035500||517684||0.00075241
12:43||688035500||517684||0.00075241
12:44||688035500||517684||0.00075241
12:45||688035500||517684||0.00075241
12:46||688035500||517684||0.00075241
12:47||688035500||517684||0.00075241
12:48||688035500||517684||0.00075241
12:49||688035500||517684||0.00075241
12:50||688268000||518034||0.00075241
12:51||688268000||518034||0.00075241
12:52||688268000||518034||0.00075241
12:53||688268000||517685||0.00075241
12:54||688268000||517685||0.00075241
12:55||688268000||517685||0.00075241
12:56||688268000||517685||0.00075241
12:57||688268000||517685||0.00075241
12:58||688268000||517685||0.00075241
12:59||688268000||517685||0.00075241
13:00||688268000||517685||0.00075241
13:01||688268000||517685||0.00075241
13:02||688268500||517685||0.00075241
13:03||688269500||517685||0.00075241
13:04||688268000||517685||0.00075241
13:05||688266500||517685||0.00075241
13:06||688266500||517685||0.00075241
13:07||688266000||517684||0.00075241
13:08||688267500||517684||0.00075241
13:09||688267500||517684||0.00075241
13:10||688267500||518030||0.00075241
13:11||688267000||518030||0.00075241
13:12||688267000||518030||0.00075241
13:13||688267000||518030||0.00075241
13:14||688267000||518030||0.00075241
13:15||688267000||517688||0.00075241
13:16||688267000||517688||0.00075241
13:17||688267000||517688||0.00075241
13:18||688268500||517688||0.00075241
13:19||688268500||517688||0.00075241
13:20||688268500||517691||0.00075241
13:21||688269500||518029||0.00075241
13:22||688493500||518029||0.00075241
13:23||688493500||518029||0.00075241
13:24||688493500||518029||0.00075241
13:25||688493500||518029||0.00075241
13:26||688493500||518029||0.00075241
13:27||688493500||518029||0.00075241
13:28||688662500||518260||0.00075241
13:29||689599000||518476||0.00075241
13:30||689665000||518476||0.00075241
13:31||689737500||518476||0.00075241
13:32||689996500||519155||0.00075241
13:33||689996500||519155||0.00075241
13:34||689996500||519155||0.00075241
13:35||689996500||519155||0.00075241
13:36||689996500||519155||0.00075241
13:37||689996500||519159||0.00075241
13:38||689996500||519159||0.00075241
13:39||689996500||519159||0.00075241
13:40||689996500||519159||0.00075241
13:41||689996500||519159||0.00075241
13:42||689996500||519159||0.00075241
13:43||689996500||519159||0.00075241
13:44||689996500||519159||0.00075241
13:45||689996500||519159||0.00075241
13:46||689996500||519159||0.00075241
13:47||689996500||519159||0.00075241
13:48||689996500||519159||0.00075241
13:49||689996500||519159||0.00075241
13:50||689996500||519159||0.00075241
13:51||689996500||519159||0.00075241
13:52||689996500||519159||0.00075241
13:53||689996500||519159||0.00075241
13:54||689996500||519159||0.00075241
13:55||689996500||519159||0.00075241
13:56||689996500||519159||0.00075241
13:57||689646000||518630||0.00075241
13:58||689427500||518630||0.00075241
13:59||689447500||518786||0.00075241
14:00||689499500||518786||0.00075241
14:01||689499500||518785||0.00075241
14:02||689775500||518786||0.00075241
14:03||689995500||518786||0.00075241
14:04||689996000||519160||0.00075241
14:05||689996000||519160||0.00075241
14:06||689996500||519160||0.00075241
14:07||689996500||519160||0.00075241
14:08||689996500||519159||0.00075241
14:09||689996500||519159||0.00075241
14:10||689996500||519159||0.00075241
14:11||689996500||519159||0.00075241
14:12||689996500||519160||0.00075241
14:13||689996500||519160||0.00075241
14:14||689996500||519160||0.00075241
14:15||689996500||519160||0.00075241
14:16||689996500||519160||0.00075241
14:17||689996500||519159||0.00075241
14:18||689646000||519159||0.00075241
14:19||689996500||519159||0.00075241
14:20||689996500||519159||0.00075241
14:21||689996500||519159||0.00075241
14:22||689646000||519159||0.00075241
14:23||689646000||519160||0.00075241
14:24||689646000||519160||0.00075241
14:25||689646000||519160||0.00075241
14:26||689646000||519160||0.00075241
14:27||689649500||519160||0.00075241
14:28||689649500||519160||0.00075241
14:29||689649500||519160||0.00075241
14:30||689690500||519160||0.00075241
14:31||689690500||519160||0.00075241
14:32||689690500||519160||0.00075241
14:33||689690500||519160||0.00075241
14:34||689690500||519160||0.00075241
14:35||689642000||519160||0.00075241
14:36||689642000||519160||0.00075241
14:37||689899500||519160||0.00075241
14:38||689899500||519086||0.00075241
14:39||689899500||519087||0.00075241
14:40||689899500||519087||0.00075241
14:41||689899500||519087||0.00075241
14:42||689899500||519087||0.00075241
14:43||689899500||519087||0.00075241
14:44||689899500||519087||0.00075241
14:45||689899500||519087||0.00075241
14:46||689899500||519087||0.00075241
14:47||689899500||519087||0.00075241
14:48||689899500||519087||0.00075241
14:49||689899500||519087||0.00075241
14:50||689949000||519160||0.00075241
14:51||689949000||519160||0.00075241
14:52||689949000||519160||0.00075241
14:53||689949000||519160||0.00075241
14:54||689949000||519160||0.00075241
14:55||689949000||519160||0.00075241
14:56||689950000||519160||0.00075241
14:57||689950000||519160||0.00075241
14:58||689950500||519088||0.00075241
14:59||689950500||519162||0.00075241
15:00||689950500||519162||0.00075241
15:01||689950500||519162||0.00075241
15:02||689950500||519162||0.00075241
15:03||689950500||519162||0.00075241
15:04||689950500||519162||0.00075241
15:05||689588500||519005||0.00075241
15:06||689590000||519005||0.00075241
15:07||689590000||518701||0.00075241
15:08||689575000||518701||0.00075241
15:09||689536000||518701||0.00075241
15:10||689428500||518701||0.00075241
15:11||689389500||518703||0.00075241
15:12||689441500||518703||0.00075241
15:13||689441500||518703||0.00075241
15:14||689441500||518703||0.00075241
15:15||689441500||518703||0.00075241
15:16||689441500||518703||0.00075241
15:17||689432500||518703||0.00075241
15:18||689133500||518632||0.00075241
15:19||688709000||518359||0.00075241
15:20||688661500||518286||0.00075241
15:21||688622500||518286||0.00075241
15:22||688590500||518286||0.00075241
15:23||688564500||518286||0.00075241
15:24||688543500||518286||0.00075241
15:25||687748500||516943||0.00075241
15:26||687862500||516943||0.00075241
15:27||687501000||517283||0.00075241
15:28||687268000||517281||0.00075241
15:29||686669000||516160||0.00075241
15:30||686551000||517010||0.00075241
15:31||686493000||516936||0.00075241
15:32||686454500||516936||0.00075241
15:33||686373000||516716||0.00075241
15:34||686298500||516716||0.00075241
15:35||686258500||516716||0.00075241
15:36||686206000||516716||0.00075241
15:37||686901000||516411||0.00075241
15:38||687117000||516868||0.00075241
15:39||687081500||516868||0.00075241
15:40||687049000||516868||0.00075241
15:41||687022000||516868||0.00075241
15:42||687000000||516868||0.00075241
15:43||686951500||516868||0.00075241
15:44||686951500||516869||0.00075241
15:45||687225500||516869||0.00075241
15:46||687225500||516869||0.00075241
15:47||687225500||516869||0.00075241
15:48||687190500||516905||0.00075241
15:49||687300500||516905||0.00075241
15:50||687125000||516905||0.00075241
15:51||687125000||516905||0.00075241
15:52||687125000||516905||0.00075241
15:53||687125000||516905||0.00075241
15:54||687250000||517283||0.00075241
15:55||687255000||517283||0.00075241
15:56||687202000||517283||0.00075241
15:57||687158000||517283||0.00075241
15:58||687121500||517283||0.00075241
15:59||687000500||516913||0.00075241
16:00||686954000||516905||0.00075241
16:01||686479000||516868||0.00075241
16:02||686479000||516868||0.00075241
16:03||686479000||516862||0.00075241
16:04||686015500||516862||0.00075241
16:05||686015500||516862||0.00075241
16:06||686015500||516862||0.00075241
16:07||686015500||516862||0.00075241
16:08||686015500||516862||0.00075241
16:09||686743000||517281||0.00075241
16:10||686743000||517281||0.00075241
16:11||686743000||517281||0.00075241
16:12||686743000||517281||0.00075241
16:13||686743000||517281||0.00075241
16:14||686743000||517281||0.00075241
16:15||686743000||517281||0.00075241
16:16||686743000||517281||0.00075241
16:17||686743000||517281||0.00075241
16:18||686743000||517259||0.00075241
16:19||686743000||517259||0.00075241
16:20||686743000||517259||0.00075241
16:21||686743000||517259||0.00075241
16:22||686743000||517259||0.00075241
16:23||686743000||517259||0.00075241
16:24||686743000||517259||0.00075241
16:25||686743000||517259||0.00075241
16:26||686744000||517259||0.00075241
16:27||686744000||517259||0.00075241
16:28||686744000||516166||0.00075241
16:29||686759000||517281||0.00075241
16:30||687110500||517283||0.00075241
16:31||687009500||517283||0.00075241
16:32||687009500||517283||0.00075241
16:33||687009500||516169||0.00075241
16:34||687009500||516169||0.00075241
16:35||687011000||516171||0.00075241
16:36||687050000||516171||0.00075241
16:37||687050000||516171||0.00075241
16:38||687050000||516171||0.00075241
16:39||686955000||516171||0.00075241
16:40||686757000||516171||0.00075241
16:41||686756500||517214||0.00075241
16:42||686787000||517214||0.00075241
16:43||686787000||517214||0.00075241
16:44||686788500||517214||0.00075241
16:45||686788500||517214||0.00075241
16:46||686775000||517214||0.00075241
16:47||686543500||517214||0.00075241
16:48||686543500||517214||0.00075241
16:49||686545000||517214||0.00075241
16:50||686108500||517214||0.00075241
16:51||686106500||517214||0.00075241
16:52||686106500||517214||0.00075241
16:53||685611000||516160||0.00075241
16:54||684533000||515517||0.00075241
16:55||683989000||514583||0.00075241
16:56||683784500||514275||0.00075241
16:57||683784500||514275||0.00075241
16:58||683784500||514275||0.00075241
16:59||683784500||514275||0.00075241
17:00||683784500||514275||0.00075241
17:01||683784500||514275||0.00075241
17:02||683784500||514275||0.00075241
17:03||683784500||514275||0.00075241
17:04||683784500||514275||0.00075241
17:05||684032000||514275||0.00075241
17:06||684032000||514275||0.00075241
17:07||684032000||514275||0.00075241
17:08||684501000||515400||0.00075241
17:09||684501000||515400||0.00075241
17:10||684503500||515400||0.00075241
17:11||684999500||515400||0.00075241
17:12||684999500||515400||0.00075241
17:13||685474000||515400||0.00075241
17:14||685405500||516037||0.00075241
17:15||685346000||516037||0.00075241
17:16||684391500||515400||0.00075241
17:17||684316000||515400||0.00075241
17:18||684262000||515400||0.00075241
17:19||684369000||514652||0.00075241
17:20||683874500||514874||0.00075241
17:21||683812500||514874||0.00075241
17:22||683811500||514277||0.00075241
17:23||683811500||514277||0.00075241
17:24||683811500||514277||0.00075241
17:25||683812000||514277||0.00075241
17:26||683812000||514277||0.00075241
17:27||683735000||514648||0.00075241
17:28||682439000||513962||0.00075241
17:29||682366000||513143||0.00075241
17:30||681866500||513143||0.00075241
17:31||681866500||513143||0.00075241
17:32||681866000||512391||0.00075241
17:33||681866000||512391||0.00075241
17:34||681866500||513694||0.00075241
17:35||681866500||513694||0.00075241
17:36||681866500||513694||0.00075241
17:37||681866500||513694||0.00075241
17:38||682723500||513694||0.00075241
17:39||683590500||513694||0.00075241
17:40||682465000||513694||0.00075241
17:41||682190500||513694||0.00075241
17:42||682050500||513694||0.00075241
17:43||682052000||513694||0.00075241
17:44||682650500||519162||0.00075241
17:45||683703500||514457||0.00075241
17:46||683703500||513034||0.00075241
17:47||683703500||514425||0.00075241
17:48||683165000||513218||0.00075241
17:49||683080000||513218||0.00075241
17:50||683141500||513218||0.00075241
17:51||683667500||514398||0.00075241
17:52||683703500||514398||0.00075241
17:53||684223000||514425||0.00075241
17:54||684665500||515149||0.00075241
17:55||684665500||515149||0.00075241
17:56||684665500||515149||0.00075241
17:57||684665500||515149||0.00075241
17:58||684665500||515148||0.00075241
17:59||684059500||515148||0.00075241
18:00||683805500||514238||0.00075241
18:01||683094000||514238||0.00075241
18:02||683094000||513707||0.00075241
18:03||683094000||513707||0.00075241
18:04||683119000||513707||0.00075241
18:05||683219000||513707||0.00075241
18:06||683120000||513747||0.00075241
18:07||683120000||513747||0.00075241
18:08||683113500||513747||0.00075241
18:09||683120000||513747||0.00075241
18:10||683120500||513747||0.00075241
18:11||683119500||513747||0.00075241
18:12||683120000||513747||0.00075241
18:13||683120000||513747||0.00075241
18:14||683218500||513747||0.00075241
18:15||683000500||513747||0.00075241
18:16||683219000||513896||0.00075241
18:17||683223500||513896||0.00075241
18:18||683223500||513896||0.00075241
18:19||684329000||515143||0.00075241
18:20||684249500||515143||0.00075241
18:21||683999500||514272||0.00075241
18:22||683999500||514272||0.00075241
18:23||682398500||511798||0.00075241
18:24||685433000||515316||0.00075241
18:25||683481500||515316||0.00075241
18:26||685604000||515852||0.00075241
18:27||682507000||511638||0.00075241
18:28||682647000||511638||0.00075241
18:29||682695500||511638||0.00075241
18:30||682694500||512006||0.00075241
18:31||682694500||512006||0.00075241
18:32||683135000||512006||0.00075241
18:33||684007500||513924||0.00075241
18:34||684007000||513924||0.00075241
18:35||684006500||513924||0.00075241
18:36||684006500||513924||0.00075241
18:37||684005000||513924||0.00075241
18:38||684004500||513924||0.00075241
18:39||684004500||513924||0.00075241
18:40||683999500||513924||0.00075241
18:41||683999000||513924||0.00075241
18:42||683998500||515274||0.00075241
18:43||683998500||514020||0.00075241
18:44||683997500||514020||0.00075241
18:45||684055500||514020||0.00075241
18:46||684828500||514020||0.00075241
18:47||683126500||515271||0.00075241
18:48||683126000||515271||0.00075241
18:49||683126000||515271||0.00075241
18:50||683126000||515271||0.00075241
18:51||682983000||515271||0.00075241
18:52||682983000||515271||0.00075241
18:53||682983000||515271||0.00075241
18:54||682983000||515271||0.00075241
18:55||682983000||515271||0.00075241
18:56||682983000||515271||0.00075241
18:57||683983000||515271||0.00075241
18:58||683983000||515271||0.00075241
18:59||683983000||515271||0.00075241
19:00||683983000||515271||0.00075241
19:01||683995000||515271||0.00075241
19:02||683995000||513121||0.00075241
19:03||683995000||513121||0.00075241
19:04||683005500||513121||0.00075241
19:05||683005500||513121||0.00075241
19:06||684260000||515024||0.00075241
19:07||683264500||515023||0.00075241
19:08||683520000||515023||0.00075241
19:09||684255000||515023||0.00075241
19:10||684255000||514655||0.00075241
19:11||683262500||514648||0.00075241
19:12||683262500||513549||0.00075241
19:13||683267000||513549||0.00075241
19:14||683267000||513549||0.00075241
19:15||683267000||514637||0.00075241
19:16||683267000||514637||0.00075241
19:17||683267000||513556||0.00075241
19:18||683267000||513556||0.00075241
19:19||683267000||513556||0.00075241
19:20||683381500||513556||0.00075241
19:21||683490500||514637||0.00075241
19:22||683566000||514637||0.00075241
19:23||683973500||514628||0.00075241
19:24||683983500||514636||0.00075241
19:25||683983500||514636||0.00075241
19:26||683572000||513957||0.00075241
19:27||683770500||514029||0.00075241
19:28||683792000||514029||0.00075241
19:29||683783000||514029||0.00075241
19:30||683783000||514029||0.00075241
19:31||683782000||514029||0.00075241
19:32||683580500||514029||0.00075241
19:33||683580500||514029||0.00075241
19:34||683802500||514333||0.00075241
19:35||683802500||514634||0.00075241
19:36||684669000||515024||0.00075241
19:37||685388000||515438||0.00075241
19:38||685409000||515640||0.00075241
19:39||685831500||516026||0.00075241
19:40||685831500||516026||0.00075241
19:41||685831500||516026||0.00075241
19:42||685989500||516153||0.00075241
19:43||686495000||516779||0.00075241
19:44||686559000||516779||0.00075241
19:45||686829500||516779||0.00075241
19:46||686829500||516779||0.00075241
19:47||686829500||516779||0.00075241
19:48||686495000||516272||0.00075241
19:49||686494500||516272||0.00075241
19:50||686494500||516272||0.00075241
19:51||686480000||516272||0.00075241
19:52||686160500||516272||0.00075241
19:53||685316000||516272||0.00075241
19:54||685814500||516776||0.00075241
19:55||686026500||516776||0.00075241
19:56||686138500||516776||0.00075241
19:57||686261500||515825||0.00075241
19:58||686322000||515825||0.00075241
19:59||686321500||515825||0.00075241
20:00||686321500||515825||0.00075241
20:01||686321500||515825||0.00075241
20:02||686750500||515825||0.00075241
20:03||686750500||515825||0.00075241
20:04||686702500||515825||0.00075241
20:05||686702500||515825||0.00075241
20:06||686702500||515825||0.00075241
20:07||686702500||516682||0.00075241
20:08||686702500||516682||0.00075241
20:09||686702500||516682||0.00075241
20:10||686702500||516681||0.00075241
20:11||686702500||516681||0.00075241
20:12||686702500||516681||0.00075241
20:13||686702500||516681||0.00075241
20:14||686702500||516682||0.00075241
20:15||686702500||516682||0.00075241
20:16||686702500||516682||0.00075241
20:17||686702500||516682||0.00075241
20:18||686702500||516682||0.00075241
20:19||686702500||516682||0.00075241
20:20||686702500||516682||0.00075241
20:21||686239000||516681||0.00075241
20:22||686161500||516681||0.00075241
20:23||686089500||516681||0.00075241
20:24||686053000||516014||0.00075241
20:25||685998500||516014||0.00075241
20:26||685998500||516014||0.00075241
20:27||685994500||516014||0.00075241
20:28||685994500||516014||0.00075241
20:29||685994500||516014||0.00075241
20:30||685994500||516283||0.00075241
20:31||685994500||516283||0.00075241
20:32||685816500||516283||0.00075241
20:33||685816500||516014||0.00075241
20:34||685816500||516014||0.00075241
20:35||685816500||516014||0.00075241
20:36||685816500||516014||0.00075241
20:37||685816500||516014||0.00075241
20:38||685816500||516014||0.00075241
20:39||685816500||516014||0.00075241
20:40||685245500||515769||0.00075241
20:41||685245500||515769||0.00075241
20:42||684248000||515316||0.00075241
20:43||683682500||514564||0.00075241
20:44||683682500||514564||0.00075241
20:45||683238000||514272||0.00075241
20:46||683238000||514272||0.00075241
20:47||683714000||513549||0.00075241
20:48||683439000||513549||0.00075241
20:49||683439500||513549||0.00075241
20:50||683250500||513549||0.00075241
20:51||683249500||515023||0.00075241
20:52||683250500||513144||0.00075241
20:53||683247000||513144||0.00075241
20:54||682002000||513148||0.00075241
20:55||683244000||513148||0.00075241
20:56||681982000||513143||0.00075241
20:57||683224000||513143||0.00075241
20:58||683224000||513143||0.00075241
20:59||683222000||513143||0.00075241
21:00||683215000||513143||0.00075241
21:01||682432500||512665||0.00075241
21:02||682431500||512665||0.00075241
21:03||682431500||512664||0.00075241
21:04||682428000||512664||0.00075241
21:05||682383500||512664||0.00075241
21:06||682383500||512664||0.00075241
21:07||682383500||512664||0.00075241
21:08||682384500||514196||0.00075241
21:09||682385500||514196||0.00075241
21:10||682381500||514196||0.00075241
21:11||682376500||512671||0.00075241
21:12||682374500||512671||0.00075241
21:13||681371500||512671||0.00075241
21:14||681371500||512671||0.00075241
21:15||681371500||512671||0.00075241
21:16||681371500||512671||0.00075241
21:17||682368500||512671||0.00075241
21:18||682263500||512671||0.00075241
21:19||680903500||512671||0.00075241
21:20||681787000||512671||0.00075241
21:21||681767000||512671||0.00075241
21:22||681767000||511965||0.00075241
21:23||681767000||511965||0.00075241
21:24||681766500||511965||0.00075241
21:25||681767500||511965||0.00075241
21:26||681762500||511965||0.00075241
21:27||681762500||513962||0.00075241
21:28||681767000||513962||0.00075241
21:29||681770000||513962||0.00075241
21:30||681792500||513962||0.00075241
21:31||681805500||513971||0.00075241
21:32||681810500||513971||0.00075241
21:33||681837000||514001||0.00075241
21:34||681850500||514001||0.00075241
21:35||682069500||514001||0.00075241
21:36||682116000||514001||0.00075241
21:37||682244500||514001||0.00075241
21:38||682255500||514001||0.00075241
21:39||682261000||514001||0.00075241
21:40||682769500||512700||0.00075241
21:41||682772500||512700||0.00075241
21:42||682769000||512700||0.00075241
21:43||682770000||513978||0.00075241
21:44||682770000||513467||0.00075241
21:45||682771500||513467||0.00075241
21:46||682781500||513987||0.00075241
21:47||682781500||513987||0.00075241
21:48||682781500||513987||0.00075241
21:49||682783000||513987||0.00075241
21:50||683128500||513987||0.00075241
21:51||683128500||513987||0.00075241
21:52||683128500||513992||0.00075241
21:53||683128500||513992||0.00075241
21:54||683128500||513992||0.00075241
21:55||683128500||513993||0.00075241
21:56||683128500||513993||0.00075241
21:57||683128500||513993||0.00075241
21:58||682784500||513992||0.00075241
21:59||682785500||513993||0.00075241
22:00||682770500||513473||0.00075241
22:01||682769500||513472||0.00075241
22:02||682767000||513472||0.00075241
22:03||682767000||513472||0.00075241
22:04||682767000||513473||0.00075241
22:05||682767000||513473||0.00075241
22:06||682759000||513460||0.00075241
22:07||682759000||513460||0.00075241
22:08||682759000||513460||0.00075241
22:09||682598500||513218||0.00075241
22:10||682598500||513218||0.00075241
22:11||682669500||513218||0.00075241
22:12||682716500||513218||0.00075241
22:13||682609500||513397||0.00075241
22:14||682706500||513312||0.00075241
22:15||682798500||513521||0.00075241
22:16||682847000||513521||0.00075241
22:17||682847000||513595||0.00075241
22:18||682798000||513519||0.00075241
22:19||682798000||513521||0.00075241
22:20||682846000||513521||0.00075241
22:21||682846000||513521||0.00075241
22:22||682846000||513965||0.00075241
22:23||682846000||513965||0.00075241
22:24||682846000||513965||0.00075241
22:25||682846000||513965||0.00075241
22:26||682851000||513965||0.00075241
22:27||687259000||516919||0.00075241
22:28||687873500||518154||0.00075241
22:29||685885500||517068||0.00075241
22:30||687074000||518154||0.00075241
22:31||687056500||518154||0.00075241
22:32||687314500||517883||0.00075241
22:33||687507000||516556||0.00075241
22:34||687578500||516556||0.00075241
22:35||687640000||517657||0.00075241
22:36||687649000||517657||0.00075241
22:37||687649000||517658||0.00075241
22:38||687642000||517658||0.00075241
22:39||686469000||517646||0.00075241
22:40||686207500||517646||0.00075241
22:41||686650000||517646||0.00075241
22:42||686401000||517646||0.00075241
22:43||686451000||516755||0.00075241
22:44||686442000||516755||0.00075241
22:45||686393000||516755||0.00075241
22:46||686393000||516755||0.00075241
22:47||686642000||516755||0.00075241
22:48||686690500||516529||0.00075241
22:49||686690500||516529||0.00075241
22:50||686690500||516529||0.00075241
22:51||686880500||516529||0.00075241
22:52||686880500||516529||0.00075241
22:53||686880500||516529||0.00075241
22:54||686880500||516529||0.00075241
22:55||686880500||516529||0.00075241
22:56||686880500||516816||0.00075241
22:57||686880500||516816||0.00075241
22:58||686880500||516816||0.00075241
22:59||686880500||516816||0.00075241
23:00||686880500||516816||0.00075241
23:01||686880500||516816||0.00075241
23:02||686690000||516815||0.00075241
23:03||686691000||516815||0.00075241
23:04||686704500||516830||0.00075241
23:05||686704500||516830||0.00075241
23:06||686704500||516536||0.00075241
23:07||686509500||516536||0.00075241
23:08||686509500||516536||0.00075241
23:09||686509500||516536||0.00075241
23:10||686509500||516536||0.00075241
23:11||686509500||516536||0.00075241
23:12||686509500||516536||0.00075241
23:13||686509500||516536||0.00075241
23:14||686509500||516536||0.00075241
23:15||686509500||516536||0.00075241
23:16||686070000||516536||0.00075241
23:17||686071000||516536||0.00075241
23:18||683764000||511640||0.00075241
23:19||684178000||511640||0.00075241
23:20||684553000||511640||0.00075241
23:21||684733500||511640||0.00075241
23:22||686305000||511640||0.00075241
23:23||683173500||516320||0.00075241
23:24||683994500||516320||0.00075241
23:25||684518500||516320||0.00075241
23:26||684779000||516320||0.00075241
23:27||685690500||516320||0.00075241
23:28||685306000||516320||0.00075241
23:29||685212500||515560||0.00075241
23:30||684016500||515561||0.00075241
23:31||684237000||515561||0.00075241
23:32||684440500||515561||0.00075241
23:33||684606000||515561||0.00075241
23:34||684729000||515561||0.00075241
23:35||684775000||515561||0.00075241
23:36||684732500||515561||0.00075241
23:37||684746000||515561||0.00075241
23:38||684746000||515561||0.00075241
23:39||684746000||515561||0.00075241
23:40||684746000||515561||0.00075241
23:41||684746000||515027||0.00075241
23:42||684750500||515398||0.00075241
23:43||684756500||515398||0.00075241
23:44||684756000||515397||0.00075241
23:45||684708500||515397||0.00075241
23:46||683747500||515397||0.00075241
23:47||683701000||515397||0.00075241
23:48||683701000||515325||0.00075241
23:49||683702500||515325||0.00075241
23:50||683705500||515325||0.00075241
23:51||683704000||515325||0.00075241
23:52||683704500||515325||0.00075241
23:53||683703500||515325||0.00075241
23:54||683701500||515325||0.00075241
23:55||683699500||515325||0.00075241
23:56||683698500||515325||0.00075241
23:57||683696000||515325||0.00075241
23:58||683695000||515325||0.00075241
23:59||683693000||515325||0.00075241
