00:00||659772000||496587||0.00075241
00:01||659798000||496587||0.00075241
00:02||659802500||496298||0.00075241
00:03||659801000||496585||0.00075241
00:04||659813500||496585||0.00075241
00:05||659822500||496588||0.00075241
00:06||659822500||496588||0.00075241
00:07||659822500||496588||0.00075241
00:08||659822500||496588||0.00075241
00:09||659822500||496588||0.00075241
00:10||659828000||496589||0.00075241
00:11||659828000||496589||0.00075241
00:12||659827500||496333||0.00075241
00:13||659827500||496333||0.00075241
00:14||659827500||496333||0.00075241
00:15||659826500||496333||0.00075241
00:16||659826500||496333||0.00075241
00:17||659826500||496586||0.00075241
00:18||659658500||496586||0.00075241
00:19||659658500||496586||0.00075241
00:20||659826500||496586||0.00075241
00:21||659826500||496586||0.00075241
00:22||659826500||496586||0.00075241
00:23||659826500||496586||0.00075241
00:24||659826500||496586||0.00075241
00:25||659824000||496586||0.00075241
00:26||659824000||496586||0.00075241
00:27||659820000||496327||0.00075241
00:28||659820000||496327||0.00075241
00:29||659445000||495762||0.00075241
00:30||659445000||495762||0.00075241
00:31||659495000||495838||0.00075241
00:32||659495000||495838||0.00075241
00:33||659495000||496583||0.00075241
00:34||659495000||495838||0.00075241
00:35||659495000||495838||0.00075241
00:36||659247500||495838||0.00075241
00:37||659400000||495838||0.00075241
00:38||659175000||495838||0.00075241
00:39||659495000||496583||0.00075241
00:40||659494500||495838||0.00075241
00:41||659247000||495838||0.00075241
00:42||659247500||495838||0.00075241
00:43||659062500||495838||0.00075241
00:44||659031500||495838||0.00075241
00:45||659031500||495838||0.00075241
00:46||659495500||496583||0.00075241
00:47||659495500||496583||0.00075241
00:48||659495500||496583||0.00075241
00:49||659495500||495838||0.00075241
00:50||659495500||496583||0.00075241
00:51||659495500||496583||0.00075241
00:52||659495500||496583||0.00075241
00:53||659495500||496583||0.00075241
00:54||659495500||496583||0.00075241
00:55||659495500||496583||0.00075241
00:56||659496500||496583||0.00075241
00:57||659524500||496583||0.00075241
00:58||659524500||496583||0.00075241
00:59||659524500||496583||0.00075241
01:00||659524500||496583||0.00075241
01:01||659496000||496583||0.00075241
01:02||659495500||495839||0.00075241
01:03||659496500||496583||0.00075241
01:04||659497500||496583||0.00075241
01:05||659498000||496583||0.00075241
01:06||659498000||496583||0.00075241
01:07||659498500||496583||0.00075241
01:08||659524000||495882||0.00075241
01:09||659524000||495882||0.00075241
01:10||659524000||496582||0.00075241
01:11||659524000||496582||0.00075241
01:12||659524000||496582||0.00075241
01:13||659524000||496582||0.00075241
01:14||659524000||496582||0.00075241
01:15||659524000||496582||0.00075241
01:16||659524000||496582||0.00075241
01:17||659074500||496582||0.00075241
01:18||659545000||496583||0.00075241
01:19||659544500||496583||0.00075241
01:20||659544500||495913||0.00075241
01:21||659549000||495913||0.00075241
01:22||659548500||495913||0.00075241
01:23||659553000||495913||0.00075241
01:24||659552500||495913||0.00075241
01:25||659550500||495913||0.00075241
01:26||659550500||495913||0.00075241
01:27||659550500||495921||0.00075241
01:28||659550500||495921||0.00075241
01:29||659550500||495921||0.00075241
01:30||659550500||495921||0.00075241
01:31||659505000||495921||0.00075241
01:32||659505000||495921||0.00075241
01:33||659505000||495921||0.00075241
01:34||659555500||496590||0.00075241
01:35||659555500||496590||0.00075241
01:36||659555500||496590||0.00075241
01:37||659750000||496590||0.00075241
01:38||659750000||496590||0.00075241
01:39||659750000||496590||0.00075241
01:40||660499500||496590||0.00075241
01:41||660499500||496590||0.00075241
01:42||660499500||496590||0.00075241
01:43||660500000||497343||0.00075241
01:44||661100000||498095||0.00075241
01:45||661100000||498245||0.00075241
01:46||661000000||498245||0.00075241
01:47||661100000||498245||0.00075241
01:48||661699500||498245||0.00075241
01:49||661675000||498245||0.00075241
01:50||661749500||498245||0.00075241
01:51||661749500||498245||0.00075241
01:52||661749500||498245||0.00075241
01:53||661650000||498095||0.00075241
01:54||661650000||498095||0.00075241
01:55||661000500||498095||0.00075241
01:56||661000500||498095||0.00075241
01:57||661000500||498094||0.00075241
01:58||661000500||498094||0.00075241
01:59||661005000||498094||0.00075241
02:00||661006500||496601||0.00075241
02:01||661006500||498093||0.00075241
02:02||661006000||498093||0.00075241
02:03||661011000||498093||0.00075241
02:04||661011500||498093||0.00075241
02:05||661012000||498093||0.00075241
02:06||661012000||498093||0.00075241
02:07||661248500||498093||0.00075241
02:08||661253000||498092||0.00075241
02:09||661498000||498092||0.00075241
02:10||661498000||498092||0.00075241
02:11||661499500||498092||0.00075241
02:12||661499500||498092||0.00075241
02:13||661499500||498094||0.00075241
02:14||661499500||498094||0.00075241
02:15||661749500||498094||0.00075241
02:16||661749500||498094||0.00075241
02:17||661749500||498094||0.00075241
02:18||661749500||498094||0.00075241
02:19||661749500||498094||0.00075241
02:20||661599500||498245||0.00075241
02:21||661500000||498245||0.00075241
02:22||661500000||498095||0.00075241
02:23||661500000||498095||0.00075241
02:24||661500000||497343||0.00075241
02:25||661500000||498095||0.00075241
02:26||661500000||498095||0.00075241
02:27||661500000||498095||0.00075241
02:28||661500000||498095||0.00075241
02:29||661500000||498095||0.00075241
02:30||661500000||498095||0.00075241
02:31||661500000||498095||0.00075241
02:32||661500000||498095||0.00075241
02:33||661500000||498095||0.00075241
02:34||661500000||498095||0.00075241
02:35||661500000||498095||0.00075241
02:36||661500000||498095||0.00075241
02:37||661500000||498095||0.00075241
02:38||661500000||498095||0.00075241
02:39||661500000||498095||0.00075241
02:40||661450000||497343||0.00075241
02:41||661450000||497343||0.00075241
02:42||661400000||497343||0.00075241
02:43||661400000||497343||0.00075241
02:44||661400000||497343||0.00075241
02:45||661350000||497869||0.00075241
02:46||661350000||497869||0.00075241
02:47||661350000||497869||0.00075241
02:48||661350000||497869||0.00075241
02:49||661350000||497869||0.00075241
02:50||661350000||497869||0.00075241
02:51||661300000||497869||0.00075241
02:52||661250000||497869||0.00075241
02:53||661245000||497869||0.00075241
02:54||661000500||497343||0.00075241
02:55||658947000||495838||0.00075241
02:56||658947000||495833||0.00075241
02:57||658947000||495833||0.00075241
02:58||659937000||495833||0.00075241
02:59||659914500||495833||0.00075241
03:00||659450000||495762||0.00075241
03:01||659935000||497320||0.00075241
03:02||659935000||497320||0.00075241
03:03||659984500||497320||0.00075241
03:04||659984500||497320||0.00075241
03:05||659985000||497320||0.00075241
03:06||660484500||497320||0.00075241
03:07||660484500||497320||0.00075241
03:08||660484500||497319||0.00075241
03:09||660484500||497319||0.00075241
03:10||660484500||497319||0.00075241
03:11||660484500||497319||0.00075241
03:12||661099500||498245||0.00075241
03:13||661000500||498095||0.00075241
03:14||661000500||498095||0.00075241
03:15||661000500||498095||0.00075241
03:16||661100000||498095||0.00075241
03:17||661100000||498095||0.00075241
03:18||661100500||498095||0.00075241
03:19||661100500||498245||0.00075241
03:20||661101000||498245||0.00075241
03:21||661101000||498245||0.00075241
03:22||661101000||498245||0.00075241
03:23||660047500||495006||0.00075241
03:24||660047000||495005||0.00075241
03:25||659448500||495005||0.00075241
03:26||659449500||495006||0.00075241
03:27||659448500||495006||0.00075241
03:28||658672000||495006||0.00075241
03:29||659449000||495006||0.00075241
03:30||659449500||495006||0.00075241
03:31||659419000||495000||0.00075241
03:32||656578000||494483||0.00075241
03:33||656639500||491690||0.00075241
03:34||656639500||490953||0.00075241
03:35||656406000||490953||0.00075241
03:36||654363500||494090||0.00075241
03:37||654363500||494090||0.00075241
03:38||654363500||494090||0.00075241
03:39||650838500||494090||0.00075241
03:40||650721500||494090||0.00075241
03:41||650838500||494090||0.00075241
03:42||653338500||497162||0.00075241
03:43||655272500||489066||0.00075241
03:44||655272500||489066||0.00075241
03:45||654655000||496513||0.00075241
03:46||655155000||496513||0.00075241
03:47||654969000||495791||0.00075241
03:48||654528000||495236||0.00075241
03:49||654528000||495127||0.00075241
03:50||654458000||495127||0.00075241
03:51||653958000||495127||0.00075241
03:52||653958000||495127||0.00075241
03:53||651961000||495021||0.00075241
03:54||652001000||492015||0.00075241
03:55||652041000||492015||0.00075241
03:56||654330500||494904||0.00075241
03:57||654405000||494904||0.00075241
03:58||652352000||494904||0.00075241
03:59||654717000||494904||0.00075241
04:00||651249000||485304||0.00075241
04:01||653134000||485304||0.00075241
04:02||654029000||485304||0.00075241
04:03||653848000||485304||0.00075241
04:04||652657500||485304||0.00075241
04:05||653660500||486056||0.00075241
04:06||650221000||486056||0.00075241
04:07||651854000||486056||0.00075241
04:08||652016500||486056||0.00075241
04:09||652158000||486056||0.00075241
04:10||652290500||486056||0.00075241
04:11||652387500||486056||0.00075241
04:12||653487500||486065||0.00075241
04:13||653487500||486065||0.00075241
04:14||649970500||491295||0.00075241
04:15||649396500||491295||0.00075241
04:16||649219500||486380||0.00075241
04:17||647247000||483828||0.00075241
04:18||646931500||483828||0.00075241
04:19||644208500||485302||0.00075241
04:20||648380000||485302||0.00075241
04:21||648285000||485302||0.00075241
04:22||648547000||485302||0.00075241
04:23||649491500||488621||0.00075241
04:24||648998500||488621||0.00075241
04:25||645587500||482294||0.00075241
04:26||648497500||482294||0.00075241
04:27||644089000||482294||0.00075241
04:28||648531000||486807||0.00075241
04:29||648997500||487077||0.00075241
04:30||645587500||482294||0.00075241
04:31||646051500||483394||0.00075241
04:32||650521000||489064||0.00075241
04:33||652296500||489818||0.00075241
04:34||652482500||489818||0.00075241
04:35||653485500||489818||0.00075241
04:36||653485500||489818||0.00075241
04:37||650798500||489818||0.00075241
04:38||650905500||489818||0.00075241
04:39||653966500||491692||0.00075241
04:40||655666000||494709||0.00075241
04:41||657732500||494709||0.00075241
04:42||656542000||494709||0.00075241
04:43||656711000||494709||0.00075241
04:44||657758500||494709||0.00075241
04:45||654644500||489067||0.00075241
04:46||657395500||494904||0.00075241
04:47||657758500||494904||0.00075241
04:48||657758500||494904||0.00075241
04:49||657758500||494904||0.00075241
04:50||657758500||494904||0.00075241
04:51||659226000||494904||0.00075241
04:52||659348000||494904||0.00075241
04:53||655995000||494904||0.00075241
04:54||655933000||494904||0.00075241
04:55||656080000||494904||0.00075241
04:56||656080000||496590||0.00075241
04:57||656080000||496590||0.00075241
04:58||657500000||496590||0.00075241
04:59||657500000||496590||0.00075241
05:00||657500000||496590||0.00075241
05:01||657550000||496590||0.00075241
05:02||660424500||497192||0.00075241
05:03||660424500||497192||0.00075241
05:04||660399500||497192||0.00075241
05:05||659150000||497192||0.00075241
05:06||659150000||497192||0.00075241
05:07||659150000||497192||0.00075241
05:08||659150000||497192||0.00075241
05:09||659175000||497192||0.00075241
05:10||659150000||497192||0.00075241
05:11||659150000||497192||0.00075241
05:12||659150000||497192||0.00075241
05:13||658330000||497192||0.00075241
05:14||658575000||497192||0.00075241
05:15||658585000||495085||0.00075241
05:16||658575000||495085||0.00075241
05:17||658575000||495085||0.00075241
05:18||658575500||495086||0.00075241
05:19||658576000||495086||0.00075241
05:20||658575000||495086||0.00075241
05:21||658575000||495951||0.00075241
05:22||658575000||495951||0.00075241
05:23||658575000||495951||0.00075241
05:24||658575000||495951||0.00075241
05:25||658575000||495951||0.00075241
05:26||658575000||495951||0.00075241
05:27||658575000||495951||0.00075241
05:28||658575000||495951||0.00075241
05:29||659000000||496590||0.00075241
05:30||659000000||496590||0.00075241
05:31||659000000||495085||0.00075241
05:32||659040000||495085||0.00075241
05:33||659039500||495085||0.00075241
05:34||659039500||495085||0.00075241
05:35||659039500||495085||0.00075241
05:36||659039500||495085||0.00075241
05:37||659039500||495085||0.00075241
05:38||659039500||495085||0.00075241
05:39||659039000||495085||0.00075241
05:40||659450000||495085||0.00075241
05:41||658990000||495085||0.00075241
05:42||658890000||495085||0.00075241
05:43||658890000||495085||0.00075241
05:44||658900500||495085||0.00075241
05:45||658900500||495085||0.00075241
05:46||658900500||495085||0.00075241
05:47||660525000||496590||0.00075241
05:48||660525000||496590||0.00075241
05:49||660525000||496590||0.00075241
05:50||661585500||497793||0.00075241
05:51||661959000||498034||0.00075241
05:52||661802500||498094||0.00075241
05:53||661802500||498094||0.00075241
05:54||661802000||498094||0.00075241
05:55||661798000||498093||0.00075241
05:56||661998500||498093||0.00075241
05:57||661998500||498093||0.00075241
05:58||661998500||498093||0.00075241
05:59||661999500||498094||0.00075241
06:00||661999500||498094||0.00075241
06:01||661999000||498095||0.00075241
06:02||663195500||498923||0.00075241
06:03||663216000||499035||0.00075241
06:04||663216000||499035||0.00075241
06:05||663216000||499035||0.00075241
06:06||663290500||499148||0.00075241
06:07||663290500||499148||0.00075241
06:08||663290500||499148||0.00075241
06:09||663290500||499148||0.00075241
06:10||661736500||499148||0.00075241
06:11||661771500||499148||0.00075241
06:12||662713000||499148||0.00075241
06:13||662714000||499148||0.00075241
06:14||663204000||499148||0.00075241
06:15||662535000||499148||0.00075241
06:16||662545500||499148||0.00075241
06:17||663267500||498900||0.00075241
06:18||663267500||498949||0.00075241
06:19||663267500||498949||0.00075241
06:20||662964000||498949||0.00075241
06:21||663300000||499299||0.00075241
06:22||663300000||499299||0.00075241
06:23||663300000||499299||0.00075241
06:24||663300000||499299||0.00075241
06:25||663074000||499299||0.00075241
06:26||663074000||499299||0.00075241
06:27||663088500||499299||0.00075241
06:28||663400000||499299||0.00075241
06:29||663499500||499224||0.00075241
06:30||663499500||499224||0.00075241
06:31||663499500||499224||0.00075241
06:32||663499500||499224||0.00075241
06:33||662724000||498830||0.00075241
06:34||662724000||498788||0.00075241
06:35||663550000||499224||0.00075241
06:36||663116000||499224||0.00075241
06:37||662676500||498659||0.00075241
06:38||662579000||498604||0.00075241
06:39||662579000||498604||0.00075241
06:40||662579000||498604||0.00075241
06:41||661273000||498491||0.00075241
06:42||661296500||498491||0.00075241
06:43||661296500||498491||0.00075241
06:44||661296500||496693||0.00075241
06:45||661265500||496693||0.00075241
06:46||661061500||498570||0.00075241
06:47||662264000||498095||0.00075241
06:48||662377500||498095||0.00075241
06:49||662377500||498287||0.00075241
06:50||662377500||498471||0.00075241
06:51||662372500||498471||0.00075241
06:52||662375000||498283||0.00075241
06:53||662375000||498471||0.00075241
06:54||662375000||498471||0.00075241
06:55||662375000||498471||0.00075241
06:56||662377500||498471||0.00075241
06:57||662377500||498471||0.00075241
06:58||662627500||498847||0.00075241
06:59||662627500||498847||0.00075241
07:00||662637500||498847||0.00075241
07:01||662620000||498847||0.00075241
07:02||662632500||498847||0.00075241
07:03||661739500||498283||0.00075241
07:04||662142500||498267||0.00075241
07:05||662142500||498267||0.00075241
07:06||662542500||499449||0.00075241
07:07||662542500||499449||0.00075241
07:08||662592500||499449||0.00075241
07:09||662842000||499825||0.00075241
07:10||664349000||499900||0.00075241
07:11||662282500||498924||0.00075241
07:12||662942000||497707||0.00075241
07:13||661745000||497707||0.00075241
07:14||659356500||496590||0.00075241
07:15||660459500||496590||0.00075241
07:16||660470000||496590||0.00075241
07:17||660612500||496590||0.00075241
07:18||660612500||496590||0.00075241
07:19||660612500||496590||0.00075241
07:20||660612500||497512||0.00075241
07:21||660598000||497512||0.00075241
07:22||660610000||497512||0.00075241
07:23||660598000||497490||0.00075241
07:24||660490000||497490||0.00075241
07:25||660610000||497490||0.00075241
07:26||660610000||497490||0.00075241
07:27||660610000||497490||0.00075241
07:28||660610000||497490||0.00075241
07:29||660762000||497719||0.00075241
07:30||660757000||497719||0.00075241
07:31||662250500||498095||0.00075241
07:32||661259500||498095||0.00075241
07:33||661211000||498412||0.00075241
07:34||660999500||498412||0.00075241
07:35||660980000||498412||0.00075241
07:36||660984000||498412||0.00075241
07:37||660861500||498412||0.00075241
07:38||658528500||495732||0.00075241
07:39||658528500||495732||0.00075241
07:40||658210500||495273||0.00075241
07:41||658210500||495253||0.00075241
07:42||658210500||495253||0.00075241
07:43||658210500||495253||0.00075241
07:44||658210500||495253||0.00075241
07:45||658210500||495253||0.00075241
07:46||658210500||495253||0.00075241
07:47||659643500||495234||0.00075241
07:48||659644500||495234||0.00075241
07:49||659639500||495234||0.00075241
07:50||659599500||495234||0.00075241
07:51||659629000||497388||0.00075241
07:52||659644500||497342||0.00075241
07:53||659551000||497342||0.00075241
07:54||659566000||497342||0.00075241
07:55||658667000||497342||0.00075241
07:56||658667000||497342||0.00075241
07:57||658667000||497342||0.00075241
07:58||658681000||495838||0.00075241
07:59||658999500||495838||0.00075241
08:00||658999500||495838||0.00075241
08:01||658999500||495838||0.00075241
08:02||658999500||495838||0.00075241
08:03||658999500||495837||0.00075241
08:04||659125000||496025||0.00075241
08:05||659001500||495839||0.00075241
08:06||659001500||495839||0.00075241
08:07||659125000||496025||0.00075241
08:08||659125000||496025||0.00075241
08:09||659124000||495838||0.00075241
08:10||659127000||495838||0.00075241
08:11||659127000||495838||0.00075241
08:12||659007500||495843||0.00075241
08:13||658426000||495838||0.00075241
08:14||658354500||495838||0.00075241
08:15||658354500||495838||0.00075241
08:16||658354500||495838||0.00075241
08:17||658354500||495838||0.00075241
08:18||658354500||495838||0.00075241
08:19||658354500||495352||0.00075241
08:20||658354500||495352||0.00075241
08:21||658354500||495352||0.00075241
08:22||658426000||495352||0.00075241
08:23||658426000||495352||0.00075241
08:24||658427000||495461||0.00075241
08:25||658428500||495461||0.00075241
08:26||658428000||495461||0.00075241
08:27||658428000||495461||0.00075241
08:28||658428000||495461||0.00075241
08:29||658428000||495461||0.00075241
08:30||658428000||495461||0.00075241
08:31||658429500||495355||0.00075241
08:32||658428500||495356||0.00075241
08:33||658430000||495461||0.00075241
08:34||658499500||495461||0.00075241
08:35||658875500||496026||0.00075241
08:36||658875500||496026||0.00075241
08:37||658875500||496026||0.00075241
08:38||658875500||496026||0.00075241
08:39||658875500||496026||0.00075241
08:40||658875500||496026||0.00075241
08:41||659240500||496581||0.00075241
08:42||659240500||496581||0.00075241
08:43||659240500||496581||0.00075241
08:44||659240500||496575||0.00075241
08:45||659244000||495468||0.00075241
08:46||659244000||495468||0.00075241
08:47||659245500||496574||0.00075241
08:48||659245500||496574||0.00075241
08:49||659245500||496574||0.00075241
08:50||659291500||496574||0.00075241
08:51||659361000||496574||0.00075241
08:52||659413000||496574||0.00075241
08:53||659454500||496581||0.00075241
08:54||659510500||496581||0.00075241
08:55||659521000||495813||0.00075241
08:56||659521000||495813||0.00075241
08:57||659522000||496581||0.00075241
08:58||659522000||496581||0.00075241
08:59||659591000||496581||0.00075241
09:00||659595000||496581||0.00075241
09:01||659595000||496581||0.00075241
09:02||659606000||496581||0.00075241
09:03||659606000||496581||0.00075241
09:04||659602500||496581||0.00075241
09:05||659602500||496581||0.00075241
09:06||659602500||496574||0.00075241
09:07||659602500||496574||0.00075241
09:08||659602500||496574||0.00075241
09:09||659602500||496574||0.00075241
09:10||659602500||496574||0.00075241
09:11||659602500||496574||0.00075241
09:12||659601500||496008||0.00075241
09:13||659601500||496008||0.00075241
09:14||659603000||496572||0.00075241
09:15||659628000||496572||0.00075241
09:16||659629000||496572||0.00075241
09:17||659629000||496572||0.00075241
09:18||659603000||496572||0.00075241
09:19||659600000||496572||0.00075241
09:20||659600000||496572||0.00075241
09:21||659600000||496572||0.00075241
09:22||659600000||496572||0.00075241
09:23||659607500||496011||0.00075241
09:24||659607000||496567||0.00075241
09:25||659997000||496590||0.00075241
09:26||660088000||497154||0.00075241
09:27||660088000||497154||0.00075241
09:28||660374500||496590||0.00075241
09:29||660170000||496590||0.00075241
09:30||660170000||496590||0.00075241
09:31||660371000||497147||0.00075241
09:32||660619000||497147||0.00075241
09:33||660737500||497145||0.00075241
09:34||660737500||497145||0.00075241
09:35||660737500||497145||0.00075241
09:36||660737500||497145||0.00075241
09:37||660737500||497145||0.00075241
09:38||660737500||497145||0.00075241
09:39||660737500||497145||0.00075241
09:40||660737500||497145||0.00075241
09:41||660737500||497145||0.00075241
09:42||660737500||497145||0.00075241
09:43||660737500||497145||0.00075241
09:44||660737500||497145||0.00075241
09:45||660737500||497145||0.00075241
09:46||660737500||497145||0.00075241
09:47||660737500||497145||0.00075241
09:48||660372500||497145||0.00075241
09:49||660372500||497145||0.00075241
09:50||660372500||497145||0.00075241
09:51||660420000||497145||0.00075241
09:52||660420000||497145||0.00075241
09:53||660425000||497154||0.00075241
09:54||660440000||497154||0.00075241
09:55||660475500||497154||0.00075241
09:56||660626000||497154||0.00075241
09:57||660626000||497154||0.00075241
09:58||660749500||497154||0.00075241
09:59||660749500||497154||0.00075241
10:00||660749500||497154||0.00075241
10:01||660749500||497154||0.00075241
10:02||660749500||497154||0.00075241
10:03||660749500||497154||0.00075241
10:04||660749500||497154||0.00075241
10:05||660749500||497154||0.00075241
10:06||660749500||497154||0.00075241
10:07||660749500||497154||0.00075241
10:08||660749500||497154||0.00075241
10:09||660749500||497154||0.00075241
10:10||660749500||497154||0.00075241
10:11||660749500||497154||0.00075241
10:12||660378000||496595||0.00075241
10:13||660008500||496595||0.00075241
10:14||660008500||496597||0.00075241
10:15||659807500||496294||0.00075241
10:16||659806000||496294||0.00075241
10:17||659806000||496295||0.00075241
10:18||659806000||496593||0.00075241
10:19||659804500||496593||0.00075241
10:20||659803000||496590||0.00075241
10:21||659803500||496589||0.00075241
10:22||659608500||496589||0.00075241
10:23||659604500||496289||0.00075241
10:24||659605500||496296||0.00075241
10:25||659605500||496296||0.00075241
10:26||659605500||496296||0.00075241
10:27||659605500||496296||0.00075241
10:28||659605500||496296||0.00075241
10:29||659605500||496296||0.00075241
10:30||659605500||496296||0.00075241
10:31||659604500||496289||0.00075241
10:32||659604500||496296||0.00075241
10:33||659604500||496296||0.00075241
10:34||659604000||496296||0.00075241
10:35||659600500||496290||0.00075241
10:36||659600500||496290||0.00075241
10:37||659600500||496290||0.00075241
10:38||659600500||496290||0.00075241
10:39||659600500||496290||0.00075241
10:40||659600500||496290||0.00075241
10:41||659600500||496290||0.00075241
10:42||659415500||496289||0.00075241
10:43||659240500||496214||0.00075241
10:44||659375000||496214||0.00075241
10:45||659374500||496214||0.00075241
10:46||659250500||496213||0.00075241
10:47||659250500||496027||0.00075241
10:48||659250500||496026||0.00075241
10:49||659250500||496027||0.00075241
10:50||659241000||496011||0.00075241
10:51||659237000||496027||0.00075241
10:52||659225500||496027||0.00075241
10:53||659225500||496027||0.00075241
10:54||659225500||496007||0.00075241
10:55||659225500||496008||0.00075241
10:56||659225500||496007||0.00075241
10:57||659225500||496007||0.00075241
10:58||659225500||496008||0.00075241
10:59||659225500||496008||0.00075241
11:00||659225500||496008||0.00075241
11:01||659225500||496008||0.00075241
11:02||659225500||496008||0.00075241
11:03||659225500||496008||0.00075241
11:04||659225500||496008||0.00075241
11:05||659225500||496008||0.00075241
11:06||659225500||496008||0.00075241
11:07||659225500||496008||0.00075241
11:08||659225500||496008||0.00075241
11:09||659225500||496008||0.00075241
11:10||659225500||496008||0.00075241
11:11||659225500||496008||0.00075241
11:12||659225500||496008||0.00075241
11:13||659225500||496008||0.00075241
11:14||659225500||496008||0.00075241
11:15||659225500||496007||0.00075241
11:16||659225500||496008||0.00075241
11:17||659225500||496008||0.00075241
11:18||659225500||496008||0.00075241
11:19||659225500||496008||0.00075241
11:20||659225500||496007||0.00075241
11:21||659225500||496008||0.00075241
11:22||659225500||496008||0.00075241
11:23||659225500||496008||0.00075241
11:24||659225500||496008||0.00075241
11:25||659123500||496008||0.00075241
11:26||659122500||496008||0.00075241
11:27||659123500||496008||0.00075241
11:28||659123500||496006||0.00075241
11:29||659123500||496006||0.00075241
11:30||659123500||496006||0.00075241
11:31||659113500||496008||0.00075241
11:32||659114500||496008||0.00075241
11:33||659113500||495838||0.00075241
11:34||659114500||496008||0.00075241
11:35||659003500||496008||0.00075241
11:36||659003500||495840||0.00075241
11:37||659003500||495841||0.00075241
11:38||659003500||495841||0.00075241
11:39||659003500||495841||0.00075241
11:40||659003500||495841||0.00075241
11:41||659003500||495841||0.00075241
11:42||659003500||495841||0.00075241
11:43||659003500||495841||0.00075241
11:44||659003500||495841||0.00075241
11:45||659003500||495841||0.00075241
11:46||659003500||495841||0.00075241
11:47||659003000||495840||0.00075241
11:48||659001000||495839||0.00075241
11:49||659002500||495840||0.00075241
11:50||659002500||495840||0.00075241
11:51||658952000||495838||0.00075241
11:52||658952000||495765||0.00075241
11:53||658952000||495836||0.00075241
11:54||658953500||495840||0.00075241
11:55||658953000||495838||0.00075241
11:56||658953000||495838||0.00075241
11:57||658998500||495837||0.00075241
11:58||658952500||495765||0.00075241
11:59||658905500||495765||0.00075241
12:00||658904500||495765||0.00075241
12:01||658904500||495765||0.00075241
12:02||658655000||492828||0.00075241
12:03||657428000||495687||0.00075241
12:04||656337500||495687||0.00075241
12:05||656338500||493957||0.00075241
12:06||656288500||493957||0.00075241
12:07||656299500||493881||0.00075241
12:08||657719500||493957||0.00075241
12:09||657765000||493957||0.00075241
12:10||657840500||495461||0.00075241
12:11||658126000||495461||0.00075241
12:12||658126000||495461||0.00075241
12:13||658251000||495461||0.00075241
12:14||658001000||494897||0.00075241
12:15||658248500||495461||0.00075241
12:16||657998500||495461||0.00075241
12:17||658017500||495273||0.00075241
12:18||658390000||495461||0.00075241
12:19||658408000||495461||0.00075241
12:20||658665500||495687||0.00075241
12:21||658683000||495687||0.00075241
12:22||658752500||495766||0.00075241
12:23||658775500||495766||0.00075241
12:24||658793000||495766||0.00075241
12:25||658808000||495766||0.00075241
12:26||658815000||495766||0.00075241
12:27||658363500||495766||0.00075241
12:28||658420500||495766||0.00075241
12:29||658472000||495766||0.00075241
12:30||658527000||495766||0.00075241
12:31||658536500||495766||0.00075241
12:32||658536500||495766||0.00075241
12:33||658334000||495766||0.00075241
12:34||658430000||495461||0.00075241
12:35||658766000||495766||0.00075241
12:36||658829000||495762||0.00075241
12:37||658823500||495653||0.00075241
12:38||658757500||495653||0.00075241
12:39||658757500||495656||0.00075241
12:40||658757500||495656||0.00075241
12:41||658757500||495656||0.00075241
12:42||658755500||495655||0.00075241
12:43||658755500||495654||0.00075241
12:44||658755500||495654||0.00075241
12:45||658755500||495654||0.00075241
12:46||658755500||495654||0.00075241
12:47||658755500||495654||0.00075241
12:48||658755500||495654||0.00075241
12:49||658755500||495654||0.00075241
12:50||658755500||495654||0.00075241
12:51||658128000||495653||0.00075241
12:52||658064500||494711||0.00075241
12:53||658005000||495452||0.00075241
12:54||657953000||495419||0.00075241
12:55||657905000||495330||0.00075241
12:56||657728000||494709||0.00075241
12:57||656759500||494583||0.00075241
12:58||656714000||494456||0.00075241
12:59||656757000||494456||0.00075241
13:00||656591500||494333||0.00075241
13:01||654949000||492828||0.00075241
13:02||654949000||492753||0.00075241
13:03||654949000||492753||0.00075241
13:04||654949000||492753||0.00075241
13:05||654949000||492753||0.00075241
13:06||654950000||492827||0.00075241
13:07||654949500||492827||0.00075241
13:08||654949500||492826||0.00075241
13:09||654948500||492826||0.00075241
13:10||654625500||492268||0.00075241
13:11||654507000||492270||0.00075241
13:12||654507000||492270||0.00075241
13:13||654754000||492646||0.00075241
13:14||654755000||492646||0.00075241
13:15||654755000||492646||0.00075241
13:16||654805000||492721||0.00075241
13:17||654872500||492641||0.00075241
13:18||654875000||492824||0.00075241
13:19||655981000||495033||0.00075241
13:20||655750500||495033||0.00075241
13:21||655753000||493956||0.00075241
13:22||655649500||493956||0.00075241
13:23||655650000||493729||0.00075241
13:24||655649000||492905||0.00075241
13:25||655641500||493729||0.00075241
13:26||655607500||493696||0.00075241
13:27||655652000||493696||0.00075241
13:28||655366500||493696||0.00075241
13:29||655357000||493016||0.00075241
13:30||655166500||493004||0.00075241
13:31||655113000||492833||0.00075241
13:32||655724000||493911||0.00075241
13:33||655372000||493911||0.00075241
13:34||655482000||493911||0.00075241
13:35||655475500||493911||0.00075241
13:36||655507000||493392||0.00075241
13:37||655262500||493025||0.00075241
13:38||655615500||493580||0.00075241
13:39||655599500||493532||0.00075241
13:40||655264500||493027||0.00075241
13:41||655264500||493027||0.00075241
13:42||655264500||493027||0.00075241
13:43||655632000||493580||0.00075241
13:44||655631000||493027||0.00075241
13:45||655646500||493579||0.00075241
13:46||656390000||493791||0.00075241
13:47||656674000||494258||0.00075241
13:48||656774500||494332||0.00075241
13:49||656837000||494332||0.00075241
13:50||656853000||494100||0.00075241
13:51||656875000||494332||0.00075241
13:52||656889500||494333||0.00075241
13:53||656907500||494333||0.00075241
13:54||656921000||494333||0.00075241
13:55||656933500||494333||0.00075241
13:56||656998500||494332||0.00075241
13:57||656998500||494332||0.00075241
13:58||656805500||494331||0.00075241
13:59||656730500||494185||0.00075241
14:00||656338500||493836||0.00075241
14:01||656338500||493836||0.00075241
14:02||655823000||493085||0.00075241
14:03||655792000||493776||0.00075241
14:04||655763000||493776||0.00075241
14:05||654827000||492832||0.00075241
14:06||654210500||492401||0.00075241
14:07||653787000||491943||0.00075241
14:08||654215000||491943||0.00075241
14:09||655068000||493683||0.00075241
14:10||654918500||493646||0.00075241
14:11||654365500||493646||0.00075241
14:12||654367000||492810||0.00075241
14:13||654367000||492810||0.00075241
14:14||654367000||492810||0.00075241
14:15||654367000||491894||0.00075241
14:16||654367000||492810||0.00075241
14:17||654375500||491894||0.00075241
14:18||654317500||492736||0.00075241
14:19||654129000||492452||0.00075241
14:20||654130000||492452||0.00075241
14:21||654129000||492452||0.00075241
14:22||654130500||492450||0.00075241
14:23||654130500||492450||0.00075241
14:24||654132000||492450||0.00075241
14:25||654349000||492225||0.00075241
14:26||654624500||492640||0.00075241
14:27||654499500||492636||0.00075241
14:28||654499500||492636||0.00075241
14:29||654623500||492640||0.00075241
14:30||654499500||492452||0.00075241
14:31||654499500||492452||0.00075241
14:32||654499500||492452||0.00075241
14:33||654499500||492452||0.00075241
14:34||654653000||492452||0.00075241
14:35||656098500||493618||0.00075241
14:36||656098500||493671||0.00075241
14:37||656098500||493671||0.00075241
14:38||656110500||493655||0.00075241
14:39||656060000||493580||0.00075241
14:40||656001000||493582||0.00075241
14:41||656060000||493580||0.00075241
14:42||656061000||493671||0.00075241
14:43||656061000||493671||0.00075241
14:44||656061000||493671||0.00075241
14:45||656001000||493582||0.00075241
14:46||656060000||493671||0.00075241
14:47||656061000||493671||0.00075241
14:48||656061000||493580||0.00075241
14:49||656002500||493583||0.00075241
14:50||656002500||493583||0.00075241
14:51||656002500||493583||0.00075241
14:52||656002500||493583||0.00075241
14:53||656002500||493583||0.00075241
14:54||656103000||493583||0.00075241
14:55||657497500||494332||0.00075241
14:56||658393500||495575||0.00075241
14:57||658251500||495575||0.00075241
14:58||660380000||497154||0.00075241
14:59||660382000||497154||0.00075241
15:00||660383000||497154||0.00075241
15:01||660383000||497154||0.00075241
15:02||660382000||497152||0.00075241
15:03||660381000||497151||0.00075241
15:04||660382000||497152||0.00075241
15:05||660382000||497152||0.00075241
15:06||660382000||497152||0.00075241
15:07||660384000||497152||0.00075241
15:08||660384000||497152||0.00075241
15:09||660384000||497152||0.00075241
15:10||660384000||497152||0.00075241
15:11||660385500||497154||0.00075241
15:12||660385500||497154||0.00075241
15:13||660260500||497154||0.00075241
15:14||660347000||496606||0.00075241
15:15||660023500||496606||0.00075241
15:16||660304500||497062||0.00075241
15:17||660261000||497062||0.00075241
15:18||660185500||496957||0.00075241
15:19||660185500||496853||0.00075241
15:20||660185500||496852||0.00075241
15:21||660236500||496852||0.00075241
15:22||660236500||496684||0.00075241
15:23||660236500||496852||0.00075241
15:24||660461500||497192||0.00075241
15:25||660571000||497260||0.00075241
15:26||660571000||497260||0.00075241
15:27||660684500||498095||0.00075241
15:28||661500000||498095||0.00075241
15:29||661500000||498095||0.00075241
15:30||661500000||498095||0.00075241
15:31||661499000||497343||0.00075241
15:32||661350000||497343||0.00075241
15:33||661350000||497716||0.00075241
15:34||661350000||497716||0.00075241
15:35||661351000||497718||0.00075241
15:36||661351000||497718||0.00075241
15:37||661351000||497495||0.00075241
15:38||661351000||497718||0.00075241
15:39||661551500||498020||0.00075241
15:40||661451500||497869||0.00075241
15:41||661351000||497718||0.00075241
15:42||661498500||497717||0.00075241
15:43||661600000||497869||0.00075241
15:44||661600000||497869||0.00075241
15:45||661600000||497869||0.00075241
15:46||661600000||497869||0.00075241
15:47||661600000||497869||0.00075241
15:48||661601500||497869||0.00075241
15:49||661601500||497869||0.00075241
15:50||661601500||497869||0.00075241
15:51||661601500||497869||0.00075241
15:52||661601500||497721||0.00075241
15:53||661601500||497869||0.00075241
15:54||661701500||498020||0.00075241
15:55||661651500||497944||0.00075241
15:56||661850500||497721||0.00075241
15:57||661801500||497721||0.00075241
15:58||661899000||498093||0.00075241
15:59||661898000||498093||0.00075241
16:00||661923500||498093||0.00075241
16:01||661923500||497984||0.00075241
16:02||661923500||498091||0.00075241
16:03||661923500||497984||0.00075241
16:04||661924500||498094||0.00075241
16:05||661996500||498093||0.00075241
16:06||661996500||498093||0.00075241
16:07||661996500||498093||0.00075241
16:08||661996500||498093||0.00075241
16:09||661924500||497984||0.00075241
16:10||661924500||497984||0.00075241
16:11||661924500||498093||0.00075241
16:12||661924500||498093||0.00075241
16:13||661925000||498093||0.00075241
16:14||661925000||498093||0.00075241
16:15||661925000||498093||0.00075241
16:16||661996500||497984||0.00075241
16:17||661996500||497984||0.00075241
16:18||661523500||497494||0.00075241
16:19||661514000||498078||0.00075241
16:20||660626000||497341||0.00075241
16:21||660631000||497341||0.00075241
16:22||660624500||497329||0.00075241
16:23||660981500||497329||0.00075241
16:24||660625000||497328||0.00075241
16:25||660625000||497328||0.00075241
16:26||660978500||497326||0.00075241
16:27||660510000||497326||0.00075241
16:28||660510000||497154||0.00075241
16:29||660460000||497154||0.00075241
16:30||660456000||497072||0.00075241
16:31||660384500||496792||0.00075241
16:32||660384000||496792||0.00075241
16:33||660375500||496792||0.00075241
16:34||660375500||496951||0.00075241
16:35||660375500||496951||0.00075241
16:36||659340000||495236||0.00075241
16:37||659340000||496951||0.00075241
16:38||659349000||496951||0.00075241
16:39||659453500||496966||0.00075241
16:40||658530000||497078||0.00075241
16:41||658530000||495505||0.00075241
16:42||659778500||497343||0.00075241
16:43||659610000||497343||0.00075241
16:44||659612500||497072||0.00075241
16:45||659615000||497072||0.00075241
16:46||659615000||495528||0.00075241
16:47||659614000||495529||0.00075241
16:48||659614000||495529||0.00075241
16:49||659695000||497070||0.00075241
16:50||659711000||497070||0.00075241
16:51||660821000||497343||0.00075241
16:52||660823500||497343||0.00075241
16:53||661299500||497568||0.00075241
16:54||661299500||497568||0.00075241
16:55||661299500||497568||0.00075241
16:56||660976500||497568||0.00075241
16:57||660976500||497568||0.00075241
16:58||660976000||497568||0.00075241
16:59||660979500||497567||0.00075241
17:00||661094000||497567||0.00075241
17:01||661289500||497561||0.00075241
17:02||661289500||497561||0.00075241
17:03||661289500||497561||0.00075241
17:04||661289500||497561||0.00075241
17:05||661289500||497561||0.00075241
17:06||661289500||497561||0.00075241
17:07||661289500||497561||0.00075241
17:08||661289500||497561||0.00075241
17:09||660891500||497313||0.00075241
17:10||660891500||497313||0.00075241
17:11||660891500||497313||0.00075241
17:12||660891500||497313||0.00075241
17:13||660891500||497313||0.00075241
17:14||660891500||497261||0.00075241
17:15||661082500||497261||0.00075241
17:16||660863500||497252||0.00075241
17:17||660932000||497240||0.00075241
17:18||660932000||497240||0.00075241
17:19||660932000||497341||0.00075241
17:20||660931000||497340||0.00075241
17:21||660866500||497242||0.00075241
17:22||660931000||497240||0.00075241
17:23||659534000||496541||0.00075241
17:24||659486500||496465||0.00075241
17:25||659458000||496465||0.00075241
17:26||659413000||496361||0.00075241
17:27||659424500||496361||0.00075241
17:28||659398000||496261||0.00075241
17:29||659367500||496231||0.00075241
17:30||659349500||496195||0.00075241
17:31||658783000||495675||0.00075241
17:32||658660500||495674||0.00075241
17:33||659065000||496590||0.00075241
17:34||659065000||496589||0.00075241
17:35||659064000||496583||0.00075241
17:36||659064000||496583||0.00075241
17:37||659118500||496579||0.00075241
17:38||658251000||495275||0.00075241
17:39||658251000||495275||0.00075241
17:40||658251000||495275||0.00075241
17:41||658197500||495275||0.00075241
17:42||657083000||494709||0.00075241
17:43||657084500||494708||0.00075241
17:44||656838500||494090||0.00075241
17:45||657091500||494709||0.00075241
17:46||657091500||494709||0.00075241
17:47||657091500||494709||0.00075241
17:48||657090500||494709||0.00075241
17:49||657090500||494708||0.00075241
17:50||657098500||494708||0.00075241
17:51||657098000||494705||0.00075241
17:52||657101500||494708||0.00075241
17:53||657103000||494708||0.00075241
17:54||657104500||494708||0.00075241
17:55||657108500||494708||0.00075241
17:56||657124500||494708||0.00075241
17:57||657123500||494705||0.00075241
17:58||657127000||494153||0.00075241
17:59||657127000||494152||0.00075241
18:00||657124500||494153||0.00075241
18:01||656895000||494082||0.00075241
18:02||656735000||494423||0.00075241
18:03||656734000||494182||0.00075241
18:04||656799500||494182||0.00075241
18:05||656740500||494182||0.00075241
18:06||656740500||494182||0.00075241
18:07||656740500||494032||0.00075241
18:08||656356500||494032||0.00075241
18:09||656360500||494032||0.00075241
18:10||656359500||494032||0.00075241
18:11||656359500||494032||0.00075241
18:12||656359500||494032||0.00075241
18:13||656359500||494030||0.00075241
18:14||656362500||494030||0.00075241
18:15||656400000||494030||0.00075241
18:16||656400000||494030||0.00075241
18:17||656400000||494030||0.00075241
18:18||656400000||494030||0.00075241
18:19||656405000||494030||0.00075241
18:20||656405000||494030||0.00075241
18:21||656405000||494030||0.00075241
18:22||656405000||494030||0.00075241
18:23||656553000||494253||0.00075241
18:24||656553000||494253||0.00075241
18:25||656559000||494253||0.00075241
18:26||656559500||493747||0.00075241
18:27||656559500||494252||0.00075241
18:28||656700000||494252||0.00075241
18:29||656851000||494252||0.00075241
18:30||656851000||494250||0.00075241
18:31||656851000||494250||0.00075241
18:32||656887500||494250||0.00075241
18:33||656887500||494250||0.00075241
18:34||656891500||494252||0.00075241
18:35||656891500||494252||0.00075241
18:36||656891500||494251||0.00075241
18:37||656891500||494251||0.00075241
18:38||656891500||494251||0.00075241
18:39||656889500||494252||0.00075241
18:40||656889500||494252||0.00075241
18:41||656889500||494250||0.00075241
18:42||656889500||494250||0.00075241
18:43||656698500||494250||0.00075241
18:44||656885500||494250||0.00075241
18:45||656885500||494250||0.00075241
18:46||656885500||494243||0.00075241
18:47||656883000||494250||0.00075241
18:48||656883000||494246||0.00075241
18:49||656883000||494246||0.00075241
18:50||656883000||494246||0.00075241
18:51||656883000||494246||0.00075241
18:52||656883000||494246||0.00075241
18:53||656883000||494246||0.00075241
18:54||656882500||494246||0.00075241
18:55||656882500||494246||0.00075241
18:56||656882500||494245||0.00075241
18:57||656882500||494245||0.00075241
18:58||656882500||494245||0.00075241
18:59||656695500||493963||0.00075241
19:00||656695500||494245||0.00075241
19:01||656695500||494245||0.00075241
19:02||656695000||494245||0.00075241
19:03||656694500||493963||0.00075241
19:04||656694500||493963||0.00075241
19:05||656694500||493963||0.00075241
19:06||656553500||493751||0.00075241
19:07||656217500||493750||0.00075241
19:08||656169000||493750||0.00075241
19:09||655999500||493580||0.00075241
19:10||655999500||493580||0.00075241
19:11||655999500||493580||0.00075241
19:12||656274500||493994||0.00075241
19:13||656274500||493994||0.00075241
19:14||656274500||493994||0.00075241
19:15||656280500||493994||0.00075241
19:16||656510000||494333||0.00075241
19:17||656750000||494333||0.00075241
19:18||656760000||494333||0.00075241
19:19||656760000||494333||0.00075241
19:20||659985000||496568||0.00075241
19:21||659985000||494739||0.00075241
19:22||658794500||494776||0.00075241
19:23||659016000||496590||0.00075241
19:24||659015500||496589||0.00075241
19:25||659238000||496924||0.00075241
19:26||659060000||495147||0.00075241
19:27||659124000||495930||0.00075241
19:28||659305000||496589||0.00075241
19:29||661225000||497493||0.00075241
19:30||661225000||497493||0.00075241
19:31||661200500||497567||0.00075241
19:32||661200500||497493||0.00075241
19:33||660501000||497343||0.00075241
19:34||660500500||496591||0.00075241
19:35||660550500||497493||0.00075241
19:36||660002500||497493||0.00075241
19:37||660002500||496592||0.00075241
19:38||660002500||496592||0.00075241
19:39||660002500||496592||0.00075241
19:40||660002500||496592||0.00075241
19:41||660002500||496592||0.00075241
19:42||660002500||496592||0.00075241
19:43||660002500||496592||0.00075241
19:44||660996500||497337||0.00075241
19:45||661501000||496592||0.00075241
19:46||661499000||496590||0.00075241
19:47||661574000||496709||0.00075241
19:48||662987500||498838||0.00075241
19:49||661657500||498838||0.00075241
19:50||661657000||496837||0.00075241
19:51||661892000||498835||0.00075241
19:52||661525000||498283||0.00075241
19:53||661350500||498283||0.00075241
19:54||661350500||498283||0.00075241
19:55||661771500||498838||0.00075241
19:56||661302000||498095||0.00075241
19:57||661302000||498095||0.00075241
19:58||662531500||498825||0.00075241
19:59||662969500||498825||0.00075241
20:00||662969500||498825||0.00075241
20:01||663121500||498825||0.00075241
20:02||663934000||499900||0.00075241
20:03||662541500||499600||0.00075241
20:04||662541000||497405||0.00075241
20:05||662568500||499598||0.00075241
20:06||662566000||499592||0.00075241
20:07||662544500||499524||0.00075241
20:08||661632500||497542||0.00075241
20:09||661624500||498095||0.00075241
20:10||661620500||498092||0.00075241
20:11||661744500||498087||0.00075241
20:12||661704500||498086||0.00075241
20:13||661897500||498017||0.00075241
20:14||661964500||498095||0.00075241
20:15||662706500||498170||0.00075241
20:16||662229000||498847||0.00075241
20:17||663349000||499412||0.00075241
20:18||663248500||499224||0.00075241
20:19||663498500||499224||0.00075241
20:20||663498500||499222||0.00075241
20:21||661695000||498095||0.00075241
20:22||661696000||498095||0.00075241
20:23||661695500||498094||0.00075241
20:24||661692500||498093||0.00075241
20:25||661643000||498011||0.00075241
20:26||661650000||497944||0.00075241
20:27||661650000||497944||0.00075241
20:28||661446000||497719||0.00075241
20:29||661399500||497719||0.00075241
20:30||661399500||497643||0.00075241
20:31||661649500||497869||0.00075241
20:32||661699500||497869||0.00075241
20:33||661749500||497944||0.00075241
20:34||662450000||498772||0.00075241
20:35||662945000||498772||0.00075241
20:36||662989500||498840||0.00075241
20:37||662998500||498847||0.00075241
20:38||662998500||498847||0.00075241
20:39||662899500||498846||0.00075241
20:40||662899500||498846||0.00075241
20:41||662454000||498767||0.00075241
20:42||661004000||497343||0.00075241
20:43||659221500||497296||0.00075241
20:44||658447000||493964||0.00075241
20:45||657931500||496128||0.00075241
20:46||657899000||496128||0.00075241
20:47||657763000||495801||0.00075241
20:48||657716500||495728||0.00075241
20:49||657618500||495728||0.00075241
20:50||657531000||495580||0.00075241
20:51||656800000||495580||0.00075241
20:52||656799500||494032||0.00075241
20:53||656754500||494032||0.00075241
20:54||656750000||494258||0.00075241
20:55||656800000||494258||0.00075241
20:56||656800000||494107||0.00075241
20:57||656799500||494182||0.00075241
20:58||656851000||494258||0.00075241
20:59||656998500||494332||0.00075241
21:00||656998500||494332||0.00075241
21:01||656998500||494331||0.00075241
21:02||656997500||494331||0.00075241
21:03||656997500||494331||0.00075241
21:04||656997500||494331||0.00075241
21:05||656997500||494331||0.00075241
21:06||656997500||494331||0.00075241
21:07||656997500||494331||0.00075241
21:08||656997500||494331||0.00075241
21:09||656997500||494331||0.00075241
21:10||656997500||494331||0.00075241
21:11||656997500||494331||0.00075241
21:12||656997500||494331||0.00075241
21:13||656997500||494331||0.00075241
21:14||656997500||494331||0.00075241
21:15||657557500||495158||0.00075241
21:16||657598000||495158||0.00075241
21:17||657598500||495158||0.00075241
21:18||657608000||495158||0.00075241
21:19||657698000||494427||0.00075241
21:20||657798500||495158||0.00075241
21:21||657750500||495158||0.00075241
21:22||657798500||495158||0.00075241
21:23||657923000||494897||0.00075241
21:24||657915500||494897||0.00075241
21:25||657750500||494898||0.00075241
21:26||657750500||494898||0.00075241
21:27||657750500||494898||0.00075241
21:28||657750500||494898||0.00075241
21:29||657750500||494898||0.00075241
21:30||657750500||494898||0.00075241
21:31||657628500||494717||0.00075241
21:32||657631000||494894||0.00075241
21:33||657628500||494717||0.00075241
21:34||657146500||494483||0.00075241
21:35||657146500||494478||0.00075241
21:36||656942500||494325||0.00075241
21:37||657325500||494322||0.00075241
21:38||657306500||494885||0.00075241
21:39||657257000||494258||0.00075241
21:40||657326500||494898||0.00075241
21:41||657326500||494898||0.00075241
21:42||657326500||494898||0.00075241
21:43||657325500||494896||0.00075241
21:44||657325500||494896||0.00075241
21:45||657325000||494896||0.00075241
21:46||657374000||494896||0.00075241
21:47||657323500||494896||0.00075241
21:48||657321000||494890||0.00075241
21:49||657321000||494889||0.00075241
21:50||657320500||494889||0.00075241
21:51||657252000||494889||0.00075241
21:52||657226500||494784||0.00075241
21:53||657226000||494784||0.00075241
21:54||657222000||494784||0.00075241
21:55||656952000||494784||0.00075241
21:56||657549500||494746||0.00075241
21:57||657822500||495158||0.00075241
21:58||658087500||495158||0.00075241
21:59||658087500||495151||0.00075241
22:00||658087500||495151||0.00075241
22:01||658087500||495151||0.00075241
22:02||657496000||494261||0.00075241
22:03||656904500||494261||0.00075241
22:04||656904500||494261||0.00075241
22:05||656904500||494261||0.00075241
22:06||656904500||494261||0.00075241
22:07||656904500||494261||0.00075241
22:08||656904500||494261||0.00075241
22:09||656129500||494261||0.00075241
22:10||656129500||494261||0.00075241
22:11||656130000||494261||0.00075241
22:12||656160500||494261||0.00075241
22:13||656176000||493165||0.00075241
22:14||656191500||494261||0.00075241
22:15||656216000||494261||0.00075241
22:16||656230500||494261||0.00075241
22:17||656903500||494261||0.00075241
22:18||656903500||494261||0.00075241
22:19||656903500||494261||0.00075241
22:20||656216000||494261||0.00075241
22:21||656216000||494261||0.00075241
22:22||656202000||494261||0.00075241
22:23||655850000||494261||0.00075241
22:24||655850000||493731||0.00075241
22:25||655850000||493731||0.00075241
22:26||654475500||492828||0.00075241
22:27||654486000||492828||0.00075241
22:28||654497500||492828||0.00075241
22:29||654475500||492828||0.00075241
22:30||654475500||492828||0.00075241
22:31||652340500||490345||0.00075241
22:32||652340000||490331||0.00075241
22:33||651999500||491322||0.00075241
22:34||651524000||489068||0.00075241
22:35||651474500||489103||0.00075241
22:36||651452000||489103||0.00075241
22:37||651546500||489145||0.00075241
22:38||651530000||491292||0.00075241
22:39||654004000||491330||0.00075241
22:40||654004000||492827||0.00075241
22:41||653994500||492813||0.00075241
22:42||654624500||491360||0.00075241
22:43||654554500||491360||0.00075241
22:44||654554000||491405||0.00075241
22:45||654554000||491405||0.00075241
22:46||654554000||491405||0.00075241
22:47||656099500||493580||0.00075241
22:48||656199500||493731||0.00075241
22:49||656175000||493731||0.00075241
22:50||656175000||493731||0.00075241
22:51||656175000||493693||0.00075241
22:52||654529500||493693||0.00075241
22:53||654529500||493693||0.00075241
22:54||654529500||493580||0.00075241
22:55||654499500||493580||0.00075241
22:56||652750500||492827||0.00075241
22:57||654019500||492827||0.00075241
22:58||653999500||491323||0.00075241
22:59||653039000||492827||0.00075241
23:00||653105000||490616||0.00075241
23:01||652530000||490616||0.00075241
23:02||653529000||492189||0.00075241
23:03||652380500||492189||0.00075241
23:04||652995000||492038||0.00075241
23:05||652995000||490601||0.00075241
23:06||653586500||492189||0.00075241
23:07||654011000||492189||0.00075241
23:08||653961500||491341||0.00075241
23:09||654450000||491341||0.00075241
23:10||652722500||492827||0.00075241
23:11||652790000||492452||0.00075241
23:12||652790000||492452||0.00075241
23:13||652790000||492452||0.00075241
23:14||653528500||492826||0.00075241
23:15||653498500||490571||0.00075241
23:16||653498500||492826||0.00075241
23:17||653000000||492826||0.00075241
23:18||653001000||492075||0.00075241
23:19||653001000||492075||0.00075241
23:20||652472500||492075||0.00075241
23:21||652943500||492075||0.00075241
23:22||652840000||490415||0.00075241
23:23||652962500||491991||0.00075241
23:24||653443500||491991||0.00075241
23:25||653443500||491991||0.00075241
23:26||653443500||491991||0.00075241
23:27||653443000||491323||0.00075241
23:28||652717500||491990||0.00075241
23:29||652717500||490231||0.00075241
23:30||652717500||490231||0.00075241
23:31||652120000||489336||0.00075241
23:32||650357000||489336||0.00075241
23:33||651495000||489146||0.00075241
23:34||651494500||489146||0.00075241
23:35||649250000||487937||0.00075241
23:36||649250500||487937||0.00075241
23:37||649254500||487938||0.00075241
23:38||649249000||487938||0.00075241
23:39||649249500||487938||0.00075241
23:40||649254500||487938||0.00075241
23:41||649249500||489064||0.00075241
23:42||649254000||489064||0.00075241
23:43||649256500||489064||0.00075241
23:44||649256500||489057||0.00075241
23:45||649256500||489057||0.00075241
23:46||649022000||487611||0.00075241
23:47||648083000||487636||0.00075241
23:48||648099500||487636||0.00075241
23:49||648169000||489022||0.00075241
23:50||648199500||487712||0.00075241
23:51||648199500||487712||0.00075241
23:52||647378000||487712||0.00075241
23:53||647377500||486474||0.00075241
23:54||647394000||486474||0.00075241
23:55||647394000||487712||0.00075241
23:56||647612000||487712||0.00075241
23:57||647623500||487712||0.00075241
23:58||647856500||487712||0.00075241
23:59||647857000||487712||0.00075241
