00:00||658245000||495811||0.00075241
00:01||658250000||495811||0.00075241
00:02||658250500||495811||0.00075241
00:03||658250500||495461||0.00075241
00:04||658245500||495454||0.00075241
00:05||658123000||495270||0.00075241
00:06||657631000||495085||0.00075241
00:07||657631000||494531||0.00075241
00:08||657631000||494531||0.00075241
00:09||656851000||494460||0.00075241
00:10||656261500||493981||0.00075241
00:11||656261500||493974||0.00075241
00:12||656050000||493974||0.00075241
00:13||656050000||493974||0.00075241
00:14||655773000||493580||0.00075241
00:15||654530000||492828||0.00075241
00:16||654503000||492828||0.00075241
00:17||655053000||492080||0.00075241
00:18||655053000||492080||0.00075241
00:19||655053000||492080||0.00075241
00:20||655963000||495172||0.00075241
00:21||655963000||495172||0.00075241
00:22||655963000||495172||0.00075241
00:23||655963000||495172||0.00075241
00:24||655963000||495172||0.00075241
00:25||655963000||495172||0.00075241
00:26||655987500||495025||0.00075241
00:27||656090000||495025||0.00075241
00:28||656125000||495025||0.00075241
00:29||656125000||492264||0.00075241
00:30||656149500||492264||0.00075241
00:31||656526500||492264||0.00075241
00:32||656526000||492264||0.00075241
00:33||656539000||492264||0.00075241
00:34||656544500||495078||0.00075241
00:35||656589500||495069||0.00075241
00:36||656644000||495076||0.00075241
00:37||656994000||495076||0.00075241
00:38||656694000||493105||0.00075241
00:39||656677500||493103||0.00075241
00:40||656727500||493178||0.00075241
00:41||656783000||493329||0.00075241
00:42||656784500||493329||0.00075241
00:43||656994000||495076||0.00075241
00:44||656994000||495076||0.00075241
00:45||656994000||495076||0.00075241
00:46||656949500||495076||0.00075241
00:47||656978000||495076||0.00075241
00:48||656978000||495009||0.00075241
00:49||656979000||495009||0.00075241
00:50||656979000||495009||0.00075241
00:51||656979500||495009||0.00075241
00:52||656979500||493630||0.00075241
00:53||656979500||493626||0.00075241
00:54||657024500||493625||0.00075241
00:55||657199500||493625||0.00075241
00:56||657493500||495009||0.00075241
00:57||657518000||495009||0.00075241
00:58||657493500||495009||0.00075241
00:59||657450500||495009||0.00075241
01:00||657445000||495009||0.00075241
01:01||657440500||495009||0.00075241
01:02||657440500||495009||0.00075241
01:03||657440500||495009||0.00075241
01:04||657440500||495009||0.00075241
01:05||657521500||495075||0.00075241
01:06||657523000||495075||0.00075241
01:07||657526000||494378||0.00075241
01:08||657526500||494378||0.00075241
01:09||657484500||494391||0.00075241
01:10||657490000||494385||0.00075241
01:11||657495500||494385||0.00075241
01:12||657500000||494385||0.00075241
01:13||657655000||495084||0.00075241
01:14||657655500||495235||0.00075241
01:15||657662000||495235||0.00075241
01:16||657674500||494427||0.00075241
01:17||657627500||494446||0.00075241
01:18||658749500||495461||0.00075241
01:19||658749000||495461||0.00075241
01:20||658901500||495461||0.00075241
01:21||658901500||495461||0.00075241
01:22||659139000||495461||0.00075241
01:23||659297500||495823||0.00075241
01:24||659297500||495823||0.00075241
01:25||659297500||495823||0.00075241
01:26||660650000||496590||0.00075241
01:27||667499500||504114||0.00075241
01:28||667495000||500352||0.00075241
01:29||667471500||500401||0.00075241
01:30||667149500||503738||0.00075241
01:31||667849500||503136||0.00075241
01:32||667849500||503136||0.00075241
01:33||670166500||504114||0.00075241
01:34||670500000||504867||0.00075241
01:35||670500000||504867||0.00075241
01:36||670500500||504867||0.00075241
01:37||670566000||504167||0.00075241
01:38||670287500||504167||0.00075241
01:39||670150500||504167||0.00075241
01:40||670150500||504227||0.00075241
01:41||669450000||504115||0.00075241
01:42||669375500||503174||0.00075241
01:43||668130500||501300||0.00075241
01:44||668250500||501439||0.00075241
01:45||668450000||501439||0.00075241
01:46||668511500||504115||0.00075241
01:47||668423500||501782||0.00075241
01:48||668468500||501782||0.00075241
01:49||667499500||501782||0.00075241
01:50||668450000||501857||0.00075241
01:51||668255000||501857||0.00075241
01:52||668277000||503361||0.00075241
01:53||668499500||503362||0.00075241
01:54||668527500||502609||0.00075241
01:55||668530000||502609||0.00075241
01:56||669030000||502655||0.00075241
01:57||669029500||504113||0.00075241
01:58||669010000||504113||0.00075241
01:59||668069500||504113||0.00075241
02:00||668069500||502661||0.00075241
02:01||668069500||502661||0.00075241
02:02||668499500||502985||0.00075241
02:03||668755000||502985||0.00075241
02:04||668554500||503361||0.00075241
02:05||668556500||503027||0.00075241
02:06||668778000||503028||0.00075241
02:07||668555500||503028||0.00075241
02:08||668832000||503029||0.00075241
02:09||668668500||503029||0.00075241
02:10||668668500||503112||0.00075241
02:11||668668500||503112||0.00075241
02:12||668668500||503112||0.00075241
02:13||668668500||503112||0.00075241
02:14||668668500||503112||0.00075241
02:15||668668500||503113||0.00075241
02:16||668668500||503112||0.00075241
02:17||668668500||503112||0.00075241
02:18||668668500||503112||0.00075241
02:19||668668500||503112||0.00075241
02:20||668668500||503112||0.00075241
02:21||668668500||503113||0.00075241
02:22||668668500||503113||0.00075241
02:23||668668500||503113||0.00075241
02:24||668668500||503112||0.00075241
02:25||667868000||501105||0.00075241
02:26||667625500||501931||0.00075241
02:27||667666500||502108||0.00075241
02:28||667750000||502233||0.00075241
02:29||667778000||502275||0.00075241
02:30||667853500||502275||0.00075241
02:31||667999500||502275||0.00075241
02:32||667667500||502109||0.00075241
02:33||667702500||502059||0.00075241
02:34||667729000||502308||0.00075241
02:35||667899500||502384||0.00075241
02:36||668384500||503113||0.00075241
02:37||668584500||503113||0.00075241
02:38||668334500||502609||0.00075241
02:39||668384500||502618||0.00075241
02:40||668390000||502694||0.00075241
02:41||668485000||501105||0.00075241
02:42||668556500||502945||0.00075241
02:43||668557500||502945||0.00075241
02:44||668583500||502954||0.00075241
02:45||668383500||502610||0.00075241
02:46||668389000||502694||0.00075241
02:47||668499500||502694||0.00075241
02:48||668583000||502860||0.00075241
02:49||668665500||502989||0.00075241
02:50||668586000||503111||0.00075241
02:51||668587000||503111||0.00075241
02:52||668586500||503111||0.00075241
02:53||668586500||503111||0.00075241
02:54||668588000||503113||0.00075241
02:55||668588000||503113||0.00075241
02:56||668446500||503113||0.00075241
02:57||668446500||503113||0.00075241
02:58||668446500||503113||0.00075241
02:59||668446500||503113||0.00075241
03:00||668463000||503113||0.00075241
03:01||670211000||504114||0.00075241
03:02||670421500||504114||0.00075241
03:03||670421500||504432||0.00075241
03:04||670421500||504432||0.00075241
03:05||670421500||504432||0.00075241
03:06||670421500||504432||0.00075241
03:07||669569500||504432||0.00075241
03:08||669558000||504432||0.00075241
03:09||669557500||504432||0.00075241
03:10||669557500||504432||0.00075241
03:11||669540000||504432||0.00075241
03:12||668717500||504095||0.00075241
03:13||668717500||503150||0.00075241
03:14||668026500||503150||0.00075241
03:15||668012500||503150||0.00075241
03:16||667634000||501156||0.00075241
03:17||667494500||501330||0.00075241
03:18||666510500||501357||0.00075241
03:19||666510500||501357||0.00075241
03:20||667689000||501622||0.00075241
03:21||668252000||501360||0.00075241
03:22||668252000||501360||0.00075241
03:23||667565500||501438||0.00075241
03:24||667565500||501438||0.00075241
03:25||667223500||501363||0.00075241
03:26||666972500||501441||0.00075241
03:27||666997500||501441||0.00075241
03:28||666999500||501856||0.00075241
03:29||667525000||502609||0.00075241
03:30||667600000||502609||0.00075241
03:31||667602000||502010||0.00075241
03:32||668015000||502122||0.00075241
03:33||668090000||502122||0.00075241
03:34||668090000||502233||0.00075241
03:35||668030000||502143||0.00075241
03:36||668030000||502143||0.00075241
03:37||668052500||502143||0.00075241
03:38||668128500||503121||0.00075241
03:39||668128500||503121||0.00075241
03:40||668128500||503121||0.00075241
03:41||668051500||502177||0.00075241
03:42||668052500||502177||0.00075241
03:43||668028000||502140||0.00075241
03:44||668028000||502141||0.00075241
03:45||667802500||502141||0.00075241
03:46||667542500||501901||0.00075241
03:47||667189000||501172||0.00075241
03:48||667046000||501172||0.00075241
03:49||667043500||501179||0.00075241
03:50||666997500||501179||0.00075241
03:51||666997500||501855||0.00075241
03:52||667491500||501855||0.00075241
03:53||666998500||501855||0.00075241
03:54||666551500||501180||0.00075241
03:55||666554500||501184||0.00075241
03:56||667996000||502602||0.00075241
03:57||667502000||501860||0.00075241
03:58||667503500||501862||0.00075241
03:59||667505500||501867||0.00075241
04:00||667507000||501868||0.00075241
04:01||667509000||501871||0.00075241
04:02||667509000||501871||0.00075241
04:03||667510500||501873||0.00075241
04:04||667506500||501867||0.00075241
04:05||667508000||501867||0.00075241
04:06||667505500||501873||0.00075241
04:07||667987500||501873||0.00075241
04:08||667997000||502606||0.00075241
04:09||667997500||502608||0.00075241
04:10||667997500||502608||0.00075241
04:11||667997500||502608||0.00075241
04:12||667997500||502608||0.00075241
04:13||667997500||502608||0.00075241
04:14||667997500||502608||0.00075241
04:15||667997500||502608||0.00075241
04:16||667997500||502608||0.00075241
04:17||667997500||502607||0.00075241
04:18||667997500||502607||0.00075241
04:19||667997500||502607||0.00075241
04:20||667997500||502607||0.00075241
04:21||667997500||502607||0.00075241
04:22||667997500||502607||0.00075241
04:23||667997500||502608||0.00075241
04:24||667997500||502608||0.00075241
04:25||667997500||502608||0.00075241
04:26||667997500||502608||0.00075241
04:27||667997500||502608||0.00075241
04:28||667997500||502608||0.00075241
04:29||667997500||502608||0.00075241
04:30||667997500||502608||0.00075241
04:31||667997500||502608||0.00075241
04:32||667997500||502608||0.00075241
04:33||667997500||502608||0.00075241
04:34||667997500||502608||0.00075241
04:35||667997500||502608||0.00075241
04:36||667997500||502608||0.00075241
04:37||667997500||502608||0.00075241
04:38||667997500||502607||0.00075241
04:39||667997500||502607||0.00075241
04:40||667997500||502607||0.00075241
04:41||667997500||502607||0.00075241
04:42||667997500||502608||0.00075241
04:43||667997500||502608||0.00075241
04:44||667997500||502608||0.00075241
04:45||667997500||502607||0.00075241
04:46||667997500||502607||0.00075241
04:47||667997500||502607||0.00075241
04:48||667997500||502607||0.00075241
04:49||667997500||502607||0.00075241
04:50||667997500||502607||0.00075241
04:51||667997500||502607||0.00075241
04:52||667997500||502607||0.00075241
04:53||667997500||502607||0.00075241
04:54||667997500||502607||0.00075241
04:55||667997500||502607||0.00075241
04:56||667997500||502607||0.00075241
04:57||667997500||502607||0.00075241
04:58||667997500||502607||0.00075241
04:59||667997500||502608||0.00075241
05:00||667997500||502607||0.00075241
05:01||667997500||502607||0.00075241
05:02||667997500||502607||0.00075241
05:03||667997500||502607||0.00075241
05:04||667997500||502607||0.00075241
05:05||667997500||502607||0.00075241
05:06||667997500||502607||0.00075241
05:07||667997500||502607||0.00075241
05:08||667997500||502607||0.00075241
05:09||667997500||502608||0.00075241
05:10||667997500||502607||0.00075241
05:11||667997500||502608||0.00075241
05:12||667997500||502608||0.00075241
05:13||667997500||502608||0.00075241
05:14||667997500||502608||0.00075241
05:15||667997500||502608||0.00075241
05:16||667997500||502608||0.00075241
05:17||667997500||502608||0.00075241
05:18||667997500||502608||0.00075241
05:19||667475500||502214||0.00075241
05:20||667475500||502214||0.00075241
05:21||667475500||502214||0.00075241
05:22||667475500||502214||0.00075241
05:23||667475500||502214||0.00075241
05:24||667475500||502214||0.00075241
05:25||667475500||502214||0.00075241
05:26||667475500||502214||0.00075241
05:27||667475500||502214||0.00075241
05:28||667475500||502214||0.00075241
05:29||667475500||502214||0.00075241
05:30||667475500||502214||0.00075241
05:31||667475500||502214||0.00075241
05:32||667475500||502214||0.00075241
05:33||667475500||502214||0.00075241
05:34||667475500||502214||0.00075241
05:35||667475500||502214||0.00075241
05:36||667475500||502214||0.00075241
05:37||667475500||502214||0.00075241
05:38||667475500||502214||0.00075241
05:39||667475500||502214||0.00075241
05:40||666532500||502214||0.00075241
05:41||666532500||502214||0.00075241
05:42||666532500||501821||0.00075241
05:43||666532500||501821||0.00075241
05:44||666532500||501190||0.00075241
05:45||666531500||501190||0.00075241
05:46||666531500||501190||0.00075241
05:47||666531500||501190||0.00075241
05:48||666522000||501188||0.00075241
05:49||666522000||501188||0.00075241
05:50||666522000||501188||0.00075241
05:51||666522000||501805||0.00075241
05:52||666522000||501805||0.00075241
05:53||666522000||501805||0.00075241
05:54||666112000||501190||0.00075241
05:55||665607500||500429||0.00075241
05:56||665607500||500429||0.00075241
05:57||665606000||500429||0.00075241
05:58||665660500||501187||0.00075241
05:59||665668500||501187||0.00075241
06:00||666887500||502609||0.00075241
06:01||667242500||502609||0.00075241
06:02||667510000||503344||0.00075241
06:03||668500000||503344||0.00075241
06:04||668506500||502617||0.00075241
06:05||668503000||502617||0.00075241
06:06||668511500||502618||0.00075241
06:07||668531500||502618||0.00075241
06:08||668541500||502661||0.00075241
06:09||668596500||502676||0.00075241
06:10||668597500||503357||0.00075241
06:11||668597500||503357||0.00075241
06:12||668597500||503357||0.00075241
06:13||668597500||503357||0.00075241
06:14||668579500||503357||0.00075241
06:15||668530500||503357||0.00075241
06:16||668530500||503357||0.00075241
06:17||667955500||501895||0.00075241
06:18||667942500||501895||0.00075241
06:19||667939500||501895||0.00075241
06:20||667904000||501895||0.00075241
06:21||667832500||500518||0.00075241
06:22||666827500||500518||0.00075241
06:23||666793500||500601||0.00075241
06:24||666999000||500601||0.00075241
06:25||666937500||500601||0.00075241
06:26||667399500||503238||0.00075241
06:27||667051000||503238||0.00075241
06:28||667032000||503238||0.00075241
06:29||666102500||503238||0.00075241
06:30||666100500||501180||0.00075241
06:31||666100500||501180||0.00075241
06:32||666100500||501180||0.00075241
06:33||666100500||501180||0.00075241
06:34||666100500||501180||0.00075241
06:35||666100500||501180||0.00075241
06:36||667051000||501182||0.00075241
06:37||666102500||501181||0.00075241
06:38||666102500||501181||0.00075241
06:39||666102500||501181||0.00075241
06:40||666102500||501181||0.00075241
06:41||666102500||501181||0.00075241
06:42||667297500||501182||0.00075241
06:43||666105500||501182||0.00075241
06:44||666105500||501184||0.00075241
06:45||666105500||501184||0.00075241
06:46||666105500||501184||0.00075241
06:47||667053000||501186||0.00075241
06:48||667066000||501195||0.00075241
06:49||666152500||501219||0.00075241
06:50||667997500||502607||0.00075241
06:51||667997500||502607||0.00075241
06:52||667055000||502525||0.00075241
06:53||666973500||502525||0.00075241
06:54||666231500||501279||0.00075241
06:55||666976500||501279||0.00075241
06:56||666980000||501279||0.00075241
06:57||666977500||501279||0.00075241
06:58||666977500||501279||0.00075241
06:59||667105000||501279||0.00075241
07:00||667707500||501279||0.00075241
07:01||667707500||501279||0.00075241
07:02||667707500||502390||0.00075241
07:03||667707500||502389||0.00075241
07:04||668094500||502389||0.00075241
07:05||668094500||502903||0.00075241
07:06||668195000||502903||0.00075241
07:07||668387500||502903||0.00075241
07:08||668387500||502901||0.00075241
07:09||668387500||502901||0.00075241
07:10||668387500||502901||0.00075241
07:11||668387500||502901||0.00075241
07:12||668387500||502901||0.00075241
07:13||668389500||502903||0.00075241
07:14||668389500||502903||0.00075241
07:15||668389500||502903||0.00075241
07:16||669999500||504114||0.00075241
07:17||669999500||504113||0.00075241
07:18||669998000||504114||0.00075241
07:19||669998500||504114||0.00075241
07:20||669998500||504113||0.00075241
07:21||669998500||504113||0.00075241
07:22||669998500||504113||0.00075241
07:23||669998500||504114||0.00075241
07:24||670650000||504340||0.00075241
07:25||672000500||506371||0.00075241
07:26||672002000||506371||0.00075241
07:27||673500500||506748||0.00075241
07:28||673501000||507123||0.00075241
07:29||673406000||506380||0.00075241
07:30||673255000||506380||0.00075241
07:31||673552000||506388||0.00075241
07:32||673787000||506743||0.00075241
07:33||673750000||506743||0.00075241
07:34||673502500||506748||0.00075241
07:35||673502500||506750||0.00075241
07:36||673650000||506749||0.00075241
07:37||673606500||506971||0.00075241
07:38||673793500||506830||0.00075241
07:39||673999500||507124||0.00075241
07:40||674039500||507124||0.00075241
07:41||674268500||507183||0.00075241
07:42||674456500||507468||0.00075241
07:43||674681500||507637||0.00075241
07:44||674569500||507637||0.00075241
07:45||674680500||507635||0.00075241
07:46||674680500||507635||0.00075241
07:47||674680500||507636||0.00075241
07:48||674680500||507635||0.00075241
07:49||674680500||507635||0.00075241
07:50||674680500||507636||0.00075241
07:51||674568000||507635||0.00075241
07:52||674257500||507467||0.00075241
07:53||674253500||507467||0.00075241
07:54||674212500||507184||0.00075241
07:55||674080500||507184||0.00075241
07:56||674080500||507184||0.00075241
07:57||674080500||507185||0.00075241
07:58||674080500||507185||0.00075241
07:59||674080500||507184||0.00075241
08:00||674080500||507184||0.00075241
08:01||674080500||507185||0.00075241
08:02||674080500||507184||0.00075241
08:03||673538000||507184||0.00075241
08:04||673537000||505619||0.00075241
08:05||671476500||505619||0.00075241
08:06||671478000||505619||0.00075241
08:07||670224500||504435||0.00075241
08:08||672004500||504435||0.00075241
08:09||671180000||501283||0.00075241
08:10||671180000||501283||0.00075241
08:11||670727000||505618||0.00075241
08:12||670800000||503851||0.00075241
08:13||670933000||503851||0.00075241
08:14||671725500||505412||0.00075241
08:15||671725500||505412||0.00075241
08:16||671725500||505412||0.00075241
08:17||671725500||505412||0.00075241
08:18||671876000||505432||0.00075241
08:19||671997500||505618||0.00075241
08:20||671997500||505618||0.00075241
08:21||671997500||505618||0.00075241
08:22||671997500||505618||0.00075241
08:23||671997500||505618||0.00075241
08:24||672200000||505619||0.00075241
08:25||672105500||505619||0.00075241
08:26||672523000||505842||0.00075241
08:27||672746500||506180||0.00075241
08:28||672746500||506180||0.00075241
08:29||672746500||506180||0.00075241
08:30||672746500||506180||0.00075241
08:31||672746500||506180||0.00075241
08:32||672746500||506181||0.00075241
08:33||672746500||506181||0.00075241
08:34||672746500||506181||0.00075241
08:35||672746500||506181||0.00075241
08:36||672746500||506181||0.00075241
08:37||672747500||506183||0.00075241
08:38||672748500||506183||0.00075241
08:39||672748500||506182||0.00075241
08:40||672748500||506182||0.00075241
08:41||672834000||506183||0.00075241
08:42||672775500||506183||0.00075241
08:43||672999000||506355||0.00075241
08:44||673152500||506371||0.00075241
08:45||673307500||506590||0.00075241
08:46||673498500||506602||0.00075241
08:47||673498500||506602||0.00075241
08:48||673498500||506602||0.00075241
08:49||673498500||506746||0.00075241
08:50||673498500||506746||0.00075241
08:51||673498500||506747||0.00075241
08:52||673755500||506772||0.00075241
08:53||673887500||507386||0.00075241
08:54||674749500||507687||0.00075241
08:55||674749500||507687||0.00075241
08:56||674749500||507688||0.00075241
08:57||674749500||507688||0.00075241
08:58||675051000||508095||0.00075241
08:59||675051500||508095||0.00075241
09:00||675006500||508027||0.00075241
09:01||675199500||508026||0.00075241
09:02||675199500||508027||0.00075241
09:03||675199500||508027||0.00075241
09:04||675349500||508027||0.00075241
09:05||675334000||508234||0.00075241
09:06||675466500||508228||0.00075241
09:07||675334000||508228||0.00075241
09:08||675012000||508027||0.00075241
09:09||674831000||507748||0.00075241
09:10||674829500||507748||0.00075241
09:11||674829500||507748||0.00075241
09:12||674104000||506774||0.00075241
09:13||674046000||507541||0.00075241
09:14||674001500||507474||0.00075241
09:15||673258500||505673||0.00075241
09:16||672072500||505680||0.00075241
09:17||672072500||505680||0.00075241
09:18||672072500||505674||0.00075241
09:19||672072500||505673||0.00075241
09:20||672072500||505673||0.00075241
09:21||672072500||505673||0.00075241
09:22||673026000||507109||0.00075241
09:23||673064500||507109||0.00075241
09:24||673140000||507107||0.00075241
09:25||673174000||507107||0.00075241
09:26||673224500||507107||0.00075241
09:27||673271500||507107||0.00075241
09:28||673316000||506111||0.00075241
09:29||673401500||507106||0.00075241
09:30||673461500||507106||0.00075241
09:31||673514500||507106||0.00075241
09:32||673553000||507106||0.00075241
09:33||673590500||507106||0.00075241
09:34||673623500||507104||0.00075241
09:35||673646000||507104||0.00075241
09:36||673665500||507104||0.00075241
09:37||673665500||507098||0.00075241
09:38||673366500||507098||0.00075241
09:39||673366500||506648||0.00075241
09:40||673344500||506614||0.00075241
09:41||673344500||506614||0.00075241
09:42||673323000||506615||0.00075241
09:43||673165500||506578||0.00075241
09:44||673657000||506614||0.00075241
09:45||673658500||506614||0.00075241
09:46||673534000||507116||0.00075241
09:47||674754000||508734||0.00075241
09:48||674758500||508734||0.00075241
09:49||674842500||508734||0.00075241
09:50||674815500||508734||0.00075241
09:51||675543000||507878||0.00075241
09:52||675543000||507878||0.00075241
09:53||675543000||508692||0.00075241
09:54||675543000||508692||0.00075241
09:55||675544500||508692||0.00075241
09:56||675544500||508692||0.00075241
09:57||675544500||507880||0.00075241
09:58||676043000||508692||0.00075241
09:59||676083500||508692||0.00075241
10:00||676083500||508692||0.00075241
10:01||676083500||508692||0.00075241
10:02||676083500||508692||0.00075241
10:03||676083500||508692||0.00075241
10:04||676083500||508691||0.00075241
10:05||676083500||508691||0.00075241
10:06||676083500||508691||0.00075241
10:07||676083500||508691||0.00075241
10:08||676083500||508692||0.00075241
10:09||676083500||508692||0.00075241
10:10||676083500||508692||0.00075241
10:11||675545000||508691||0.00075241
10:12||675545000||508691||0.00075241
10:13||675505000||507884||0.00075241
10:14||675505000||507885||0.00075241
10:15||675505000||507885||0.00075241
10:16||674833000||506873||0.00075241
10:17||674833000||506873||0.00075241
10:18||674833000||506874||0.00075241
10:19||673667000||506873||0.00075241
10:20||673667500||506873||0.00075241
10:21||674832000||508626||0.00075241
10:22||674829000||508625||0.00075241
10:23||674827500||508625||0.00075241
10:24||674827000||508625||0.00075241
10:25||673668000||506875||0.00075241
10:26||673667500||506875||0.00075241
10:27||673667500||506875||0.00075241
10:28||673667500||506873||0.00075241
10:29||673667500||506873||0.00075241
10:30||674327500||507867||0.00075241
10:31||674327500||506874||0.00075241
10:32||674325000||506874||0.00075241
10:33||674329000||507861||0.00075241
10:34||674177500||507861||0.00075241
10:35||674177500||506957||0.00075241
10:36||674188500||506957||0.00075241
10:37||674188500||506957||0.00075241
10:38||674188500||506957||0.00075241
10:39||674188500||506957||0.00075241
10:40||674189000||506957||0.00075241
10:41||674189000||506957||0.00075241
10:42||674199000||506957||0.00075241
10:43||674575500||506957||0.00075241
10:44||674575500||507557||0.00075241
10:45||674575500||507557||0.00075241
10:46||674575500||507557||0.00075241
10:47||674575500||507557||0.00075241
10:48||674575500||507557||0.00075241
10:49||674575500||507556||0.00075241
10:50||674200500||506992||0.00075241
10:51||674200500||506992||0.00075241
10:52||674025000||506992||0.00075241
10:53||674026000||506994||0.00075241
10:54||674026000||507292||0.00075241
10:55||674056500||507292||0.00075241
10:56||674057500||507292||0.00075241
10:57||674062500||507040||0.00075241
10:58||674062500||507049||0.00075241
10:59||674062500||507049||0.00075241
11:00||674062500||507292||0.00075241
11:01||674112500||507124||0.00075241
11:02||674111500||507124||0.00075241
11:03||674110500||507125||0.00075241
11:04||674110500||507125||0.00075241
11:05||674001000||507125||0.00075241
11:06||674001000||507125||0.00075241
11:07||674001000||507125||0.00075241
11:08||674109500||507125||0.00075241
11:09||674109500||507124||0.00075241
11:10||674109500||507287||0.00075241
11:11||674109500||507287||0.00075241
11:12||674808000||507125||0.00075241
11:13||674988500||507125||0.00075241
11:14||674988500||507125||0.00075241
11:15||674988500||507125||0.00075241
11:16||674990000||507125||0.00075241
11:17||674987500||507125||0.00075241
11:18||674988500||507559||0.00075241
11:19||674988500||507559||0.00075241
11:20||674989500||508176||0.00075241
11:21||674989000||508176||0.00075241
11:22||675198500||508176||0.00075241
11:23||675199500||508176||0.00075241
11:24||675199500||508176||0.00075241
11:25||675198500||508176||0.00075241
11:26||675197500||507876||0.00075241
11:27||675200000||507879||0.00075241
11:28||675200000||507879||0.00075241
11:29||675200000||507879||0.00075241
11:30||675200000||507879||0.00075241
11:31||675005500||507879||0.00075241
11:32||675005500||507881||0.00075241
11:33||675005500||507881||0.00075241
11:34||675005500||507881||0.00075241
11:35||675005500||507881||0.00075241
11:36||675005500||507881||0.00075241
11:37||675005500||507881||0.00075241
11:38||675005500||507881||0.00075241
11:39||675005500||507881||0.00075241
11:40||675005500||507881||0.00075241
11:41||675005500||507881||0.00075241
11:42||675005500||507880||0.00075241
11:43||675005500||507880||0.00075241
11:44||675005500||507881||0.00075241
11:45||675005500||507881||0.00075241
11:46||675152500||508102||0.00075241
11:47||675152500||508102||0.00075241
11:48||675299500||508102||0.00075241
11:49||675299500||508102||0.00075241
11:50||675299500||508101||0.00075241
11:51||675299500||508101||0.00075241
11:52||675299500||508101||0.00075241
11:53||675299500||508101||0.00075241
11:54||675299500||508101||0.00075241
11:55||675346500||508173||0.00075241
11:56||675346500||508173||0.00075241
11:57||675346500||508173||0.00075241
11:58||675348500||508176||0.00075241
11:59||675348500||508176||0.00075241
12:00||675348500||508176||0.00075241
12:01||675348500||508176||0.00075241
12:02||675399500||508252||0.00075241
12:03||675399500||508101||0.00075241
12:04||675399500||508101||0.00075241
12:05||675304000||508101||0.00075241
12:06||675303500||508101||0.00075241
12:07||675303500||508101||0.00075241
12:08||675303500||508101||0.00075241
12:09||675156500||507880||0.00075241
12:10||675156500||507880||0.00075241
12:11||675156500||507880||0.00075241
12:12||675156500||507880||0.00075241
12:13||675156500||507880||0.00075241
12:14||675156500||507880||0.00075241
12:15||675081500||507880||0.00075241
12:16||675081500||507880||0.00075241
12:17||675081500||507880||0.00075241
12:18||675081500||507880||0.00075241
12:19||675081500||507995||0.00075241
12:20||675081500||507880||0.00075241
12:21||675081500||507880||0.00075241
12:22||675058000||507880||0.00075241
12:23||675058000||507880||0.00075241
12:24||675006500||507882||0.00075241
12:25||675006500||507880||0.00075241
12:26||675006500||507880||0.00075241
12:27||675006500||507880||0.00075241
12:28||675006500||507882||0.00075241
12:29||675006500||507882||0.00075241
12:30||675006500||507882||0.00075241
12:31||675006500||507882||0.00075241
12:32||675005500||507880||0.00075241
12:33||675005500||507881||0.00075241
12:34||675005500||507881||0.00075241
12:35||675005500||507881||0.00075241
12:36||675005500||507880||0.00075241
12:37||675081500||507958||0.00075241
12:38||675501500||508252||0.00075241
12:39||675501500||508252||0.00075241
12:40||675503000||508252||0.00075241
12:41||675600000||508252||0.00075241
12:42||675600000||508252||0.00075241
12:43||675600000||508252||0.00075241
12:44||675351000||508252||0.00075241
12:45||675397000||508252||0.00075241
12:46||675397000||508252||0.00075241
12:47||675397000||508252||0.00075241
12:48||675397000||508252||0.00075241
12:49||675344000||508252||0.00075241
12:50||675597000||508629||0.00075241
12:51||675497000||508403||0.00075241
12:52||675500000||508478||0.00075241
12:53||675500000||508478||0.00075241
12:54||675525000||508478||0.00075241
12:55||675525500||508140||0.00075241
12:56||675525500||508403||0.00075241
12:57||675525500||508403||0.00075241
12:58||675351500||508403||0.00075241
12:59||675699500||508403||0.00075241
13:00||675699500||508403||0.00075241
13:01||675799500||508553||0.00075241
13:02||675799500||508553||0.00075241
13:03||675799500||508553||0.00075241
13:04||675799500||508553||0.00075241
13:05||675799500||508553||0.00075241
13:06||675849500||508402||0.00075241
13:07||675849500||508402||0.00075241
13:08||675849500||508629||0.00075241
13:09||675999500||508629||0.00075241
13:10||675999500||508629||0.00075241
13:11||675999500||508629||0.00075241
13:12||675999500||508628||0.00075241
13:13||675999500||508629||0.00075241
13:14||675999500||508629||0.00075241
13:15||676041000||508691||0.00075241
13:16||676041000||508691||0.00075241
13:17||676041000||508691||0.00075241
13:18||676249500||509005||0.00075241
13:19||676049500||509005||0.00075241
13:20||676049500||509005||0.00075241
13:21||675999500||509005||0.00075241
13:22||676049500||508704||0.00075241
13:23||676099500||508704||0.00075241
13:24||676299500||508930||0.00075241
13:25||676499500||508930||0.00075241
13:26||676499500||508930||0.00075241
13:27||676499500||508930||0.00075241
13:28||676499500||509005||0.00075241
13:29||676499500||509005||0.00075241
13:30||676499500||509005||0.00075241
13:31||676499500||509005||0.00075241
13:32||676499500||509005||0.00075241
13:33||676499500||509005||0.00075241
13:34||676249500||508628||0.00075241
13:35||676199500||509005||0.00075241
13:36||676200000||508930||0.00075241
13:37||676200000||509005||0.00075241
13:38||676399500||509005||0.00075241
13:39||676399500||509005||0.00075241
13:40||676449500||509005||0.00075241
13:41||676449500||508929||0.00075241
13:42||676250500||509004||0.00075241
13:43||676245000||508629||0.00075241
13:44||676245000||508629||0.00075241
13:45||676245000||508629||0.00075241
13:46||676005000||508629||0.00075241
13:47||676005000||508629||0.00075241
13:48||676005000||508636||0.00075241
13:49||676005000||508636||0.00075241
13:50||676005000||508636||0.00075241
13:51||676005000||508636||0.00075241
13:52||676005000||508636||0.00075241
13:53||676005000||508636||0.00075241
13:54||676005000||508636||0.00075241
13:55||676003000||508636||0.00075241
13:56||676005000||508636||0.00075241
13:57||676001500||508629||0.00075241
13:58||676000500||508629||0.00075241
13:59||676000500||508629||0.00075241
14:00||676000500||508629||0.00075241
14:01||676000500||508629||0.00075241
14:02||676000500||508629||0.00075241
14:03||676000500||508629||0.00075241
14:04||676000500||508629||0.00075241
14:05||676000500||508629||0.00075241
14:06||676000500||508629||0.00075241
14:07||676000500||508629||0.00075241
14:08||676000500||508629||0.00075241
14:09||676000500||508629||0.00075241
14:10||676000500||508629||0.00075241
14:11||676000500||508629||0.00075241
14:12||676000500||508629||0.00075241
14:13||676000500||508629||0.00075241
14:14||676000500||508629||0.00075241
14:15||676000500||508629||0.00075241
14:16||676000500||508629||0.00075241
14:17||676000500||508629||0.00075241
14:18||676000500||508629||0.00075241
14:19||676000500||508629||0.00075241
14:20||676000500||508629||0.00075241
14:21||676000500||508629||0.00075241
14:22||676000500||508629||0.00075241
14:23||676000500||508629||0.00075241
14:24||676000500||508629||0.00075241
14:25||676000500||508629||0.00075241
14:26||676000500||508629||0.00075241
14:27||676000500||508629||0.00075241
14:28||676000500||508629||0.00075241
14:29||676000500||508629||0.00075241
14:30||676000500||508629||0.00075241
14:31||676000500||508629||0.00075241
14:32||676000500||508629||0.00075241
14:33||676000500||508629||0.00075241
14:34||676000500||508629||0.00075241
14:35||676000500||508629||0.00075241
14:36||676000500||508629||0.00075241
14:37||676000500||508629||0.00075241
14:38||676000500||508629||0.00075241
14:39||676000500||508629||0.00075241
14:40||676000500||508629||0.00075241
14:41||676000500||508629||0.00075241
14:42||676000500||508629||0.00075241
14:43||676000500||508629||0.00075241
14:44||676000500||508629||0.00075241
14:45||676000500||508629||0.00075241
14:46||676000500||508629||0.00075241
14:47||676000500||508629||0.00075241
14:48||676000500||508629||0.00075241
14:49||676000500||508629||0.00075241
14:50||676000500||508629||0.00075241
14:51||676000500||508629||0.00075241
14:52||676000500||508629||0.00075241
14:53||676000500||508629||0.00075241
14:54||676000500||508629||0.00075241
14:55||676000500||508629||0.00075241
14:56||676000500||508629||0.00075241
14:57||676000500||508629||0.00075241
14:58||675850000||508629||0.00075241
14:59||675850000||508629||0.00075241
15:00||675850000||508629||0.00075241
15:01||675526000||508142||0.00075241
15:02||675849500||508629||0.00075241
15:03||675676500||508629||0.00075241
15:04||675677000||508629||0.00075241
15:05||675677000||508629||0.00075241
15:06||675677000||508629||0.00075241
15:07||675502500||507880||0.00075241
15:08||675502000||507880||0.00075241
15:09||675502500||508628||0.00075241
15:10||675399000||507876||0.00075241
15:11||675399500||508627||0.00075241
15:12||675399500||508627||0.00075241
15:13||675395000||507727||0.00075241
15:14||675305000||507727||0.00075241
15:15||675255000||508403||0.00075241
15:16||675155000||508403||0.00075241
15:17||675155500||508403||0.00075241
15:18||675005500||508403||0.00075241
15:19||674811000||508403||0.00075241
15:20||674810500||508403||0.00075241
15:21||674810500||507733||0.00075241
15:22||674805500||507733||0.00075241
15:23||674805500||507734||0.00075241
15:24||674805500||507734||0.00075241
15:25||674800500||507726||0.00075241
15:26||674800500||507726||0.00075241
15:27||674800500||507726||0.00075241
15:28||674800500||507727||0.00075241
15:29||674800500||507726||0.00075241
15:30||674800500||507727||0.00075241
15:31||674800500||507727||0.00075241
15:32||674800500||507727||0.00075241
15:33||674800500||507727||0.00075241
15:34||674800500||507726||0.00075241
15:35||674800500||507726||0.00075241
15:36||674800500||507726||0.00075241
15:37||674800500||507726||0.00075241
15:38||674800500||507726||0.00075241
15:39||674800500||507726||0.00075241
15:40||674800500||507726||0.00075241
15:41||674800500||507726||0.00075241
15:42||674800500||507726||0.00075241
15:43||674800500||507726||0.00075241
15:44||674800500||507726||0.00075241
15:45||674800500||507726||0.00075241
15:46||674800500||507726||0.00075241
15:47||674800500||507727||0.00075241
15:48||674800500||507727||0.00075241
15:49||674800500||507727||0.00075241
15:50||674800500||507727||0.00075241
15:51||674800500||507727||0.00075241
15:52||674800500||507727||0.00075241
15:53||674800500||507727||0.00075241
15:54||674800500||507726||0.00075241
15:55||674800500||507727||0.00075241
15:56||674800500||507727||0.00075241
15:57||674800500||507727||0.00075241
15:58||674800500||507727||0.00075241
15:59||674800500||507727||0.00075241
16:00||674800500||507727||0.00075241
16:01||674800500||507727||0.00075241
16:02||674800500||507727||0.00075241
16:03||674800500||507727||0.00075241
16:04||674977000||507766||0.00075241
16:05||675077000||508101||0.00075241
16:06||675076500||508100||0.00075241
16:07||675076000||508100||0.00075241
16:08||675076500||508100||0.00075241
16:09||675080500||508100||0.00075241
16:10||675402500||508101||0.00075241
16:11||675822500||508354||0.00075241
16:12||675755000||508636||0.00075241
16:13||676255000||509005||0.00075241
16:14||676387500||509206||0.00075241
16:15||676387500||509204||0.00075241
16:16||676699500||509204||0.00075241
16:17||676699500||509155||0.00075241
16:18||676729500||509155||0.00075241
16:19||676699500||509155||0.00075241
16:20||676699500||509155||0.00075241
16:21||676699500||509155||0.00075241
16:22||676699500||509155||0.00075241
16:23||676699500||509155||0.00075241
16:24||676355000||509155||0.00075241
16:25||676355000||509155||0.00075241
16:26||676355000||509155||0.00075241
16:27||676355000||509155||0.00075241
16:28||676355000||509155||0.00075241
16:29||676355000||509155||0.00075241
16:30||676360000||509155||0.00075241
16:31||676310000||509080||0.00075241
16:32||676305000||509073||0.00075241
16:33||676305000||509073||0.00075241
16:34||676310500||509080||0.00075241
16:35||676549500||509080||0.00075241
16:36||676549500||509380||0.00075241
16:37||678002500||511567||0.00075241
16:38||678005000||511567||0.00075241
16:39||678008500||511567||0.00075241
16:40||678008500||511567||0.00075241
16:41||678010000||511567||0.00075241
16:42||677934000||508715||0.00075241
16:43||677940000||511452||0.00075241
16:44||677866500||511337||0.00075241
16:45||679914500||511568||0.00075241
16:46||679911000||511568||0.00075241
16:47||679911000||511570||0.00075241
16:48||679911000||511570||0.00075241
16:49||679912500||511573||0.00075241
16:50||679912500||511573||0.00075241
16:51||679912500||511573||0.00075241
16:52||679912500||511573||0.00075241
16:53||679912500||511573||0.00075241
16:54||679912500||511573||0.00075241
16:55||679910500||511573||0.00075241
16:56||679910500||511573||0.00075241
16:57||678181500||511488||0.00075241
16:58||677799000||511488||0.00075241
16:59||677854000||511488||0.00075241
17:00||677875000||510884||0.00075241
17:01||677850000||509163||0.00075241
17:02||677870000||509163||0.00075241
17:03||677870000||509163||0.00075241
17:04||677868500||510875||0.00075241
17:05||677867500||510875||0.00075241
17:06||677864000||510874||0.00075241
17:07||677863500||510874||0.00075241
17:08||677862500||510874||0.00075241
17:09||677857000||510874||0.00075241
17:10||677869000||510874||0.00075241
17:11||677845000||510811||0.00075241
17:12||677844500||510811||0.00075241
17:13||677850500||510810||0.00075241
17:14||677850500||510810||0.00075241
17:15||677850500||510810||0.00075241
17:16||677859500||509232||0.00075241
17:17||677661000||510808||0.00075241
17:18||677751000||510808||0.00075241
17:19||677751000||510510||0.00075241
17:20||677851000||510660||0.00075241
17:21||677901000||510735||0.00075241
17:22||678198500||510882||0.00075241
17:23||678204500||510882||0.00075241
17:24||678157000||510811||0.00075241
17:25||678157000||510811||0.00075241
17:26||678157000||510811||0.00075241
17:27||678157000||510811||0.00075241
17:28||678157000||510811||0.00075241
17:29||678157000||510811||0.00075241
17:30||678157000||510811||0.00075241
17:31||678157500||510811||0.00075241
17:32||678898500||510810||0.00075241
17:33||678898500||510810||0.00075241
17:34||678898500||510810||0.00075241
17:35||678898500||510810||0.00075241
17:36||678898500||510809||0.00075241
17:37||678898500||510809||0.00075241
17:38||678898500||510810||0.00075241
17:39||678898500||510809||0.00075241
17:40||678994500||510882||0.00075241
17:41||678994500||510882||0.00075241
17:42||678994500||510882||0.00075241
17:43||678994500||510882||0.00075241
17:44||678994500||510882||0.00075241
17:45||678994500||510882||0.00075241
17:46||678994500||510882||0.00075241
17:47||678994500||510882||0.00075241
17:48||678994500||510882||0.00075241
17:49||678994500||510882||0.00075241
17:50||678994500||510882||0.00075241
17:51||678994500||510881||0.00075241
17:52||678994500||510881||0.00075241
17:53||678994500||510881||0.00075241
17:54||678994500||510881||0.00075241
17:55||678994500||510881||0.00075241
17:56||678994500||510882||0.00075241
17:57||678994500||510882||0.00075241
17:58||678994500||510882||0.00075241
17:59||678994500||510882||0.00075241
18:00||678994500||510881||0.00075241
18:01||678994500||510882||0.00075241
18:02||678994500||510882||0.00075241
18:03||678677000||510776||0.00075241
18:04||678650000||510776||0.00075241
18:05||677950000||510510||0.00075241
18:06||677461000||509757||0.00075241
18:07||677452500||509694||0.00075241
18:08||677416500||509694||0.00075241
18:09||677416500||509695||0.00075241
18:10||677416500||509694||0.00075241
18:11||677416500||509695||0.00075241
18:12||677416500||509693||0.00075241
18:13||677416000||509695||0.00075241
18:14||677416000||509695||0.00075241
18:15||677416000||509693||0.00075241
18:16||677088500||509648||0.00075241
18:17||676675000||509247||0.00075241
18:18||676339500||509247||0.00075241
18:19||676340000||508554||0.00075241
18:20||676340000||508554||0.00075241
18:21||676340000||508554||0.00075241
18:22||676340000||509215||0.00075241
18:23||676340000||509215||0.00075241
18:24||676340000||507780||0.00075241
18:25||676340000||507780||0.00075241
18:26||676340000||509215||0.00075241
18:27||676331000||509215||0.00075241
18:28||676331000||509215||0.00075241
18:29||676331000||509215||0.00075241
18:30||676331000||509215||0.00075241
18:31||676331000||509215||0.00075241
18:32||676331000||509215||0.00075241
18:33||676322500||509188||0.00075241
18:34||675338500||508554||0.00075241
18:35||675329000||508554||0.00075241
18:36||675329000||508465||0.00075241
18:37||675329000||507783||0.00075241
18:38||675279500||507783||0.00075241
18:39||675279500||508390||0.00075241
18:40||675281000||508390||0.00075241
18:41||675280000||507784||0.00075241
18:42||675281000||508390||0.00075241
18:43||675281000||508390||0.00075241
18:44||675280000||507784||0.00075241
18:45||675280000||507784||0.00075241
18:46||675279500||508389||0.00075241
18:47||675279500||508389||0.00075241
18:48||675271500||508389||0.00075241
18:49||675145000||508389||0.00075241
18:50||674945000||508389||0.00075241
18:51||674945000||507876||0.00075241
18:52||674943000||507792||0.00075241
18:53||674888500||507793||0.00075241
18:54||674888500||507793||0.00075241
18:55||674888500||507792||0.00075241
18:56||674888500||507793||0.00075241
18:57||674888500||507792||0.00075241
18:58||674889500||507793||0.00075241
18:59||674889500||507793||0.00075241
19:00||674889500||507793||0.00075241
19:01||674889500||507793||0.00075241
19:02||672911000||506648||0.00075241
19:03||672911000||506648||0.00075241
19:04||672911000||506648||0.00075241
19:05||674445000||507793||0.00075241
19:06||674436000||507793||0.00075241
19:07||674486000||507780||0.00075241
19:08||674345000||507780||0.00075241
19:09||674345000||507568||0.00075241
19:10||674345000||507568||0.00075241
19:11||674345000||507568||0.00075241
19:12||674100500||507568||0.00075241
19:13||674100500||507568||0.00075241
19:14||674100500||507200||0.00075241
19:15||674100500||507200||0.00075241
19:16||674100500||507200||0.00075241
19:17||674100500||507200||0.00075241
19:18||674100500||507200||0.00075241
19:19||674100500||507200||0.00075241
19:20||674100500||507200||0.00075241
19:21||674100500||507200||0.00075241
19:22||674100500||507200||0.00075241
19:23||674100500||507200||0.00075241
19:24||674100500||507200||0.00075241
19:25||674250000||507425||0.00075241
19:26||674305000||507500||0.00075241
19:27||674111000||507208||0.00075241
19:28||674333500||507541||0.00075241
19:29||674333500||507541||0.00075241
19:30||674333500||507541||0.00075241
19:31||674554500||507541||0.00075241
19:32||674554500||507541||0.00075241
19:33||674573000||507568||0.00075241
19:34||674589500||507568||0.00075241
19:35||674589500||507568||0.00075241
19:36||674589500||507568||0.00075241
19:37||674589500||507568||0.00075241
19:38||674589500||507568||0.00075241
19:39||674589500||507568||0.00075241
19:40||674599500||507575||0.00075241
19:41||674599500||507575||0.00075241
19:42||674599500||507575||0.00075241
19:43||674599500||507575||0.00075241
19:44||674599500||507575||0.00075241
19:45||674643000||507641||0.00075241
19:46||674643000||507575||0.00075241
19:47||674643000||507575||0.00075241
19:48||674687000||507641||0.00075241
19:49||674686500||507640||0.00075241
19:50||674788000||507793||0.00075241
19:51||674788000||507793||0.00075241
19:52||674889500||507793||0.00075241
19:54||674889500||507793||0.00075241
19:55||674889500||507793||0.00075241
19:56||674889500||507793||0.00075241
19:57||674889500||507793||0.00075241
19:58||674889500||507793||0.00075241
19:59||674889500||507793||0.00075241
20:00||674889500||507793||0.00075241
20:01||675044000||507793||0.00075241
20:02||675044000||507793||0.00075241
20:03||675198500||507793||0.00075241
20:04||675249000||508026||0.00075241
20:05||675248500||508025||0.00075241
20:06||675248500||508025||0.00075241
20:07||675248500||508025||0.00075241
20:08||675248500||508025||0.00075241
20:09||675298500||508101||0.00075241
20:10||675298500||508101||0.00075241
20:11||675298500||508101||0.00075241
20:12||675298500||508101||0.00075241
20:13||675298500||508101||0.00075241
20:14||675298500||508100||0.00075241
20:15||675298500||508100||0.00075241
20:16||675298500||508100||0.00075241
20:17||675298500||508101||0.00075241
20:18||675298500||508100||0.00075241
20:19||675298500||508100||0.00075241
20:20||675298500||508100||0.00075241
20:21||675298500||508101||0.00075241
20:22||675298500||508100||0.00075241
20:23||675298500||508100||0.00075241
20:24||675298500||508101||0.00075241
20:25||675298500||508101||0.00075241
20:26||677654500||511638||0.00075241
20:27||677649500||511638||0.00075241
20:28||677899500||508102||0.00075241
20:29||680499500||512014||0.00075241
20:30||678083000||512014||0.00075241
20:31||679214000||512014||0.00075241
20:32||680317000||511814||0.00075241
20:33||679217500||510279||0.00075241
20:34||679218000||510279||0.00075241
20:35||679250500||510285||0.00075241
20:36||679265500||510308||0.00075241
20:37||680348500||511939||0.00075241
20:38||680398500||511939||0.00075241
20:39||680398500||511939||0.00075241
20:40||680398500||511939||0.00075241
20:41||680398500||511939||0.00075241
20:42||680398500||511939||0.00075241
20:43||680398500||511939||0.00075241
20:44||680398500||511939||0.00075241
20:45||680398500||511939||0.00075241
20:46||680749500||512015||0.00075241
20:47||680998500||512390||0.00075241
20:48||680998500||512390||0.00075241
20:49||680999000||512391||0.00075241
20:50||680999500||512391||0.00075241
20:51||680999500||512391||0.00075241
20:52||680999500||512391||0.00075241
20:53||680999500||512391||0.00075241
20:54||680999500||512391||0.00075241
20:55||681352500||513142||0.00075241
20:56||681675500||512656||0.00075241
20:57||681675500||513142||0.00075241
20:58||681997500||513142||0.00075241
20:59||681997500||513142||0.00075241
21:00||681997500||513141||0.00075241
21:01||682200500||513143||0.00075241
21:02||682200500||513445||0.00075241
21:03||682000500||513143||0.00075241
21:04||682000500||513143||0.00075241
21:05||682000500||513143||0.00075241
21:06||682000500||513143||0.00075241
21:07||682000500||513143||0.00075241
21:08||682000500||513143||0.00075241
21:09||682199500||513218||0.00075241
21:10||682199500||513443||0.00075241
21:11||682200000||513443||0.00075241
21:12||682206000||513446||0.00075241
21:13||682211000||513446||0.00075241
21:14||682705500||513896||0.00075241
21:15||682999500||513895||0.00075241
21:16||682999500||513895||0.00075241
21:17||682999500||513895||0.00075241
21:18||682999500||513895||0.00075241
21:19||682999500||513896||0.00075241
21:20||683799000||514497||0.00075241
21:21||684548500||515399||0.00075241
21:22||684549000||515400||0.00075241
21:23||684549000||515400||0.00075241
21:24||684549000||515400||0.00075241
21:25||684949500||515400||0.00075241
21:26||684998500||515400||0.00075241
21:27||685338000||515810||0.00075241
21:28||685499000||515910||0.00075241
21:29||685998500||516152||0.00075241
21:30||685998500||516152||0.00075241
21:31||685998500||516152||0.00075241
21:32||685998500||516151||0.00075241
21:33||685998500||516152||0.00075241
21:34||685498500||516151||0.00075241
21:35||685449000||516078||0.00075241
21:36||685449000||516078||0.00075241
21:37||685449000||516078||0.00075241
21:38||685449000||516078||0.00075241
21:39||685249000||516078||0.00075241
21:40||685499500||515777||0.00075241
21:41||686799500||517281||0.00075241
21:42||687099000||516904||0.00075241
21:43||687099500||517658||0.00075241
21:44||688049000||517657||0.00075241
21:45||690050000||517657||0.00075241
21:46||691004500||520667||0.00075241
21:47||692846500||520667||0.00075241
21:48||693692500||521941||0.00075241
21:49||694146000||522623||0.00075241
21:50||694096500||521940||0.00075241
21:51||693318500||521420||0.00075241
21:52||693383500||522010||0.00075241
21:53||693766500||522010||0.00075241
21:54||694118000||522022||0.00075241
21:55||693942500||521996||0.00075241
21:56||693766500||521996||0.00075241
21:57||693942500||521997||0.00075241
21:58||693939500||521997||0.00075241
21:59||693930000||522242||0.00075241
22:00||693930000||521997||0.00075241
22:01||693912500||521996||0.00075241
22:02||693401500||521973||0.00075241
22:03||692461500||521420||0.00075241
22:04||692053000||520673||0.00075241
22:05||692008500||520673||0.00075241
22:06||692008500||520674||0.00075241
22:07||692008500||520674||0.00075241
22:08||692008500||520674||0.00075241
22:09||690956500||520667||0.00075241
22:10||689589000||520545||0.00075241
22:11||689101500||520545||0.00075241
22:12||690900000||519238||0.00075241
22:13||690350000||519162||0.00075241
22:14||690353500||519688||0.00075241
22:15||690353500||519688||0.00075241
22:16||690361000||519688||0.00075241
22:17||690699500||519688||0.00075241
22:18||690699500||519689||0.00075241
22:19||690899500||519689||0.00075241
22:20||690899500||519840||0.00075241
22:21||691382000||520543||0.00075241
22:22||691668000||520545||0.00075241
22:23||691668000||520974||0.00075241
22:24||691814000||520974||0.00075241
22:25||692314000||520974||0.00075241
22:26||692314000||520974||0.00075241
22:27||692699500||521194||0.00075241
22:28||692699500||521194||0.00075241
22:29||692699500||521194||0.00075241
22:30||692699500||521193||0.00075241
22:31||692699500||521193||0.00075241
22:32||692699500||521193||0.00075241
22:33||692699500||521193||0.00075241
22:34||692699500||521193||0.00075241
22:35||692699500||521194||0.00075241
22:36||692699500||521193||0.00075241
22:37||692699500||521193||0.00075241
22:38||692699500||521194||0.00075241
22:39||692699500||521194||0.00075241
22:40||692699500||521194||0.00075241
22:41||692699500||521194||0.00075241
22:42||692755500||521194||0.00075241
22:43||692805500||521344||0.00075241
22:44||692805500||521202||0.00075241
22:45||692805500||521344||0.00075241
22:46||692805500||521202||0.00075241
22:47||692899500||521344||0.00075241
22:48||692949500||521420||0.00075241
22:49||693461000||521721||0.00075241
22:50||693674000||521946||0.00075241
22:51||693883000||522096||0.00075241
22:52||693699000||522096||0.00075241
22:53||693699000||522096||0.00075241
22:54||693699000||522096||0.00075241
22:55||693699000||522096||0.00075241
22:56||693699000||522096||0.00075241
22:57||693699000||522096||0.00075241
22:58||693703000||522096||0.00075241
22:59||694998500||522848||0.00075241
23:00||695257500||523301||0.00075241
23:01||696559500||524429||0.00075241
23:02||697846500||525067||0.00075241
23:03||698529000||525066||0.00075241
23:04||698529000||525066||0.00075241
23:05||697544500||525066||0.00075241
23:06||697249500||525063||0.00075241
23:07||697955500||524438||0.00075241
23:08||697955500||524438||0.00075241
23:09||698985000||526611||0.00075241
23:10||698979000||526611||0.00075241
23:11||698974000||526611||0.00075241
23:12||698975000||526641||0.00075241
23:13||698975000||526641||0.00075241
23:14||698990000||526641||0.00075241
23:15||698980500||526641||0.00075241
23:16||698755500||525190||0.00075241
23:17||698505500||525190||0.00075241
23:18||699099500||526009||0.00075241
23:19||699549500||526687||0.00075241
23:20||700554500||527522||0.00075241
23:21||700110000||526777||0.00075241
23:22||700060000||526686||0.00075241
23:23||700100500||526762||0.00075241
23:24||700100500||526762||0.00075241
23:25||700100500||526762||0.00075241
23:26||700100500||526762||0.00075241
23:27||700099500||526762||0.00075241
23:28||700098500||526761||0.00075241
23:29||700049000||526687||0.00075241
23:30||700001500||526687||0.00075241
23:31||700049000||526759||0.00075241
23:32||699547500||525933||0.00075241
23:33||699499500||525933||0.00075241
23:34||698008500||525933||0.00075241
23:35||698504000||525188||0.00075241
23:36||698954500||526611||0.00075241
23:37||698954000||526611||0.00075241
23:38||698954000||526611||0.00075241
23:39||699398000||526610||0.00075241
23:40||699397500||526610||0.00075241
23:41||699397000||526610||0.00075241
23:42||699397500||525857||0.00075241
23:43||699400000||525857||0.00075241
23:44||699400000||525934||0.00075241
23:45||699400000||525934||0.00075241
23:46||699400000||525934||0.00075241
23:47||699400000||526536||0.00075241
23:48||699400000||526536||0.00075241
23:49||699400000||526536||0.00075241
23:50||699400000||525934||0.00075241
23:51||699400000||525934||0.00075241
23:52||699400000||526536||0.00075241
23:53||699400000||526536||0.00075241
23:54||699447500||526607||0.00075241
23:55||699447500||526607||0.00075241
23:56||699447500||525934||0.00075241
23:57||699447000||526607||0.00075241
23:58||699447000||526607||0.00075241
23:59||699447000||526607||0.00075241
