00:00||861248000||648574||0.00075241
00:01||861180500||648574||0.00075241
00:02||861180500||647448||0.00075241
00:03||861180500||648472||0.00075241
00:04||861180500||647448||0.00075241
00:05||861180500||647448||0.00075241
00:06||861180500||648472||0.00075241
00:07||861180500||647448||0.00075241
00:08||861360500||647448||0.00075241
00:09||861180000||647448||0.00075241
00:10||861179500||647448||0.00075241
00:11||861179500||647448||0.00075241
00:12||861179000||647448||0.00075241
00:13||861179000||647448||0.00075241
00:14||861178500||647448||0.00075241
00:15||861178500||647448||0.00075241
00:16||861178500||647448||0.00075241
00:17||861178000||647448||0.00075241
00:18||860735500||646782||0.00075241
00:19||858878000||646782||0.00075241
00:20||858878500||645674||0.00075241
00:21||858878500||645674||0.00075241
00:22||858880000||646782||0.00075241
00:23||858880000||646782||0.00075241
00:24||858880000||645676||0.00075241
00:25||858366500||645676||0.00075241
00:26||858472500||645676||0.00075241
00:27||858880000||645676||0.00075241
00:28||858880000||645676||0.00075241
00:29||858877500||645676||0.00075241
00:30||858802500||645676||0.00075241
00:31||858322500||645676||0.00075241
00:32||858322500||645676||0.00075241
00:33||858322500||645676||0.00075241
00:34||858322500||645676||0.00075241
00:35||858322500||645676||0.00075241
00:36||858322500||645676||0.00075241
00:37||858322500||645943||0.00075241
00:38||858322500||645943||0.00075241
00:39||858172500||645676||0.00075241
00:40||858173000||645677||0.00075241
00:41||858173000||645718||0.00075241
00:42||858173000||645718||0.00075241
00:43||858173000||645718||0.00075241
00:44||858173000||645718||0.00075241
00:45||858173000||645718||0.00075241
00:46||858173000||645718||0.00075241
00:47||858173000||645718||0.00075241
00:48||858173000||645718||0.00075241
00:49||858173000||645677||0.00075241
00:50||858173000||645718||0.00075241
00:51||858173000||645718||0.00075241
00:52||858173000||645718||0.00075241
00:53||858173000||645718||0.00075241
00:54||858173000||645718||0.00075241
00:55||858173000||645718||0.00075241
00:56||858173000||645715||0.00075241
00:57||858173000||645715||0.00075241
00:58||858199500||645715||0.00075241
00:59||858199500||645715||0.00075241
01:00||858199500||645717||0.00075241
01:01||858199500||645717||0.00075241
01:02||858199500||645717||0.00075241
01:03||858199500||645717||0.00075241
01:04||858199500||645717||0.00075241
01:05||858199500||645717||0.00075241
01:06||858199500||645717||0.00075241
01:07||858199500||645717||0.00075241
01:08||858199500||645717||0.00075241
01:09||858349500||645943||0.00075241
01:10||858349500||645943||0.00075241
01:11||858349500||645943||0.00075241
01:12||858349500||645943||0.00075241
01:13||858349500||645717||0.00075241
01:14||858349500||645717||0.00075241
01:15||858349500||645717||0.00075241
01:16||858499500||645717||0.00075241
01:17||858499500||645717||0.00075241
01:18||858499500||645943||0.00075241
01:19||858499500||645943||0.00075241
01:20||858499500||645943||0.00075241
01:21||858499500||645943||0.00075241
01:22||858499500||645943||0.00075241
01:23||858499500||645943||0.00075241
01:24||858499500||645943||0.00075241
01:25||858499500||645943||0.00075241
01:26||858499500||645943||0.00075241
01:27||858499500||645943||0.00075241
01:28||858499500||645943||0.00075241
01:29||858499500||645943||0.00075241
01:30||858499500||645943||0.00075241
01:31||858499500||645943||0.00075241
01:32||858499500||645943||0.00075241
01:33||858499500||645943||0.00075241
01:34||858499500||645943||0.00075241
01:35||858499500||645943||0.00075241
01:36||858499500||645943||0.00075241
01:37||858499500||645943||0.00075241
01:38||859057500||645943||0.00075241
01:39||859057500||645943||0.00075241
01:40||859057500||645943||0.00075241
01:41||859057500||645943||0.00075241
01:42||859057500||645943||0.00075241
01:43||859057500||645943||0.00075241
01:44||859057500||645943||0.00075241
01:45||859057500||645943||0.00075241
01:46||859057500||645943||0.00075241
01:47||859057500||645943||0.00075241
01:48||859057500||645943||0.00075241
01:49||859327500||647189||0.00075241
01:50||859327500||647189||0.00075241
01:51||859327500||647189||0.00075241
01:52||859327500||647189||0.00075241
01:53||859327500||645943||0.00075241
01:54||859327500||645943||0.00075241
01:55||859327500||645943||0.00075241
01:56||859327500||645943||0.00075241
01:57||859327500||645943||0.00075241
01:58||859327500||645943||0.00075241
01:59||859327500||645943||0.00075241
02:00||859325000||645943||0.00075241
02:01||859325000||645943||0.00075241
02:02||859325000||645943||0.00075241
02:03||859325000||645943||0.00075241
02:04||859325000||645943||0.00075241
02:05||859325000||645943||0.00075241
02:06||859250000||645943||0.00075241
02:07||859265000||647072||0.00075241
02:08||859265000||647072||0.00075241
02:09||859265000||647072||0.00075241
02:10||859265000||647072||0.00075241
02:11||859265000||647072||0.00075241
02:12||859265000||647072||0.00075241
02:13||859265000||647072||0.00075241
02:14||859265000||647072||0.00075241
02:15||859265000||647072||0.00075241
02:16||859265000||647072||0.00075241
02:17||859265000||647072||0.00075241
02:18||859265000||647072||0.00075241
02:19||859265000||645966||0.00075241
02:20||859265000||645966||0.00075241
02:21||859265000||645966||0.00075241
02:22||859265000||645966||0.00075241
02:23||859265000||645966||0.00075241
02:24||859265000||645966||0.00075241
02:25||859265000||645966||0.00075241
02:26||859265000||645966||0.00075241
02:27||859265000||645966||0.00075241
02:28||859265000||647072||0.00075241
02:29||859265000||647072||0.00075241
02:30||859265000||647072||0.00075241
02:31||859265000||647072||0.00075241
02:32||859250000||647072||0.00075241
02:33||859250000||647072||0.00075241
02:34||859000000||647072||0.00075241
02:35||859000000||647072||0.00075241
02:36||859000000||647072||0.00075241
02:37||859000000||647072||0.00075241
02:38||859000000||647072||0.00075241
02:39||858999500||645943||0.00075241
02:41||858999500||645943||0.00075241
02:42||858999500||645943||0.00075241
02:43||858999500||645943||0.00075241
02:44||858999500||645943||0.00075241
02:45||859009500||645958||0.00075241
02:46||859009500||645958||0.00075241
02:47||859009500||645958||0.00075241
02:48||859009500||645958||0.00075241
02:49||859009500||645958||0.00075241
02:50||859750000||646696||0.00075241
02:51||859750000||646696||0.00075241
02:52||859750000||646696||0.00075241
02:53||859750000||646703||0.00075241
02:54||859750000||646703||0.00075241
02:55||859750000||646703||0.00075241
02:56||859750000||646703||0.00075241
02:57||859750000||646703||0.00075241
02:58||859750000||646703||0.00075241
02:59||859750000||646703||0.00075241
03:00||859750000||646703||0.00075241
03:01||859994500||647065||0.00075241
03:02||859994500||647065||0.00075241
03:03||859994500||647065||0.00075241
03:04||859994500||647065||0.00075241
03:05||859994500||647065||0.00075241
03:06||859994500||647068||0.00075241
03:07||859994500||647068||0.00075241
03:08||859994500||647068||0.00075241
03:09||859994500||647068||0.00075241
03:10||859994500||647068||0.00075241
03:11||859994500||647068||0.00075241
03:12||859247000||647068||0.00075241
03:13||859262000||647068||0.00075241
03:14||859262000||647068||0.00075241
03:15||859262000||647068||0.00075241
03:16||859262000||647068||0.00075241
03:17||859262000||647068||0.00075241
03:18||859262000||647068||0.00075241
03:19||859262000||647068||0.00075241
03:20||859262000||647068||0.00075241
03:21||859262000||647068||0.00075241
03:22||859262000||647068||0.00075241
03:23||859262000||647068||0.00075241
03:24||859262000||645965||0.00075241
03:25||859262000||645965||0.00075241
03:26||859262000||645965||0.00075241
03:27||858864500||645965||0.00075241
03:28||858864500||645965||0.00075241
03:29||858864500||645965||0.00075241
03:30||858864500||645965||0.00075241
03:31||858864500||645965||0.00075241
03:32||858864500||645965||0.00075241
03:33||858864500||645965||0.00075241
03:34||858864500||645965||0.00075241
03:35||858864500||645965||0.00075241
03:36||858864500||645965||0.00075241
03:37||858864500||645965||0.00075241
03:38||858529500||645965||0.00075241
03:39||858529500||645965||0.00075241
03:40||858529500||645965||0.00075241
03:41||858529500||645965||0.00075241
03:42||858514500||645965||0.00075241
03:43||858514500||645965||0.00075241
03:44||858514500||645965||0.00075241
03:45||858514500||645966||0.00075241
03:46||858514500||645966||0.00075241
03:47||858514500||645966||0.00075241
03:48||858514500||645966||0.00075241
03:49||859247000||647068||0.00075241
03:50||859247000||647068||0.00075241
03:51||859247000||647068||0.00075241
03:52||859247000||647068||0.00075241
03:53||859247000||647068||0.00075241
03:54||859247000||647068||0.00075241
03:55||859247000||647068||0.00075241
03:56||859249500||647071||0.00075241
03:57||859249000||647072||0.00075241
03:58||859249000||647072||0.00075241
03:59||859249000||647072||0.00075241
04:00||859249500||647072||0.00075241
04:01||859324500||647072||0.00075241
04:02||859324500||647185||0.00075241
04:03||859324500||647185||0.00075241
04:04||859324500||645943||0.00075241
04:05||859324500||645943||0.00075241
04:06||859324500||647185||0.00075241
04:07||859324500||647185||0.00075241
04:08||859324500||647185||0.00075241
04:09||859324500||645943||0.00075241
04:10||859324500||645943||0.00075241
04:11||859299500||645943||0.00075241
04:12||859299500||645943||0.00075241
04:13||859299500||645943||0.00075241
04:14||859299500||647147||0.00075241
04:15||859299500||647147||0.00075241
04:16||859299500||647147||0.00075241
04:17||859299500||647147||0.00075241
04:18||857829000||645567||0.00075241
04:19||857829000||645310||0.00075241
04:20||857829000||645310||0.00075241
04:21||857829000||645310||0.00075241
04:22||857829000||645310||0.00075241
04:23||857829000||645567||0.00075241
04:24||857829000||645567||0.00075241
04:25||857829000||645567||0.00075241
04:26||857829000||645310||0.00075241
04:27||857829000||645567||0.00075241
04:28||857829000||645567||0.00075241
04:29||857829000||645567||0.00075241
04:30||857829000||645567||0.00075241
04:31||857829000||645567||0.00075241
04:32||857829000||645567||0.00075241
04:33||857829000||645567||0.00075241
04:34||857829000||645567||0.00075241
04:35||857829000||645567||0.00075241
04:36||857829000||645567||0.00075241
04:37||857900000||645567||0.00075241
04:38||857829000||645567||0.00075241
04:39||857950000||645567||0.00075241
04:40||857829000||645567||0.00075241
04:41||857829000||645310||0.00075241
04:42||857829000||645567||0.00075241
04:43||857829000||645567||0.00075241
04:44||857829000||645567||0.00075241
04:45||857850000||645567||0.00075241
04:46||857925000||645567||0.00075241
04:47||857829000||645567||0.00075241
04:48||857829000||645567||0.00075241
04:49||857829000||645567||0.00075241
04:50||857875000||645567||0.00075241
04:51||857875000||645567||0.00075241
04:52||857829000||645567||0.00075241
04:53||857829000||645567||0.00075241
04:54||857743000||645567||0.00075241
04:55||857829000||645310||0.00075241
04:56||857829000||645310||0.00075241
04:57||857829000||645310||0.00075241
04:58||857829000||645310||0.00075241
04:59||857829000||645567||0.00075241
05:00||857829000||645567||0.00075241
05:01||857829000||645567||0.00075241
05:02||857807500||645278||0.00075241
05:03||857807500||645278||0.00075241
05:04||857807500||645278||0.00075241
05:05||857807500||645278||0.00075241
05:06||857807500||645278||0.00075241
05:07||857807500||645567||0.00075241
05:08||857807500||645567||0.00075241
05:09||857807500||645567||0.00075241
05:10||857757500||645567||0.00075241
05:11||857757500||645567||0.00075241
05:12||857757500||645567||0.00075241
05:13||857757500||645492||0.00075241
05:14||857757500||645492||0.00075241
05:15||858857500||647147||0.00075241
05:16||858857500||647147||0.00075241
05:17||858857500||647147||0.00075241
05:18||858857500||647147||0.00075241
05:19||860099500||647147||0.00075241
05:20||858925000||644062||0.00075241
05:21||858050000||644062||0.00075241
05:22||858000000||647072||0.00075241
05:23||858000000||647072||0.00075241
05:24||858000000||644062||0.00075241
05:25||858000000||644062||0.00075241
05:26||858003000||644062||0.00075241
05:27||858008500||644062||0.00075241
05:28||858008500||644062||0.00075241
05:29||859998500||644062||0.00075241
05:30||858008500||644076||0.00075241
05:31||859003500||647072||0.00075241
05:32||859511000||647072||0.00075241
05:33||859706000||647072||0.00075241
05:34||859853500||647147||0.00075241
05:35||859853500||647147||0.00075241
05:36||859849500||647147||0.00075241
05:37||859949000||647147||0.00075241
05:38||859949000||647147||0.00075241
05:39||859949000||647147||0.00075241
05:40||859947500||647147||0.00075241
05:41||859947500||646922||0.00075241
05:42||859947500||646922||0.00075241
05:43||859947500||647144||0.00075241
05:44||859947500||646922||0.00075241
05:45||859947500||646922||0.00075241
05:46||859947500||646922||0.00075241
05:47||858058000||644078||0.00075241
05:48||858021000||644078||0.00075241
05:49||858061000||644138||0.00075241
05:50||858090000||644138||0.00075241
05:51||858530000||644138||0.00075241
05:52||858804500||644138||0.00075241
05:53||859137000||645597||0.00075241
05:54||859500000||645597||0.00075241
05:55||858639500||646320||0.00075241
05:56||858259000||645747||0.00075241
05:57||858259000||644815||0.00075241
05:58||857500000||644815||0.00075241
05:59||857499500||644815||0.00075241
06:00||857499500||645566||0.00075241
06:01||857509500||644815||0.00075241
06:02||857997500||645566||0.00075241
06:03||857997500||645566||0.00075241
06:04||857997500||645566||0.00075241
06:05||857997500||645565||0.00075241
06:06||857749000||645565||0.00075241
06:07||857749000||645191||0.00075241
06:08||857749000||645191||0.00075241
06:09||857749000||645566||0.00075241
06:10||857749000||645566||0.00075241
06:11||857749000||645566||0.00075241
06:12||857749500||645566||0.00075241
06:13||857749500||645566||0.00075241
06:14||857749500||645566||0.00075241
06:15||857749500||645566||0.00075241
06:16||857749500||645566||0.00075241
06:17||857749000||645191||0.00075241
06:18||857749000||645191||0.00075241
06:19||857499000||644815||0.00075241
06:20||857499000||644815||0.00075241
06:21||857499000||644815||0.00075241
06:22||857499000||644815||0.00075241
06:23||857499000||644815||0.00075241
06:24||857499000||645566||0.00075241
06:25||857499000||645566||0.00075241
06:26||857499000||645566||0.00075241
06:27||857499000||645566||0.00075241
06:28||857499000||645566||0.00075241
06:29||857509000||645566||0.00075241
06:30||857509000||645566||0.00075241
06:31||857509000||645566||0.00075241
06:32||857509000||645566||0.00075241
06:33||857509000||645566||0.00075241
06:34||857509000||645566||0.00075241
06:35||857753500||645566||0.00075241
06:36||857753500||645566||0.00075241
06:37||857758500||645566||0.00075241
06:38||857758500||645566||0.00075241
06:39||857758500||645566||0.00075241
06:40||857758500||645566||0.00075241
06:41||858811500||647146||0.00075241
06:42||858762500||647146||0.00075241
06:43||858762500||647146||0.00075241
06:44||858812500||647146||0.00075241
06:45||858125000||647146||0.00075241
06:46||858812500||647072||0.00075241
06:47||858071500||645285||0.00075241
06:48||858250000||645943||0.00075241
06:49||858456000||645943||0.00075241
06:50||859331000||647147||0.00075241
06:51||859331500||647147||0.00075241
06:52||859331500||647147||0.00075241
06:53||859282000||647185||0.00075241
06:54||859296500||647185||0.00075241
06:55||859296500||647185||0.00075241
06:56||859500000||647185||0.00075241
06:57||859500000||647185||0.00075241
06:58||859500000||647185||0.00075241
06:59||859500000||647185||0.00075241
07:00||859524000||647185||0.00075241
07:01||860824500||648201||0.00075241
07:02||860824500||648201||0.00075241
07:03||860575000||648201||0.00075241
07:04||860675000||647975||0.00075241
07:05||860575000||647975||0.00075241
07:06||860825000||648201||0.00075241
07:07||860826000||648201||0.00075241
07:08||860826000||648201||0.00075241
07:09||861179500||648426||0.00075241
07:10||861208500||648470||0.00075241
07:11||861208500||648470||0.00075241
07:12||860979500||648577||0.00075241
07:13||860980000||648577||0.00075241
07:14||860959500||648577||0.00075241
07:15||861169500||648577||0.00075241
07:16||861169500||648577||0.00075241
07:17||861349500||648577||0.00075241
07:18||861349500||648577||0.00075241
07:19||861349500||648577||0.00075241
07:20||861349500||648577||0.00075241
07:21||861375000||648088||0.00075241
07:22||861375000||648125||0.00075241
07:23||861375000||648125||0.00075241
07:24||861399500||648125||0.00075241
07:25||861399500||648125||0.00075241
07:26||861699500||648577||0.00075241
07:27||860075000||645968||0.00075241
07:28||858887500||645285||0.00075241
07:29||858887500||645285||0.00075241
07:30||858814500||647072||0.00075241
07:31||858815000||647072||0.00075241
07:32||858815000||647072||0.00075241
07:33||859250000||647072||0.00075241
07:34||860750000||649329||0.00075241
07:35||861001000||649329||0.00075241
07:36||861001000||646997||0.00075241
07:37||861000500||649329||0.00075241
07:38||861329500||649329||0.00075241
07:39||861001000||649329||0.00075241
07:40||861250000||649329||0.00075241
07:41||861254500||649329||0.00075241
07:42||861254500||649329||0.00075241
07:43||862127000||649329||0.00075241
07:44||862127500||649329||0.00075241
07:45||862127500||649329||0.00075241
07:46||862250000||649329||0.00075241
07:47||862250000||648201||0.00075241
07:48||862250000||648201||0.00075241
07:49||863067000||649329||0.00075241
07:50||863332500||649698||0.00075241
07:51||863287500||649698||0.00075241
07:52||863350000||649698||0.00075241
07:53||864150000||650834||0.00075241
07:54||865100000||650834||0.00075241
07:55||865200000||650834||0.00075241
07:56||865450000||651135||0.00075241
07:57||865450000||651135||0.00075241
07:58||865450000||651210||0.00075241
07:59||865450500||651210||0.00075241
08:00||865450500||651210||0.00075241
08:01||865525500||651323||0.00075241
08:02||865755000||651323||0.00075241
08:03||865725000||651323||0.00075241
08:04||865699500||651136||0.00075241
08:05||865998500||651585||0.00075241
08:06||866326500||651587||0.00075241
08:07||866245000||652078||0.00075241
08:08||866245000||651955||0.00075241
08:09||866489500||651587||0.00075241
08:10||866489500||651587||0.00075241
08:11||866489500||651955||0.00075241
08:12||866489500||651955||0.00075241
08:13||866489500||651955||0.00075241
08:14||866489500||651955||0.00075241
08:15||866489500||651955||0.00075241
08:16||866489500||651955||0.00075241
08:17||866489500||651955||0.00075241
08:18||866489500||651955||0.00075241
08:19||866489500||651955||0.00075241
08:20||866489500||651954||0.00075241
08:21||866489500||651955||0.00075241
08:22||866489500||651954||0.00075241
08:23||866489500||651955||0.00075241
08:24||866489500||651955||0.00075241
08:25||866192000||651587||0.00075241
08:26||865500500||651211||0.00075241
08:27||865500500||651211||0.00075241
08:28||865500500||651211||0.00075241
08:29||865500500||651210||0.00075241
08:30||865400500||651060||0.00075241
08:31||865400500||651211||0.00075241
08:32||865400500||651211||0.00075241
08:33||865400500||651211||0.00075241
08:34||865300500||651211||0.00075241
08:35||865300500||651211||0.00075241
08:36||865300500||651211||0.00075241
08:37||865300500||651211||0.00075241
08:38||865300500||651060||0.00075241
08:39||865300500||651060||0.00075241
08:40||863400500||649630||0.00075241
08:41||863288000||649461||0.00075241
08:42||863288000||649461||0.00075241
08:43||863288000||649461||0.00075241
08:44||863288000||649461||0.00075241
08:45||863231500||649461||0.00075241
08:46||863175500||649461||0.00075241
08:47||863175500||649461||0.00075241
08:48||863175500||649462||0.00075241
08:49||863175500||649462||0.00075241
08:50||863175500||649462||0.00075241
08:51||862563000||649462||0.00075241
08:52||862253000||649462||0.00075241
08:53||861950500||648546||0.00075241
08:54||861950500||648539||0.00075241
08:55||861950500||648540||0.00075241
08:56||861950500||648540||0.00075241
08:57||861950500||647110||0.00075241
08:58||861000500||648540||0.00075241
08:59||861009500||648540||0.00075241
09:00||861009500||648540||0.00075241
09:01||861009500||648540||0.00075241
09:02||860647500||648540||0.00075241
09:03||860647500||647123||0.00075241
09:04||860647500||647123||0.00075241
09:05||860638500||647123||0.00075241
09:06||860614500||647110||0.00075241
09:07||860491000||647110||0.00075241
09:08||860000500||647073||0.00075241
09:09||860000500||647073||0.00075241
09:10||860613500||647072||0.00075241
09:11||860613500||647995||0.00075241
09:12||860613500||647995||0.00075241
09:13||860614000||647073||0.00075241
09:14||860647500||647073||0.00075241
09:15||860667500||647073||0.00075241
09:16||860917500||647530||0.00075241
09:17||860917500||647530||0.00075241
09:18||863113000||647995||0.00075241
09:19||862650500||647072||0.00075241
09:20||860675500||649090||0.00075241
09:21||863625000||648577||0.00075241
09:22||863625000||648577||0.00075241
09:23||863625000||648652||0.00075241
09:24||864000000||651587||0.00075241
09:25||864520000||652338||0.00075241
09:26||864015000||648615||0.00075241
09:27||864012000||651568||0.00075241
09:28||863525000||648577||0.00075241
09:29||863525500||648577||0.00075241
09:30||863525500||648577||0.00075241
09:31||864500000||648577||0.00075241
09:32||864500000||648577||0.00075241
09:33||864500000||648577||0.00075241
09:34||863500000||649329||0.00075241
09:35||863500500||649329||0.00075241
09:36||863506000||650082||0.00075241
09:37||863705500||650082||0.00075241
09:38||863750500||650082||0.00075241
09:39||863750500||649706||0.00075241
09:40||863750500||649706||0.00075241
09:41||863751000||649706||0.00075241
09:42||863756000||649706||0.00075241
09:43||863507500||649715||0.00075241
09:44||863507500||649715||0.00075241
09:45||863507500||649715||0.00075241
09:46||863507500||649715||0.00075241
09:47||863502500||649715||0.00075241
09:48||863502000||649708||0.00075241
09:49||865425000||650834||0.00075241
09:50||865425000||650834||0.00075241
09:51||864925000||650834||0.00075241
09:52||864920000||650082||0.00075241
09:53||864920000||651466||0.00075241
09:54||863503000||649707||0.00075241
09:55||863503000||649707||0.00075241
09:56||863503500||649707||0.00075241
09:57||864501500||651210||0.00075241
09:58||864475000||649708||0.00075241
09:59||864475000||649708||0.00075241
10:00||865200000||649708||0.00075241
10:01||864401000||649707||0.00075241
10:02||864401000||649707||0.00075241
10:03||864396500||649707||0.00075241
10:04||864395500||649707||0.00075241
10:05||864395000||651052||0.00075241
10:06||864671000||651466||0.00075241
10:07||864651000||651466||0.00075241
10:08||864701500||649782||0.00075241
10:09||864706500||649782||0.00075241
10:10||864708500||649782||0.00075241
10:11||864753000||651428||0.00075241
10:12||864894500||651428||0.00075241
10:13||864894500||651428||0.00075241
10:14||864784000||649914||0.00075241
10:15||864783500||651428||0.00075241
10:16||865775000||651428||0.00075241
10:17||865775000||651414||0.00075241
10:18||865775000||651414||0.00075241
10:19||865775000||651414||0.00075241
10:20||866375000||652324||0.00075241
10:21||866375000||651414||0.00075241
10:22||866374500||651414||0.00075241
10:23||866374500||652323||0.00075241
10:24||866370000||651414||0.00075241
10:25||866370000||651414||0.00075241
10:26||866335000||652323||0.00075241
10:27||866335000||652323||0.00075241
10:28||866335500||651414||0.00075241
10:29||866350500||651414||0.00075241
10:30||866945000||652323||0.00075241
10:31||866400500||652338||0.00075241
10:32||866315000||652338||0.00075241
10:33||866315000||652338||0.00075241
10:34||866315000||652338||0.00075241
10:35||866321000||652338||0.00075241
10:36||866321000||652338||0.00075241
10:37||866320500||651458||0.00075241
10:38||866406000||651458||0.00075241
10:39||866405500||652197||0.00075241
10:40||866405500||652197||0.00075241
10:41||866600500||652189||0.00075241
10:42||866600500||652189||0.00075241
10:43||866405500||651594||0.00075241
10:44||866405500||651594||0.00075241
10:45||866504500||652338||0.00075241
10:46||866504500||652338||0.00075241
10:47||866495500||652338||0.00075241
10:48||866975000||652316||0.00075241
10:49||866985000||652324||0.00075241
10:50||866985000||652317||0.00075241
10:51||866985000||652338||0.00075241
10:52||866985000||652338||0.00075241
10:53||866971500||652338||0.00075241
10:54||866971500||652338||0.00075241
10:55||866971000||652316||0.00075241
10:56||866971000||652318||0.00075241
10:57||866490500||652318||0.00075241
10:58||866490500||652318||0.00075241
10:59||866490500||652317||0.00075241
11:00||866490500||651594||0.00075241
11:01||866735500||651594||0.00075241
11:02||866735500||651594||0.00075241
11:03||866735500||651594||0.00075241
11:04||866746000||652318||0.00075241
11:05||866746500||652318||0.00075241
11:06||866746500||652318||0.00075241
11:07||866746500||652332||0.00075241
11:08||866746500||651964||0.00075241
11:09||866751500||652332||0.00075241
11:10||866755000||652332||0.00075241
11:11||866756000||652337||0.00075241
11:12||866756000||652337||0.00075241
11:13||866756500||652337||0.00075241
11:14||866756500||652337||0.00075241
11:15||866761500||652337||0.00075241
11:16||866762000||652337||0.00075241
11:17||866762500||652339||0.00075241
11:18||866812500||652339||0.00075241
11:19||866999500||652339||0.00075241
11:20||866999500||652339||0.00075241
11:21||866999500||652339||0.00075241
11:22||866999500||652339||0.00075241
11:23||866999500||652338||0.00075241
11:24||866999500||652338||0.00075241
11:25||866999500||652338||0.00075241
11:26||866813000||652338||0.00075241
11:27||866813000||652338||0.00075241
11:28||866813000||652338||0.00075241
11:29||866813000||652339||0.00075241
11:30||866813000||652339||0.00075241
11:31||866813000||652339||0.00075241
11:32||866813000||652339||0.00075241
11:33||866813000||652339||0.00075241
11:34||866833000||652088||0.00075241
11:35||866833000||652088||0.00075241
11:36||866833000||652088||0.00075241
11:37||866834000||652339||0.00075241
11:38||866834000||652339||0.00075241
11:39||866834000||652339||0.00075241
11:40||866834000||652339||0.00075241
11:41||866762500||651982||0.00075241
11:42||866762500||651982||0.00075241
11:43||866762500||652339||0.00075241
11:44||866762500||652339||0.00075241
11:45||866762500||652339||0.00075241
11:46||866850000||652339||0.00075241
11:47||866850000||652113||0.00075241
11:48||866849500||652113||0.00075241
11:49||866849500||652113||0.00075241
11:50||866849500||652113||0.00075241
11:51||866849500||652113||0.00075241
11:52||866998500||652338||0.00075241
11:53||866998500||652337||0.00075241
11:54||866998500||652337||0.00075241
11:55||866998500||652337||0.00075241
11:56||866998500||652337||0.00075241
11:57||866998500||652337||0.00075241
11:58||866750500||651964||0.00075241
11:59||866750500||652338||0.00075241
12:00||866750500||652338||0.00075241
12:01||866750500||652338||0.00075241
12:02||866500000||651587||0.00075241
12:03||866500000||651587||0.00075241
12:04||866500000||652338||0.00075241
12:05||866500000||652338||0.00075241
12:06||866500500||652339||0.00075241
12:07||866501000||652339||0.00075241
12:08||866525000||652339||0.00075241
12:09||866525000||651624||0.00075241
12:10||866525000||651624||0.00075241
12:11||866534000||651624||0.00075241
12:12||866534000||652339||0.00075241
12:13||866534000||652339||0.00075241
12:14||866525000||651624||0.00075241
12:15||866525000||651624||0.00075241
12:16||866475000||651624||0.00075241
12:17||866525500||651625||0.00075241
12:18||866475500||651625||0.00075241
12:19||866425500||651625||0.00075241
12:20||866051500||651625||0.00075241
12:21||866051500||651625||0.00075241
12:22||866425500||651625||0.00075241
12:23||866425500||651625||0.00075241
12:24||866425500||652188||0.00075241
12:25||866425500||651625||0.00075241
12:26||866425500||652188||0.00075241
12:27||866425000||652188||0.00075241
12:28||866425000||652188||0.00075241
12:29||866425000||651625||0.00075241
12:30||866425000||651625||0.00075241
12:31||866425000||651625||0.00075241
12:32||866425000||651625||0.00075241
12:33||866425000||651625||0.00075241
12:34||866425000||651625||0.00075241
12:35||866425000||651625||0.00075241
12:36||866425000||651625||0.00075241
12:37||866425000||651625||0.00075241
12:38||866798500||651625||0.00075241
12:39||866798500||652187||0.00075241
12:40||866798500||652187||0.00075241
12:41||866798500||652187||0.00075241
12:42||866899000||652339||0.00075241
12:43||866899000||652339||0.00075241
12:44||866900000||652339||0.00075241
12:45||867183000||652715||0.00075241
12:46||867158000||652715||0.00075241
12:47||867125000||652238||0.00075241
12:48||866755000||652188||0.00075241
12:49||866748500||652188||0.00075241
12:50||867475000||652664||0.00075241
12:51||867475000||652664||0.00075241
12:52||867475000||652715||0.00075241
12:53||867475000||652715||0.00075241
12:54||867475000||652715||0.00075241
12:55||867475000||652678||0.00075241
12:56||867515000||652775||0.00075241
12:57||867515000||652678||0.00075241
12:58||867450500||652678||0.00075241
12:59||867515000||652775||0.00075241
13:00||867724500||653091||0.00075241
13:01||867724500||653091||0.00075241
13:02||867724500||653091||0.00075241
13:03||867724500||653091||0.00075241
13:04||867724500||653091||0.00075241
13:05||867724500||653091||0.00075241
13:06||867658500||653091||0.00075241
13:07||867724000||653090||0.00075241
13:08||867724000||653090||0.00075241
13:09||867724000||653090||0.00075241
13:10||867724000||653090||0.00075241
13:11||867724000||653090||0.00075241
13:12||867724000||653090||0.00075241
13:13||867724000||653090||0.00075241
13:14||867724500||653090||0.00075241
13:15||867723500||653090||0.00075241
13:16||867724000||653090||0.00075241
13:17||867723500||653090||0.00075241
13:18||867587500||653090||0.00075241
13:19||867701500||652678||0.00075241
13:20||867701500||652678||0.00075241
13:21||867612500||652849||0.00075241
13:22||867615000||652884||0.00075241
13:23||867615000||652884||0.00075241
13:24||867615000||652884||0.00075241
13:25||867512500||652719||0.00075241
13:26||867512500||652719||0.00075241
13:27||867622000||652730||0.00075241
13:28||867622000||652730||0.00075241
13:29||867622000||652730||0.00075241
13:30||867622000||652884||0.00075241
13:31||867622000||652884||0.00075241
13:32||867622000||652884||0.00075241
13:33||867622000||652729||0.00075241
13:34||867758000||653089||0.00075241
13:35||867758000||652729||0.00075241
13:36||867758000||652729||0.00075241
13:37||867758000||652729||0.00075241
13:38||867757500||652729||0.00075241
13:39||867758500||653088||0.00075241
13:40||867877500||653089||0.00075241
13:41||867877500||653089||0.00075241
13:42||867877500||653089||0.00075241
13:43||867984000||653091||0.00075241
13:44||867984000||653249||0.00075241
13:45||867984000||652909||0.00075241
13:46||867984000||652909||0.00075241
13:47||867984500||653249||0.00075241
13:48||868230000||653249||0.00075241
13:49||868379500||653844||0.00075241
13:50||868379500||653844||0.00075241
13:51||868379500||652910||0.00075241
13:52||868374500||652910||0.00075241
13:53||868374500||652910||0.00075241
13:54||868380500||652912||0.00075241
13:55||868375500||652912||0.00075241
13:56||868450000||653844||0.00075241
13:57||868450000||653844||0.00075241
13:58||868340000||653091||0.00075241
13:59||868291000||653769||0.00075241
14:00||868291000||653693||0.00075241
14:01||868291000||653693||0.00075241
14:02||868291000||653693||0.00075241
14:03||868291000||653693||0.00075241
14:04||868290500||653693||0.00075241
14:05||868290500||653693||0.00075241
14:06||868290500||653693||0.00075241
14:07||868290500||653693||0.00075241
14:08||868290000||653693||0.00075241
14:09||868290000||653693||0.00075241
14:10||868290000||653693||0.00075241
14:11||868798500||653692||0.00075241
14:12||868799500||653693||0.00075241
14:13||868799000||653693||0.00075241
14:14||868799000||653693||0.00075241
14:15||868799000||653693||0.00075241
14:16||868798500||653693||0.00075241
14:17||868798500||653693||0.00075241
14:18||868798500||653693||0.00075241
14:19||868798500||653693||0.00075241
14:20||868798500||653693||0.00075241
14:21||868798500||653693||0.00075241
14:22||868799500||653693||0.00075241
14:23||868799500||653693||0.00075241
14:24||869018500||653693||0.00075241
14:25||869018500||653693||0.00075241
14:26||869275000||654023||0.00075241
14:27||869274500||653693||0.00075241
14:28||869274000||653693||0.00075241
14:29||869249500||653693||0.00075241
14:30||869250000||653693||0.00075241
14:31||869250000||653693||0.00075241
14:32||869250000||653693||0.00075241
14:33||869250000||653693||0.00075241
14:34||868800500||653693||0.00075241
14:35||868800500||653693||0.00075241
14:36||869050500||654370||0.00075241
14:37||869251000||654370||0.00075241
14:38||869251500||654370||0.00075241
14:39||869251500||654370||0.00075241
14:40||869251500||654370||0.00075241
14:41||869251500||654370||0.00075241
14:42||869036000||653695||0.00075241
14:43||869036000||653695||0.00075241
14:44||868801000||653695||0.00075241
14:45||868801000||653695||0.00075241
14:46||868801000||653695||0.00075241
14:47||868801000||653695||0.00075241
14:48||868161000||652730||0.00075241
14:49||867426500||651640||0.00075241
14:50||866926500||652942||0.00075241
14:51||866926500||652942||0.00075241
14:52||866926500||651625||0.00075241
14:53||866927000||652942||0.00075241
14:54||866927000||651626||0.00075241
14:55||866926000||652942||0.00075241
14:56||866926000||652942||0.00075241
14:57||866926000||652941||0.00075241
14:58||866926500||652941||0.00075241
14:59||867400000||652941||0.00075241
15:00||867801500||652942||0.00075241
15:01||867400000||652941||0.00075241
15:02||867401000||652941||0.00075241
15:03||867401000||652339||0.00075241
15:04||867400000||652339||0.00075241
15:05||867400000||652339||0.00075241
15:06||867400000||652339||0.00075241
15:07||866933000||651636||0.00075241
15:08||866059000||651636||0.00075241
15:09||866065500||651626||0.00075241
15:10||868594000||653695||0.00075241
15:11||868593500||653695||0.00075241
15:12||868592500||653380||0.00075241
15:13||868797000||653694||0.00075241
15:14||867423000||653680||0.00075241
15:15||867427500||651627||0.00075241
15:16||867404000||653694||0.00075241
15:17||867404000||653659||0.00075241
15:18||867427000||653659||0.00075241
15:19||867427000||653659||0.00075241
15:20||867451000||653694||0.00075241
15:21||867451500||653694||0.00075241
15:22||867478500||653694||0.00075241
15:23||867478000||653694||0.00075241
15:24||867527000||653695||0.00075241
15:25||866752500||652529||0.00075241
15:26||867552500||651626||0.00075241
15:27||867552000||653693||0.00075241
15:28||867581000||653693||0.00075241
15:29||867556000||653693||0.00075241
15:30||867556000||653692||0.00075241
15:31||867556000||651823||0.00075241
15:32||867563500||653695||0.00075241
15:33||867564500||653695||0.00075241
15:34||867565000||653693||0.00075241
15:35||867650000||653693||0.00075241
15:36||867651000||653695||0.00075241
15:37||867655500||653695||0.00075241
15:38||867255500||653695||0.00075241
15:39||867255500||651970||0.00075241
15:40||868251500||654596||0.00075241
15:41||866993500||654595||0.00075241
15:42||867054500||650164||0.00075241
15:43||867721000||651057||0.00075241
15:44||865349500||651057||0.00075241
15:45||865275500||651097||0.00075241
15:46||867525000||656477||0.00075241
15:47||869038500||655098||0.00075241
15:48||869100000||655098||0.00075241
15:49||870469000||656154||0.00075241
15:50||869152000||651815||0.00075241
15:51||869199500||656157||0.00075241
15:52||868976000||656093||0.00075241
15:53||869210500||656093||0.00075241
15:54||869231500||656093||0.00075241
15:55||868653000||656093||0.00075241
15:56||868050000||656093||0.00075241
15:57||870708000||655128||0.00075241
15:58||870709000||655130||0.00075241
15:59||870710500||655130||0.00075241
16:00||870106000||654221||0.00075241
16:01||870103500||654221||0.00075241
16:02||870003500||654221||0.00075241
16:03||869993500||654599||0.00075241
16:04||869993500||654599||0.00075241
16:05||869990500||654596||0.00075241
16:06||869750000||654582||0.00075241
16:07||869627500||654220||0.00075241
16:08||869627500||654220||0.00075241
16:09||869627500||654220||0.00075241
16:10||869750000||654220||0.00075241
16:11||869625000||654408||0.00075241
16:12||869625000||654408||0.00075241
16:13||869575000||654220||0.00075241
16:14||869500500||654220||0.00075241
16:15||869500500||654220||0.00075241
16:16||869500500||654221||0.00075241
16:17||869500500||654220||0.00075241
16:18||869500500||654220||0.00075241
16:19||869500500||654220||0.00075241
16:20||869500500||654220||0.00075241
16:21||869500500||654221||0.00075241
16:22||869500500||654221||0.00075241
16:23||869750000||654220||0.00075241
16:24||869750000||654220||0.00075241
16:25||869750000||654596||0.00075241
16:26||869750000||654596||0.00075241
16:27||869750000||654596||0.00075241
16:28||869749500||654596||0.00075241
16:29||869750000||654596||0.00075241
16:30||869745000||654596||0.00075241
16:31||869500500||654596||0.00075241
16:32||869500500||654596||0.00075241
16:33||869500500||654221||0.00075241
16:34||869500500||654221||0.00075241
16:35||869500500||654221||0.00075241
16:36||869500500||654221||0.00075241
16:37||869500500||654588||0.00075241
16:38||869500500||654588||0.00075241
16:39||869500500||654588||0.00075241
16:40||869500500||654221||0.00075241
16:41||869500500||654221||0.00075241
16:42||869500500||654221||0.00075241
16:43||869744500||654221||0.00075241
16:44||869749500||654595||0.00075241
16:45||869750500||654595||0.00075241
16:46||869750500||654595||0.00075241
16:47||869776500||654221||0.00075241
16:48||869776500||654221||0.00075241
16:49||869776500||654221||0.00075241
16:50||869776500||654221||0.00075241
16:51||869781500||654221||0.00075241
16:52||869781500||654221||0.00075241
16:53||869781500||654595||0.00075241
16:54||869997500||654595||0.00075241
16:55||869997500||654595||0.00075241
16:56||869997500||654595||0.00075241
16:57||869997500||654595||0.00075241
16:58||869997500||654595||0.00075241
16:59||869997500||654594||0.00075241
17:00||869997500||654594||0.00075241
17:01||869997500||654595||0.00075241
17:02||869997500||654595||0.00075241
17:03||869997500||654595||0.00075241
17:04||869997500||654595||0.00075241
17:05||869997500||654595||0.00075241
17:06||869997500||654595||0.00075241
17:07||869781500||654595||0.00075241
17:08||869782500||656159||0.00075241
17:09||873782500||660615||0.00075241
17:10||873782500||660615||0.00075241
17:11||873282500||660615||0.00075241
17:12||873282500||660615||0.00075241
17:13||873779500||660615||0.00075241
17:14||873775000||655018||0.00075241
17:15||873820000||655018||0.00075241
17:16||873725000||655018||0.00075241
17:17||873725000||655161||0.00075241
17:18||873708500||655161||0.00075241
17:19||873708500||655161||0.00075241
17:20||874878000||655161||0.00075241
17:21||873295000||657230||0.00075241
17:22||873045000||656921||0.00075241
17:23||873045000||656921||0.00075241
17:24||874775500||659528||0.00075241
17:25||874775500||659528||0.00075241
17:26||874750000||656853||0.00075241
17:27||872045500||656853||0.00075241
17:28||872090000||656921||0.00075241
17:29||872090000||656921||0.00075241
17:30||874700000||656853||0.00075241
17:31||874650000||656853||0.00075241
17:32||874645000||656853||0.00075241
17:33||874645000||659329||0.00075241
17:34||874640000||655018||0.00075241
17:35||874500000||656853||0.00075241
17:36||874500000||656853||0.00075241
17:37||874500000||656853||0.00075241
17:38||874500000||656853||0.00075241
17:39||874640000||659111||0.00075241
17:40||875640000||658358||0.00075241
17:41||876040000||659321||0.00075241
17:42||876040000||658960||0.00075241
17:43||876040000||658960||0.00075241
17:44||874640000||656853||0.00075241
17:45||874635000||659314||0.00075241
17:46||873586500||656855||0.00075241
17:47||873586500||656855||0.00075241
17:48||873586500||656855||0.00075241
17:49||873586500||656855||0.00075241
17:50||873252000||657735||0.00075241
17:51||870785000||656853||0.00075241
17:52||872036000||657230||0.00075241
17:53||872372000||657735||0.00075241
17:54||872367000||655028||0.00075241
17:55||872361500||657719||0.00075241
17:56||872351500||657719||0.00075241
17:57||873565000||657719||0.00075241
17:58||873500000||656853||0.00075241
17:59||873580000||657726||0.00075241
18:00||871787000||656854||0.00075241
18:01||870571500||655025||0.00075241
18:02||872380500||655027||0.00075241
18:03||872875500||655027||0.00075241
18:04||873880500||655808||0.00075241
18:05||873881500||655808||0.00075241
18:06||873881500||657315||0.00075241
18:07||871863000||655030||0.00075241
18:08||871362500||654269||0.00075241
18:09||869560500||657726||0.00075241
18:10||867508000||652720||0.00075241
18:11||867508500||652722||0.00075241
18:12||867508500||652722||0.00075241
18:13||867514000||652721||0.00075241
18:14||867513500||652721||0.00075241
18:15||867513500||652721||0.00075241
18:16||867513500||652721||0.00075241
18:17||867506000||652715||0.00075241
18:18||867506000||652716||0.00075241
18:19||867010500||652726||0.00075241
18:20||867011000||651970||0.00075241
18:21||866569000||652058||0.00075241
18:22||866634500||652063||0.00075241
18:23||866643000||652070||0.00075241
18:24||867010500||651970||0.00075241
18:25||867005500||652723||0.00075241
18:26||867005000||652723||0.00075241
18:27||866991500||651927||0.00075241
18:28||867260000||652346||0.00075241
18:29||867509500||652723||0.00075241
18:30||867509500||652722||0.00075241
18:31||867510500||652723||0.00075241
18:32||867510500||652723||0.00075241
18:33||868655000||654446||0.00075241
18:34||868653000||654446||0.00075241
18:35||868654000||654443||0.00075241
18:36||869249000||654443||0.00075241
18:37||869000500||654443||0.00075241
18:38||869248000||654218||0.00075241
18:39||869248000||654218||0.00075241
18:40||869248000||654216||0.00075241
18:41||869245500||653845||0.00075241
18:42||869347500||654216||0.00075241
18:43||869248000||653845||0.00075241
18:44||869248000||653845||0.00075241
18:45||869248000||653845||0.00075241
18:46||869124000||654030||0.00075241
18:47||869124000||654030||0.00075241
18:48||869123500||653845||0.00075241
18:49||869123500||653845||0.00075241
18:50||869001000||653844||0.00075241
18:51||869001000||653844||0.00075241
18:52||869001000||653844||0.00075241
18:53||869001000||653844||0.00075241
18:54||869001500||653844||0.00075241
18:55||869001500||653845||0.00075241
18:56||867258500||652728||0.00075241
18:57||867258500||652339||0.00075241
18:58||866821000||652057||0.00075241
18:59||866861000||652118||0.00075241
19:00||866871000||652123||0.00075241
19:01||866875500||652146||0.00075241
19:02||867563500||652343||0.00075241
19:03||868030000||653042||0.00075241
19:04||868572500||653042||0.00075241
19:05||869250000||654219||0.00075241
19:06||869652500||654219||0.00075241
19:07||869665500||654446||0.00075241
19:08||869672000||654446||0.00075241
19:09||869797500||654253||0.00075241
19:10||869797500||654253||0.00075241
19:11||869797500||654253||0.00075241
19:12||869797500||654443||0.00075241
19:13||869798500||654443||0.00075241
19:14||869799500||654446||0.00075241
19:15||869878500||654445||0.00075241
19:16||869878500||654445||0.00075241
19:17||869878500||654565||0.00075241
19:18||869880500||654565||0.00075241
19:19||869880500||654448||0.00075241
19:20||869880500||654448||0.00075241
19:21||869880500||654448||0.00075241
19:22||869906000||654452||0.00075241
19:23||869906000||654455||0.00075241
19:24||869951000||654523||0.00075241
19:25||871065500||654696||0.00075241
19:26||871509500||654696||0.00075241
19:27||871570500||655364||0.00075241
19:28||871582000||655364||0.00075241
19:29||871847500||655364||0.00075241
19:30||872119500||656191||0.00075241
19:31||872119500||656191||0.00075241
19:32||872119500||656191||0.00075241
19:33||872119500||656191||0.00075241
19:34||872119500||656191||0.00075241
19:35||872122000||656195||0.00075241
19:36||872129500||656199||0.00075241
19:37||872614500||656929||0.00075241
19:38||872614500||656929||0.00075241
19:39||873089500||656921||0.00075241
19:40||873099500||656921||0.00075241
19:41||873099500||656921||0.00075241
19:42||873099500||656929||0.00075241
19:43||873099500||656929||0.00075241
19:44||873110000||656929||0.00075241
19:45||873100500||656929||0.00075241
19:46||873100500||656929||0.00075241
19:47||873100500||656929||0.00075241
19:48||873100500||656929||0.00075241
19:49||873100500||656929||0.00075241
19:50||873100500||656929||0.00075241
19:51||873100500||656929||0.00075241
19:52||873100500||656929||0.00075241
19:53||873100500||656929||0.00075241
19:54||873100500||656929||0.00075241
19:55||873100500||656929||0.00075241
19:56||873100500||656929||0.00075241
19:57||872625000||656929||0.00075241
19:58||869698500||654443||0.00075241
19:59||869600500||654295||0.00075241
20:00||869600500||654295||0.00075241
20:01||869600500||654295||0.00075241
20:02||869604500||654296||0.00075241
20:03||869608500||654296||0.00075241
20:04||869609000||654296||0.00075241
20:05||869609000||654296||0.00075241
20:06||869609500||654296||0.00075241
20:07||868063000||651927||0.00075241
20:08||867280000||651927||0.00075241
20:09||867296500||652048||0.00075241
20:10||867980500||656101||0.00075241
20:11||869990000||656101||0.00075241
20:12||869934500||653077||0.00075241
20:13||868961000||653077||0.00075241
20:14||868960500||653077||0.00075241
20:15||870436000||655948||0.00075241
20:16||870953000||655948||0.00075241
20:17||870952000||655946||0.00075241
20:18||870952500||655946||0.00075241
20:19||870110500||654680||0.00075241
20:20||870110500||654680||0.00075241
20:21||870110500||654679||0.00075241
20:22||870110500||654679||0.00075241
20:23||870110500||654679||0.00075241
20:24||869055500||654679||0.00075241
20:25||870108000||654679||0.00075241
20:26||870108000||654679||0.00075241
20:27||870108000||654680||0.00075241
20:28||869052500||654675||0.00075241
20:29||869052500||654675||0.00075241
20:30||869052500||654675||0.00075241
20:31||866949500||652339||0.00075241
20:32||866950000||652339||0.00075241
20:33||866950000||652339||0.00075241
20:34||866999500||652339||0.00075241
20:35||868499500||652339||0.00075241
20:36||868530000||652339||0.00075241
20:37||869500000||652339||0.00075241
20:38||868839000||652339||0.00075241
20:39||869343000||652339||0.00075241
20:40||869343000||653608||0.00075241
20:41||868838500||652849||0.00075241
20:42||868839000||652850||0.00075241
20:43||868839000||652850||0.00075241
20:44||868895500||652850||0.00075241
20:45||868895500||652850||0.00075241
20:46||869338000||652850||0.00075241
20:47||869337500||652850||0.00075241
20:48||868928000||652850||0.00075241
20:49||868924000||652850||0.00075241
20:50||868424000||652850||0.00075241
20:51||868417500||652991||0.00075241
20:52||868417500||652991||0.00075241
20:53||868417500||652991||0.00075241
20:54||868967500||652850||0.00075241
20:55||868967500||652850||0.00075241
20:56||868967500||653819||0.00075241
20:57||868967500||653819||0.00075241
20:58||868320000||653814||0.00075241
20:59||866980500||651587||0.00075241
21:00||866981000||650834||0.00075241
21:01||866530000||650834||0.00075241
21:02||866451000||650834||0.00075241
21:03||866450500||650834||0.00075241
21:04||866445000||650082||0.00075241
21:05||866400000||650834||0.00075241
21:06||866000000||650834||0.00075241
21:07||865750000||650834||0.00075241
21:08||864500000||650834||0.00075241
21:09||865178000||649980||0.00075241
21:10||865173000||649980||0.00075241
21:11||864437000||649986||0.00075241
21:12||863431000||648051||0.00075241
21:13||861002000||646322||0.00075241
21:14||860524500||645604||0.00075241
21:15||858053500||645604||0.00075241
21:16||858053500||645604||0.00075241
21:17||858058500||645618||0.00075241
21:18||860523500||645604||0.00075241
21:19||859074500||645604||0.00075241
21:20||858922500||645752||0.00075241
21:21||859622000||645604||0.00075241
21:22||859572500||645604||0.00075241
21:23||855836000||645191||0.00075241
21:24||855700500||642558||0.00075241
21:25||855700500||642558||0.00075241
21:26||855695500||642558||0.00075241
21:27||857000500||645116||0.00075241
21:28||856900500||645116||0.00075241
21:29||856900000||645116||0.00075241
21:30||856900000||645116||0.00075241
21:31||857399500||645116||0.00075241
21:32||856426000||642558||0.00075241
21:33||850331000||640300||0.00075241
21:34||850330500||640300||0.00075241
21:35||850352500||639698||0.00075241
21:36||850452500||639928||0.00075241
21:37||850504500||639928||0.00075241
21:38||850504500||639928||0.00075241
21:39||851999500||639942||0.00075241
21:40||853758000||641053||0.00075241
21:41||853808000||641053||0.00075241
21:42||853808000||641053||0.00075241
21:43||853833000||641053||0.00075241
21:44||854549500||643698||0.00075241
21:45||855032000||643698||0.00075241
21:46||855265000||643684||0.00075241
21:47||855398500||643684||0.00075241
21:48||855408500||643537||0.00075241
21:49||855408500||643698||0.00075241
21:50||855515500||643698||0.00075241
21:51||856990000||643698||0.00075241
21:52||858493000||646899||0.00075241
21:53||858442000||646822||0.00075241
21:54||857222500||643698||0.00075241
21:55||857139500||643698||0.00075241
21:56||855410500||643698||0.00075241
21:57||855410500||643698||0.00075241
21:58||855301500||643537||0.00075241
21:59||855350500||643611||0.00075241
22:00||857099000||646168||0.00075241
22:01||857204000||646168||0.00075241
22:02||857098500||643611||0.00075241
22:03||857049000||646167||0.00075241
22:04||857048500||646167||0.00075241
22:05||857643000||643537||0.00075241
22:06||856397500||646165||0.00075241
22:07||855260000||646165||0.00075241
22:08||855262000||644448||0.00075241
22:09||856058000||644448||0.00075241
22:10||856284000||644448||0.00075241
22:11||851252000||639927||0.00075241
22:12||852503000||641053||0.00075241
22:13||852003000||639928||0.00075241
22:14||851757500||639930||0.00075241
22:15||851757000||639930||0.00075241
22:16||851757500||639930||0.00075241
22:17||851757500||639930||0.00075241
22:18||851757500||639930||0.00075241
22:19||851757500||639930||0.00075241
22:20||852002000||639930||0.00075241
22:21||852002500||641810||0.00075241
22:22||851755000||641810||0.00075241
22:23||850079000||639548||0.00075241
22:24||850147500||639548||0.00075241
22:25||850152500||639548||0.00075241
22:26||852496500||641437||0.00075241
22:27||852482500||641437||0.00075241
22:28||852482500||641437||0.00075241
22:29||852482500||641437||0.00075241
22:30||852482500||641437||0.00075241
22:31||852482500||641437||0.00075241
22:32||852482500||641437||0.00075241
22:33||852473500||641437||0.00075241
22:34||851316000||639548||0.00075241
22:35||851300500||639548||0.00075241
22:36||852510500||641437||0.00075241
22:37||852510500||641437||0.00075241
22:38||852510500||641437||0.00075241
22:39||852510500||641437||0.00075241
22:40||852510500||641437||0.00075241
22:41||852510500||641437||0.00075241
22:42||853003000||641437||0.00075241
22:43||853500000||641810||0.00075241
22:44||853502500||641805||0.00075241
22:45||855501500||643695||0.00075241
22:46||855640000||644448||0.00075241
22:47||855890000||644448||0.00075241
22:48||855894500||644448||0.00075241
22:49||855890500||644448||0.00075241
22:50||855890500||644448||0.00075241
22:51||855890500||643304||0.00075241
22:52||855390500||643304||0.00075241
22:53||856000000||644815||0.00075241
22:54||856004500||644815||0.00075241
22:55||856005500||644815||0.00075241
22:56||856024500||644815||0.00075241
22:57||856245000||644815||0.00075241
22:58||856427000||644814||0.00075241
22:59||856427000||644814||0.00075241
23:00||856499500||644814||0.00075241
23:01||856499500||644814||0.00075241
23:02||856479500||644814||0.00075241
23:03||856475000||644814||0.00075241
23:04||856480000||644777||0.00075241
23:05||856480000||644777||0.00075241
23:06||856480000||644777||0.00075241
23:07||856025000||643385||0.00075241
23:08||856471000||643385||0.00075241
23:09||856471000||644777||0.00075241
23:10||856471500||644777||0.00075241
23:11||856471500||644777||0.00075241
23:12||856635500||644306||0.00075241
23:13||856635500||644306||0.00075241
23:14||856637500||644776||0.00075241
23:15||856637500||644776||0.00075241
23:16||856873500||644776||0.00075241
23:17||856869500||644776||0.00075241
23:18||856798000||644664||0.00075241
23:19||856868000||644661||0.00075241
23:20||856796500||644662||0.00075241
23:21||856796500||644662||0.00075241
23:22||856796500||644662||0.00075241
23:23||856796500||644662||0.00075241
23:24||856868000||644684||0.00075241
23:25||856898000||644815||0.00075241
23:26||856898000||644815||0.00075241
23:27||856999500||644815||0.00075241
23:28||856999500||644815||0.00075241
23:29||856999500||644815||0.00075241
23:30||856999500||644815||0.00075241
23:31||856898000||644815||0.00075241
23:32||856898000||644815||0.00075241
23:33||856898000||644815||0.00075241
23:34||856898000||644815||0.00075241
23:35||856898000||644815||0.00075241
23:36||856945500||644815||0.00075241
23:37||856945500||644815||0.00075241
23:38||856995500||644815||0.00075241
23:39||856995500||644815||0.00075241
23:40||856995500||644815||0.00075241
23:41||856995500||644815||0.00075241
23:42||856995500||644815||0.00075241
23:43||856999500||644814||0.00075241
23:44||856999500||644814||0.00075241
23:45||856999500||644815||0.00075241
23:46||856999500||644814||0.00075241
23:47||856999500||644814||0.00075241
23:48||856999500||644815||0.00075241
23:49||856999500||644815||0.00075241
23:50||856995000||644814||0.00075241
23:51||856994500||644814||0.00075241
23:52||856994500||644814||0.00075241
23:53||857888500||644890||0.00075241
23:54||858770500||644815||0.00075241
23:55||858767500||646138||0.00075241
23:56||857879000||646138||0.00075241
23:57||857888500||646138||0.00075241
23:58||857888500||646138||0.00075241
23:59||857888500||646138||0.00075241
