00:00||716500000||537220||0.00075241
00:01||716500500||537220||0.00075241
00:02||716500500||537220||0.00075241
00:03||716500500||537220||0.00075241
00:04||716500500||537220||0.00075241
00:05||716500500||537221||0.00075241
00:06||716500500||537221||0.00075241
00:07||716500500||537221||0.00075241
00:08||712757500||536103||0.00075241
00:09||712757500||536103||0.00075241
00:10||712750500||536103||0.00075241
00:11||712750500||536103||0.00075241
00:12||714504500||535715||0.00075241
00:13||714005500||535715||0.00075241
00:14||714055000||535715||0.00075241
00:15||713055500||535715||0.00075241
00:16||713055500||535715||0.00075241
00:17||713055500||535715||0.00075241
00:18||712555500||535715||0.00075241
00:19||711096000||534211||0.00075241
00:20||709997500||532844||0.00075241
00:21||706112500||532844||0.00075241
00:22||706118500||531289||0.00075241
00:23||706124500||531293||0.00075241
00:24||706128500||531299||0.00075241
00:25||707507000||531302||0.00075241
00:26||708013500||531302||0.00075241
00:27||710006500||532716||0.00075241
00:28||710006500||535715||0.00075241
00:29||710006500||535715||0.00075241
00:30||710009000||535715||0.00075241
00:31||709509000||535715||0.00075241
00:32||709509000||532719||0.00075241
00:33||709509000||532719||0.00075241
00:34||709509000||532719||0.00075241
00:35||709507000||532716||0.00075241
00:36||709507000||534963||0.00075241
00:37||709007000||534963||0.00075241
00:38||709007000||534963||0.00075241
00:39||709007000||534963||0.00075241
00:40||709007000||534963||0.00075241
00:41||709007000||534211||0.00075241
00:42||709027000||534211||0.00075241
00:43||709510000||534211||0.00075241
00:44||709999500||534211||0.00075241
00:45||709999500||534211||0.00075241
00:46||709999500||534210||0.00075241
00:47||710499500||534963||0.00075241
00:48||710499500||534963||0.00075241
00:49||710499500||534963||0.00075241
00:50||710999500||534963||0.00075241
00:51||714499000||534963||0.00075241
00:52||713080000||534963||0.00075241
00:53||714060000||534963||0.00075241
00:54||713500000||534963||0.00075241
00:55||714049500||534963||0.00075241
00:56||712500000||539477||0.00075241
00:57||712550000||539477||0.00075241
00:58||714500000||535023||0.00075241
00:59||714500000||535023||0.00075241
01:00||714000000||535023||0.00075241
01:01||712000000||535023||0.00075241
01:02||711750000||535023||0.00075241
01:03||711250000||535023||0.00075241
01:04||710250000||535023||0.00075241
01:05||710250000||535023||0.00075241
01:06||710250000||535715||0.00075241
01:07||711000000||535715||0.00075241
01:08||713020000||535715||0.00075241
01:09||713530000||535715||0.00075241
01:10||713500000||535715||0.00075241
01:11||715499500||535715||0.00075241
01:12||715499500||535715||0.00075241
01:13||715499500||535715||0.00075241
01:14||713749500||535715||0.00075241
01:15||713749500||535715||0.00075241
01:16||713749500||535715||0.00075241
01:17||713999500||535715||0.00075241
01:18||714004000||533465||0.00075241
01:19||714004000||533465||0.00075241
01:20||714004000||533465||0.00075241
01:21||714004000||533465||0.00075241
01:22||714004000||533465||0.00075241
01:23||714004000||533465||0.00075241
01:24||714004000||533465||0.00075241
01:25||712249500||530825||0.00075241
01:26||708750000||530825||0.00075241
01:27||705504500||530825||0.00075241
01:28||705204500||530825||0.00075241
01:29||705114500||530825||0.00075241
01:30||705025500||530607||0.00075241
01:31||704515500||530449||0.00075241
01:32||704005500||530449||0.00075241
01:33||703905500||530449||0.00075241
01:34||703405500||528944||0.00075241
01:35||703405500||528576||0.00075241
01:36||703655500||528576||0.00075241
01:37||706970500||529558||0.00075241
01:38||707500000||529558||0.00075241
01:39||708040000||529558||0.00075241
01:40||708000000||529558||0.00075241
01:41||708000000||529558||0.00075241
01:42||708530000||529558||0.00075241
01:43||708500000||529558||0.00075241
01:44||708500000||529558||0.00075241
01:45||708000000||529558||0.00075241
01:46||708040000||529558||0.00075241
01:47||708040000||531261||0.00075241
01:48||708250000||531261||0.00075241
01:49||708500000||531261||0.00075241
01:50||708500000||531261||0.00075241
01:51||708500000||531261||0.00075241
01:52||708000000||531261||0.00075241
01:53||707499500||531261||0.00075241
01:54||706500000||531261||0.00075241
01:55||706499500||531261||0.00075241
01:56||706499500||531261||0.00075241
01:57||706499500||531261||0.00075241
01:58||706499500||528944||0.00075241
01:59||706499500||528944||0.00075241
02:00||705250000||528944||0.00075241
02:01||705250000||528568||0.00075241
02:02||704000000||526687||0.00075241
02:03||704000500||526687||0.00075241
02:04||704000500||526687||0.00075241
02:05||696354500||522924||0.00075241
02:06||693454500||519162||0.00075241
02:07||694058500||519162||0.00075241
02:08||693002500||519162||0.00075241
02:09||692003000||519162||0.00075241
02:10||692003000||519162||0.00075241
02:11||690004500||519162||0.00075241
02:12||690004500||519162||0.00075241
02:13||690653000||519162||0.00075241
02:14||690004500||519162||0.00075241
02:15||690007500||519174||0.00075241
02:16||690000500||519162||0.00075241
02:17||690000500||519163||0.00075241
02:18||695109500||519177||0.00075241
02:19||695109500||519177||0.00075241
02:20||695110000||519177||0.00075241
02:21||695110000||519177||0.00075241
02:22||695208000||519177||0.00075241
02:23||695304500||519177||0.00075241
02:24||695304000||519177||0.00075241
02:25||696079500||519177||0.00075241
02:26||696079500||520788||0.00075241
02:27||696079500||520788||0.00075241
02:28||696079500||520788||0.00075241
02:29||696165000||520788||0.00075241
02:30||696165000||520788||0.00075241
02:31||696810500||520788||0.00075241
02:32||696810500||520788||0.00075241
02:33||696875000||520788||0.00075241
02:34||696999500||520788||0.00075241
02:35||697586000||523055||0.00075241
02:36||697586000||523055||0.00075241
02:37||697644500||523055||0.00075241
02:38||697644500||523055||0.00075241
02:39||697644500||523055||0.00075241
02:40||696645000||523055||0.00075241
02:41||693659000||523143||0.00075241
02:42||695046500||523143||0.00075241
02:43||693708000||520737||0.00075241
02:44||692708000||520737||0.00075241
02:45||692000000||520737||0.00075241
02:46||691390500||517382||0.00075241
02:47||691390500||517493||0.00075241
02:48||686996000||517493||0.00075241
02:49||687013000||517504||0.00075241
02:50||686339000||516326||0.00075241
02:51||683289000||511639||0.00075241
02:52||686947000||511639||0.00075241
02:53||686109500||511639||0.00075241
02:54||683061500||511639||0.00075241
02:55||681611500||511639||0.00075241
02:56||680510000||511638||0.00075241
02:57||685295000||513168||0.00075241
02:58||685553000||513168||0.00075241
02:59||686426000||513168||0.00075241
03:00||692536000||517504||0.00075241
03:01||692536000||517504||0.00075241
03:02||693566000||517504||0.00075241
03:03||695590000||517504||0.00075241
03:04||695500000||526687||0.00075241
03:05||695590000||526687||0.00075241
03:06||695589000||526687||0.00075241
03:07||695654500||526687||0.00075241
03:08||695654000||520900||0.00075241
03:09||695653500||520900||0.00075241
03:10||695891500||520900||0.00075241
03:11||695891000||520900||0.00075241
03:12||695074500||525182||0.00075241
03:13||695071000||525182||0.00075241
03:14||694495500||525182||0.00075241
03:15||694501500||525182||0.00075241
03:16||694500000||525182||0.00075241
03:17||694692500||525182||0.00075241
03:18||694643500||525182||0.00075241
03:19||694690500||525182||0.00075241
03:20||694830500||525182||0.00075241
03:21||694333000||525182||0.00075241
03:22||692663000||521167||0.00075241
03:23||692658500||521167||0.00075241
03:24||692658500||521167||0.00075241
03:25||690593500||521167||0.00075241
03:26||690593500||521167||0.00075241
03:27||689765500||521167||0.00075241
03:28||689765500||521167||0.00075241
03:29||687488000||521167||0.00075241
03:30||687000000||521167||0.00075241
03:31||687000000||521167||0.00075241
03:32||687000000||521167||0.00075241
03:33||687060000||521167||0.00075241
03:34||688060000||520667||0.00075241
03:35||688500000||520667||0.00075241
03:36||688570000||515506||0.00075241
03:37||689060000||515506||0.00075241
03:38||690500000||515506||0.00075241
03:39||689000000||515506||0.00075241
03:40||689000000||515506||0.00075241
03:41||687500000||516153||0.00075241
03:42||687500000||516153||0.00075241
03:43||684494000||501606||0.00075241
03:44||684494000||501606||0.00075241
03:45||673042500||501606||0.00075241
03:46||671590500||501606||0.00075241
03:47||671590500||501606||0.00075241
03:48||671594500||501795||0.00075241
03:49||671598500||508641||0.00075241
03:50||675506000||508641||0.00075241
03:51||675506000||508641||0.00075241
03:52||675025000||507889||0.00075241
03:53||680008500||507889||0.00075241
03:54||675025500||507889||0.00075241
03:55||672083500||501857||0.00075241
03:56||673598500||509387||0.00075241
03:57||680995500||515400||0.00075241
03:58||681500000||515400||0.00075241
03:59||677500000||504114||0.00075241
04:00||668995000||504114||0.00075241
04:01||669485000||504114||0.00075241
04:02||672534000||505528||0.00075241
04:03||672925500||505528||0.00075241
04:04||678590500||507259||0.00075241
04:05||679565500||507261||0.00075241
04:06||683065500||507261||0.00075241
04:07||683624000||519162||0.00075241
04:08||683499500||510314||0.00075241
04:09||680199500||504415||0.00075241
04:10||673704000||504415||0.00075241
04:11||673704000||504415||0.00075241
04:12||673706000||504415||0.00075241
04:13||677011500||504415||0.00075241
04:14||677016500||504415||0.00075241
04:15||677016500||504415||0.00075241
04:16||683440500||519087||0.00075241
04:17||682994500||519087||0.00075241
04:18||682994500||519087||0.00075241
04:19||682994500||519087||0.00075241
04:20||682500000||519087||0.00075241
04:21||682500000||508621||0.00075241
04:22||679501000||508621||0.00075241
04:23||671233500||505933||0.00075241
04:24||671233500||505933||0.00075241
04:25||672416500||505933||0.00075241
04:26||672862500||505933||0.00075241
04:27||681650000||506610||0.00075241
04:28||681150000||506610||0.00075241
04:29||681150000||507350||0.00075241
04:30||679650000||507350||0.00075241
04:31||679650000||507350||0.00075241
04:32||679650000||507350||0.00075241
04:33||679757500||507350||0.00075241
04:34||679863000||507350||0.00075241
04:35||679863000||507350||0.00075241
04:36||679897500||507350||0.00075241
04:37||680370500||507350||0.00075241
04:38||684506000||507350||0.00075241
04:39||686239000||511035||0.00075241
04:40||687678500||511035||0.00075241
04:41||688903500||515506||0.00075241
04:42||689520000||515506||0.00075241
04:43||691636500||520865||0.00075241
04:44||688135000||520865||0.00075241
04:45||688342500||520865||0.00075241
04:46||691570000||520865||0.00075241
04:47||692569500||520865||0.00075241
04:48||693570000||520865||0.00075241
04:49||693570000||519268||0.00075241
04:50||690417000||519268||0.00075241
04:51||692040000||519268||0.00075241
04:52||689397000||519268||0.00075241
04:53||689396500||519238||0.00075241
04:54||687897000||519238||0.00075241
04:55||687897000||519238||0.00075241
04:56||687897000||519238||0.00075241
04:57||687897000||519238||0.00075241
04:58||686897000||519238||0.00075241
04:59||686897000||519238||0.00075241
05:00||686897000||519238||0.00075241
05:01||688265000||515400||0.00075241
05:02||688289500||519162||0.00075241
05:03||691504000||519162||0.00075241
05:04||692504000||519162||0.00075241
05:05||692504000||519162||0.00075241
05:06||696055000||522924||0.00075241
05:07||696055000||522924||0.00075241
05:08||696055000||522924||0.00075241
05:09||692570000||522924||0.00075241
05:10||692570000||522924||0.00075241
05:11||692570000||522924||0.00075241
05:12||693570000||522924||0.00075241
05:13||696070000||528191||0.00075241
05:14||696610000||528191||0.00075241
05:15||697100000||528191||0.00075241
05:16||697688000||528191||0.00075241
05:17||698080000||528191||0.00075241
05:18||698570000||528191||0.00075241
05:19||698570000||528191||0.00075241
05:20||699060000||528191||0.00075241
05:21||698060000||528191||0.00075241
05:22||697060000||526687||0.00075241
05:23||697060000||526687||0.00075241
05:24||700584000||526687||0.00075241
05:25||700168500||526687||0.00075241
05:26||697654000||526813||0.00075241
05:27||698040000||526813||0.00075241
05:28||698040000||526813||0.00075241
05:29||698530000||526813||0.00075241
05:30||698530000||522924||0.00075241
05:31||694294500||522924||0.00075241
05:32||693894000||522924||0.00075241
05:33||692295500||519163||0.00075241
05:34||692331500||519163||0.00075241
05:35||692119000||519163||0.00075241
05:36||692119000||519163||0.00075241
05:37||691267000||519163||0.00075241
05:38||691267000||519163||0.00075241
05:39||690281000||519163||0.00075241
05:40||690281000||519163||0.00075241
05:41||690257000||519548||0.00075241
05:42||690498500||519548||0.00075241
05:43||690853000||519548||0.00075241
05:44||690851500||519548||0.00075241
05:45||690851500||519548||0.00075241
05:46||691206500||519548||0.00075241
05:47||691207000||519548||0.00075241
05:48||691207500||519548||0.00075241
05:49||693102000||522924||0.00075241
05:50||690598500||520062||0.00075241
05:51||690599500||520062||0.00075241
05:52||690599500||520062||0.00075241
05:53||693097500||520681||0.00075241
05:54||693499500||520681||0.00075241
05:55||694000000||520667||0.00075241
05:56||693440500||523496||0.00075241
05:57||693000000||523496||0.00075241
05:58||693000000||523496||0.00075241
05:59||693000000||523496||0.00075241
06:00||693000000||523496||0.00075241
06:01||692900500||520669||0.00075241
06:02||692002500||520669||0.00075241
06:03||692002500||520669||0.00075241
06:04||691447000||520669||0.00075241
06:05||691449000||520669||0.00075241
06:06||691447500||520669||0.00075241
06:07||691447500||520669||0.00075241
06:08||693466000||520669||0.00075241
06:09||693403500||520669||0.00075241
06:10||693150500||520669||0.00075241
06:11||691958500||519162||0.00075241
06:12||690987500||519162||0.00075241
06:13||690404000||519162||0.00075241
06:14||690404000||519162||0.00075241
06:15||690404000||519162||0.00075241
06:16||690406000||519785||0.00075241
06:17||690407000||519773||0.00075241
06:18||691407000||519773||0.00075241
06:19||693907500||520667||0.00075241
06:20||695493500||520667||0.00075241
06:21||694936500||523586||0.00075241
06:22||694944500||523586||0.00075241
06:23||694944500||523586||0.00075241
06:24||695874000||523581||0.00075241
06:25||695874000||523581||0.00075241
06:26||695874000||523581||0.00075241
06:27||695874000||523581||0.00075241
06:28||695874000||523581||0.00075241
06:29||695874000||523581||0.00075241
06:30||695874000||523581||0.00075241
06:31||695874000||523583||0.00075241
06:32||695873500||523583||0.00075241
06:33||695873500||523583||0.00075241
06:34||695234000||523581||0.00075241
06:35||694820000||523581||0.00075241
06:36||690002500||522385||0.00075241
06:37||690002500||519164||0.00075241
06:38||690002500||519164||0.00075241
06:39||691001500||519165||0.00075241
06:40||691001500||519165||0.00075241
06:41||691001500||519165||0.00075241
06:42||691003500||520669||0.00075241
06:43||691001500||519165||0.00075241
06:44||691002500||519165||0.00075241
06:45||691000000||519162||0.00075241
06:46||693394500||522849||0.00075241
06:47||685664000||522923||0.00075241
06:48||689898000||522923||0.00075241
06:49||689898000||522923||0.00075241
06:50||689898500||522923||0.00075241
06:51||692399000||522923||0.00075241
06:52||692399000||519162||0.00075241
06:53||692399000||519162||0.00075241
06:54||692399000||519162||0.00075241
06:55||692899000||519162||0.00075241
06:56||692900500||522771||0.00075241
06:57||692905000||522771||0.00075241
06:58||694187000||521855||0.00075241
06:59||695788500||522772||0.00075241
07:00||695788500||522772||0.00075241
07:01||695788500||522772||0.00075241
07:02||695788500||522772||0.00075241
07:03||695788500||522772||0.00075241
07:04||695788500||522772||0.00075241
07:05||695788500||522772||0.00075241
07:06||695788500||522772||0.00075241
07:07||695788500||522772||0.00075241
07:08||695783000||522772||0.00075241
07:09||694737000||522772||0.00075241
07:10||694737000||522772||0.00075241
07:11||694738000||523599||0.00075241
07:12||694738000||523599||0.00075241
07:13||694738000||523599||0.00075241
07:14||694738000||523600||0.00075241
07:15||694738000||523600||0.00075241
07:16||694738000||523600||0.00075241
07:17||694738000||523600||0.00075241
07:18||694738000||523600||0.00075241
07:19||694738000||523600||0.00075241
07:20||694738000||523600||0.00075241
07:21||694738000||523600||0.00075241
07:22||694737500||523600||0.00075241
07:23||693454500||523599||0.00075241
07:24||690497500||523599||0.00075241
07:25||690497500||523599||0.00075241
07:26||690497500||523599||0.00075241
07:27||690497500||523599||0.00075241
07:28||690498500||523599||0.00075241
07:29||690501000||523599||0.00075241
07:30||690504000||523599||0.00075241
07:31||690554500||523599||0.00075241
07:32||690557500||523599||0.00075241
07:33||690458500||523229||0.00075241
07:34||690458500||515786||0.00075241
07:35||690166000||515786||0.00075241
07:36||691002500||515786||0.00075241
07:37||691005500||515786||0.00075241
07:38||691005500||517658||0.00075241
07:39||690990000||523267||0.00075241
07:40||691553500||523267||0.00075241
07:41||695000000||523267||0.00075241
07:42||695000000||523267||0.00075241
07:43||695000000||523267||0.00075241
07:44||695001000||523267||0.00075241
07:45||695001000||523301||0.00075241
07:46||694999000||522548||0.00075241
07:47||694999000||522548||0.00075241
07:48||695498500||523299||0.00075241
07:49||695498500||523299||0.00075241
07:50||695498500||523299||0.00075241
07:51||695498500||523299||0.00075241
07:52||695498500||523299||0.00075241
07:53||695498500||523299||0.00075241
07:54||694745500||523299||0.00075241
07:55||691020500||522548||0.00075241
07:56||690512000||522548||0.00075241
07:57||690136500||522548||0.00075241
07:58||689792000||522548||0.00075241
07:59||689535000||522548||0.00075241
08:00||689323000||522548||0.00075241
08:01||689144500||517883||0.00075241
08:02||688300500||517883||0.00075241
08:03||686344000||517883||0.00075241
08:04||682448500||515400||0.00075241
08:05||682499500||511638||0.00075241
08:06||683398000||511638||0.00075241
08:07||682999000||516752||0.00075241
08:08||682499000||515400||0.00075241
08:09||682499000||515400||0.00075241
08:10||680089500||509381||0.00075241
08:11||680084000||508749||0.00075241
08:12||680085500||508749||0.00075241
08:13||681136500||516334||0.00075241
08:14||680635500||516334||0.00075241
08:15||680202000||516334||0.00075241
08:16||680036000||516334||0.00075241
08:17||678833500||508748||0.00075241
08:18||680160500||515053||0.00075241
08:19||677823500||513107||0.00075241
08:20||677333000||512288||0.00075241
08:21||677332500||507243||0.00075241
08:22||677330500||507876||0.00075241
08:23||677323500||507243||0.00075241
08:24||676332000||506037||0.00075241
08:25||676301000||506037||0.00075241
08:26||676297500||506037||0.00075241
08:27||676297500||511668||0.00075241
08:28||676299000||511668||0.00075241
08:29||676801000||511668||0.00075241
08:30||676801000||511668||0.00075241
08:31||676801000||511668||0.00075241
08:32||677302000||511668||0.00075241
08:33||677297500||511662||0.00075241
08:34||676293000||506038||0.00075241
08:35||677999500||506038||0.00075241
08:36||676002500||506038||0.00075241
08:37||674280000||506038||0.00075241
08:38||674278000||506037||0.00075241
08:39||674279000||506037||0.00075241
08:40||675501500||506038||0.00075241
08:41||675002500||507879||0.00075241
08:42||673777500||507876||0.00075241
08:43||676297000||511668||0.00075241
08:44||676298000||511668||0.00075241
08:45||676298000||511668||0.00075241
08:46||680037500||511665||0.00075241
08:47||676204500||511665||0.00075241
08:48||675649000||506037||0.00075241
08:49||673776500||506037||0.00075241
08:50||673776500||506037||0.00075241
08:51||673004500||508629||0.00075241
08:52||675993500||508629||0.00075241
08:53||673079500||504234||0.00075241
08:54||673080500||508627||0.00075241
08:55||674582000||508627||0.00075241
08:56||674582500||506499||0.00075241
08:57||675997000||508626||0.00075241
08:58||675997000||508626||0.00075241
08:59||675997000||508626||0.00075241
09:00||675996500||508626||0.00075241
09:01||674997500||508626||0.00075241
09:02||674998000||508626||0.00075241
09:03||672754000||504116||0.00075241
09:04||672752500||504116||0.00075241
09:05||672774000||508255||0.00075241
09:06||673026500||508625||0.00075241
09:07||673078500||508629||0.00075241
09:08||677726500||508629||0.00075241
09:09||677723500||508629||0.00075241
09:10||677723500||508629||0.00075241
09:11||677718000||508629||0.00075241
09:12||677718000||508629||0.00075241
09:13||677503500||508629||0.00075241
09:14||676499000||508629||0.00075241
09:15||676499000||508629||0.00075241
09:16||674786000||510897||0.00075241
09:17||678999500||510897||0.00075241
09:18||678999500||504980||0.00075241
09:19||675075000||510875||0.00075241
09:20||675075000||510875||0.00075241
09:21||675084500||510875||0.00075241
09:22||675487500||510871||0.00075241
09:23||675488500||510867||0.00075241
09:24||675299500||510867||0.00075241
09:25||675035000||505695||0.00075241
09:26||674258000||505695||0.00075241
09:27||673497500||505695||0.00075241
09:28||673497000||508249||0.00075241
09:29||677144000||508250||0.00075241
09:30||673495500||505246||0.00075241
09:31||673453000||505245||0.00075241
09:32||673156500||505245||0.00075241
09:33||672902000||505245||0.00075241
09:34||672661500||505247||0.00075241
09:35||672462000||506718||0.00075241
09:36||672226000||505092||0.00075241
09:37||672040000||504981||0.00075241
09:38||671155500||504329||0.00075241
09:39||671155500||504329||0.00075241
09:40||671137000||504329||0.00075241
09:41||670835000||504115||0.00075241
09:42||670717500||504114||0.00075241
09:43||670577500||504114||0.00075241
09:44||670629500||504114||0.00075241
09:45||670516500||504114||0.00075241
09:46||670432000||504114||0.00075241
09:47||670628500||504114||0.00075241
09:48||670551500||504114||0.00075241
09:49||670226000||504114||0.00075241
09:50||670194500||504114||0.00075241
09:51||667781000||500766||0.00075241
09:52||667691000||500804||0.00075241
09:53||667681500||504122||0.00075241
09:54||667681500||504122||0.00075241
09:55||667680500||504122||0.00075241
09:56||667681000||504122||0.00075241
09:57||667676500||504120||0.00075241
09:58||667405500||503836||0.00075241
09:59||666426500||503836||0.00075241
10:00||667549000||502233||0.00075241
10:01||667642500||502233||0.00075241
10:02||667693500||504120||0.00075241
10:03||667693500||504120||0.00075241
10:04||667693500||504120||0.00075241
10:05||667754000||504119||0.00075241
10:06||667754000||504119||0.00075241
10:07||668003500||504119||0.00075241
10:08||668003500||501105||0.00075241
10:09||667965500||504119||0.00075241
10:10||667965500||504059||0.00075241
10:11||667886500||503999||0.00075241
10:12||667886500||503999||0.00075241
10:13||667564500||501108||0.00075241
10:14||667245500||501108||0.00075241
10:15||667029500||501108||0.00075241
10:16||665450500||501061||0.00075241
10:17||662420500||500352||0.00075241
10:18||661976500||500028||0.00075241
10:19||661250500||500028||0.00075241
10:20||662450000||500028||0.00075241
10:21||661127000||498285||0.00075241
10:22||660952000||498285||0.00075241
10:23||660517000||498470||0.00075241
10:24||657416000||496590||0.00075241
10:25||655002500||492832||0.00075241
10:26||655000500||497087||0.00075241
10:27||658023500||497087||0.00075241
10:28||656697500||491323||0.00075241
10:29||653943000||492800||0.00075241
10:30||653000500||491324||0.00075241
10:31||652501000||491323||0.00075241
10:32||652326500||491323||0.00075241
10:33||651330500||490571||0.00075241
10:34||650825000||489066||0.00075241
10:35||645820500||482777||0.00075241
10:36||646250000||489555||0.00075241
10:37||646826000||489555||0.00075241
10:38||646826000||487162||0.00075241
10:39||646726000||489555||0.00075241
10:40||646575000||489066||0.00075241
10:41||644906000||489066||0.00075241
10:42||644352500||485755||0.00075241
10:43||643704000||484330||0.00075241
10:44||642674000||482777||0.00075241
10:45||642674000||482778||0.00075241
10:46||642670500||482778||0.00075241
10:47||642535500||482778||0.00075241
10:48||642320500||482778||0.00075241
10:49||642320500||482778||0.00075241
10:50||643215000||484123||0.00075241
10:51||642320500||483799||0.00075241
10:52||642322500||483799||0.00075241
10:53||642322500||483799||0.00075241
10:54||641822500||485755||0.00075241
10:55||643621500||485755||0.00075241
10:56||643322000||485755||0.00075241
10:57||641645500||482780||0.00075241
10:58||641645500||482780||0.00075241
10:59||641645500||482780||0.00075241
11:00||643872500||486132||0.00075241
11:01||641642000||482780||0.00075241
11:02||641643000||482780||0.00075241
11:03||641643000||482780||0.00075241
11:04||640806000||482780||0.00075241
11:05||640806000||482755||0.00075241
11:06||638356000||480941||0.00075241
11:07||635808000||482755||0.00075241
11:08||634901000||474021||0.00075241
11:09||635823500||474019||0.00075241
11:10||632124000||470520||0.00075241
11:11||632356500||475899||0.00075241
11:12||632362500||477565||0.00075241
11:13||635000000||474018||0.00075241
11:14||636323000||474018||0.00075241
11:15||643000000||486056||0.00075241
11:16||643500000||483799||0.00075241
11:17||643000000||486056||0.00075241
11:18||638080000||485304||0.00075241
11:19||641000000||474884||0.00075241
11:20||642400000||481542||0.00075241
11:21||638400000||481542||0.00075241
11:22||638325000||485041||0.00075241
11:23||638149000||484849||0.00075241
11:24||638099500||475523||0.00075241
11:25||638198000||475523||0.00075241
11:26||644056000||485304||0.00075241
11:27||643501000||485304||0.00075241
11:28||643501000||485304||0.00075241
11:29||644499500||485304||0.00075241
11:30||644500500||485303||0.00075241
11:31||644499500||485303||0.00075241
11:32||645054000||486139||0.00075241
11:33||645052500||486137||0.00075241
11:34||645052500||486137||0.00075241
11:35||645052500||484552||0.00075241
11:36||645052500||484552||0.00075241
11:37||645052500||484552||0.00075241
11:38||645052500||484552||0.00075241
11:39||646999000||489066||0.00075241
11:40||647000000||489066||0.00075241
11:41||648240000||491061||0.00075241
11:42||649211000||490712||0.00075241
11:43||650847500||490369||0.00075241
11:44||650794000||489066||0.00075241
11:45||648432500||490158||0.00075241
11:46||648267500||489711||0.00075241
11:47||649406500||489631||0.00075241
11:48||647000000||489247||0.00075241
11:49||646939000||489247||0.00075241
11:50||648591000||490381||0.00075241
11:51||648200500||489770||0.00075241
11:52||647905500||489770||0.00075241
11:53||648582000||488994||0.00075241
11:54||648582000||488813||0.00075241
11:55||648582000||488813||0.00075241
11:56||648582000||487185||0.00075241
11:57||648955000||486056||0.00075241
11:58||648721500||486056||0.00075241
11:59||649258000||491060||0.00075241
12:00||649002000||490760||0.00075241
12:01||648708000||490481||0.00075241
12:02||652861000||496590||0.00075241
12:03||657279000||496590||0.00075241
12:04||657279000||496300||0.00075241
12:05||655609500||493750||0.00075241
12:06||655242500||493197||0.00075241
12:07||654664000||493118||0.00075241
12:08||654545000||492896||0.00075241
12:09||651999000||492075||0.00075241
12:10||651732000||492075||0.00075241
12:11||649345500||491076||0.00075241
12:12||647259500||491076||0.00075241
12:13||647480500||491076||0.00075241
12:14||647480500||491076||0.00075241
12:15||647521000||491076||0.00075241
12:16||646811500||488268||0.00075241
12:17||646797500||488268||0.00075241
12:18||646725000||486133||0.00075241
12:19||646626000||486133||0.00075241
12:20||645419000||484552||0.00075241
12:21||644355000||483957||0.00075241
12:22||644331000||483957||0.00075241
12:23||644331000||483957||0.00075241
12:24||644331000||483957||0.00075241
12:25||644256000||485679||0.00075241
12:26||644332500||485644||0.00075241
12:27||644236000||485498||0.00075241
12:28||644236000||485498||0.00075241
12:29||644138000||485351||0.00075241
12:30||641914000||480799||0.00075241
12:31||641817000||480799||0.00075241
12:32||641649500||480799||0.00075241
12:33||642058500||485673||0.00075241
12:34||642123000||485475||0.00075241
12:35||642123500||485475||0.00075241
12:36||642124000||485475||0.00075241
12:37||642124000||485475||0.00075241
12:38||642124000||485475||0.00075241
12:39||642062000||485475||0.00075241
12:40||642450500||485229||0.00075241
12:41||641960500||484491||0.00075241
12:42||640001500||484491||0.00075241
12:43||641472500||481542||0.00075241
12:44||640000500||481542||0.00075241
12:45||640000500||481543||0.00075241
12:46||639393500||481367||0.00075241
12:47||639393500||480805||0.00075241
12:48||639393500||481367||0.00075241
12:49||639394000||481367||0.00075241
12:50||637283000||474093||0.00075241
12:51||632932500||478443||0.00075241
12:52||632991000||478443||0.00075241
12:53||632925500||478443||0.00075241
12:54||632869500||474095||0.00075241
12:55||632870000||474095||0.00075241
12:56||632351500||474095||0.00075241
12:57||632352000||477479||0.00075241
12:58||632400500||477479||0.00075241
12:59||632401500||477479||0.00075241
13:00||633090500||475824||0.00075241
13:01||636695000||478443||0.00075241
13:02||636696000||478443||0.00075241
13:03||639634500||481166||0.00075241
13:04||640471500||482626||0.00075241
13:05||640471500||482626||0.00075241
13:06||640471500||482626||0.00075241
13:07||642117000||485475||0.00075241
13:08||644503500||487180||0.00075241
13:09||649980500||492798||0.00075241
13:10||649976500||492797||0.00075241
13:11||654999500||496589||0.00075241
13:12||654951000||496589||0.00075241
13:13||655251000||496966||0.00075241
13:14||657498500||500345||0.00075241
13:15||657250000||499976||0.00075241
13:16||657703000||499938||0.00075241
13:17||660338500||503865||0.00075241
13:18||669668500||503865||0.00075241
13:19||672328500||503865||0.00075241
13:20||674873500||507781||0.00075241
13:21||673000500||506371||0.00075241
13:22||673000500||506372||0.00075241
13:23||671301000||506371||0.00075241
13:24||671434000||506271||0.00075241
13:25||671241500||504115||0.00075241
13:26||670001500||504115||0.00075241
13:27||670001500||504115||0.00075241
13:28||668825000||502346||0.00075241
13:29||667625000||500540||0.00075241
13:30||667625000||504113||0.00075241
13:31||667574500||504113||0.00075241
13:32||666549500||504113||0.00075241
13:33||665618000||501094||0.00075241
13:34||667576500||501094||0.00075241
13:35||665350500||503900||0.00075241
13:36||665350500||503900||0.00075241
13:37||663994000||500342||0.00075241
13:38||663994000||500342||0.00075241
13:39||663735500||500342||0.00075241
13:40||663735500||500342||0.00075241
13:41||663990000||499585||0.00075241
13:42||665451000||499585||0.00075241
13:43||665401500||499585||0.00075241
13:44||664245500||498848||0.00075241
13:45||661753000||498848||0.00075241
13:46||661777500||498847||0.00075241
13:47||661777000||498847||0.00075241
13:48||661657500||498847||0.00075241
13:49||661467000||498847||0.00075241
13:50||661467000||498376||0.00075241
13:51||660770000||498376||0.00075241
13:52||661184500||497327||0.00075241
13:53||661465000||497327||0.00075241
13:54||661465000||498373||0.00075241
13:55||663788000||502609||0.00075241
13:56||666558500||501869||0.00075241
13:57||664998500||496591||0.00075241
13:58||663061000||496591||0.00075241
13:59||663061000||496591||0.00075241
14:00||663055000||496591||0.00075241
14:01||663188500||496683||0.00075241
14:02||665554000||501186||0.00075241
14:03||665554000||501186||0.00075241
14:04||665555000||500352||0.00075241
14:05||665560000||501195||0.00075241
14:06||663061500||501195||0.00075241
14:07||663061500||501195||0.00075241
14:08||663122500||501195||0.00075241
14:09||665560000||496940||0.00075241
14:10||665560000||501195||0.00075241
14:11||667499000||501195||0.00075241
14:12||667494500||504107||0.00075241
14:13||667495500||500353||0.00075241
14:14||667495500||500353||0.00075241
14:15||667495500||500353||0.00075241
14:16||665005500||500353||0.00075241
14:17||667596500||504107||0.00075241
14:18||668699500||504038||0.00075241
14:19||668699500||500375||0.00075241
14:20||668699500||500375||0.00075241
14:21||668698000||504037||0.00075241
14:22||668698000||504037||0.00075241
14:23||668698000||504037||0.00075241
14:24||668698000||502233||0.00075241
14:25||668698000||504036||0.00075241
14:26||668696500||504036||0.00075241
14:27||668696500||504032||0.00075241
14:28||667502500||500353||0.00075241
14:29||667502500||502235||0.00075241
14:30||668695000||502235||0.00075241
14:31||668695000||502235||0.00075241
14:32||667728500||502233||0.00075241
14:33||668532000||504031||0.00075241
14:34||668944000||504031||0.00075241
14:35||668945000||502609||0.00075241
14:36||668902500||500540||0.00075241
14:37||668902500||500540||0.00075241
14:38||668901000||503288||0.00075241
14:39||668901000||503287||0.00075241
14:40||665188000||503287||0.00075241
14:41||668897500||503287||0.00075241
14:42||665185500||503289||0.00075241
14:43||665615500||503289||0.00075241
14:44||666685500||504114||0.00075241
14:45||669022000||503283||0.00075241
14:46||672945000||506371||0.00075241
14:47||670520500||506371||0.00075241
14:48||670522000||506371||0.00075241
14:49||671074500||506371||0.00075241
14:50||674000000||507875||0.00075241
14:51||674998500||507875||0.00075241
14:52||675050000||507951||0.00075241
14:53||675050000||507951||0.00075241
14:54||675680000||508900||0.00075241
14:55||675680000||508900||0.00075241
14:56||676410000||508900||0.00075241
14:57||676410000||508900||0.00075241
14:58||676410000||508900||0.00075241
14:59||678415500||510894||0.00075241
15:00||679001500||510892||0.00075241
15:01||679001500||511638||0.00075241
15:02||679495000||511638||0.00075241
15:03||679495500||511638||0.00075241
15:04||680501000||511638||0.00075241
15:05||681456000||513077||0.00075241
15:06||682177000||513474||0.00075241
15:07||686221000||513479||0.00075241
15:08||686118000||513479||0.00075241
15:09||682448500||513481||0.00075241
15:10||685723000||513481||0.00075241
15:11||685221000||513481||0.00075241
15:12||684722000||513481||0.00075241
15:13||684722000||513481||0.00075241
15:14||684722000||513481||0.00075241
15:15||684721000||513477||0.00075241
15:16||682992000||510875||0.00075241
15:17||679014500||510875||0.00075241
15:18||679014500||510875||0.00075241
15:19||679014500||510875||0.00075241
15:20||679014500||510897||0.00075241
15:21||679014500||510897||0.00075241
15:22||679006000||510896||0.00075241
15:23||678409000||510886||0.00075241
15:24||678409500||510884||0.00075241
15:25||678409500||510884||0.00075241
15:26||678473500||510884||0.00075241
15:27||678474000||510884||0.00075241
15:28||678474500||510884||0.00075241
15:29||676997500||507876||0.00075241
15:30||677008500||510881||0.00075241
15:31||676487000||510881||0.00075241
15:32||676986000||510897||0.00075241
15:33||676500000||510897||0.00075241
15:34||676995500||510897||0.00075241
15:35||676995500||510897||0.00075241
15:36||678027500||510897||0.00075241
15:37||681500000||511638||0.00075241
15:38||682499500||515400||0.00075241
15:39||684999500||515400||0.00075241
15:40||684999500||515400||0.00075241
15:41||685500000||515400||0.00075241
15:42||686499000||516153||0.00075241
15:43||686499000||516904||0.00075241
15:44||686499500||516904||0.00075241
15:45||686499000||516153||0.00075241
15:46||686500500||516905||0.00075241
15:47||686501000||516905||0.00075241
15:48||686501000||516905||0.00075241
15:49||686501000||516905||0.00075241
15:50||686501000||516905||0.00075241
15:51||686500000||516154||0.00075241
15:52||686501000||516905||0.00075241
15:53||686500500||516905||0.00075241
15:54||686501000||516154||0.00075241
15:55||686501000||516905||0.00075241
15:56||686500500||516905||0.00075241
15:57||686500500||516905||0.00075241
15:58||686500500||516905||0.00075241
15:59||686501500||516905||0.00075241
16:00||686503000||518409||0.00075241
16:01||687505500||518409||0.00075241
16:02||687544500||518409||0.00075241
16:03||687543500||518409||0.00075241
16:04||686090000||516221||0.00075241
16:05||686090500||516220||0.00075241
16:06||687544500||518407||0.00075241
16:07||687545500||518407||0.00075241
16:08||687545500||518407||0.00075241
16:09||687548000||518407||0.00075241
16:10||687548500||518407||0.00075241
16:11||687547500||518407||0.00075241
16:12||687545500||516228||0.00075241
16:13||687545000||516228||0.00075241
16:14||687546500||516233||0.00075241
16:15||686100500||516228||0.00075241
16:16||683046000||515400||0.00075241
16:17||683550000||515400||0.00075241
16:18||683550000||515400||0.00075241
16:19||683550000||515400||0.00075241
16:20||683550000||512391||0.00075241
16:21||683500000||512391||0.00075241
16:22||683000000||511638||0.00075241
16:23||683000000||511638||0.00075241
16:24||683000000||511638||0.00075241
16:25||683000500||511638||0.00075241
16:26||682500000||511638||0.00075241
16:27||682500500||511638||0.00075241
16:28||682250500||511639||0.00075241
16:29||682500500||511639||0.00075241
16:30||681250500||511639||0.00075241
16:31||681720000||513519||0.00075241
16:32||681720000||512346||0.00075241
16:33||682970000||512346||0.00075241
16:34||681470000||512346||0.00075241
16:35||681470000||513143||0.00075241
16:36||682970000||515400||0.00075241
16:37||682970000||515400||0.00075241
16:38||682970000||515400||0.00075241
16:39||682970000||515400||0.00075241
16:41||683010500||515400||0.00075241
16:42||683500000||512466||0.00075241
16:43||685000000||512466||0.00075241
16:44||685998500||514648||0.00075241
16:45||682574000||512504||0.00075241
16:46||684573000||512504||0.00075241
16:47||682861500||512504||0.00075241
16:48||682860500||512504||0.00075241
16:49||683285000||512504||0.00075241
16:50||684749000||517582||0.00075241
16:51||686099000||517582||0.00075241
16:52||685849000||517582||0.00075241
16:53||685849500||516904||0.00075241
16:54||685848000||516904||0.00075241
16:55||685997500||515175||0.00075241
16:56||686251000||515175||0.00075241
16:57||686302000||515175||0.00075241
16:58||686302000||515175||0.00075241
16:59||686099500||515175||0.00075241
17:00||686482000||517658||0.00075241
17:01||686827000||515512||0.00075241
17:02||686971000||517658||0.00075241
17:03||686972000||516109||0.00075241
17:04||687468000||518402||0.00075241
17:05||688995000||518402||0.00075241
17:06||687973000||516111||0.00075241
17:07||687970500||516111||0.00075241
17:08||687969000||516111||0.00075241
17:09||689995500||519156||0.00075241
17:10||689499000||519156||0.00075241
17:11||687971500||516111||0.00075241
17:12||687971500||516111||0.00075241
17:13||687972000||519161||0.00075241
17:14||687999000||519161||0.00075241
17:15||687999000||519161||0.00075241
17:16||687998000||519161||0.00075241
17:17||687998500||519161||0.00075241
17:18||687968500||519161||0.00075241
17:19||687923500||519161||0.00075241
17:20||685001500||516111||0.00075241
17:21||685320000||515175||0.00075241
17:22||685320000||515175||0.00075241
17:23||685941000||516108||0.00075241
17:24||685941000||516108||0.00075241
17:25||685320000||515175||0.00075241
17:26||685320500||515175||0.00075241
17:27||685320500||515175||0.00075241
17:28||685319500||515175||0.00075241
17:29||683544000||512504||0.00075241
17:30||683544000||512504||0.00075241
17:31||683544000||512504||0.00075241
17:32||683544000||512504||0.00075241
17:33||683016500||513320||0.00075241
17:34||682474000||514081||0.00075241
17:35||682500500||514497||0.00075241
17:36||683516500||514072||0.00075241
17:37||682500500||512504||0.00075241
17:38||682500500||512543||0.00075241
17:39||682500500||512543||0.00075241
17:40||682500500||512543||0.00075241
17:41||683162000||512543||0.00075241
17:42||683407000||512543||0.00075241
17:43||683407000||513908||0.00075241
17:44||683405500||513908||0.00075241
17:45||683404000||513908||0.00075241
17:46||683405000||514493||0.00075241
17:47||683405500||514494||0.00075241
17:48||683405500||513908||0.00075241
17:49||683405500||513908||0.00075241
17:50||683405500||513908||0.00075241
17:51||683405500||513908||0.00075241
17:52||683747500||514422||0.00075241
17:53||683747500||514494||0.00075241
17:54||683747500||514494||0.00075241
17:55||683747500||514494||0.00075241
17:56||683747500||514494||0.00075241
17:57||681286000||510718||0.00075241
17:58||680888500||510718||0.00075241
17:59||680888500||510718||0.00075241
18:00||676888500||507876||0.00075241
18:01||676888500||507876||0.00075241
18:02||676888500||507876||0.00075241
18:03||676888500||507876||0.00075241
18:04||676888500||507876||0.00075241
18:05||676888500||507876||0.00075241
18:06||678950000||513820||0.00075241
18:07||678950000||513820||0.00075241
18:08||678950000||513820||0.00075241
18:09||678950000||513820||0.00075241
18:10||678950000||513820||0.00075241
18:11||678050000||511638||0.00075241
18:12||678089000||511638||0.00075241
18:13||678617000||511638||0.00075241
18:14||677550000||509557||0.00075241
18:15||678530000||509426||0.00075241
18:16||678530000||509426||0.00075241
18:17||678530000||509426||0.00075241
18:18||681556500||511638||0.00075241
18:19||681556500||511723||0.00075241
18:20||682907500||513896||0.00075241
18:21||683794500||513539||0.00075241
18:22||683794500||513539||0.00075241
18:23||683794500||514494||0.00075241
18:24||683794500||514494||0.00075241
18:25||683794500||514493||0.00075241
18:26||683794500||514493||0.00075241
18:27||684397000||515400||0.00075241
18:28||684444500||515400||0.00075241
18:29||684444500||515400||0.00075241
18:30||684500000||515400||0.00075241
18:31||684510000||514663||0.00075241
18:32||684525000||514663||0.00075241
18:33||685503000||515415||0.00075241
18:34||686739500||516106||0.00075241
18:35||686838500||517281||0.00075241
18:36||685768500||517281||0.00075241
18:37||687400500||517281||0.00075241
18:38||685718500||517281||0.00075241
18:39||687399500||517281||0.00075241
18:40||688573500||517658||0.00075241
18:41||688996500||517658||0.00075241
18:42||689228500||518408||0.00075241
18:43||689228500||518408||0.00075241
18:44||692043000||519162||0.00075241
18:45||692542000||522923||0.00075241
18:46||692493000||522923||0.00075241
18:47||693751000||521797||0.00075241
18:48||685998500||516153||0.00075241
18:49||685997500||516151||0.00075241
18:50||685997500||516151||0.00075241
18:51||685997500||516151||0.00075241
18:52||685992500||516151||0.00075241
18:53||688038500||516153||0.00075241
18:54||688039500||516153||0.00075241
18:55||688039000||516153||0.00075241
18:56||688044000||519236||0.00075241
18:57||688049000||519236||0.00075241
18:58||688092000||519236||0.00075241
18:59||688142500||516293||0.00075241
19:00||688149500||519236||0.00075241
19:01||688174000||519236||0.00075241
19:02||688549000||519236||0.00075241
19:03||689940500||519236||0.00075241
19:04||689941500||519236||0.00075241
19:05||689456500||516342||0.00075241
19:06||688954000||520410||0.00075241
19:07||688376000||520410||0.00075241
19:08||690249000||516341||0.00075241
19:09||688274000||516342||0.00075241
19:10||688261500||516341||0.00075241
19:11||686874000||516341||0.00075241
19:12||687125500||517660||0.00075241
19:13||688264500||517660||0.00075241
19:14||688599500||517660||0.00075241
19:15||688599500||516906||0.00075241
19:16||688499500||516906||0.00075241
19:17||688249500||516906||0.00075241
19:18||687199000||516303||0.00075241
19:19||687199000||516303||0.00075241
19:20||688199000||517807||0.00075241
19:21||687200500||517808||0.00075241
19:22||687200500||517808||0.00075241
19:23||688155500||517808||0.00075241
19:24||690099500||519237||0.00075241
19:25||690099500||519237||0.00075241
19:26||690099500||519237||0.00075241
19:27||685503500||515407||0.00075241
19:28||678534000||511638||0.00075241
19:29||678534500||511638||0.00075241
19:30||678529000||511638||0.00075241
19:31||677499500||509426||0.00075241
19:32||677999000||509757||0.00075241
19:33||681664000||516151||0.00075241
19:34||682522500||510921||0.00075241
19:35||682329000||510921||0.00075241
19:36||681884500||510915||0.00075241
19:37||678892500||510915||0.00075241
19:38||678892500||510915||0.00075241
19:39||678892500||510915||0.00075241
19:40||678892500||510915||0.00075241
19:41||678892500||510915||0.00075241
19:42||678892500||510915||0.00075241
19:43||678892500||510915||0.00075241
19:44||678892500||510915||0.00075241
19:45||678892500||510915||0.00075241
19:46||678892500||510915||0.00075241
19:47||678892500||510915||0.00075241
19:48||678892500||510915||0.00075241
19:49||678892500||510915||0.00075241
19:50||678892500||510915||0.00075241
19:51||678194000||510802||0.00075241
19:52||676255500||507878||0.00075241
19:53||676260000||509770||0.00075241
19:54||682086000||510802||0.00075241
19:55||680703500||509764||0.00075241
19:56||679944500||508629||0.00075241
19:57||679600500||508629||0.00075241
19:58||679500500||508629||0.00075241
19:59||679500500||508629||0.00075241
20:00||679431000||508629||0.00075241
20:01||679946000||508629||0.00075241
20:02||656953500||507801||0.00075241
20:03||657007500||507801||0.00075241
20:04||657505500||507801||0.00075241
20:05||659505500||505627||0.00075241
20:06||660500000||505627||0.00075241
20:07||660499500||505627||0.00075241
20:08||660990000||505627||0.00075241
20:09||660990000||505627||0.00075241
20:10||663817000||505604||0.00075241
20:11||663812500||505604||0.00075241
20:12||663985000||505596||0.00075241
20:13||665980000||505596||0.00075241
20:14||666005000||505596||0.00075241
20:15||666005000||505589||0.00075241
20:16||666108500||505587||0.00075241
20:17||666275000||505587||0.00075241
20:18||666075500||505587||0.00075241
20:19||666080000||497457||0.00075241
20:20||666495000||497457||0.00075241
20:21||667596000||505011||0.00075241
20:22||671296500||505167||0.00075241
20:23||671699500||505619||0.00075241
20:24||672586500||507124||0.00075241
20:25||672536500||507124||0.00075241
20:26||672536500||507124||0.00075241
20:27||672447000||507124||0.00075241
20:28||672449500||507048||0.00075241
20:29||669491500||504855||0.00075241
20:30||669491500||502611||0.00075241
20:31||666999000||502609||0.00075241
20:32||666498500||502609||0.00075241
20:33||661580500||498095||0.00075241
20:34||664080500||501481||0.00075241
20:35||664081000||501481||0.00075241
20:36||664081000||501481||0.00075241
20:37||664081000||501481||0.00075241
20:38||664081000||501481||0.00075241
20:39||664081000||501481||0.00075241
20:40||664100000||501481||0.00075241
20:41||664100500||501481||0.00075241
20:42||669504500||502609||0.00075241
20:43||666402000||502609||0.00075241
20:44||666402500||502609||0.00075241
20:45||666435000||504882||0.00075241
20:46||666435500||504882||0.00075241
20:47||665925500||504882||0.00075241
20:48||666000000||504114||0.00075241
20:49||665995500||504114||0.00075241
20:50||665997500||504114||0.00075241
20:51||665503000||498099||0.00075241
20:52||665503000||498099||0.00075241
20:53||665531500||498099||0.00075241
20:54||668270000||504882||0.00075241
20:55||669991500||504102||0.00075241
20:56||669998500||504113||0.00075241
20:57||669991500||504113||0.00075241
20:58||670025500||504113||0.00075241
20:59||670061500||504113||0.00075241
21:00||670501000||504829||0.00075241
21:01||671012500||504829||0.00075241
21:02||670510500||504114||0.00075241
21:03||670995000||505611||0.00075241
21:04||670995000||505611||0.00075241
21:05||670995000||505611||0.00075241
21:06||670995000||505611||0.00075241
21:07||670994500||505611||0.00075241
21:08||670642000||505611||0.00075241
21:09||670642000||504114||0.00075241
21:10||670611000||504114||0.00075241
21:11||670550000||504114||0.00075241
21:12||667036500||499648||0.00075241
21:13||667040500||504127||0.00075241
21:14||661005000||496590||0.00075241
21:15||658330500||500360||0.00075241
21:16||658526000||500360||0.00075241
21:17||657526000||500360||0.00075241
21:18||657325500||490308||0.00075241
21:19||655000000||491323||0.00075241
21:20||656499500||491323||0.00075241
21:21||653325500||491323||0.00075241
21:22||654575500||492828||0.00075241
21:23||654725500||494709||0.00075241
21:24||654625500||494709||0.00075241
21:25||654700500||494709||0.00075241
21:26||654500500||494709||0.00075241
21:27||654500500||494333||0.00075241
21:28||654500500||494333||0.00075241
21:29||654501500||494333||0.00075241
21:30||656000500||496589||0.00075241
21:31||656002500||496589||0.00075241
21:32||656002500||496589||0.00075241
21:33||656074000||496589||0.00075241
21:34||656002500||496589||0.00075241
21:35||655599000||495836||0.00075241
21:36||655531000||495836||0.00075241
21:37||655531000||495836||0.00075241
21:38||655595000||490721||0.00075241
21:39||655550000||490721||0.00075241
21:40||655550000||490721||0.00075241
21:41||655525500||490684||0.00075241
21:42||655525500||490684||0.00075241
21:43||656099500||495762||0.00075241
21:44||656495500||495762||0.00075241
21:45||656499500||496589||0.00075241
21:46||658487000||499524||0.00075241
21:47||659484000||499524||0.00075241
21:48||659489000||499524||0.00075241
21:49||659442000||499524||0.00075241
21:50||659483500||499524||0.00075241
21:51||659750000||499524||0.00075241
21:52||659000000||499524||0.00075241
21:53||659000000||499524||0.00075241
21:54||659003500||499524||0.00075241
21:55||659004000||499524||0.00075241
21:56||659004000||499524||0.00075241
21:57||661000000||499524||0.00075241
21:58||659004000||499524||0.00075241
21:59||659004000||498095||0.00075241
22:00||659004000||498095||0.00075241
22:01||659009000||498095||0.00075241
22:02||659459000||498772||0.00075241
22:03||660449500||498772||0.00075241
22:04||659500000||498772||0.00075241
22:05||659500000||498772||0.00075241
22:06||659500000||498772||0.00075241
22:07||659500000||498772||0.00075241
22:08||659500000||498772||0.00075241
22:09||659500000||498772||0.00075241
22:10||659470000||498772||0.00075241
22:11||659470000||498772||0.00075241
22:12||659470000||498772||0.00075241
22:13||658643000||498772||0.00075241
22:14||658656000||498772||0.00075241
22:15||658525000||498772||0.00075241
22:16||658525000||495860||0.00075241
22:17||658525000||495860||0.00075241
22:18||657534000||493594||0.00075241
22:19||657469000||495881||0.00075241
22:20||657469000||495881||0.00075241
22:21||659211000||495881||0.00075241
22:22||659211500||495881||0.00075241
22:23||659208500||490947||0.00075241
22:24||655008500||490947||0.00075241
22:25||654960000||490947||0.00075241
22:26||654987000||490955||0.00075241
22:27||654986500||490955||0.00075241
22:28||651733000||486059||0.00075241
22:29||651732500||494681||0.00075241
22:30||651001500||494681||0.00075241
22:31||650996500||494681||0.00075241
22:32||651020000||494681||0.00075241
22:33||650920500||493423||0.00075241
22:34||651070000||493423||0.00075241
22:35||650975000||493423||0.00075241
22:36||648578500||493423||0.00075241
22:37||648450500||486057||0.00075241
22:38||648000500||486057||0.00075241
22:39||648000500||486057||0.00075241
22:40||648000500||486057||0.00075241
22:41||648000500||489066||0.00075241
22:42||648259500||489525||0.00075241
22:43||650087500||489525||0.00075241
22:44||648096000||486056||0.00075241
22:45||647999500||486056||0.00075241
22:46||647999000||489065||0.00075241
22:47||648010000||489081||0.00075241
22:48||648010000||489081||0.00075241
22:49||650485500||489081||0.00075241
22:50||647813500||489053||0.00075241
22:51||647679000||488583||0.00075241
22:52||647642500||488583||0.00075241
22:53||646744000||488527||0.00075241
22:54||645597500||485338||0.00075241
22:55||644358000||485338||0.00075241
22:56||647261000||489788||0.00075241
22:57||647903500||484331||0.00075241
22:58||647906000||484331||0.00075241
22:59||647906000||489679||0.00075241
23:00||648402500||485302||0.00075241
23:01||648406000||485302||0.00075241
23:02||644774500||486044||0.00075241
23:03||645354500||486044||0.00075241
23:04||646498000||486049||0.00075241
23:05||646498000||486049||0.00075241
23:06||646999000||486049||0.00075241
23:07||647999500||486049||0.00075241
23:08||647959500||486049||0.00075241
23:09||647495000||486049||0.00075241
23:10||646975000||486049||0.00075241
23:11||644750000||486049||0.00075241
23:12||642664000||484331||0.00075241
23:13||642664000||484331||0.00075241
23:14||642664000||482796||0.00075241
23:15||641644500||482796||0.00075241
23:16||641644500||482779||0.00075241
23:17||642313500||482780||0.00075241
23:18||641644500||483786||0.00075241
23:19||641644500||483786||0.00075241
23:20||641644500||483786||0.00075241
23:21||642074500||483427||0.00075241
23:22||642074500||483427||0.00075241
23:23||642492500||483426||0.00075241
23:24||642490500||483406||0.00075241
23:25||644149000||483436||0.00075241
23:26||643258500||482780||0.00075241
23:27||643258500||482780||0.00075241
23:28||643258000||482780||0.00075241
23:29||643258000||482779||0.00075241
23:30||643269000||482779||0.00075241
23:31||645072500||482795||0.00075241
23:32||645072500||482795||0.00075241
23:33||645061000||487907||0.00075241
23:34||645061000||487904||0.00075241
23:35||645061000||482795||0.00075241
23:36||644989500||482795||0.00075241
23:37||644989500||482795||0.00075241
23:38||644236000||482795||0.00075241
23:39||644236000||486663||0.00075241
23:40||644236000||486663||0.00075241
23:41||644236500||486663||0.00075241
23:42||644236500||486663||0.00075241
23:43||644236500||486663||0.00075241
23:44||644236500||482796||0.00075241
23:45||642407000||486658||0.00075241
23:46||642407000||483909||0.00075241
23:47||642406500||483909||0.00075241
23:48||642406500||483909||0.00075241
23:49||640521500||482746||0.00075241
23:50||640155500||481775||0.00075241
23:51||637912500||480789||0.00075241
23:52||639940000||483709||0.00075241
23:53||640396000||483709||0.00075241
23:54||640596000||483709||0.00075241
23:55||639362000||481848||0.00075241
23:56||638088500||480236||0.00075241
23:57||637396000||479971||0.00075241
23:58||636401000||479285||0.00075241
23:59||636401000||479285||0.00075241
