00:00||604999500||455959||0.00075241
00:01||606009500||456712||0.00075241
00:02||607978000||457465||0.00075241
00:03||608976000||458967||0.00075241
00:04||609990500||458967||0.00075241
00:05||608411000||458836||0.00075241
00:06||608498500||458967||0.00075241
00:07||608468500||458922||0.00075241
00:08||608472000||458922||0.00075241
00:09||608472000||458922||0.00075241
00:10||608441500||458922||0.00075241
00:11||605998000||456710||0.00075241
00:12||607417500||458846||0.00075241
00:13||607366000||458846||0.00075241
00:14||610896000||460474||0.00075241
00:15||612999000||461978||0.00075241
00:16||612499500||461978||0.00075241
00:17||611810000||464236||0.00075241
00:18||613530000||464989||0.00075241
00:19||614068500||456900||0.00075241
00:20||619499500||469503||0.00075241
00:21||616250000||458593||0.00075241
00:22||616049500||458217||0.00075241
00:23||616120500||458217||0.00075241
00:24||615365500||467246||0.00075241
00:26||617400000||467246||0.00075241
00:26||617626000||467246||0.00075241
00:27||617999500||467246||0.00075241
00:28||617999500||467245||0.00075241
00:29||622500000||474018||0.00075241
00:30||629817500||474018||0.00075241
00:31||629633500||473744||0.00075241
00:32||629633500||474017||0.00075241
00:33||628516500||473265||0.00075241
00:34||624997000||463860||0.00075241
00:35||622999000||467245||0.00075241
00:36||618776500||463902||0.00075241
00:37||618273000||463903||0.00075241
00:38||618272500||463903||0.00075241
00:39||616781000||467239||0.00075241
00:40||619995000||467239||0.00075241
00:41||618772500||467239||0.00075241
00:42||618277500||466494||0.00075241
00:43||618277500||463902||0.00075241
00:44||618392500||466494||0.00075241
00:45||618272500||466494||0.00075241
00:46||618271500||463902||0.00075241
00:47||617782500||463902||0.00075241
00:48||616626500||462170||0.00075241
00:49||614753000||462922||0.00075241
00:50||614753000||462922||0.00075241
00:51||614753000||462922||0.00075241
00:52||614753000||462170||0.00075241
00:53||614753000||462170||0.00075241
00:54||616126500||462170||0.00075241
00:55||615876500||462170||0.00075241
00:56||614300500||462170||0.00075241
00:57||614277000||462170||0.00075241
00:58||617070500||462170||0.00075241
00:59||617070500||462170||0.00075241
01:00||617070500||462170||0.00075241
01:01||617070500||462170||0.00075241
01:02||617070500||462170||0.00075241
01:03||617070500||462170||0.00075241
01:04||615406000||459731||0.00075241
01:05||615006500||459731||0.00075241
01:06||609497500||451446||0.00075241
01:07||596010500||449188||0.00075241
01:08||596256000||449197||0.00075241
01:09||603509500||449203||0.00075241
01:10||595262500||458969||0.00075241
01:11||588453500||458969||0.00075241
01:12||588522500||445358||0.00075241
01:13||588998000||440263||0.00075241
01:14||590917500||443935||0.00075241
01:15||590953500||445356||0.00075241
01:16||589453500||445356||0.00075241
01:17||587077500||444674||0.00075241
01:18||587594000||444674||0.00075241
01:19||584497000||444674||0.00075241
01:20||584793500||444674||0.00075241
01:21||589500000||446931||0.00075241
01:22||584519500||446931||0.00075241
01:23||590079500||440340||0.00075241
01:24||592295000||440340||0.00075241
01:25||592750000||440340||0.00075241
01:26||596000000||440340||0.00075241
01:27||595000000||440340||0.00075241
01:28||589500000||443921||0.00075241
01:29||594499500||443921||0.00075241
01:30||591079500||443921||0.00075241
01:31||595059500||444793||0.00075241
01:32||595549500||444793||0.00075241
01:33||595499500||446179||0.00075241
01:34||596499500||447683||0.00075241
01:35||589500000||443921||0.00075241
01:36||589999500||443921||0.00075241
01:37||589999500||443921||0.00075241
01:38||590681000||443921||0.00075241
01:39||590004000||443921||0.00075241
01:40||584510000||439422||0.00075241
01:41||582510000||437150||0.00075241
01:42||582540000||437150||0.00075241
01:43||583500000||440159||0.00075241
01:44||582637500||437902||0.00075241
01:45||580074500||436623||0.00075241
01:46||581570000||436623||0.00075241
01:47||582020000||436397||0.00075241
01:48||582305000||436397||0.00075241
01:49||582746500||436397||0.00075241
01:50||583044000||440159||0.00075241
01:51||583611500||440159||0.00075241
01:52||582676000||440159||0.00075241
01:53||582676000||440159||0.00075241
01:54||590879500||440159||0.00075241
01:55||585084500||440159||0.00075241
01:56||585539000||440159||0.00075241
01:57||586920500||440159||0.00075241
01:58||586921000||440159||0.00075241
01:59||586996500||440159||0.00075241
02:00||586996500||440159||0.00075241
02:01||579020000||436397||0.00075241
02:02||579999500||436397||0.00075241
02:03||582082500||436397||0.00075241
02:04||587508000||442417||0.00075241
02:05||587921000||442417||0.00075241
02:06||588040000||442417||0.00075241
02:07||589327500||442417||0.00075241
02:08||589314000||442417||0.00075241
02:09||593376500||449939||0.00075241
02:10||591596500||449939||0.00075241
02:11||591596500||445123||0.00075241
02:12||591596500||445123||0.00075241
02:13||591596500||445123||0.00075241
02:14||591596500||445123||0.00075241
02:15||591596500||445123||0.00075241
02:16||594244500||445123||0.00075241
02:17||594442000||445123||0.00075241
02:18||593956000||445123||0.00075241
02:19||593466000||445123||0.00075241
02:20||589936000||441583||0.00075241
02:21||589936000||441583||0.00075241
02:22||589811500||441583||0.00075241
02:23||589821500||441583||0.00075241
02:24||590060000||441491||0.00075241
02:25||593530000||443967||0.00075241
02:26||594000000||443967||0.00075241
02:27||595275500||449098||0.00075241
02:28||595242500||449098||0.00075241
02:29||595307000||449098||0.00075241
02:30||595307000||448990||0.00075241
02:31||595307000||448990||0.00075241
02:32||585002000||444764||0.00075241
02:33||585002000||444764||0.00075241
02:34||584787500||444764||0.00075241
02:35||587231500||443451||0.00075241
02:36||587187500||443451||0.00075241
02:37||586999000||443109||0.00075241
02:38||586649500||440218||0.00075241
02:39||586649500||440218||0.00075241
02:40||586649500||440218||0.00075241
02:41||589653000||443921||0.00075241
02:42||594362000||443921||0.00075241
02:43||596241500||443921||0.00075241
02:44||596614000||443921||0.00075241
02:45||596614000||443921||0.00075241
02:46||596614000||443921||0.00075241
02:47||600315500||450693||0.00075241
02:48||600315500||450693||0.00075241
02:49||600315500||450693||0.00075241
02:50||600505500||452198||0.00075241
02:51||600505500||452198||0.00075241
02:52||600495500||452198||0.00075241
02:53||599690000||452198||0.00075241
02:54||599664000||452198||0.00075241
02:55||602048500||452198||0.00075241
02:56||602048500||452198||0.00075241
02:57||602048500||452198||0.00075241
02:58||601530000||452198||0.00075241
02:59||601559500||452198||0.00075241
03:00||601559500||452198||0.00075241
03:01||604037500||455208||0.00075241
03:02||604037500||455208||0.00075241
03:03||604647500||453759||0.00075241
03:04||604647500||455208||0.00075241
03:05||604994500||455208||0.00075241
03:06||604994500||455208||0.00075241
03:07||604994500||455208||0.00075241
03:08||604994500||455208||0.00075241
03:09||604994500||455208||0.00075241
03:10||604994500||455208||0.00075241
03:11||604994500||455208||0.00075241
03:12||604994500||455208||0.00075241
03:13||604994500||455208||0.00075241
03:14||604994500||455208||0.00075241
03:15||604994500||455208||0.00075241
03:16||604994500||455208||0.00075241
03:17||604994500||455208||0.00075241
03:18||604994500||455208||0.00075241
03:19||604994500||455208||0.00075241
03:20||604994500||455208||0.00075241
03:21||603802000||454853||0.00075241
03:22||603268000||454853||0.00075241
03:23||603075500||454853||0.00075241
03:24||603075500||454853||0.00075241
03:25||603075500||454853||0.00075241
03:26||603075500||454853||0.00075241
03:27||603075500||454853||0.00075241
03:28||589037500||453759||0.00075241
03:29||599037500||453759||0.00075241
03:30||598956500||453759||0.00075241
03:31||599037500||453759||0.00075241
03:32||599037500||453759||0.00075241
03:33||598956500||453759||0.00075241
03:34||598490000||453759||0.00075241
03:35||598490000||453759||0.00075241
03:36||598490000||453759||0.00075241
03:37||598490000||453759||0.00075241
03:38||598490000||453759||0.00075241
03:39||598490000||447683||0.00075241
03:40||580000000||447683||0.00075241
03:41||580000000||447683||0.00075241
03:42||580000000||440159||0.00075241
03:43||580000000||440159||0.00075241
03:44||580000000||440159||0.00075241
03:45||580000000||440159||0.00075241
03:46||580000000||440159||0.00075241
03:47||580000000||440159||0.00075241
03:48||580000000||440159||0.00075241
03:49||580000000||440159||0.00075241
03:50||580000000||440159||0.00075241
03:51||580000000||440159||0.00075241
03:52||580000000||440159||0.00075241
03:53||580000000||440159||0.00075241
03:54||580000000||440159||0.00075241
03:55||580000000||440159||0.00075241
03:56||580000000||440159||0.00075241
03:57||580000000||440159||0.00075241
03:58||580000000||440159||0.00075241
03:59||580000000||440159||0.00075241
04:00||580000000||440159||0.00075241
04:01||580000000||440159||0.00075241
04:02||580000000||440159||0.00075241
04:03||580000000||440159||0.00075241
04:04||577500000||440159||0.00075241
04:05||577500000||440159||0.00075241
04:06||577500000||436397||0.00075241
04:07||577500000||436397||0.00075241
04:08||577500000||436397||0.00075241
04:09||577500000||436397||0.00075241
04:10||577500000||436397||0.00075241
04:11||577500000||436397||0.00075241
04:12||577500000||436397||0.00075241
04:13||577500000||436397||0.00075241
04:14||577500000||436397||0.00075241
04:15||577500000||436397||0.00075241
04:16||577450000||436397||0.00075241
04:17||570926000||431721||0.00075241
04:18||570196000||428873||0.00075241
04:19||573415500||428873||0.00075241
04:20||573415500||428873||0.00075241
04:21||574639000||428873||0.00075241
04:22||574639000||428873||0.00075241
04:23||574639000||428873||0.00075241
04:24||575000000||428873||0.00075241
04:25||577350000||439934||0.00075241
04:26||577350000||439934||0.00075241
04:27||577350000||439934||0.00075241
04:28||577350000||439934||0.00075241
04:29||577350000||439934||0.00075241
04:30||577350000||439934||0.00075241
04:31||577350000||439934||0.00075241
04:32||577350000||439934||0.00075241
04:33||577350000||439934||0.00075241
04:34||577500000||439934||0.00075241
04:35||577500000||439934||0.00075241
04:36||577500000||439934||0.00075241
04:37||577500000||439934||0.00075241
04:38||577500000||439934||0.00075241
04:39||577500000||439934||0.00075241
04:40||577500000||439934||0.00075241
04:41||577500000||439934||0.00075241
04:42||577500000||439934||0.00075241
04:43||577500000||440159||0.00075241
04:44||577500000||440159||0.00075241
04:45||577500000||440159||0.00075241
04:46||577500000||440159||0.00075241
04:47||577500000||440159||0.00075241
04:48||577500000||440159||0.00075241
04:49||577500000||440159||0.00075241
04:50||577500000||440159||0.00075241
04:51||577500000||440159||0.00075241
04:52||577500000||440159||0.00075241
04:53||577500000||440159||0.00075241
04:54||577500000||440159||0.00075241
04:55||577500000||440159||0.00075241
04:56||577500000||440159||0.00075241
04:57||577500000||440159||0.00075241
04:58||577500000||440159||0.00075241
04:59||577500000||440159||0.00075241
05:00||577500000||440159||0.00075241
05:01||577500000||440159||0.00075241
05:02||577500000||440159||0.00075241
05:03||577350000||440159||0.00075241
05:04||577500000||439934||0.00075241
05:05||577500000||439934||0.00075241
05:06||577500000||439934||0.00075241
05:07||577500000||439934||0.00075241
05:08||577500000||439934||0.00075241
05:09||577500000||440159||0.00075241
05:10||577500000||440159||0.00075241
05:11||577500000||440159||0.00075241
05:12||577500000||440159||0.00075241
05:13||582418500||440159||0.00075241
05:14||582418500||447560||0.00075241
05:15||582418500||447560||0.00075241
05:16||582418500||447560||0.00075241
05:17||582418500||447560||0.00075241
05:18||582418500||447560||0.00075241
05:19||582419500||447560||0.00075241
05:20||582419500||447560||0.00075241
05:21||582419500||447560||0.00075241
05:22||582419500||447560||0.00075241
05:23||582419500||447560||0.00075241
05:24||582680500||447201||0.00075241
05:25||582001000||447201||0.00075241
05:26||582002500||447201||0.00075241
05:27||582002500||446179||0.00075241
05:28||582002500||446179||0.00075241
05:29||582003000||446179||0.00075241
05:30||582683500||447560||0.00075241
05:31||582922000||447560||0.00075241
05:32||582922000||447560||0.00075241
05:33||582923500||447560||0.00075241
05:34||582923500||447560||0.00075241
05:35||582923500||447560||0.00075241
05:36||582687000||447560||0.00075241
05:37||582925000||447560||0.00075241
05:38||582926500||447560||0.00075241
05:39||582926500||447560||0.00075241
05:40||582926500||447560||0.00075241
05:41||585751500||452483||0.00075241
05:42||575554000||452483||0.00075241
05:43||590697000||452483||0.00075241
05:44||589793000||452483||0.00075241
05:45||590698000||452483||0.00075241
05:46||582494000||451499||0.00075241
05:47||582494000||451499||0.00075241
05:48||590040500||451499||0.00075241
05:49||587345500||451499||0.00075241
05:50||587345500||447458||0.00075241
05:51||587347000||447458||0.00075241
05:52||589797000||447458||0.00075241
05:53||591535000||453760||0.00075241
05:54||588821000||453760||0.00075241
05:55||589900000||440159||0.00075241
05:56||587527500||440159||0.00075241
05:57||593897000||453702||0.00075241
05:58||587076000||453702||0.00075241
05:59||586076000||453702||0.00075241
06:00||593897000||453702||0.00075241
06:01||590784000||452956||0.00075241
06:02||590315000||452956||0.00075241
06:03||590815000||452956||0.00075241
06:04||587885500||452956||0.00075241
06:05||587889500||452956||0.00075241
06:06||580371500||436956||0.00075241
06:07||580371500||436956||0.00075241
06:08||580371500||436956||0.00075241
06:09||575164500||436397||0.00075241
06:10||573075500||436397||0.00075241
06:11||572325500||436397||0.00075241
06:12||572302000||436397||0.00075241
06:13||572302000||436397||0.00075241
06:14||572302000||436397||0.00075241
06:15||572231000||429739||0.00075241
06:16||572200500||429739||0.00075241
06:17||568290000||428873||0.00075241
06:18||568940500||428873||0.00075241
06:19||568940500||428873||0.00075241
06:20||568943000||429464||0.00075241
06:21||568943000||429464||0.00075241
06:22||568943000||429464||0.00075241
06:23||568943000||429464||0.00075241
06:24||568910000||429408||0.00075241
06:25||573058000||429408||0.00075241
06:26||572162000||429408||0.00075241
06:27||571146000||429408||0.00075241
06:28||570680500||429408||0.00075241
06:29||570681000||429408||0.00075241
06:30||570682500||429408||0.00075241
06:31||570468500||429408||0.00075241
06:32||572066000||434153||0.00075241
06:33||572067000||434153||0.00075241
06:34||572067000||434153||0.00075241
06:35||572067000||434153||0.00075241
06:36||572068500||434153||0.00075241
06:37||572068500||434153||0.00075241
06:38||572068500||434153||0.00075241
06:39||572068500||434153||0.00075241
06:40||572068500||434153||0.00075241
06:41||571968500||434153||0.00075241
06:42||571968500||434002||0.00075241
06:43||571968500||434002||0.00075241
06:44||571968500||434002||0.00075241
06:45||571968500||434002||0.00075241
06:46||561825000||426693||0.00075241
06:47||568976500||426693||0.00075241
06:48||565546500||426693||0.00075241
06:49||565546500||426693||0.00075241
06:50||565460000||428623||0.00075241
06:51||565208500||428623||0.00075241
06:52||560400000||422290||0.00075241
06:53||556219500||420597||0.00075241
06:54||552049500||416908||0.00075241
06:55||552049500||416908||0.00075241
06:56||561759000||431881||0.00075241
06:57||556035000||429662||0.00075241
06:58||556037000||422902||0.00075241
06:59||551006000||422895||0.00075241
07:00||551005500||422895||0.00075241
07:01||562712000||414585||0.00075241
07:02||558960500||428860||0.00075241
07:03||558960500||428860||0.00075241
07:04||558961000||428860||0.00075241
07:05||559160500||428860||0.00075241
07:06||559160500||426481||0.00075241
07:07||559160500||426481||0.00075241
07:08||562002500||426481||0.00075241
07:09||561802500||426481||0.00075241
07:10||563302500||430081||0.00075241
07:11||562803000||430081||0.00075241
07:12||562807500||430081||0.00075241
07:13||562809000||430081||0.00075241
07:14||562811000||430081||0.00075241
07:15||563053500||430081||0.00075241
07:16||563081000||430081||0.00075241
07:17||564514000||430081||0.00075241
07:18||564294000||430081||0.00075241
07:19||565014000||430081||0.00075241
07:20||565018500||431902||0.00075241
07:21||565018500||431902||0.00075241
07:22||565018500||431902||0.00075241
07:23||565018500||431902||0.00075241
07:24||565018500||431902||0.00075241
07:25||565020000||431902||0.00075241
07:26||565020000||431902||0.00075241
07:27||565020000||431902||0.00075241
07:28||565020000||431902||0.00075241
07:29||564839500||431902||0.00075241
07:30||564839500||431631||0.00075241
07:31||564837000||431631||0.00075241
07:32||554774500||418010||0.00075241
07:33||552316500||416167||0.00075241
07:34||560390000||428595||0.00075241
07:35||558887000||414690||0.00075241
07:36||557888500||424792||0.00075241
07:37||550388000||414408||0.00075241
07:38||538131500||413646||0.00075241
07:39||536841000||426630||0.00075241
07:40||537045500||396520||0.00075241
07:41||539250000||396520||0.00075241
07:42||547450500||424359||0.00075241
07:43||547593000||423870||0.00075241
07:44||540600000||413562||0.00075241
07:45||536327000||406191||0.00075241
07:46||533900500||406191||0.00075241
07:47||541042500||402539||0.00075241
07:48||532400500||400884||0.00075241
07:49||536092000||405939||0.00075241
07:50||534400500||404718||0.00075241
07:51||533878500||404718||0.00075241
07:52||534690000||402539||0.00075241
07:53||541027500||413829||0.00075241
07:54||540999500||413833||0.00075241
07:55||542500000||413833||0.00075241
07:56||547373000||413825||0.00075241
07:57||548394000||413825||0.00075241
07:58||548392500||411407||0.00075241
07:59||542350000||402539||0.00075241
08:00||544850000||402539||0.00075241
08:01||547397000||413599||0.00075241
08:02||549699500||413599||0.00075241
08:03||556673500||433914||0.00075241
08:04||556673500||433914||0.00075241
08:05||563649000||424094||0.00075241
08:06||570146500||424094||0.00075241
08:07||570825500||425101||0.00075241
08:08||570825500||433887||0.00075241
08:09||571591000||433887||0.00075241
08:10||571591000||433887||0.00075241
08:11||571589500||426254||0.00075241
08:12||571584500||426254||0.00075241
08:13||573790500||426254||0.00075241
08:14||571009500||426254||0.00075241
08:15||570759500||426254||0.00075241
08:16||567828500||426254||0.00075241
08:17||568891500||426254||0.00075241
08:18||568613000||423776||0.00075241
08:19||568612500||423776||0.00075241
08:20||567335000||423776||0.00075241
08:21||567335000||423776||0.00075241
08:22||570399500||430729||0.00075241
08:23||570399500||430729||0.00075241
08:24||570395000||430729||0.00075241
08:25||570397500||430729||0.00075241
08:26||570394000||430729||0.00075241
08:27||569166500||430679||0.00075241
08:28||568666500||430679||0.00075241
08:29||568333500||427620||0.00075241
08:30||568666500||427620||0.00075241
08:31||568990500||427620||0.00075241
08:32||568999000||428121||0.00075241
08:33||568999000||428121||0.00075241
08:34||568999000||428121||0.00075241
08:35||568999500||428120||0.00075241
08:36||568999500||428120||0.00075241
08:37||569499500||428873||0.00075241
08:38||569499500||428873||0.00075241
08:39||569991500||428873||0.00075241
08:40||569991500||428873||0.00075241
08:41||571000000||430378||0.00075241
08:42||571504000||430392||0.00075241
08:43||571506000||430395||0.00075241
08:44||573511000||432635||0.00075241
08:45||573511000||432635||0.00075241
08:46||573506000||432635||0.00075241
08:47||573501000||432635||0.00075241
08:48||573496000||430395||0.00075241
08:49||573630000||430395||0.00075241
08:50||573627000||430395||0.00075241
08:51||572026500||430395||0.00075241
08:52||572026500||430395||0.00075241
08:53||572022500||430395||0.00075241
08:54||572022500||430395||0.00075241
08:55||572022500||430395||0.00075241
08:56||570177500||428873||0.00075241
08:57||570177500||428873||0.00075241
08:58||569166000||428873||0.00075241
08:59||568832000||428371||0.00075241
09:00||566284000||423784||0.00075241
09:01||567629500||430394||0.00075241
09:02||567722500||423785||0.00075241
09:03||567798000||423785||0.00075241
09:04||567797000||424055||0.00075241
09:05||568091500||430395||0.00075241
09:06||569071500||430395||0.00075241
09:07||570541500||430395||0.00075241
09:08||573968000||430401||0.00075241
09:09||573968000||430401||0.00075241
09:10||572310500||433011||0.00075241
09:11||572310500||433011||0.00075241
09:12||572310500||433011||0.00075241
09:13||572805000||433011||0.00075241
09:14||573581000||433914||0.00075241
09:15||581787500||440167||0.00075241
09:16||582288000||440159||0.00075241
09:17||584291000||443174||0.00075241
09:18||584338500||443177||0.00075241
09:19||588057500||443921||0.00075241
09:20||589057500||440998||0.00075241
09:21||589058000||443915||0.00075241
09:22||589058000||443915||0.00075241
09:23||589058000||441058||0.00075241
09:24||588096000||451220||0.00075241
09:25||593100000||443915||0.00075241
09:26||594845500||443915||0.00075241
09:27||594847000||443915||0.00075241
09:28||590014000||443931||0.00075241
09:29||590023500||443931||0.00075241
09:30||594862000||443946||0.00075241
09:31||594852500||443946||0.00075241
09:32||585746000||429802||0.00075241
09:33||579031500||440173||0.00075241
09:34||579828500||440173||0.00075241
09:35||585002500||440173||0.00075241
09:36||585002500||440173||0.00075241
09:37||586999000||440173||0.00075241
09:38||580667500||438655||0.00075241
09:39||580307000||443921||0.00075241
09:40||577590000||437902||0.00075241
09:41||581993500||437902||0.00075241
09:42||581993500||437902||0.00075241
09:43||581992500||437902||0.00075241
09:44||581992500||437902||0.00075241
09:45||581992500||437902||0.00075241
09:46||577579500||437888||0.00075241
09:47||577590000||437902||0.00075241
09:48||583631500||437902||0.00075241
09:49||583631500||440159||0.00075241
09:50||583631500||440159||0.00075241
09:51||579120000||440159||0.00075241
09:52||579755500||442124||0.00075241
09:53||579959500||440916||0.00075241
09:54||579467500||438647||0.00075241
09:55||579467500||436397||0.00075241
09:56||582548000||436397||0.00075241
09:57||583022000||437150||0.00075241
09:58||583520500||440916||0.00075241
09:59||584546000||438655||0.00075241
10:00||583594000||437207||0.00075241
10:01||582038000||438655||0.00075241
10:02||582038000||438655||0.00075241
10:03||582038000||437207||0.00075241
10:04||583391000||438655||0.00075241
10:05||583375500||438655||0.00075241
10:06||583330500||438655||0.00075241
10:07||583038500||438655||0.00075241
10:08||583038500||440159||0.00075241
10:09||583079000||440159||0.00075241
10:10||583079000||440159||0.00075241
10:11||583079000||440159||0.00075241
10:12||583079000||440159||0.00075241
10:13||585279000||443544||0.00075241
10:14||585279000||443544||0.00075241
10:15||587304500||443559||0.00075241
10:16||587544000||443920||0.00075241
10:17||588959000||443920||0.00075241
10:18||588960000||443860||0.00075241
10:19||588960000||443860||0.00075241
10:20||588960000||443860||0.00075241
10:21||588959000||443860||0.00075241
10:22||588959000||442417||0.00075241
10:23||588500000||442417||0.00075241
10:24||588959000||443860||0.00075241
10:25||587959000||440912||0.00075241
10:26||587955000||440912||0.00075241
10:27||587955000||443846||0.00075241
10:28||587955000||443846||0.00075241
10:29||587905000||443846||0.00075241
10:30||587855000||443846||0.00075241
10:31||587818000||443846||0.00075241
10:32||587475000||443846||0.00075241
10:33||587475000||443846||0.00075241
10:34||585303000||440912||0.00075241
10:35||585303000||440159||0.00075241
10:36||585000500||440159||0.00075241
10:37||585000500||440159||0.00075241
10:38||585000500||440159||0.00075241
10:39||583039500||440159||0.00075241
10:40||583039500||440159||0.00075241
10:41||583039500||439842||0.00075241
10:42||582235500||438632||0.00075241
10:43||582235500||438632||0.00075241
10:44||582271500||438632||0.00075241
10:45||582271500||438995||0.00075241
10:46||582295500||438995||0.00075241
10:47||582295500||438995||0.00075241
10:48||582319500||437218||0.00075241
10:49||585069000||443168||0.00075241
10:50||584686000||443168||0.00075241
10:51||586504500||443168||0.00075241
10:52||586504500||443168||0.00075241
10:53||586505000||442423||0.00075241
10:54||586505000||442423||0.00075241
10:55||586236000||442423||0.00075241
10:56||586236000||442423||0.00075241
10:57||586236000||442423||0.00075241
10:58||586236000||442018||0.00075241
10:59||585981000||442018||0.00075241
11:00||586201000||442018||0.00075241
11:01||586201000||442018||0.00075241
11:02||586201000||442018||0.00075241
11:03||589288500||442070||0.00075241
11:04||597000000||444674||0.00075241
11:05||595741500||450693||0.00075241
11:06||598999500||450693||0.00075241
11:07||597190500||450693||0.00075241
11:08||598767000||450693||0.00075241
11:09||598767000||450693||0.00075241
11:10||602526000||451446||0.00075241
11:11||604989500||451492||0.00075241
11:12||601462500||455200||0.00075241
11:13||602554500||455200||0.00075241
11:14||600510000||452266||0.00075241
11:15||600510500||452198||0.00075241
11:16||600998500||452198||0.00075241
11:17||600998500||452197||0.00075241
11:18||600998500||452196||0.00075241
11:19||603159500||455193||0.00075241
11:20||603314000||455193||0.00075241
11:21||604489500||455193||0.00075241
11:22||604489500||455192||0.00075241
11:23||604249500||452932||0.00075241
11:24||604739500||452932||0.00075241
11:25||604802000||455185||0.00075241
11:26||604802000||455060||0.00075241
11:27||604802000||455060||0.00075241
11:28||603601500||453214||0.00075241
11:29||603787500||455185||0.00075241
11:30||603966000||455208||0.00075241
11:31||604750000||454470||0.00075241
11:32||604750000||454470||0.00075241
11:33||597770000||452869||0.00075241
11:34||597815000||452869||0.00075241
11:35||597816000||451446||0.00075241
11:36||597816000||451446||0.00075241
11:37||597816000||451446||0.00075241
11:38||597859500||451446||0.00075241
11:39||597859500||451445||0.00075241
11:40||597099000||451444||0.00075241
11:41||597152000||451444||0.00075241
11:42||597152000||451444||0.00075241
11:43||597136000||451444||0.00075241
11:44||597181000||451444||0.00075241
11:45||597199000||451444||0.00075241
11:46||597227500||450126||0.00075241
11:47||598391000||450235||0.00075241
11:48||599193500||450236||0.00075241
11:49||599193500||450236||0.00075241
11:50||599194000||450236||0.00075241
11:51||599194000||451443||0.00075241
11:52||599194000||451443||0.00075241
11:53||599194000||451443||0.00075241
11:54||598421500||451445||0.00075241
11:55||598422500||451445||0.00075241
11:56||598422500||451445||0.00075241
11:57||598422500||451445||0.00075241
11:58||598418000||451445||0.00075241
11:59||598422500||451445||0.00075241
12:00||598729000||451445||0.00075241
12:01||598729000||451445||0.00075241
12:02||597458000||449534||0.00075241
12:03||597458000||449534||0.00075241
12:04||598729000||449534||0.00075241
12:05||599992500||451445||0.00075241
12:06||599992500||451445||0.00075241
12:07||599993000||451445||0.00075241
12:08||599993500||451445||0.00075241
12:09||599994000||451446||0.00075241
12:10||599994000||451446||0.00075241
12:11||601993500||451446||0.00075241
12:12||601999000||454454||0.00075241
12:13||602596000||454454||0.00075241
12:14||602596000||452345||0.00075241
12:15||602596500||454453||0.00075241
12:16||599994500||451446||0.00075241
12:17||602323000||454453||0.00075241
12:18||602595500||454453||0.00075241
12:19||600999000||449941||0.00075241
12:20||602306000||454453||0.00075241
12:21||600807500||452198||0.00075241
12:22||599858500||452361||0.00075241
12:23||599857000||452361||0.00075241
12:24||599857000||452361||0.00075241
12:25||599657000||452058||0.00075241
12:26||602369000||454399||0.00075241
12:27||602431000||454351||0.00075241
12:28||603559000||454351||0.00075241
12:29||603088000||454059||0.00075241
12:30||603079000||454059||0.00075241
12:31||603058000||454027||0.00075241
12:32||602027500||452198||0.00075241
12:33||602048500||452198||0.00075241
12:34||602025000||452198||0.00075241
12:35||602025000||452198||0.00075241
12:36||602025000||452198||0.00075241
12:37||602025000||453740||0.00075241
12:38||602125000||453740||0.00075241
12:39||602125000||453740||0.00075241
12:40||602519500||453740||0.00075241
12:41||602519500||453740||0.00075241
12:42||602518500||453740||0.00075241
12:43||603042500||453740||0.00075241
12:44||603042500||453740||0.00075241
12:45||603042500||453740||0.00075241
12:46||603073500||453740||0.00075241
12:47||603096500||453740||0.00075241
12:48||603329000||453776||0.00075241
12:49||603553500||454125||0.00075241
12:50||603860500||454351||0.00075241
12:51||603860500||454351||0.00075241
12:52||603925000||454448||0.00075241
12:53||603925500||454448||0.00075241
12:54||603989500||454448||0.00075241
12:55||603989500||454448||0.00075241
12:56||603989500||454448||0.00075241
12:57||603989500||454447||0.00075241
12:58||603989500||454448||0.00075241
12:59||603989500||454447||0.00075241
13:00||603989500||454447||0.00075241
13:01||603989500||454448||0.00075241
13:02||603989500||454448||0.00075241
13:03||603989500||454448||0.00075241
13:04||603989500||454448||0.00075241
13:05||603989500||454448||0.00075241
13:06||603989500||454447||0.00075241
13:07||603510000||454447||0.00075241
13:08||603111500||453787||0.00075241
13:09||603111500||453787||0.00075241
13:10||603117500||453796||0.00075241
13:11||603111500||453798||0.00075241
13:12||603111500||453798||0.00075241
13:13||602979500||453588||0.00075241
13:14||602977000||453588||0.00075241
13:15||602853000||453585||0.00075241
13:16||602010000||453584||0.00075241
13:17||601842500||452832||0.00075241
13:18||601842500||452832||0.00075241
13:19||599329000||451825||0.00075241
13:20||598158500||450056||0.00075241
13:21||598083500||449941||0.00075241
13:22||598006500||449941||0.00075241
13:23||598012500||449941||0.00075241
13:24||598013500||449952||0.00075241
13:25||599292000||449964||0.00075241
13:26||599276500||453786||0.00075241
13:27||600559000||453786||0.00075241
13:28||600506500||453786||0.00075241
13:29||600455500||453786||0.00075241
13:30||600455500||453786||0.00075241
13:31||599964000||453786||0.00075241
13:32||600465000||449941||0.00075241
13:33||600466500||449962||0.00075241
13:34||598406000||449962||0.00075241
13:35||598779500||449962||0.00075241
13:36||599394500||449962||0.00075241
13:37||600013000||451455||0.00075241
13:38||600507000||451456||0.00075241
13:39||600497500||452198||0.00075241
13:40||600992500||452198||0.00075241
13:41||600985500||452198||0.00075241
13:42||600985500||452198||0.00075241
13:43||601485500||452950||0.00075241
13:44||601992500||452950||0.00075241
13:45||601992500||452950||0.00075241
13:46||601992500||452950||0.00075241
13:47||601992500||452950||0.00075241
13:48||601992500||452950||0.00075241
13:49||601992500||452950||0.00075241
13:50||601985500||452950||0.00075241
13:51||601992500||452950||0.00075241
13:52||601997500||452950||0.00075241
13:53||601992500||452950||0.00075241
13:54||601985500||452950||0.00075241
13:55||601985500||452940||0.00075241
13:56||601985500||452940||0.00075241
13:57||601985500||452940||0.00075241
13:58||601985500||452940||0.00075241
13:59||601985500||452940||0.00075241
14:00||601977000||452939||0.00075241
14:01||601977000||452939||0.00075241
14:02||601976500||452939||0.00075241
14:03||602540000||453787||0.00075241
14:04||603102500||454448||0.00075241
14:05||603541500||454448||0.00075241
14:06||603980500||454448||0.00075241
14:07||603980500||454448||0.00075241
14:08||603980500||454448||0.00075241
14:09||603980500||454448||0.00075241
14:10||603986500||454448||0.00075241
14:11||603986500||454452||0.00075241
14:12||603986500||454452||0.00075241
14:13||603986500||454452||0.00075241
14:14||603986500||454452||0.00075241
14:15||603986500||454452||0.00075241
14:16||604113500||454643||0.00075241
14:17||604240500||454643||0.00075241
14:18||604240500||454643||0.00075241
14:19||604240500||454643||0.00075241
14:20||604249500||454643||0.00075241
14:21||604986500||455205||0.00075241
14:22||604995500||455205||0.00075241
14:23||604997500||455208||0.00075241
14:24||604997500||455208||0.00075241
14:25||604997500||455208||0.00075241
14:26||605498000||455205||0.00075241
14:27||604997500||455205||0.00075241
14:28||604997500||455205||0.00075241
14:29||604997500||455205||0.00075241
14:30||605998000||456712||0.00075241
14:31||605999000||456712||0.00075241
14:32||607489500||456712||0.00075241
14:33||608499000||457464||0.00075241
14:34||608489000||458216||0.00075241
14:35||607480000||457449||0.00075241
14:36||607480000||457449||0.00075241
14:37||608900500||458819||0.00075241
14:38||610900000||460474||0.00075241
14:39||613471500||460474||0.00075241
14:40||613470500||460474||0.00075241
14:41||614186000||462656||0.00075241
14:42||613986500||462656||0.00075241
14:43||613473500||462280||0.00075241
14:44||613473500||461583||0.00075241
14:45||611973000||461583||0.00075241
14:46||611923000||461508||0.00075241
14:47||610472500||461465||0.00075241
14:48||608480500||459325||0.00075241
14:49||608480500||459325||0.00075241
14:50||607981500||459325||0.00075241
14:51||607981500||459325||0.00075241
14:52||607981500||457450||0.00075241
14:53||607471000||456698||0.00075241
14:54||602896000||455204||0.00075241
14:55||600883500||455204||0.00075241
14:56||600883500||455204||0.00075241
14:57||602754000||452111||0.00075241
14:58||602850500||452111||0.00075241
14:59||602000500||452111||0.00075241
15:00||601949000||453327||0.00075241
15:01||603037000||455012||0.00075241
15:02||602205500||455012||0.00075241
15:03||605372000||455960||0.00075241
15:04||605999500||455960||0.00075241
15:05||605999500||455959||0.00075241
15:06||605999500||455960||0.00075241
15:07||605999500||455960||0.00075241
15:08||604818000||455956||0.00075241
15:09||603669500||455874||0.00075241
15:10||603453000||455874||0.00075241
15:11||602212500||452540||0.00075241
15:12||602197500||453656||0.00075241
15:13||601772500||453656||0.00075241
15:14||602086500||453656||0.00075241
15:15||601771500||452541||0.00075241
15:16||601456500||452541||0.00075241
15:17||601456500||452541||0.00075241
15:18||601253500||452236||0.00075241
15:19||601772000||452542||0.00075241
15:20||602218000||453679||0.00075241
15:21||602218000||453679||0.00075241
15:22||602218500||453679||0.00075241
15:23||599499500||451446||0.00075241
15:24||599499500||451446||0.00075241
15:25||599499500||451446||0.00075241
15:26||599499500||451446||0.00075241
15:27||599489500||451446||0.00075241
15:28||599489500||451446||0.00075241
15:29||599499500||451446||0.00075241
15:30||599499500||451446||0.00075241
15:31||599499500||451445||0.00075241
15:32||599489500||451445||0.00075241
15:33||599489500||451445||0.00075241
15:34||599489500||451445||0.00075241
15:35||599468500||450693||0.00075241
15:36||599468500||450693||0.00075241
15:37||598480000||450693||0.00075241
15:38||597387500||448370||0.00075241
15:39||597208500||448370||0.00075241
15:40||597182500||450281||0.00075241
15:41||594252000||443921||0.00075241
15:42||594005500||443921||0.00075241
15:43||594008500||449953||0.00075241
15:44||598010000||449953||0.00075241
15:45||598010000||449953||0.00075241
15:46||598009000||449942||0.00075241
15:47||597985500||449928||0.00075241
15:48||593016500||449926||0.00075241
15:49||593020500||448422||0.00075241
15:50||592961500||448422||0.00075241
15:51||593030000||448436||0.00075241
15:52||595496500||448436||0.00075241
15:53||595496500||448436||0.00075241
15:54||595496500||448436||0.00075241
15:55||595496000||447677||0.00075241
15:56||595994500||447677||0.00075241
15:57||595992500||448425||0.00075241
15:58||595993500||448436||0.00075241
15:59||595993500||448436||0.00075241
16:00||595993500||448436||0.00075241
16:01||595991500||448423||0.00075241
16:02||595991500||448423||0.00075241
16:03||595990500||448423||0.00075241
16:04||595990500||448423||0.00075241
16:05||595981500||448423||0.00075241
16:06||593021500||443967||0.00075241
16:07||595981500||448422||0.00075241
16:08||595990500||448422||0.00075241
16:09||595981500||448422||0.00075241
16:10||595990500||448436||0.00075241
16:11||595990500||448436||0.00075241
16:12||595990500||448436||0.00075241
16:13||595990500||448436||0.00075241
16:14||595990500||448436||0.00075241
16:15||595990500||448436||0.00075241
16:16||595990500||448436||0.00075241
16:17||595995500||448436||0.00075241
16:18||595986500||448436||0.00075241
16:19||595986500||448422||0.00075241
16:20||595989500||448434||0.00075241
16:21||593028500||443966||0.00075241
16:22||594842500||446694||0.00075241
16:23||594842500||446694||0.00075241
16:24||594819500||446694||0.00075241
16:25||590030000||443921||0.00075241
16:26||587780000||440536||0.00075241
16:27||585501000||440537||0.00075241
16:28||585327500||440536||0.00075241
16:29||585155500||440276||0.00075241
16:30||585327500||440276||0.00075241
16:31||583501000||440276||0.00075241
16:32||583500000||437526||0.00075241
16:33||584141500||441498||0.00075241
16:34||584142000||441502||0.00075241
16:35||584145000||441502||0.00075241
16:36||586771500||441497||0.00075241
16:37||591295500||441497||0.00075241
16:38||592971500||441497||0.00075241
16:39||592971500||441497||0.00075241
16:40||592972500||441497||0.00075241
16:41||594492000||448436||0.00075241
16:42||593331500||448436||0.00075241
16:43||593354000||448436||0.00075241
16:44||594499500||448436||0.00075241
16:45||594551500||448436||0.00075241
16:46||594548500||446282||0.00075241
16:47||587708000||448436||0.00075241
16:48||587708500||448436||0.00075241
16:49||590712500||448436||0.00075241
16:50||591879000||448436||0.00075241
16:51||595995000||448436||0.00075241
16:52||595995000||448436||0.00075241
16:53||595994500||448436||0.00075241
16:54||597002500||449953||0.00075241
16:55||598010500||449953||0.00075241
16:56||598010500||449953||0.00075241
16:57||598010500||449953||0.00075241
16:58||598010500||449953||0.00075241
16:59||598010500||449953||0.00075241
17:00||598009500||449953||0.00075241
17:01||598007500||449938||0.00075241
17:02||598007500||449938||0.00075241
17:03||593393000||451446||0.00075241
17:04||593393000||451446||0.00075241
17:05||593444000||441663||0.00075241
17:06||593445000||441663||0.00075241
17:07||593451000||451446||0.00075241
17:08||593500500||451446||0.00075241
17:09||599998500||451446||0.00075241
17:10||599998500||451446||0.00075241
17:11||599998500||451446||0.00075241
17:12||599998500||451446||0.00075241
17:13||599998500||444528||0.00075241
17:14||595402500||444528||0.00075241
17:15||599997500||451444||0.00075241
17:16||599997500||451444||0.00075241
17:17||599997500||451444||0.00075241
17:18||599997500||451444||0.00075241
17:19||599997500||451444||0.00075241
17:20||599997500||451444||0.00075241
17:21||599997500||451446||0.00075241
17:22||599997500||451446||0.00075241
17:23||599997500||451444||0.00075241
17:24||599997500||451444||0.00075241
17:25||599997500||451444||0.00075241
17:26||596754000||451444||0.00075241
17:27||597502500||451442||0.00075241
17:28||599236500||451442||0.00075241
17:29||599229000||451438||0.00075241
17:30||599239000||451438||0.00075241
17:31||599239000||451438||0.00075241
17:32||599222500||450298||0.00075241
17:33||599222500||450298||0.00075241
17:34||596757500||447691||0.00075241
17:35||596758000||447692||0.00075241
17:36||595010500||447691||0.00075241
17:37||598503500||450329||0.00075241
17:38||599220500||450329||0.00075241
17:39||599943500||451408||0.00075241
17:40||599968500||451446||0.00075241
17:41||599993500||451446||0.00075241
17:42||597505000||451431||0.00075241
17:43||597505500||451431||0.00075241
17:44||597547500||451431||0.00075241
17:45||598000500||451446||0.00075241
17:46||599124000||452948||0.00075241
17:47||599124500||452949||0.00075241
17:48||599574000||452949||0.00075241
17:49||600000000||452950||0.00075241
17:50||600488500||453680||0.00075241
17:51||605457000||453685||0.00075241
17:52||605398500||456562||0.00075241
17:53||605272000||456562||0.00075241
17:54||604243500||454453||0.00075241
17:55||603997500||454453||0.00075241
17:56||603487000||454453||0.00075241
17:57||600173500||454453||0.00075241
17:58||600004000||454453||0.00075241
17:59||604757500||453714||0.00075241
18:00||605340000||453714||0.00075241
18:01||605340000||453714||0.00075241
18:02||601500000||449188||0.00075241
18:03||601410000||449188||0.00075241
18:04||600500000||449188||0.00075241
18:05||600500500||449188||0.00075241
18:06||600525000||454455||0.00075241
18:07||601025000||454455||0.00075241
18:08||600965500||449978||0.00075241
18:09||600025000||449978||0.00075241
18:10||600529500||449978||0.00075241
18:11||600322500||449978||0.00075241
18:12||600275000||449978||0.00075241
18:13||600119000||453327||0.00075241
18:14||600118500||453327||0.00075241
18:15||600102000||453327||0.00075241
18:16||600102000||453029||0.00075241
18:17||599903000||453029||0.00075241
18:18||599550000||453029||0.00075241
18:19||599550000||453029||0.00075241
18:20||599862500||453029||0.00075241
18:21||600556500||450017||0.00075241
18:22||599250500||449978||0.00075241
18:23||598525000||451785||0.00075241
18:24||599675000||453047||0.00075241
18:25||599340000||453047||0.00075241
18:26||599005500||453047||0.00075241
18:27||599005500||451416||0.00075241
18:28||599942500||451416||0.00075241
18:29||599942500||451403||0.00075241
18:30||598910000||451388||0.00075241
18:31||598050500||451388||0.00075241
18:32||598050500||451388||0.00075241
18:33||598050500||451388||0.00075241
18:34||598824500||449979||0.00075241
18:35||598823000||449978||0.00075241
18:36||598822000||451142||0.00075241
18:37||599047000||451140||0.00075241
18:38||599048000||451140||0.00075241
18:39||599451000||451746||0.00075241
18:40||599451000||451746||0.00075241
18:41||599451000||451746||0.00075241
18:42||599451000||451746||0.00075241
18:43||601252500||451799||0.00075241
18:44||603202000||451799||0.00075241
18:45||603950000||454455||0.00075241
18:46||603949000||454452||0.00075241
18:47||601251500||454452||0.00075241
18:48||600801500||454452||0.00075241
18:49||600801500||454452||0.00075241
18:50||601112000||454452||0.00075241
18:51||601112000||454242||0.00075241
18:52||601151000||454242||0.00075241
18:53||601251000||454451||0.00075241
18:54||602352000||454451||0.00075241
18:55||602352000||454451||0.00075241
18:56||602352000||454451||0.00075241
18:57||602352000||454451||0.00075241
18:58||602351500||454451||0.00075241
18:59||602351500||454451||0.00075241
19:00||602352000||454451||0.00075241
19:01||602351500||454451||0.00075241
19:02||601251000||450323||0.00075241
19:03||601497000||454451||0.00075241
19:04||601498000||454449||0.00075241
19:05||603998000||454455||0.00075241
19:06||603998000||454455||0.00075241
19:07||601500500||454455||0.00075241
19:08||602347500||454455||0.00075241
19:09||602347500||454455||0.00075241
19:10||602347500||454455||0.00075241
19:11||601735500||454455||0.00075241
19:12||601735500||453532||0.00075241
19:13||600888000||453532||0.00075241
19:14||600888000||453532||0.00075241
19:15||600888000||453532||0.00075241
19:16||601827000||453532||0.00075241
19:17||603326500||454945||0.00075241
19:18||606650500||456336||0.00075241
19:19||603407500||450695||0.00075241
19:20||603817000||456575||0.00075241
19:21||604909500||456575||0.00075241
19:22||604909500||456575||0.00075241
19:23||605501000||457465||0.00075241
19:24||605501000||457465||0.00075241
19:25||605502500||457465||0.00075241
19:26||609001000||458970||0.00075241
19:27||610501000||461227||0.00075241
19:28||610501000||461227||0.00075241
19:29||610737500||461227||0.00075241
19:30||611476000||462694||0.00075241
19:31||611501000||462732||0.00075241
19:32||613500500||465741||0.00075241
19:33||614001000||466494||0.00075241
19:34||620010000||466509||0.00075241
19:35||621249000||466494||0.00075241
19:36||621224000||466494||0.00075241
19:37||620500000||466494||0.00075241
19:38||615500000||467246||0.00075241
19:39||616000500||466870||0.00075241
19:40||621553000||468679||0.00075241
19:41||621802500||465365||0.00075241
19:42||624591000||469949||0.00075241
19:43||624605500||472137||0.00075241
19:44||627490500||469946||0.00075241
19:45||628475000||471761||0.00075241
19:46||623965000||471761||0.00075241
19:47||623682000||471205||0.00075241
19:48||623682000||471205||0.00075241
19:49||623683000||471205||0.00075241
19:50||624013500||470197||0.00075241
19:51||624052500||470197||0.00075241
19:52||623543500||469490||0.00075241
19:53||623544000||469490||0.00075241
19:54||623544000||469490||0.00075241
19:55||623553000||468831||0.00075241
19:56||623544000||469490||0.00075241
19:57||623544000||469490||0.00075241
19:58||623544000||469490||0.00075241
19:59||623544000||469490||0.00075241
20:00||623544000||468831||0.00075241
20:01||623991000||469490||0.00075241
20:02||623991000||469490||0.00075241
20:03||623982500||469491||0.00075241
20:04||623991500||469503||0.00075241
20:05||623553000||469503||0.00075241
20:06||623544000||469503||0.00075241
20:07||623728000||469503||0.00075241
20:08||623728500||469503||0.00075241
20:09||623728000||469503||0.00075241
20:10||623728000||469503||0.00075241
20:11||625960000||474017||0.00075241
20:12||624490500||470241||0.00075241
20:13||624490500||470241||0.00075241
20:14||624490500||470241||0.00075241
20:15||624491500||470241||0.00075241
20:16||624491500||470241||0.00075241
20:17||624436500||470158||0.00075241
20:18||624251000||469880||0.00075241
20:19||625445000||470171||0.00075241
20:20||626501000||471008||0.00075241
20:21||626501000||471761||0.00075241
20:22||626901000||471761||0.00075241
20:23||627495000||471761||0.00075241
20:24||627989000||472505||0.00075241
20:25||627989500||472505||0.00075241
20:26||628973000||473985||0.00075241
20:27||629468500||473985||0.00075241
20:28||631470000||476275||0.00075241
20:29||635631000||480270||0.00075241
20:30||632400500||477705||0.00075241
20:31||630100500||474094||0.00075241
20:32||631972500||474094||0.00075241
20:33||631354000||474094||0.00075241
20:34||630541500||474094||0.00075241
20:35||630101500||474094||0.00075241
20:36||628862500||473831||0.00075241
20:37||626865000||471761||0.00075241
20:38||623987500||470108||0.00075241
20:39||623954500||468905||0.00075241
20:40||623878000||468905||0.00075241
20:41||625506000||472367||0.00075241
20:42||625556000||472367||0.00075241
20:43||625509000||472367||0.00075241
20:44||625209500||472367||0.00075241
20:45||625900000||468698||0.00075241
20:46||624466500||468698||0.00075241
20:47||624643000||468698||0.00075241
20:48||621677000||468968||0.00075241
20:49||624144500||470256||0.00075241
20:50||624999500||470256||0.00075241
20:51||624999500||470256||0.00075241
20:52||624999500||470256||0.00075241
20:53||625999500||472291||0.00075241
20:54||627352500||471761||0.00075241
20:55||627352500||472291||0.00075241
20:56||627704500||472291||0.00075241
20:57||627704500||472290||0.00075241
20:58||627704500||472290||0.00075241
20:59||627704500||472290||0.00075241
21:00||627704500||472291||0.00075241
21:01||627704500||472291||0.00075241
21:02||628403000||472367||0.00075241
21:03||628403000||472367||0.00075241
21:04||628403000||472367||0.00075241
21:05||628403000||473265||0.00075241
21:06||628851000||474016||0.00075241
21:07||628851000||474016||0.00075241
21:08||629997500||474016||0.00075241
21:09||628852500||474769||0.00075241
21:10||628852500||474769||0.00075241
21:11||628852500||474769||0.00075241
21:12||628352500||474018||0.00075241
21:13||628852500||474018||0.00075241
21:14||628852500||474018||0.00075241
21:15||628852000||472291||0.00075241
21:16||628852000||474017||0.00075241
21:17||628540500||474018||0.00075241
21:18||628538000||473545||0.00075241
21:19||628352500||472291||0.00075241
21:20||628351500||472291||0.00075241
21:21||627861500||472519||0.00075241
21:22||627704500||472290||0.00075241
21:23||627704500||472290||0.00075241
21:24||627704500||472291||0.00075241
21:25||627704500||472291||0.00075241
21:26||627704500||472291||0.00075241
21:27||627704500||472291||0.00075241
21:28||627704500||472291||0.00075241
21:29||627852000||472519||0.00075241
21:30||627852000||472519||0.00075241
21:31||627852000||472519||0.00075241
21:32||627852000||472513||0.00075241
21:33||627852000||472513||0.00075241
21:34||627352000||472290||0.00075241
21:35||626000500||471761||0.00075241
21:36||626623000||471761||0.00075241
21:37||626623000||471761||0.00075241
21:38||627122000||471193||0.00075241
21:39||626245500||471192||0.00075241
21:40||626245500||471193||0.00075241
21:41||627622000||473265||0.00075241
21:42||628269000||473265||0.00075241
21:43||628300000||473265||0.00075241
21:44||629123000||473450||0.00075241
21:45||629616500||474018||0.00075241
21:46||629616500||474018||0.00075241
21:47||629999500||474018||0.00075241
21:48||629573500||474018||0.00075241
21:49||629573000||474018||0.00075241
21:50||628999500||474018||0.00075241
21:51||629571500||473374||0.00075241
21:52||629571000||473373||0.00075241
21:53||629570500||473373||0.00075241
21:54||628575000||472513||0.00075241
21:55||628000500||472513||0.00075241
21:56||628000500||472513||0.00075241
21:57||627800500||472513||0.00075241
21:58||627607500||472212||0.00075241
21:59||626300000||472212||0.00075241
22:00||625625000||472212||0.00075241
22:01||625000500||470256||0.00075241
22:02||624627500||470256||0.00075241
22:03||624262500||470256||0.00075241
22:04||624257500||469695||0.00075241
22:05||624257500||469699||0.00075241
22:06||624257000||469699||0.00075241
22:07||624257000||469699||0.00075241
22:08||624257500||469699||0.00075241
22:09||624257500||469699||0.00075241
22:10||624257500||469699||0.00075241
22:11||624259500||469695||0.00075241
22:12||624259500||469699||0.00075241
22:13||624259500||469699||0.00075241
22:14||624259500||469699||0.00075241
22:15||624259500||469699||0.00075241
22:16||626134000||472514||0.00075241
22:17||626383500||469704||0.00075241
22:18||627016500||469704||0.00075241
22:19||627016500||469704||0.00075241
22:20||627591000||473378||0.00075241
22:21||629159000||473378||0.00075241
22:22||629163000||473378||0.00075241
22:23||629163000||474578||0.00075241
22:24||629662000||474578||0.00075241
22:25||629667000||474578||0.00075241
22:26||628346000||474544||0.00075241
22:27||627293000||474544||0.00075241
22:28||626001500||473642||0.00075241
22:29||627749500||473642||0.00075241
22:30||627749500||473642||0.00075241
22:31||627746000||471008||0.00075241
22:32||627194500||471002||0.00075241
22:33||626129500||469698||0.00075241
22:34||624434000||469698||0.00075241
22:35||624359500||469698||0.00075241
22:36||626130000||472513||0.00075241
22:37||626129000||472511||0.00075241
22:38||625630000||472511||0.00075241
22:39||625630000||472511||0.00075241
22:40||625630000||472511||0.00075241
22:41||625630000||472511||0.00075241
22:42||625630500||472511||0.00075241
22:43||625630500||472511||0.00075241
22:44||625632000||472511||0.00075241
22:45||625632000||472511||0.00075241
22:46||626000000||469702||0.00075241
22:47||626020000||469702||0.00075241
22:48||626020000||471761||0.00075241
22:49||625431000||460474||0.00075241
22:50||625399000||460474||0.00075241
22:51||618051000||460474||0.00075241
22:52||618539500||469400||0.00075241
22:53||619503000||469400||0.00075241
22:54||619004500||464989||0.00075241
22:55||619020000||465019||0.00075241
22:56||620000500||465019||0.00075241
22:57||623043000||467251||0.00075241
22:58||623538000||460851||0.00075241
22:59||622749500||467999||0.00075241
23:00||622006500||469126||0.00075241
23:01||622000500||468011||0.00075241
23:02||615306000||462963||0.00075241
23:03||618653000||462963||0.00075241
23:04||615314500||462962||0.00075241
23:05||615314500||462962||0.00075241
23:06||609674500||458970||0.00075241
23:07||607115000||458725||0.00075241
23:08||604326000||454831||0.00075241
23:09||597598500||447832||0.00075241
23:10||597844000||448127||0.00075241
23:11||599021000||449972||0.00075241
23:12||599021000||451446||0.00075241
23:13||599021000||451446||0.00075241
23:14||599000000||451446||0.00075241
23:15||598004000||447755||0.00075241
23:16||597352000||451446||0.00075241
23:17||597356000||447697||0.00075241
23:18||599847500||451217||0.00075241
23:19||600500000||451217||0.00075241
23:20||600499500||451217||0.00075241
23:21||600000500||451217||0.00075241
23:22||600000500||451217||0.00075241
23:23||600000500||451446||0.00075241
23:24||600000500||451446||0.00075241
23:25||600499500||452197||0.00075241
23:26||600499500||451446||0.00075241
23:27||600499500||451446||0.00075241
23:28||600499500||451446||0.00075241
23:29||600499500||451446||0.00075241
23:30||600500000||451446||0.00075241
23:31||600500500||451446||0.00075241
23:32||599975500||451446||0.00075241
23:33||599577500||451446||0.00075241
23:34||597087500||451446||0.00075241
23:35||597509000||451445||0.00075241
23:36||597749500||451445||0.00075241
23:37||597495500||447683||0.00075241
23:38||597539500||447683||0.00075241
23:39||594426000||443989||0.00075241
23:40||590437500||443929||0.00075241
23:41||590010500||443930||0.00075241
23:42||590010500||443930||0.00075241
23:43||590010500||443930||0.00075241
23:44||590010500||443930||0.00075241
23:45||590010500||443930||0.00075241
23:46||590010500||443930||0.00075241
23:47||587283000||443930||0.00075241
23:48||586977000||443930||0.00075241
23:49||585700000||437902||0.00075241
23:50||585005500||437902||0.00075241
23:51||587550000||440235||0.00075241
23:52||588495000||440159||0.00075241
23:53||594068500||440159||0.00075241
23:54||591499500||442417||0.00075241
23:55||591492500||442406||0.00075241
23:56||591561500||442510||0.00075241
23:57||589999000||443912||0.00075241
23:58||590010500||443912||0.00075241
23:59||594968500||451370||0.00075241
