00:00||497499000||373267||0.00075241
00:01||497499000||373267||0.00075241
00:02||497499000||373310||0.00075241
00:03||497499000||373310||0.00075241
00:04||497499000||373310||0.00075241
00:05||497499000||373310||0.00075241
00:06||498499000||373310||0.00075241
00:07||497988000||373310||0.00075241
00:08||498397500||373310||0.00075241
00:09||497498000||373267||0.00075241
00:10||497525500||373267||0.00075241
00:11||497575000||375451||0.00075241
00:12||497575000||373308||0.00075241
00:13||497547000||375452||0.00075241
00:14||497547000||375409||0.00075241
00:15||497547000||373308||0.00075241
00:16||497547000||375409||0.00075241
00:17||497575500||375409||0.00075241
00:18||497638000||375409||0.00075241
00:19||497638000||373403||0.00075241
00:20||497775000||373403||0.00075241
00:21||498950000||373403||0.00075241
00:22||498950000||373403||0.00075241
00:23||497775000||373571||0.00075241
00:24||497775000||375452||0.00075241
00:25||497775000||375452||0.00075241
00:26||497775000||375452||0.00075241
00:27||497775000||375452||0.00075241
00:28||497775000||375452||0.00075241
00:29||497775000||375452||0.00075241
00:30||497775000||375452||0.00075241
00:31||497775000||375452||0.00075241
00:32||497775000||375452||0.00075241
00:33||497775000||375452||0.00075241
00:34||497775000||375452||0.00075241
00:35||497775000||375452||0.00075241
00:36||497775000||375452||0.00075241
00:37||497848500||375452||0.00075241
00:38||498510000||375452||0.00075241
00:39||500050000||375452||0.00075241
00:40||501517500||376956||0.00075241
00:41||501517500||376984||0.00075241
00:42||501517500||376984||0.00075241
00:43||501517500||377709||0.00075241
00:44||501517500||377709||0.00075241
00:45||501517500||377709||0.00075241
00:46||501517500||377709||0.00075241
00:47||501517500||376984||0.00075241
00:48||501517500||377709||0.00075241
00:49||501517500||377709||0.00075241
00:50||501517500||377709||0.00075241
00:51||501517500||377709||0.00075241
00:52||501513000||377702||0.00075241
00:53||501513000||377702||0.00075241
00:54||502535000||377763||0.00075241
00:55||502535000||377763||0.00075241
00:56||502535000||377763||0.00075241
00:57||502535000||378461||0.00075241
00:58||502535000||378461||0.00075241
00:59||502535000||377763||0.00075241
01:00||502535000||378461||0.00075241
01:01||503455500||378462||0.00075241
01:02||503455500||378484||0.00075241
01:03||503807000||378484||0.00075241
01:04||503807000||379125||0.00075241
01:05||503731500||379013||0.00075241
01:06||501469000||379013||0.00075241
01:07||501469000||379013||0.00075241
01:08||501690500||379125||0.00075241
01:09||501740500||379125||0.00075241
01:10||501940500||379125||0.00075241
01:11||501940000||379125||0.00075241
01:12||501939500||376205||0.00075241
01:13||501939500||376205||0.00075241
01:14||501939500||379123||0.00075241
01:15||501939500||376205||0.00075241
01:16||501900500||376205||0.00075241
01:17||501900500||376205||0.00075241
01:18||501900500||376205||0.00075241
01:19||501900500||376205||0.00075241
01:20||501900500||376205||0.00075241
01:21||501900500||376205||0.00075241
01:22||501900500||379064||0.00075241
01:23||501900500||379064||0.00075241
01:24||501900500||379064||0.00075241
01:25||501900500||379064||0.00075241
01:26||501900500||379064||0.00075241
01:27||501900500||376205||0.00075241
01:28||501900500||379064||0.00075241
01:29||501900500||379064||0.00075241
01:30||501900500||379064||0.00075241
01:31||501900500||376205||0.00075241
01:32||501900500||376205||0.00075241
01:33||501862500||379064||0.00075241
01:34||501862500||379064||0.00075241
01:35||501862500||379006||0.00075241
01:36||501500500||378785||0.00075241
01:37||501501000||378462||0.00075241
01:38||501751000||378838||0.00075241
01:39||501751000||378838||0.00075241
01:40||501751000||378838||0.00075241
01:41||501751000||378838||0.00075241
01:42||501751000||378838||0.00075241
01:43||501751000||378838||0.00075241
01:44||501751000||378838||0.00075241
01:45||501751000||378838||0.00075241
01:46||502251000||376582||0.00075241
01:47||502500000||376582||0.00075241
01:48||502750000||376582||0.00075241
01:49||502800000||376582||0.00075241
01:50||502800000||376582||0.00075241
01:51||502800000||376582||0.00075241
01:52||502800000||376582||0.00075241
01:53||503200500||379966||0.00075241
01:54||503295500||379966||0.00075241
01:55||503295000||379966||0.00075241
01:56||503295000||379966||0.00075241
01:57||503295000||379966||0.00075241
01:58||503295000||379966||0.00075241
01:59||503295000||377409||0.00075241
02:00||503325000||377409||0.00075241
02:01||503332500||379966||0.00075241
02:02||503327500||379966||0.00075241
02:03||503327000||379958||0.00075241
02:04||503327000||379958||0.00075241
02:05||503327000||377458||0.00075241
02:06||503332500||379966||0.00075241
02:07||503332500||379966||0.00075241
02:08||503332500||379966||0.00075241
02:09||503332500||377458||0.00075241
02:10||503332500||379966||0.00075241
02:11||503332500||377458||0.00075241
02:12||503333000||377459||0.00075241
02:13||503333000||379966||0.00075241
02:14||503299500||379966||0.00075241
02:15||503299500||377459||0.00075241
02:16||503299500||377459||0.00075241
02:17||503055000||379915||0.00075241
02:18||503055000||379915||0.00075241
02:19||503056000||379915||0.00075241
02:20||503056000||379547||0.00075241
02:21||503056000||379547||0.00075241
02:22||503056000||377460||0.00075241
02:23||503007000||379474||0.00075241
02:24||503007000||379474||0.00075241
02:25||503007000||379474||0.00075241
02:26||503007000||379474||0.00075241
02:27||503007000||377460||0.00075241
02:28||503007000||377460||0.00075241
02:29||503007000||379474||0.00075241
02:30||503007000||379474||0.00075241
02:31||503007000||379474||0.00075241
02:32||503007000||379474||0.00075241
02:33||503006500||379474||0.00075241
02:34||503006500||379474||0.00075241
02:35||503006500||379474||0.00075241
02:36||503006500||379474||0.00075241
02:37||503006500||379473||0.00075241
02:38||503006500||379473||0.00075241
02:39||503006500||379473||0.00075241
02:40||503006500||377460||0.00075241
02:41||503006500||379473||0.00075241
02:42||503006500||379473||0.00075241
02:43||503006500||379473||0.00075241
02:44||503006500||379473||0.00075241
02:45||503006500||379473||0.00075241
02:46||503006500||377460||0.00075241
02:47||503334000||379966||0.00075241
02:48||503334500||379967||0.00075241
02:49||503334500||379967||0.00075241
02:50||503301000||379916||0.00075241
02:51||503252000||379916||0.00075241
02:52||503252000||379916||0.00075241
02:53||503252000||379842||0.00075241
02:54||503252000||379842||0.00075241
02:55||503252000||379842||0.00075241
02:56||503252000||379842||0.00075241
02:57||503252000||379842||0.00075241
02:58||503203000||379842||0.00075241
02:59||503203000||379842||0.00075241
03:00||503203000||379842||0.00075241
03:01||503203000||377460||0.00075241
03:02||503234500||379816||0.00075241
03:03||503234500||377460||0.00075241
03:04||503234500||377460||0.00075241
03:05||503284500||379891||0.00075241
03:06||503334500||377460||0.00075241
03:07||503334500||377460||0.00075241
03:08||503334500||377460||0.00075241
03:09||503334500||377460||0.00075241
03:10||503334500||379967||0.00075241
03:11||503834000||379967||0.00075241
03:12||503834000||379967||0.00075241
03:13||503834000||379967||0.00075241
03:14||503834000||380718||0.00075241
03:15||503834000||377460||0.00075241
03:16||503834000||377460||0.00075241
03:17||503790500||377460||0.00075241
03:18||503693000||377460||0.00075241
03:19||503693000||380506||0.00075241
03:20||503693000||380506||0.00075241
03:21||503693000||380506||0.00075241
03:22||503693000||380506||0.00075241
03:23||503693000||380506||0.00075241
03:24||503693000||380506||0.00075241
03:25||503693000||380506||0.00075241
03:26||503693000||380506||0.00075241
03:27||503693000||380506||0.00075241
03:28||503693000||380506||0.00075241
03:29||503693000||380506||0.00075241
03:30||503693000||377460||0.00075241
03:31||503693000||377460||0.00075241
03:32||503652500||377460||0.00075241
03:33||503652500||377460||0.00075241
03:34||503652500||377460||0.00075241
03:35||503652500||377460||0.00075241
03:36||503693000||377460||0.00075241
03:37||503693000||380506||0.00075241
03:38||503692500||380505||0.00075241
03:39||503692500||380505||0.00075241
03:40||503692500||380505||0.00075241
03:41||503692500||380505||0.00075241
03:42||503692500||380505||0.00075241
03:43||503692500||380505||0.00075241
03:44||503692500||380505||0.00075241
03:45||503692500||380505||0.00075241
03:46||503692500||380505||0.00075241
03:47||503692500||380505||0.00075241
03:48||503692500||377460||0.00075241
03:49||503692500||377460||0.00075241
03:50||503652000||377460||0.00075241
03:51||503652000||377460||0.00075241
03:52||503652000||377460||0.00075241
03:53||500809500||377460||0.00075241
03:54||500809500||377460||0.00075241
03:55||500809500||377460||0.00075241
03:56||500809500||377421||0.00075241
03:57||500809500||376206||0.00075241
03:58||500809500||376206||0.00075241
03:59||500809500||376206||0.00075241
04:00||500809500||376206||0.00075241
04:01||500809500||376206||0.00075241
04:02||500809500||377421||0.00075241
04:03||500809500||376206||0.00075241
04:04||502696000||376206||0.00075241
04:05||502696000||380260||0.00075241
04:06||501717500||380260||0.00075241
04:07||500505500||380260||0.00075241
04:08||501252500||380260||0.00075241
04:09||501472500||376208||0.00075241
04:10||501472500||376208||0.00075241
04:11||501472500||376208||0.00075241
04:12||501502500||376208||0.00075241
04:13||501502500||378462||0.00075241
04:14||501502500||378462||0.00075241
04:15||501502500||378462||0.00075241
04:16||501502500||378462||0.00075241
04:17||501502500||376208||0.00075241
04:18||501502500||378462||0.00075241
04:19||501502500||378462||0.00075241
04:20||501502500||376208||0.00075241
04:21||501502500||376208||0.00075241
04:22||501502500||376208||0.00075241
04:23||501502500||376208||0.00075241
04:24||501502500||376208||0.00075241
04:25||501502500||376208||0.00075241
04:26||501502500||376208||0.00075241
04:27||501502500||376208||0.00075241
04:28||501502500||376208||0.00075241
04:29||503677500||381848||0.00075241
04:30||503925000||381848||0.00075241
04:31||505350000||381848||0.00075241
04:32||503950000||376618||0.00075241
04:33||504250000||376618||0.00075241
04:34||503800000||376618||0.00075241
04:35||504776000||380719||0.00075241
04:36||504776000||380719||0.00075241
04:37||504776000||380719||0.00075241
04:38||504779000||380719||0.00075241
04:39||504779000||380683||0.00075241
04:40||504803000||380683||0.00075241
04:41||504779000||380683||0.00075241
04:42||504779000||380683||0.00075241
04:43||504779000||380683||0.00075241
04:44||504779000||380683||0.00075241
04:45||504779000||380683||0.00075241
04:46||504779000||380683||0.00075241
04:47||504803000||380683||0.00075241
04:48||504803000||380683||0.00075241
04:49||504803000||380683||0.00075241
04:50||504779000||380683||0.00075241
04:51||504779000||380683||0.00075241
04:52||504755000||380683||0.00075241
04:53||504755000||378918||0.00075241
04:54||504730000||378918||0.00075241
04:55||504730000||378918||0.00075241
04:56||504730000||378918||0.00075241
04:57||504730000||378918||0.00075241
04:58||504730000||378918||0.00075241
04:59||504730000||378918||0.00075241
05:00||504730000||378918||0.00075241
05:01||504730000||378918||0.00075241
05:02||504730000||378918||0.00075241
05:03||504730000||378918||0.00075241
05:04||504730000||378918||0.00075241
05:05||504730000||378918||0.00075241
05:06||504730000||378918||0.00075241
05:07||504730000||378918||0.00075241
05:08||504730000||380609||0.00075241
05:09||504730000||380609||0.00075241
05:10||504730000||380609||0.00075241
05:11||504730000||378918||0.00075241
05:12||504730000||378918||0.00075241
05:13||504730000||378918||0.00075241
05:14||504730000||378918||0.00075241
05:15||503606500||378918||0.00075241
05:16||503606500||378918||0.00075241
05:17||503606500||378918||0.00075241
05:18||503606500||378918||0.00075241
05:19||503606500||378918||0.00075241
05:20||503606500||378918||0.00075241
05:21||503606500||378918||0.00075241
05:22||503606500||378918||0.00075241
05:23||503606500||378918||0.00075241
05:24||503606500||378918||0.00075241
05:25||503606500||378918||0.00075241
05:26||503606500||378918||0.00075241
05:27||503606500||378918||0.00075241
05:28||503606500||378918||0.00075241
05:29||503606500||378918||0.00075241
05:30||503606500||378918||0.00075241
05:31||503803000||378918||0.00075241
05:32||503606500||378918||0.00075241
05:33||503606500||378918||0.00075241
05:34||503803000||378918||0.00075241
05:35||503803000||378918||0.00075241
05:36||503799000||378918||0.00075241
05:37||503799000||378918||0.00075241
05:38||503799000||378918||0.00075241
05:39||503799000||378918||0.00075241
05:40||503799000||379208||0.00075241
05:41||503803000||379208||0.00075241
05:42||503803000||379208||0.00075241
05:43||503799000||379208||0.00075241
05:44||503606500||379208||0.00075241
05:45||503803000||378918||0.00075241
05:46||504289000||379967||0.00075241
05:47||504275000||379945||0.00075241
05:48||504247500||378918||0.00075241
05:49||504247500||378918||0.00075241
05:50||504444500||378913||0.00075241
05:51||504444500||378913||0.00075241
05:52||504444500||378913||0.00075241
05:53||504444500||378913||0.00075241
05:54||504444500||378913||0.00075241
05:55||504244500||379883||0.00075241
05:56||502632000||376619||0.00075241
05:57||502388500||376619||0.00075241
05:58||502207500||379328||0.00075241
05:59||502012500||379328||0.00075241
06:00||501952000||379328||0.00075241
06:01||502732000||376619||0.00075241
06:02||502732000||376619||0.00075241
06:03||502732000||376619||0.00075241
06:04||502732000||376619||0.00075241
06:05||502732000||376619||0.00075241
06:06||502733000||379903||0.00075241
06:07||502733000||379903||0.00075241
06:08||503457500||379903||0.00075241
06:09||503457500||379903||0.00075241
06:10||503457500||379903||0.00075241
06:11||503456000||379903||0.00075241
06:12||503457500||379903||0.00075241
06:13||503500000||379967||0.00075241
06:14||503500000||379967||0.00075241
06:15||503500000||379967||0.00075241
06:16||503500000||379967||0.00075241
06:17||503499500||379967||0.00075241
06:18||503500000||379967||0.00075241
06:19||503500000||379967||0.00075241
06:20||503500000||379967||0.00075241
06:21||502500000||379967||0.00075241
06:22||502999500||379967||0.00075241
06:23||502999500||379967||0.00075241
06:24||502999500||378461||0.00075241
06:25||502999500||378462||0.00075241
06:26||502999500||378462||0.00075241
06:27||502999500||378462||0.00075241
06:28||503999500||379967||0.00075241
06:29||503999500||379967||0.00075241
06:30||503999500||379967||0.00075241
06:31||503999500||379967||0.00075241
06:32||503999500||379967||0.00075241
06:33||503999500||379967||0.00075241
06:34||503999500||379967||0.00075241
06:35||503999500||379967||0.00075241
06:36||503999500||379967||0.00075241
06:37||503999500||379967||0.00075241
06:38||503499000||379967||0.00075241
06:39||503999500||379213||0.00075241
06:40||504999500||379967||0.00075241
06:41||503999500||379967||0.00075241
06:42||504426500||380609||0.00075241
06:43||504426500||380609||0.00075241
06:44||504426500||378461||0.00075241
06:45||504426500||378461||0.00075241
06:46||504426500||378461||0.00075241
06:47||504499500||380609||0.00075241
06:48||504989500||381456||0.00075241
06:49||504989500||381456||0.00075241
06:50||503891500||381456||0.00075241
06:51||501400000||380571||0.00075241
06:52||503950000||377634||0.00075241
06:53||503950500||377634||0.00075241
06:54||503950500||377634||0.00075241
06:55||504500000||380719||0.00075241
06:56||503500000||379214||0.00075241
06:57||503500000||379214||0.00075241
06:58||504050000||379967||0.00075241
06:59||504550000||380719||0.00075241
07:00||504550000||380719||0.00075241
07:01||504550000||380719||0.00075241
07:02||504750000||380719||0.00075241
07:03||503750000||380719||0.00075241
07:04||503750000||379214||0.00075241
07:05||504500000||379967||0.00075241
07:06||505000000||380719||0.00075241
07:07||504550000||378537||0.00075241
07:08||503750000||378838||0.00075241
07:09||503750000||378838||0.00075241
07:10||503750000||378838||0.00075241
07:11||503750000||378838||0.00075241
07:12||503750000||378838||0.00075241
07:13||503750000||378838||0.00075241
07:14||503550000||378537||0.00075241
07:15||503541000||379201||0.00075241
07:16||503550000||379201||0.00075241
07:17||503541000||379201||0.00075241
07:18||503541000||379201||0.00075241
07:19||503541000||379201||0.00075241
07:20||503541000||379201||0.00075241
07:21||503541000||379201||0.00075241
07:22||503541000||379201||0.00075241
07:23||503550000||379214||0.00075241
07:24||503541000||379214||0.00075241
07:25||503541000||378537||0.00075241
07:26||503541000||378537||0.00075241
07:27||503541000||379201||0.00075241
07:28||503542000||379201||0.00075241
07:29||503542000||379201||0.00075241
07:30||503542000||378538||0.00075241
07:31||503542000||379201||0.00075241
07:32||503542000||379201||0.00075241
07:33||503542000||379201||0.00075241
07:34||503542000||378538||0.00075241
07:35||503542000||378538||0.00075241
07:36||503542000||379201||0.00075241
07:37||503542000||379201||0.00075241
07:38||503542000||379201||0.00075241
07:39||503542000||379201||0.00075241
07:40||503533000||379187||0.00075241
07:41||503533000||379187||0.00075241
07:42||503533000||378538||0.00075241
07:43||503533000||379187||0.00075241
07:44||503582000||378612||0.00075241
07:45||503582000||378612||0.00075241
07:46||503582000||378612||0.00075241
07:47||503533000||378538||0.00075241
07:48||503533000||378538||0.00075241
07:49||503533000||379187||0.00075241
07:50||503532000||378537||0.00075241
07:51||503532000||378537||0.00075241
07:52||503532000||378537||0.00075241
07:53||503532000||379187||0.00075241
07:54||503532000||378537||0.00075241
07:55||503532000||378537||0.00075241
07:56||503532000||379187||0.00075241
07:57||503100500||379187||0.00075241
07:58||503100500||378537||0.00075241
07:59||503100500||378537||0.00075241
08:00||503100500||378537||0.00075241
08:01||503100500||378538||0.00075241
08:02||503100500||378538||0.00075241
08:03||503100500||378538||0.00075241
08:04||503100500||378538||0.00075241
08:05||503100500||376806||0.00075241
08:06||501927000||378538||0.00075241
08:07||500627500||374851||0.00075241
08:08||501528000||378502||0.00075241
08:09||501471000||378502||0.00075241
08:10||501001000||377679||0.00075241
08:11||501001000||378502||0.00075241
08:12||501497500||378502||0.00075241
08:13||501497500||378456||0.00075241
08:14||501497500||378456||0.00075241
08:15||500751000||377333||0.00075241
08:16||500751000||377333||0.00075241
08:17||501500500||377333||0.00075241
08:18||501501500||377333||0.00075241
08:19||501501500||378461||0.00075241
08:20||501501500||378461||0.00075241
08:21||501002000||378461||0.00075241
08:22||501001000||377708||0.00075241
08:23||501000500||377709||0.00075241
08:24||501000500||377709||0.00075241
08:25||501001500||377709||0.00075241
08:26||501001000||377709||0.00075241
08:27||501001000||377708||0.00075241
08:28||501001500||377709||0.00075241
08:30||501051500||377709||0.00075241
08:31||501051500||377709||0.00075241
08:29||501051500||377709||0.00075241
08:32||501051500||377709||0.00075241
08:33||501249500||377709||0.00075241
08:34||501249500||377709||0.00075241
08:35||501249500||377709||0.00075241
08:36||501254500||377709||0.00075241
08:37||501254500||377709||0.00075241
08:38||501254500||377709||0.00075241
08:39||501254500||376588||0.00075241
08:40||501204500||377633||0.00075241
08:41||501449500||377633||0.00075241
08:42||501449500||376957||0.00075241
08:43||501499500||377709||0.00075241
08:44||501499500||377709||0.00075241
08:45||501499500||377709||0.00075241
08:46||501500000||377709||0.00075241
08:47||501500000||377709||0.00075241
08:48||501500000||381471||0.00075241
08:49||501500500||377709||0.00075241
08:50||503959500||377709||0.00075241
08:51||502930500||380659||0.00075241
08:52||503500500||379110||0.00075241
08:53||504676000||379590||0.00075241
08:54||503501500||378839||0.00075241
08:55||503501500||378839||0.00075241
08:56||503501500||378839||0.00075241
08:57||503501500||378839||0.00075241
08:58||503501500||378839||0.00075241
08:59||504385500||380170||0.00075241
09:00||504000500||378839||0.00075241
09:01||504000500||378839||0.00075241
09:02||503990500||379590||0.00075241
09:03||503990500||379575||0.00075241
09:04||503990500||378839||0.00075241
09:05||503501500||379575||0.00075241
09:06||503501500||378839||0.00075241
09:07||503501500||378839||0.00075241
09:08||503500500||378839||0.00075241
09:09||503500500||378839||0.00075241
09:10||503500500||378838||0.00075241
09:11||503500500||378838||0.00075241
09:12||503250500||378838||0.00075241
09:13||503250500||378839||0.00075241
09:14||502427000||378462||0.00075241
09:15||502427000||378352||0.00075241
09:16||501302000||377332||0.00075241
09:17||501030500||377001||0.00075241
09:18||501030500||377001||0.00075241
09:19||501030500||377001||0.00075241
09:20||501030500||376958||0.00075241
09:21||501030500||377001||0.00075241
09:22||501030500||377001||0.00075241
09:23||501030500||377001||0.00075241
09:24||499563500||377001||0.00075241
09:25||499178000||374323||0.00075241
09:26||499110000||376745||0.00075241
09:27||499012500||374324||0.00075241
09:28||499205500||376552||0.00075241
09:29||499132000||374700||0.00075241
09:30||498881000||374700||0.00075241
09:31||498710000||375841||0.00075241
09:32||498585000||375561||0.00075241
09:33||497364500||373954||0.00075241
09:34||497290500||373954||0.00075241
09:35||496810000||373345||0.00075241
09:36||496690000||373345||0.00075241
09:37||496600500||373962||0.00075241
09:38||496518000||373962||0.00075241
09:39||496453500||373732||0.00075241
09:40||496404000||373349||0.00075241
09:41||496362500||373586||0.00075241
09:42||496332500||373556||0.00075241
09:43||496300500||373506||0.00075241
09:44||496274000||373350||0.00075241
09:45||496255000||373430||0.00075241
09:46||496238000||373349||0.00075241
09:47||496215500||373357||0.00075241
09:48||496215500||373357||0.00075241
09:49||496215500||373357||0.00075241
09:50||496215500||373357||0.00075241
09:51||496215500||373357||0.00075241
09:52||496215500||373357||0.00075241
09:53||497607500||373357||0.00075241
09:54||497607500||373357||0.00075241
09:55||497606500||375451||0.00075241
09:56||497665000||375450||0.00075241
09:57||497665000||375450||0.00075241
09:58||497666000||373445||0.00075241
09:59||497665500||375450||0.00075241
10:00||497718000||375450||0.00075241
10:01||497771000||375451||0.00075241
10:02||497771000||373603||0.00075241
10:03||497771000||373603||0.00075241
10:04||497771000||375451||0.00075241
10:05||497771000||373603||0.00075241
10:06||497771000||375451||0.00075241
10:07||497770500||375451||0.00075241
10:08||497770000||375450||0.00075241
10:09||497725000||373603||0.00075241
10:10||497725000||373603||0.00075241
10:11||497773500||375381||0.00075241
10:12||497771000||375381||0.00075241
10:13||497771000||375377||0.00075241
10:14||497761500||375362||0.00075241
10:15||497671000||375302||0.00075241
10:16||497671000||375302||0.00075241
10:17||497670500||373602||0.00075241
10:18||497566000||375302||0.00075241
10:19||497662000||373521||0.00075241
10:20||497665500||375369||0.00075241
10:21||497665500||375369||0.00075241
10:22||497621000||373527||0.00075241
10:23||497621000||373527||0.00075241
10:24||497620500||375300||0.00075241
10:25||497620500||375300||0.00075241
10:26||497620500||375300||0.00075241
10:27||497500000||373571||0.00075241
10:28||497676000||375299||0.00075241
10:29||497676000||375299||0.00075241
10:30||497672500||375294||0.00075241
10:31||497672500||375294||0.00075241
10:32||497671500||373612||0.00075241
10:33||497676500||373620||0.00075241
10:34||497691500||373620||0.00075241
10:35||497692000||375293||0.00075241
10:36||497693500||375293||0.00075241
10:37||498643000||375076||0.00075241
10:38||498374000||374700||0.00075241
10:39||497893500||373949||0.00075241
10:40||498051000||375451||0.00075241
10:41||497604500||375451||0.00075241
10:42||497647500||374098||0.00075241
10:43||497647000||374099||0.00075241
10:44||498145000||375445||0.00075241
10:45||498299500||375451||0.00075241
10:46||498277000||374366||0.00075241
10:47||498275500||375450||0.00075241
10:48||498123000||375449||0.00075241
10:49||498125500||375451||0.00075241
10:50||498124500||374137||0.00075241
10:51||498124000||375451||0.00075241
10:52||498124000||375449||0.00075241
10:53||498682000||376205||0.00075241
10:54||499501000||376205||0.00075241
10:55||498501500||374700||0.00075241
10:56||498501000||375454||0.00075241
10:57||498501000||375454||0.00075241
10:58||498500000||374700||0.00075241
10:59||498250000||375452||0.00075241
11:00||498181000||375452||0.00075241
11:01||498125000||375452||0.00075241
11:02||497750000||374700||0.00075241
11:03||497750000||374700||0.00075241
11:04||497375500||374324||0.00075241
11:05||497376500||374700||0.00075241
11:06||497626000||374700||0.00075241
11:07||498125500||375452||0.00075241
11:08||497236000||374114||0.00075241
11:09||497249500||373948||0.00075241
11:10||497550500||374700||0.00075241
11:11||497550500||374700||0.00075241
11:12||498000500||374024||0.00075241
11:13||497499500||374323||0.00075241
11:14||497300500||374023||0.00075241
11:15||497550500||374700||0.00075241
11:16||497550000||374700||0.00075241
11:17||497800500||374023||0.00075241
11:18||498000500||375377||0.00075241
11:19||497550500||374023||0.00075241
11:20||497550500||374023||0.00075241
11:21||497500500||374323||0.00075241
11:22||497500500||374323||0.00075241
11:23||497500500||374323||0.00075241
11:24||497500500||374323||0.00075241
11:25||497750000||374323||0.00075241
11:26||498000000||375076||0.00075241
11:27||498000000||375076||0.00075241
11:28||497500500||374323||0.00075241
11:29||497500500||374324||0.00075241
11:30||497500500||374324||0.00075241
11:31||498000000||375076||0.00075241
11:32||497750000||374323||0.00075241
11:33||498000000||375076||0.00075241
11:34||498750000||375452||0.00075241
11:35||497999500||374699||0.00075241
11:36||497999500||374700||0.00075241
11:37||498499500||374699||0.00075241
11:38||497999500||374699||0.00075241
11:39||497999500||374699||0.00075241
11:40||497999500||374700||0.00075241
11:41||497999500||374699||0.00075241
11:42||497999500||374700||0.00075241
11:43||497999500||374699||0.00075241
11:44||497999500||374700||0.00075241
11:45||497999500||374699||0.00075241
11:46||497999500||374700||0.00075241
11:47||497999500||374700||0.00075241
11:48||497999500||374700||0.00075241
11:49||497500500||374324||0.00075241
11:50||497750000||374700||0.00075241
11:51||497500500||374700||0.00075241
11:52||497625000||374700||0.00075241
11:53||497625000||374700||0.00075241
11:54||497625000||374135||0.00075241
11:55||498124500||375451||0.00075241
11:56||497750500||373948||0.00075241
11:57||497298500||373644||0.00075241
11:58||497298500||374700||0.00075241
11:59||497298500||373644||0.00075241
12:00||497562000||373665||0.00075241
12:01||497581500||375076||0.00075241
12:02||497831000||375451||0.00075241
12:03||497831000||373694||0.00075241
12:04||497796500||375451||0.00075241
12:05||497797500||375451||0.00075241
12:06||497799000||375451||0.00075241
12:07||497798500||373646||0.00075241
12:08||497798500||375450||0.00075241
12:09||497799500||373646||0.00075241
12:10||497797500||375449||0.00075241
12:11||497829000||375446||0.00075241
12:12||497849500||373722||0.00075241
12:13||497848500||375442||0.00075241
12:14||497852500||375441||0.00075241
12:15||498030500||375439||0.00075241
12:16||498015000||373985||0.00075241
12:17||498015000||373985||0.00075241
12:18||498019000||375435||0.00075241
12:19||498022500||373992||0.00075241
12:20||498982000||375442||0.00075241
12:21||498024000||375442||0.00075241
12:22||497762000||375435||0.00075241
12:23||497893500||375377||0.00075241
12:24||497754500||373658||0.00075241
12:25||497751000||375365||0.00075241
12:26||498884500||375365||0.00075241
12:27||498887500||375366||0.00075241
12:28||497797000||375366||0.00075241
12:29||497797000||373728||0.00075241
12:30||497942500||373947||0.00075241
12:31||497940500||375362||0.00075241
12:32||497958500||373977||0.00075241
12:33||497499500||375360||0.00075241
12:34||497499500||374323||0.00075241
12:35||497499500||374323||0.00075241
12:36||497499500||374323||0.00075241
12:37||497788500||374699||0.00075241
12:38||497259000||373961||0.00075241
12:39||497498500||374322||0.00075241
12:40||497498500||374322||0.00075241
12:41||497498500||374322||0.00075241
12:42||497498500||374323||0.00075241
12:43||497498500||374323||0.00075241
12:44||497499000||374322||0.00075241
12:45||497749500||374323||0.00075241
12:46||497499500||374323||0.00075241
12:47||497499500||374323||0.00075241
12:48||497753500||374331||0.00075241
12:49||497759000||374339||0.00075241
12:50||497999500||374699||0.00075241
12:51||498248000||375074||0.00075241
12:52||498247000||375074||0.00075241
12:53||498252000||375074||0.00075241
12:54||498265500||375074||0.00075241
12:55||498295500||374749||0.00075241
12:56||498112500||374781||0.00075241
12:57||498262000||375074||0.00075241
12:58||498497500||375074||0.00075241
12:59||498249000||375075||0.00075241
13:00||498250500||375076||0.00075241
13:01||498417500||375300||0.00075241
13:02||498417000||374728||0.00075241
13:03||498416500||374728||0.00075241
13:04||498417500||375300||0.00075241
13:05||498453500||375354||0.00075241
13:06||498488500||374728||0.00075241
13:07||498574000||374728||0.00075241
13:08||498636500||374931||0.00075241
13:09||498688000||375354||0.00075241
13:10||498720000||375354||0.00075241
13:11||498752500||375354||0.00075241
13:12||498712500||375354||0.00075241
13:13||498401500||375354||0.00075241
13:14||498269000||374994||0.00075241
13:15||498554500||375354||0.00075241
13:16||498602500||375354||0.00075241
13:17||498436000||374700||0.00075241
13:18||498447000||375358||0.00075241
13:19||498446000||374714||0.00075241
13:20||498437000||374701||0.00075241
13:21||498436000||374700||0.00075241
13:22||498430000||375347||0.00075241
13:23||498425000||375339||0.00075241
13:24||498177500||375338||0.00075241
13:25||498168000||375318||0.00075241
13:26||498090500||374335||0.00075241
13:27||498088000||374335||0.00075241
13:28||498080000||374335||0.00075241
13:29||498080000||375185||0.00075241
13:30||498078000||374335||0.00075241
13:31||498077500||374335||0.00075241
13:32||498078500||374335||0.00075241
13:33||498056500||374335||0.00075241
13:34||498007000||375076||0.00075241
13:35||498006500||375074||0.00075241
13:36||498006500||375073||0.00075241
13:37||498484000||374335||0.00075241
13:38||498011500||375083||0.00075241
13:39||497906500||374335||0.00075241
13:40||498006500||375076||0.00075241
13:41||498008000||375076||0.00075241
13:42||498011000||375080||0.00075241
13:43||498006000||375082||0.00075241
13:44||498011000||374334||0.00075241
13:45||498012000||375082||0.00075241
13:46||491893500||375082||0.00075241
13:47||491892500||375082||0.00075241
13:48||492339500||375082||0.00075241
13:49||491113000||366593||0.00075241
13:50||490999000||366593||0.00075241
13:51||489940500||370935||0.00075241
13:52||490050500||366502||0.00075241
13:53||490050500||366502||0.00075241
13:54||490338000||366767||0.00075241
13:55||490697000||367096||0.00075241
13:56||490497000||367173||0.00075241
13:57||490439000||367085||0.00075241
13:58||489690500||369808||0.00075241
13:59||489689000||367088||0.00075241
14:00||489691000||369809||0.00075241
14:01||488255500||368593||0.00075241
14:02||488313500||369807||0.00075241
14:03||488308500||368673||0.00075241
14:04||488342000||368671||0.00075241
14:05||488342000||368671||0.00075241
14:06||488342000||366194||0.00075241
14:07||489095500||369805||0.00075241
14:08||489060500||369801||0.00075241
14:09||489058000||366146||0.00075241
14:10||489058000||366146||0.00075241
14:11||488988000||366146||0.00075241
14:12||488985000||366145||0.00075241
14:13||487314000||367176||0.00075241
14:14||486650000||367174||0.00075241
14:15||486677000||367174||0.00075241
14:16||486702500||365227||0.00075241
14:17||488638500||369683||0.00075241
14:18||488403500||366026||0.00075241
14:19||488403500||366026||0.00075241
14:20||488511000||366026||0.00075241
14:21||486134000||365671||0.00075241
14:22||488719500||365672||0.00075241
14:23||488967500||365672||0.00075241
14:24||489015500||369682||0.00075241
14:25||489015500||369682||0.00075241
14:26||489065000||369682||0.00075241
14:27||489415500||369682||0.00075241
14:28||489415500||366799||0.00075241
14:29||488751000||369433||0.00075241
14:30||488751500||368680||0.00075241
14:31||488751500||366802||0.00075241
14:32||488751500||366802||0.00075241
14:33||488552500||368382||0.00075241
14:34||488752000||368680||0.00075241
14:35||489202500||369358||0.00075241
14:36||489203000||369358||0.00075241
14:37||489208500||369358||0.00075241
14:38||489156500||366859||0.00075241
14:39||490950500||369432||0.00075241
14:40||490949500||369359||0.00075241
14:41||489401500||367030||0.00075241
14:42||489401500||367030||0.00075241
14:43||489405500||369430||0.00075241
14:44||489408500||369431||0.00075241
14:45||489408500||369432||0.00075241
14:46||489413000||369432||0.00075241
14:47||489414000||369433||0.00075241
14:48||489416500||369433||0.00075241
14:49||489422500||367058||0.00075241
14:50||489202500||369360||0.00075241
14:51||490904000||369361||0.00075241
14:52||489214000||366817||0.00075241
14:53||487524500||366817||0.00075241
14:54||489011000||369055||0.00075241
14:55||488660000||366816||0.00075241
14:56||488661000||368528||0.00075241
14:57||488661000||366816||0.00075241
14:58||489262000||369433||0.00075241
14:59||488687000||368568||0.00075241
15:00||488637000||368492||0.00075241
15:01||488637000||368492||0.00075241
15:02||489262000||369433||0.00075241
15:03||489264000||366820||0.00075241
15:04||489259500||366817||0.00075241
15:05||489260500||366819||0.00075241
15:06||489261000||366820||0.00075241
15:07||489273500||366821||0.00075241
15:08||489282000||366851||0.00075241
15:09||488784500||368680||0.00075241
15:10||489281000||369429||0.00075241
15:11||489297500||366875||0.00075241
15:12||489297500||366878||0.00075241
15:13||489299000||366875||0.00075241
15:14||488304000||366881||0.00075241
15:15||487810000||367176||0.00075241
15:16||487809000||366888||0.00075241
15:17||487809000||367176||0.00075241
15:18||487809000||367176||0.00075241
15:19||487804000||366881||0.00075241
15:20||487569500||366822||0.00075241
15:21||487765000||367176||0.00075241
15:22||487766000||367176||0.00075241
15:23||487775000||367176||0.00075241
15:24||487783500||367176||0.00075241
15:25||487783500||367176||0.00075241
15:26||487999500||366857||0.00075241
15:27||487999500||367176||0.00075241
15:28||487999500||367176||0.00075241
15:29||487999500||367176||0.00075241
15:30||487999500||367176||0.00075241
15:31||487999500||367176||0.00075241
15:32||487999500||367176||0.00075241
15:33||487999500||367175||0.00075241
15:34||487999500||367176||0.00075241
15:35||487999500||367176||0.00075241
15:36||487999500||367175||0.00075241
15:37||487999500||366844||0.00075241
15:38||487779000||367176||0.00075241
15:39||487779000||366844||0.00075241
15:40||487779500||367176||0.00075241
15:41||487779500||366844||0.00075241
15:42||487779500||366844||0.00075241
15:43||487759000||367176||0.00075241
15:44||487759000||367145||0.00075241
15:45||487779000||367176||0.00075241
15:46||487729000||367176||0.00075241
15:47||486530000||364918||0.00075241
15:48||487250000||367176||0.00075241
15:49||487250000||366047||0.00075241
15:50||487249000||367176||0.00075241
15:51||487250000||366047||0.00075241
15:52||487200000||366047||0.00075241
15:53||486987000||367096||0.00075241
15:54||487139000||365907||0.00075241
15:55||486383000||365958||0.00075241
15:56||487154000||367096||0.00075241
15:57||487155000||367097||0.00075241
15:58||487458000||367097||0.00075241
15:59||487458000||367097||0.00075241
16:00||487462000||367176||0.00075241
16:01||486924500||366367||0.00075241
16:02||486924500||366366||0.00075241
16:03||486924500||366367||0.00075241
16:04||486924500||366366||0.00075241
16:05||486924500||366367||0.00075241
16:06||486924500||366366||0.00075241
16:07||486924500||366366||0.00075241
16:08||486924500||366366||0.00075241
16:09||486924500||366367||0.00075241
16:10||486924500||366367||0.00075241
16:11||486924500||366367||0.00075241
16:12||486924500||366367||0.00075241
16:13||486924500||366366||0.00075241
16:14||486924500||366367||0.00075241
16:15||486924500||366366||0.00075241
16:16||486924500||366367||0.00075241
16:17||486924500||366367||0.00075241
16:18||486924500||366367||0.00075241
16:19||485982000||364919||0.00075241
16:20||485982000||366367||0.00075241
16:21||485981500||364948||0.00075241
16:22||486067500||365036||0.00075241
16:23||486154000||365185||0.00075241
16:24||486233000||366366||0.00075241
16:25||486018500||364948||0.00075241
16:26||486191000||366367||0.00075241
16:27||486266000||366367||0.00075241
16:28||486333000||365477||0.00075241
16:29||486382500||366366||0.00075241
16:30||486441000||366367||0.00075241
16:31||486519000||365729||0.00075241
16:32||486587500||365835||0.00075241
16:33||486637500||366367||0.00075241
16:34||486669500||366367||0.00075241
16:35||486721000||366367||0.00075241
16:36||486759000||366110||0.00075241
16:37||486792000||366367||0.00075241
16:38||486815000||366367||0.00075241
16:39||486828000||366221||0.00075241
16:40||486827000||366288||0.00075241
16:41||486769000||366279||0.00075241
16:42||486134500||366278||0.00075241
16:43||486134500||366278||0.00075241
16:44||486134500||365266||0.00075241
16:45||486131000||366271||0.00075241
16:46||485733000||366270||0.00075241
16:47||485733000||365671||0.00075241
16:48||485002500||366270||0.00075241
16:49||485899500||364921||0.00075241
16:50||485005500||364921||0.00075241
16:51||485900000||364921||0.00075241
16:52||485902000||366264||0.00075241
16:53||486862000||366272||0.00075241
16:54||486809000||366272||0.00075241
16:55||486862000||366367||0.00075241
16:56||486862000||366367||0.00075241
16:57||486022500||366367||0.00075241
16:58||486024500||366367||0.00075241
16:59||486025000||366367||0.00075241
17:00||486026500||366367||0.00075241
17:01||486024000||365011||0.00075241
17:02||486141000||365191||0.00075241
17:03||486262500||366365||0.00075241
17:04||486056500||365009||0.00075241
17:05||486191500||365221||0.00075241
17:06||486333000||365443||0.00075241
17:07||486922000||366367||0.00075241
17:08||486921000||366362||0.00075241
17:09||486494000||365720||0.00075241
17:10||486549500||366365||0.00075241
17:11||486464000||365675||0.00075241
17:12||483715500||361541||0.00075241
17:13||484685500||364918||0.00075241
17:14||483734500||363766||0.00075241
17:15||483734500||363766||0.00075241
17:16||483753000||363766||0.00075241
17:17||485346500||366353||0.00075241
17:18||485585500||366352||0.00075241
17:19||485276000||365669||0.00075241
17:20||485386000||364715||0.00075241
17:21||484966500||364918||0.00075241
17:22||484245500||364911||0.00075241
17:23||484387000||364908||0.00075241
17:24||484469000||364119||0.00075241
17:25||483210500||364894||0.00075241
17:26||482947500||362584||0.00075241
17:27||483018500||362802||0.00075241
17:28||483139000||363019||0.00075241
17:29||483275000||363997||0.00075241
17:30||483363500||363353||0.00075241
17:31||483418500||363467||0.00075241
17:32||483499500||363789||0.00075241
17:33||483499500||363789||0.00075241
17:34||483749500||363978||0.00075241
17:35||483749500||363998||0.00075241
17:36||483749500||363978||0.00075241
17:37||483874500||364166||0.00075241
17:38||483750500||363979||0.00075241
17:39||483875000||364166||0.00075241
17:40||483750500||363978||0.00075241
17:41||484375000||364918||0.00075241
17:42||485054000||364998||0.00075241
17:43||485002500||365671||0.00075241
17:44||485002500||364921||0.00075241
17:45||485460500||365596||0.00075241
17:46||485520000||365671||0.00075241
17:47||485520000||364948||0.00075241
17:48||485999000||364964||0.00075241
17:49||486015000||365091||0.00075241
17:50||486650000||366047||0.00075241
17:51||485930500||364964||0.00075241
17:52||485529500||365669||0.00075241
17:53||485531000||365671||0.00075241
17:54||485531500||364966||0.00075241
17:55||485531000||365670||0.00075241
17:56||485530500||365669||0.00075241
17:57||485522000||364965||0.00075241
17:58||485509500||365654||0.00075241
17:59||485510000||364950||0.00075241
18:00||485042500||364950||0.00075241
18:01||484531000||364182||0.00075241
18:02||484604500||364948||0.00075241
18:03||484686000||364949||0.00075241
18:04||485614000||365091||0.00075241
18:05||485700000||365210||0.00075241
18:06||485053000||364247||0.00075241
18:07||485217000||364363||0.00075241
18:08||485999000||365671||0.00075241
18:09||485616000||366347||0.00075241
18:10||485824500||366362||0.00075241
18:11||485955000||364912||0.00075241
18:12||486088500||366362||0.00075241
18:13||486460500||366362||0.00075241
18:14||487532000||367844||0.00075241
18:15||487692000||367843||0.00075241
18:16||487856500||367843||0.00075241
18:17||488017500||367843||0.00075241
18:18||488122500||367843||0.00075241
18:19||488171500||367843||0.00075241
18:21||487666000||367843||0.00075241
18:22||487856000||366291||0.00075241
18:23||487998500||367843||0.00075241
18:24||488122000||367843||0.00075241
18:25||488243500||366832||0.00075241
18:26||488077500||367552||0.00075241
18:27||488030000||367543||0.00075241
18:28||487388000||367542||0.00075241
18:29||487749500||367175||0.00075241
18:30||487816500||366818||0.00075241
18:31||488243500||367176||0.00075241
18:32||488843000||367843||0.00075241
18:33||488883500||367838||0.00075241
18:34||488884000||367844||0.00075241
18:35||488884000||367844||0.00075241
18:36||488885000||367844||0.00075241
18:37||488942500||367841||0.00075241
18:38||489442000||368680||0.00075241
18:39||489442000||367841||0.00075241
18:40||489442000||367841||0.00075241
18:41||489442000||367841||0.00075241
18:42||489442000||368680||0.00075241
18:43||489437000||368672||0.00075241
18:44||489392500||368672||0.00075241
18:45||489438000||368672||0.00075241
18:46||489449000||368672||0.00075241
18:47||489504000||367942||0.00075241
18:48||489509000||367942||0.00075241
18:49||489509000||367942||0.00075241
18:50||489509500||367942||0.00075241
18:51||489495000||368759||0.00075241
18:52||489495000||368759||0.00075241
18:53||489495000||368759||0.00075241
18:54||489563500||368759||0.00075241
18:55||489808500||368078||0.00075241
18:56||490105500||368759||0.00075241
18:57||490605000||369417||0.00075241
18:58||490159500||368759||0.00075241
18:59||490159500||368759||0.00075241
19:00||490154500||368759||0.00075241
19:01||490546500||369417||0.00075241
19:02||490544500||368771||0.00075241
19:03||490546500||369413||0.00075241
19:04||490546000||369412||0.00075241
19:05||490539500||369412||0.00075241
19:06||490493500||369369||0.00075241
19:07||490423000||368762||0.00075241
19:08||489932500||367984||0.00075241
19:09||489704000||369212||0.00075241
19:10||489560000||368879||0.00075241
19:11||489430500||367841||0.00075241
19:12||489319000||367838||0.00075241
19:13||489289500||367838||0.00075241
19:14||489163500||367838||0.00075241
19:15||489037500||368124||0.00075241
19:16||489003500||368039||0.00075241
19:17||488107000||367753||0.00075241
19:18||488175500||367838||0.00075241
19:19||487696000||367599||0.00075241
19:20||488056000||367838||0.00075241
19:21||488243500||367838||0.00075241
19:22||488373000||367006||0.00075241
19:23||488474000||367836||0.00075241
19:24||488541500||367838||0.00075241
19:25||488599000||367838||0.00075241
19:26||488874500||367138||0.00075241
19:27||489398500||368227||0.00075241
19:28||488756500||368228||0.00075241
19:29||488878500||368227||0.00075241
19:30||489394000||368227||0.00075241
19:31||488890000||368222||0.00075241
19:32||488926500||367586||0.00075241
19:33||489307500||368160||0.00075241
19:34||489307500||368160||0.00075241
19:35||489693500||368680||0.00075241
19:36||490096500||369207||0.00075241
19:37||490825000||368357||0.00075241
19:38||488082000||369395||0.00075241
19:39||488674500||365910||0.00075241
19:40||489235000||369387||0.00075241
19:41||489746000||367555||0.00075241
19:42||489937500||369363||0.00075241
19:43||490088000||368133||0.00075241
19:44||490241000||369362||0.00075241
19:45||490342500||368470||0.00075241
19:46||490423000||368633||0.00075241
19:47||490446500||369282||0.00075241
19:48||490492000||369282||0.00075241
19:49||490583000||368851||0.00075241
19:50||490899500||369357||0.00075241
19:51||490919000||369387||0.00075241
19:52||490919000||369387||0.00075241
19:53||490919000||369357||0.00075241
19:54||490919000||369387||0.00075241
19:55||490918000||369386||0.00075241
19:56||490261000||368370||0.00075241
19:57||490361500||369358||0.00075241
19:58||490497000||369358||0.00075241
19:59||490579500||368829||0.00075241
20:00||490641000||368958||0.00075241
20:01||490694500||369384||0.00075241
20:02||490228500||368680||0.00075241
20:03||490001500||368680||0.00075241
20:04||490000500||368683||0.00075241
20:05||490000500||368681||0.00075241
20:06||489800500||368379||0.00075241
20:07||490249500||369356||0.00075241
20:08||490250000||369356||0.00075241
20:09||490250000||369358||0.00075241
20:10||490251000||369358||0.00075241
20:11||490336500||368492||0.00075241
20:12||490439000||368664||0.00075241
20:13||490534500||369384||0.00075241
20:14||490602000||369384||0.00075241
20:15||490648500||369385||0.00075241
20:16||490936500||369385||0.00075241
20:17||490936500||369385||0.00075241
20:18||490937500||369387||0.00075241
20:19||490936500||369385||0.00075241
20:20||490943000||369385||0.00075241
20:21||490953000||369403||0.00075241
20:22||490962500||369417||0.00075241
20:23||490962500||369417||0.00075241
20:24||490962500||369417||0.00075241
20:25||490962500||369392||0.00075241
20:26||490962500||369417||0.00075241
20:27||490940500||369417||0.00075241
20:28||490978500||369417||0.00075241
20:29||490978500||369416||0.00075241
20:30||490978500||369417||0.00075241
20:31||491489500||370169||0.00075241
20:32||491499500||370184||0.00075241
20:33||491509500||369448||0.00075241
20:34||491509000||369448||0.00075241
20:35||491509000||370183||0.00075241
20:36||491997500||370183||0.00075241
20:37||491997500||370183||0.00075241
20:38||490784000||368394||0.00075241
20:39||490735000||369996||0.00075241
20:40||490000500||368681||0.00075241
20:41||490000500||368680||0.00075241
20:42||490000500||368680||0.00075241
20:43||490000500||368680||0.00075241
20:44||490174000||368395||0.00075241
20:45||489810500||368680||0.00075241
20:46||490161000||369207||0.00075241
20:47||490082500||369056||0.00075241
20:48||490349500||369207||0.00075241
20:49||489999500||368680||0.00075241
20:50||489999500||368680||0.00075241
20:51||489999500||368680||0.00075241
20:52||489999500||368680||0.00075241
20:53||489999500||368680||0.00075241
20:54||489999500||368680||0.00075241
20:55||489999500||368680||0.00075241
20:56||489999500||368680||0.00075241
20:57||489999500||368680||0.00075241
20:58||489999500||368680||0.00075241
20:59||489279500||368370||0.00075241
21:00||489279500||368370||0.00075241
21:01||488801000||368370||0.00075241
21:02||488801000||368370||0.00075241
21:03||488801500||367188||0.00075241
21:04||488801500||368370||0.00075241
21:05||488801500||368370||0.00075241
21:06||488743000||368282||0.00075241
21:07||488422000||366650||0.00075241
21:08||488422000||368304||0.00075241
21:09||488671500||368680||0.00075241
21:10||488671500||366682||0.00075241
21:11||488671500||368680||0.00075241
21:12||488773000||368677||0.00075241
21:13||488773000||366837||0.00075241
21:14||488701500||368570||0.00075241
21:15||488725000||368605||0.00075241
21:16||488948500||368677||0.00075241
21:17||488603000||368609||0.00075241
21:18||488574500||368566||0.00075241
21:19||488574500||368566||0.00075241
21:20||487849500||365671||0.00075241
21:21||487470000||365671||0.00075241
21:22||486098000||365671||0.00075241
21:23||486098000||365818||0.00075241
21:24||487495500||367928||0.00075241
21:25||487415000||365671||0.00075241
21:26||487216000||365371||0.00075241
21:27||487215500||365371||0.00075241
21:28||487215500||365371||0.00075241
21:29||486224000||366308||0.00075241
21:30||486224000||366308||0.00075241
21:31||486223500||365370||0.00075241
21:32||482572500||363476||0.00075241
21:33||482531500||362661||0.00075241
21:34||483110500||362796||0.00075241
21:35||483110500||364198||0.00075241
21:36||483110500||362796||0.00075241
21:37||483256500||362990||0.00075241
21:38||483409000||364198||0.00075241
21:39||483522500||363344||0.00075241
21:40||482525500||362768||0.00075241
21:41||482581500||363344||0.00075241
21:42||483263500||362968||0.00075241
21:43||483393000||364229||0.00075241
21:44||483466000||364210||0.00075241
21:45||483171500||362952||0.00075241
21:46||483245500||364106||0.00075241
21:47||483445000||364227||0.00075241
21:48||483575500||364228||0.00075241
21:49||483658500||364228||0.00075241
21:50||483729500||364229||0.00075241
21:51||483732000||364229||0.00075241
21:52||483732000||364229||0.00075241
21:53||483728000||364219||0.00075241
21:54||483147000||362768||0.00075241
21:55||483304500||364194||0.00075241
21:56||483459500||363305||0.00075241
21:57||485530000||367168||0.00075241
21:58||485848000||363612||0.00075241
21:59||485891000||363612||0.00075241
22:00||485694000||364083||0.00075241
22:01||484569500||362737||0.00075241
22:02||484816500||366172||0.00075241
22:03||485910000||366234||0.00075241
22:04||486374500||365671||0.00075241
22:05||487290000||366116||0.00075241
22:06||487771000||366815||0.00075241
22:07||487795500||367165||0.00075241
22:08||487795500||367165||0.00075241
22:09||487796500||366878||0.00075241
22:10||487797000||367167||0.00075241
22:11||487797000||367167||0.00075241
22:12||487797000||366878||0.00075241
22:13||488132500||366878||0.00075241
22:14||488132000||367671||0.00075241
22:15||488132000||367671||0.00075241
22:16||488132000||367671||0.00075241
22:17||488127500||366878||0.00075241
22:18||488068000||367654||0.00075241
22:19||487348000||365676||0.00075241
22:20||487363000||367677||0.00075241
22:21||487363000||367677||0.00075241
22:22||487363000||367677||0.00075241
22:23||487565000||367677||0.00075241
22:24||487695500||367647||0.00075241
22:25||487846000||367677||0.00075241
22:26||487960500||366568||0.00075241
22:27||488230000||367928||0.00075241
22:28||488338000||367928||0.00075241
22:29||488431500||367015||0.00075241
22:30||488523500||367195||0.00075241
22:31||488583500||367273||0.00075241
22:32||488645000||367928||0.00075241
22:33||488661000||367418||0.00075241
22:34||488944000||368304||0.00075241
22:35||487812500||368288||0.00075241
22:36||488008500||368288||0.00075241
22:37||488210000||368288||0.00075241
22:38||488384000||368288||0.00075241
22:39||488535000||366838||0.00075241
22:40||488683000||368288||0.00075241
22:41||488779500||367190||0.00075241
22:42||489080000||367398||0.00075241
22:43||489194500||368605||0.00075241
22:44||489294000||368605||0.00075241
22:45||489369000||367770||0.00075241
22:46||488238000||368540||0.00075241
22:47||486725500||366265||0.00075241
22:48||488310500||366170||0.00075241
22:49||488157000||366263||0.00075241
22:50||488129000||368279||0.00075241
22:51||486726500||366265||0.00075241
22:52||488283000||368509||0.00075241
22:53||488246000||368417||0.00075241
22:54||488345000||368530||0.00075241
22:55||488394500||368604||0.00075241
22:56||488394500||366340||0.00075241
22:57||488336000||366345||0.00075241
22:58||488140000||368255||0.00075241
22:59||487561500||368013||0.00075241
23:00||487615000||368013||0.00075241
23:01||487910500||368488||0.00075241
23:02||487824000||365762||0.00075241
23:03||487617500||365754||0.00075241
23:04||487388000||365677||0.00075241
23:05||487199500||367469||0.00075241
23:06||486009000||365677||0.00075241
23:07||485555000||364994||0.00075241
23:08||485556000||365678||0.00075241
23:09||485556000||365678||0.00075241
23:10||485555000||364994||0.00075241
23:11||485498000||365678||0.00075241
23:12||485464500||364922||0.00075241
23:13||485426000||365554||0.00075241
23:14||485389500||364920||0.00075241
23:15||485464000||365614||0.00075241
23:16||485405500||365554||0.00075241
23:17||485416000||364923||0.00075241
23:18||485480000||364918||0.00075241
23:19||485505000||365625||0.00075241
23:20||485506000||364918||0.00075241
23:21||485001000||365678||0.00075241
23:22||486009000||365678||0.00075241
23:23||485507000||365678||0.00075241
23:24||485001000||364918||0.00075241
23:25||485506000||364918||0.00075241
23:26||485502500||365678||0.00075241
23:27||485508500||365678||0.00075241
23:28||485508500||365678||0.00075241
23:29||485508500||364918||0.00075241
23:30||485506000||365678||0.00075241
23:31||485505000||364918||0.00075241
23:32||485501500||364920||0.00075241
23:33||485500500||364920||0.00075241
23:34||485505000||364920||0.00075241
23:35||485506000||365678||0.00075241
23:36||485506000||365678||0.00075241
23:37||485506000||364920||0.00075241
23:38||487206000||368304||0.00075241
23:39||487031000||368037||0.00075241
23:40||486794000||367616||0.00075241
23:41||486519000||364920||0.00075241
23:42||486485500||367154||0.00075241
23:43||486485500||367154||0.00075241
23:44||486485500||367154||0.00075241
23:45||486486500||364918||0.00075241
23:46||486486500||367154||0.00075241
23:47||486368500||367020||0.00075241
23:48||486285500||366892||0.00075241
23:49||486158000||364920||0.00075241
23:50||486018500||366519||0.00075241
23:51||485878500||366240||0.00075241
23:52||485772500||364918||0.00075241
23:53||484543500||364917||0.00075241
23:54||484541000||364229||0.00075241
23:55||486786500||368379||0.00075241
23:56||486523000||364231||0.00075241
23:57||485043000||365891||0.00075241
23:58||485003500||364231||0.00075241
23:59||484435000||364231||0.00075241
