00:00||561006500||421415||0.00075241
00:01||561112500||421415||0.00075241
00:02||561112500||421415||0.00075241
00:03||561112500||421415||0.00075241
00:04||561112500||421415||0.00075241
00:05||561130500||421415||0.00075241
00:06||561130500||421415||0.00075241
00:07||561130500||421415||0.00075241
00:08||561130500||421415||0.00075241
00:09||561130500||422854||0.00075241
00:10||561131000||422854||0.00075241
00:11||561131000||422854||0.00075241
00:12||561131000||422854||0.00075241
00:13||561131000||422855||0.00075241
00:14||561131000||422855||0.00075241
00:15||561131000||422855||0.00075241
00:16||561131000||421545||0.00075241
00:17||561113500||421545||0.00075241
00:18||561113500||421545||0.00075241
00:19||561113500||421545||0.00075241
00:20||561064000||421545||0.00075241
00:21||561064000||421545||0.00075241
00:22||561064000||421545||0.00075241
00:23||561064000||421545||0.00075241
00:24||561028000||421491||0.00075241
00:25||560229500||421552||0.00075241
00:26||559033000||419888||0.00075241
00:27||559033000||419888||0.00075241
00:28||559033000||421355||0.00075241
00:29||559009500||421355||0.00075241
00:30||559009500||421355||0.00075241
00:31||559009500||421320||0.00075241
00:32||559009500||421320||0.00075241
00:33||559009500||421320||0.00075241
00:34||558406500||421320||0.00075241
00:35||558406500||421320||0.00075241
00:36||558406500||420412||0.00075241
00:37||558406500||420412||0.00075241
00:38||558406500||419888||0.00075241
00:39||558767500||420956||0.00075241
00:40||559731000||420956||0.00075241
00:41||559725500||420956||0.00075241
00:42||559462500||420956||0.00075241
00:43||559462500||420956||0.00075241
00:44||559455500||420956||0.00075241
00:45||559455500||420956||0.00075241
00:46||559462500||420956||0.00075241
00:47||561223000||423606||0.00075241
00:48||561510000||423606||0.00075241
00:49||561510000||423606||0.00075241
00:50||561510000||423606||0.00075241
00:51||561510000||423606||0.00075241
00:52||561705000||423606||0.00075241
00:53||561787500||423606||0.00075241
00:54||561787500||423606||0.00075241
00:55||561943500||423606||0.00075241
00:56||561925000||423606||0.00075241
00:57||562283500||423606||0.00075241
00:58||562283500||423606||0.00075241
00:59||562283500||423606||0.00075241
01:00||562303000||423606||0.00075241
01:01||562822000||423606||0.00075241
01:02||562821000||423430||0.00075241
01:03||562821000||423430||0.00075241
01:04||562820500||423430||0.00075241
01:05||562820500||423513||0.00075241
01:06||560459000||419888||0.00075241
01:07||560459000||419888||0.00075241
01:08||560043000||419888||0.00075241
01:09||560043000||419888||0.00075241
01:10||560043000||419888||0.00075241
01:11||559981000||419888||0.00075241
01:12||559981000||419888||0.00075241
01:13||560076000||419888||0.00075241
01:14||560076000||422854||0.00075241
01:15||560076000||422854||0.00075241
01:16||560076000||422854||0.00075241
01:17||560037500||422854||0.00075241
01:18||560037500||422854||0.00075241
01:19||560076000||422854||0.00075241
01:20||560037500||422854||0.00075241
01:21||559961500||422854||0.00075241
01:22||559961500||422854||0.00075241
01:23||559961500||422854||0.00075241
01:24||559998000||422854||0.00075241
01:25||559998000||422854||0.00075241
01:26||559998000||422854||0.00075241
01:27||560076000||422854||0.00075241
01:28||560152000||422854||0.00075241
01:29||561039000||422968||0.00075241
01:30||561529000||422968||0.00075241
01:31||563572000||423606||0.00075241
01:32||563572000||423606||0.00075241
01:33||563572000||423606||0.00075241
01:34||563572000||423606||0.00075241
01:35||563572000||423606||0.00075241
01:36||563572000||423606||0.00075241
01:37||563572000||423606||0.00075241
01:38||563572000||423606||0.00075241
01:39||563572000||423606||0.00075241
01:40||563572000||424353||0.00075241
01:41||563572000||423721||0.00075241
01:42||563572000||423721||0.00075241
01:43||563572000||423721||0.00075241
01:44||563572000||423721||0.00075241
01:45||561496000||423721||0.00075241
01:46||561550000||423721||0.00075241
01:47||561501000||423721||0.00075241
01:48||561404000||423721||0.00075241
01:49||561168500||423721||0.00075241
01:50||560210500||423721||0.00075241
01:51||560210500||423721||0.00075241
01:52||560210500||423721||0.00075241
01:53||560210500||423721||0.00075241
01:54||560210500||423721||0.00075241
01:55||560210500||423721||0.00075241
01:56||560210500||423721||0.00075241
01:57||560886000||420672||0.00075241
01:58||560277500||420672||0.00075241
01:59||560027500||420672||0.00075241
02:00||560027500||420672||0.00075241
02:01||560873000||420672||0.00075241
02:02||560788500||420672||0.00075241
02:03||560383000||420672||0.00075241
02:04||560383000||420672||0.00075241
02:05||560383000||420672||0.00075241
02:06||560383000||420672||0.00075241
02:07||560333000||420672||0.00075241
02:08||560333000||420672||0.00075241
02:09||559687000||420672||0.00075241
02:10||559687000||420672||0.00075241
02:11||559488000||420672||0.00075241
02:12||559488000||420672||0.00075241
02:13||559388500||420672||0.00075241
02:14||559388500||420672||0.00075241
02:15||559388500||420672||0.00075241
02:16||559388500||420672||0.00075241
02:17||559388500||420672||0.00075241
02:18||559388500||420672||0.00075241
02:19||559356500||420672||0.00075241
02:20||559356500||420672||0.00075241
02:21||559273500||420672||0.00075241
02:22||559273500||420672||0.00075241
02:23||559260500||420672||0.00075241
02:24||559260500||420672||0.00075241
02:25||559260500||420672||0.00075241
02:26||559260500||420597||0.00075241
02:27||558789500||420597||0.00075241
02:28||558789500||420597||0.00075241
02:29||558789500||420597||0.00075241
02:30||558789500||420989||0.00075241
02:31||558809500||419910||0.00075241
02:32||558822500||419910||0.00075241
02:33||558822500||419910||0.00075241
02:34||558822500||419910||0.00075241
02:35||560354000||419910||0.00075241
02:36||560846500||419910||0.00075241
02:37||559014000||419910||0.00075241
02:38||559014000||419910||0.00075241
02:39||558688500||419910||0.00075241
02:40||558688500||419910||0.00075241
02:41||558479000||419910||0.00075241
02:42||558479000||419910||0.00075241
02:43||558713500||419910||0.00075241
02:44||558688000||419910||0.00075241
02:45||558931500||419910||0.00075241
02:46||558914500||419910||0.00075241
02:47||558914500||419910||0.00075241
02:48||558404000||419910||0.00075241
02:49||556928000||419846||0.00075241
02:50||556917500||419846||0.00075241
02:51||556917500||419846||0.00075241
02:52||556917500||419846||0.00075241
02:53||556917500||419846||0.00075241
02:54||556907500||419846||0.00075241
02:55||555888000||418752||0.00075241
02:56||555278000||418038||0.00075241
02:57||552542000||417613||0.00075241
02:58||552542000||417613||0.00075241
02:59||552542000||417613||0.00075241
03:00||552542000||417613||0.00075241
03:01||552542000||417539||0.00075241
03:02||552859500||417539||0.00075241
03:03||552859500||417539||0.00075241
03:04||552542500||417539||0.00075241
03:05||552542500||417539||0.00075241
03:06||552542500||417539||0.00075241
03:07||552542500||417539||0.00075241
03:08||552542500||417539||0.00075241
03:09||552542500||417539||0.00075241
03:10||552542500||417539||0.00075241
03:11||552542500||417539||0.00075241
03:12||552542500||417539||0.00075241
03:13||552542500||417539||0.00075241
03:14||552542500||417539||0.00075241
03:15||552542500||417539||0.00075241
03:16||554947500||417540||0.00075241
03:17||554947500||417540||0.00075241
03:18||559674500||417559||0.00075241
03:19||559674500||424223||0.00075241
03:20||560105500||424223||0.00075241
03:21||560105500||424223||0.00075241
03:22||560309000||424223||0.00075241
03:23||560309000||424223||0.00075241
03:24||560445000||424223||0.00075241
03:25||560445000||424223||0.00075241
03:26||560036500||424223||0.00075241
03:27||560036500||424223||0.00075241
03:28||559979000||424223||0.00075241
03:29||559979000||424223||0.00075241
03:30||559979000||424223||0.00075241
03:31||559978500||424223||0.00075241
03:32||559978500||424223||0.00075241
03:33||559767500||424223||0.00075241
03:34||559273500||424223||0.00075241
03:35||558870000||424223||0.00075241
03:36||557882000||424223||0.00075241
03:37||558099000||421287||0.00075241
03:38||558099000||421287||0.00075241
03:39||557613500||421287||0.00075241
03:40||557396500||421287||0.00075241
03:41||557399500||421287||0.00075241
03:42||557430500||421287||0.00075241
03:43||557743000||421287||0.00075241
03:44||557718500||421287||0.00075241
03:45||557718500||421287||0.00075241
03:46||557718500||421287||0.00075241
03:47||557718500||421287||0.00075241
03:48||557718500||421287||0.00075241
03:49||557718500||421287||0.00075241
03:50||557718500||421287||0.00075241
03:51||558725500||421287||0.00075241
03:52||558725500||421287||0.00075241
03:53||558725500||421287||0.00075241
03:54||558725500||421287||0.00075241
03:55||558725500||421287||0.00075241
03:56||558725500||421287||0.00075241
03:57||558725500||421287||0.00075241
03:58||558704000||421287||0.00075241
03:59||558703500||421287||0.00075241
04:00||558703500||421287||0.00075241
04:01||558703500||421287||0.00075241
04:02||558703500||421287||0.00075241
04:03||558703500||421287||0.00075241
04:04||558703500||421287||0.00075241
04:05||558703500||421287||0.00075241
04:06||558949500||421287||0.00075241
04:07||558949500||421287||0.00075241
04:08||558949500||421287||0.00075241
04:09||558949500||421287||0.00075241
04:10||558949500||421287||0.00075241
04:11||558949500||421287||0.00075241
04:12||558949500||421287||0.00075241
04:13||558949500||421287||0.00075241
04:14||558947500||419080||0.00075241
04:15||556998500||419080||0.00075241
04:16||556998500||419080||0.00075241
04:17||556982500||419080||0.00075241
04:18||556974500||419080||0.00075241
04:19||556998500||419080||0.00075241
04:20||556982500||419080||0.00075241
04:21||556974500||419080||0.00075241
04:22||556974500||419079||0.00075241
04:23||556974500||419079||0.00075241
04:24||556974500||419079||0.00075241
04:25||556974500||419079||0.00075241
04:26||556974500||419079||0.00075241
04:27||556998500||419079||0.00075241
04:28||556998500||419079||0.00075241
04:29||556998500||419079||0.00075241
04:30||556998500||419079||0.00075241
04:31||556998500||419079||0.00075241
04:32||557014500||419079||0.00075241
04:33||557014500||419079||0.00075241
04:34||557022500||419102||0.00075241
04:35||557022500||419102||0.00075241
04:36||557022500||419102||0.00075241
04:37||558932500||419115||0.00075241
04:38||558932500||419115||0.00075241
04:39||558932500||419115||0.00075241
04:40||558932500||419115||0.00075241
04:41||558932500||419115||0.00075241
04:42||558932500||419115||0.00075241
04:43||558932500||419115||0.00075241
04:44||558932500||419115||0.00075241
04:45||558932500||419115||0.00075241
04:46||558932500||419115||0.00075241
04:47||562029500||422035||0.00075241
04:48||562029500||422035||0.00075241
04:49||562029500||422035||0.00075241
04:50||562029500||422035||0.00075241
04:51||562029000||422035||0.00075241
04:52||562009500||422035||0.00075241
04:53||562009500||422035||0.00075241
04:54||561742000||422035||0.00075241
04:55||561742000||422035||0.00075241
04:56||561742000||423576||0.00075241
04:57||561766500||423576||0.00075241
04:58||561766500||423576||0.00075241
04:59||561766500||423576||0.00075241
05:00||561766500||423576||0.00075241
05:01||562032000||423576||0.00075241
05:02||562032000||423576||0.00075241
05:04||562032000||423576||0.00075241
05:05||562412000||423576||0.00075241
05:06||562423000||423576||0.00075241
05:07||562423000||423576||0.00075241
05:08||561886500||423576||0.00075241
05:09||561886500||423576||0.00075241
05:10||562423000||423576||0.00075241
05:11||562423000||422768||0.00075241
05:12||562423000||422768||0.00075241
05:13||562423000||422768||0.00075241
05:14||562423000||423576||0.00075241
05:15||562423000||423576||0.00075241
05:16||562423000||423576||0.00075241
05:17||562423000||423576||0.00075241
05:18||562423000||423576||0.00075241
05:19||562423000||423576||0.00075241
05:20||562423000||423576||0.00075241
05:21||562423000||423576||0.00075241
05:22||562423000||423576||0.00075241
05:23||562423000||423576||0.00075241
05:24||565943500||428874||0.00075241
05:25||565862500||428874||0.00075241
05:26||565862500||428874||0.00075241
05:27||565372000||428874||0.00075241
05:28||564882000||428874||0.00075241
05:29||564882000||428874||0.00075241
05:30||564882000||428874||0.00075241
05:31||564189500||428874||0.00075241
05:32||564189500||428874||0.00075241
05:33||564189500||428874||0.00075241
05:34||564228500||428874||0.00075241
05:35||564228500||428874||0.00075241
05:36||564228500||428874||0.00075241
05:37||562734500||428874||0.00075241
05:38||563762000||423606||0.00075241
05:39||563762000||424359||0.00075241
05:40||563762000||424359||0.00075241
05:41||563762000||424359||0.00075241
05:42||563762000||424359||0.00075241
05:43||563762000||424359||0.00075241
05:44||563762000||424001||0.00075241
05:45||566687500||425864||0.00075241
05:46||567507000||426616||0.00075241
05:47||567517500||426616||0.00075241
05:48||568700500||427368||0.00075241
05:49||569475000||428014||0.00075241
05:50||569475000||428014||0.00075241
05:51||569475500||428083||0.00075241
05:52||569475500||428083||0.00075241
05:53||569475000||428083||0.00075241
05:54||569475000||428083||0.00075241
05:55||569475000||428083||0.00075241
05:56||568089500||427435||0.00075241
05:57||567981500||427435||0.00075241
05:58||565275000||427355||0.00075241
05:59||565027000||427355||0.00075241
06:00||564391500||427355||0.00075241
06:01||564391500||427355||0.00075241
06:02||565577500||425111||0.00075241
06:03||565577500||425111||0.00075241
06:04||565577500||425228||0.00075241
06:05||565577500||425228||0.00075241
06:06||565577500||425228||0.00075241
06:07||565577500||425228||0.00075241
06:08||565464500||425228||0.00075241
06:09||565193000||425228||0.00075241
06:10||565194000||425286||0.00075241
06:11||564953000||423241||0.00075241
06:12||564852500||423241||0.00075241
06:13||564852500||423241||0.00075241
06:14||564618500||423241||0.00075241
06:15||564618500||423241||0.00075241
06:16||564554500||424775||0.00075241
06:17||564554000||424775||0.00075241
06:18||564562500||424775||0.00075241
06:19||564562500||424775||0.00075241
06:20||564562500||424775||0.00075241
06:21||564580500||424775||0.00075241
06:22||565309000||424803||0.00075241
06:23||565309000||424803||0.00075241
06:24||565309000||424803||0.00075241
06:25||565556000||424803||0.00075241
06:26||565556000||424803||0.00075241
06:27||565112500||425195||0.00075241
06:28||565112500||425196||0.00075241
06:29||565112500||425196||0.00075241
06:30||565112500||425196||0.00075241
06:31||565112500||425196||0.00075241
06:32||565112500||425196||0.00075241
06:33||565112500||425196||0.00075241
06:34||565112500||425196||0.00075241
06:35||565112500||425196||0.00075241
06:36||565112500||425196||0.00075241
06:37||565112500||425196||0.00075241
06:38||565112500||425196||0.00075241
06:39||565111500||425195||0.00075241
06:40||563718500||425186||0.00075241
06:41||564899500||425036||0.00075241
06:42||564899500||425036||0.00075241
06:43||564899500||425035||0.00075241
06:44||564899500||425036||0.00075241
06:45||564899500||425036||0.00075241
06:46||564899500||425036||0.00075241
06:47||564899500||425036||0.00075241
06:48||564899500||425036||0.00075241
06:49||564899500||425036||0.00075241
06:50||564899500||425035||0.00075241
06:51||563735500||425035||0.00075241
06:52||565605500||425035||0.00075241
06:53||565603500||425487||0.00075241
06:54||565605500||425487||0.00075241
06:55||564999500||425487||0.00075241
06:56||565115500||424749||0.00075241
06:57||564519500||424749||0.00075241
06:58||564519500||424750||0.00075241
06:59||566525000||425864||0.00075241
07:00||566525000||425864||0.00075241
07:01||566525000||425864||0.00075241
07:02||566025500||423475||0.00075241
07:03||564375500||425864||0.00075241
07:04||566000500||425864||0.00075241
07:05||566000500||425864||0.00075241
07:06||566000500||425864||0.00075241
07:07||566000500||425864||0.00075241
07:08||565998500||425864||0.00075241
07:09||564374500||425862||0.00075241
07:10||564998500||425862||0.00075241
07:11||564998500||425110||0.00075241
07:12||564998500||425110||0.00075241
07:13||564998500||425110||0.00075241
07:14||564998500||425110||0.00075241
07:15||564998500||425110||0.00075241
07:16||564998500||425110||0.00075241
07:17||560852000||425865||0.00075241
07:18||561508000||425865||0.00075241
07:19||565001000||425873||0.00075241
07:20||565000500||425873||0.00075241
07:21||562993000||423602||0.00075241
07:22||561483500||423600||0.00075241
07:23||558517500||423600||0.00075241
07:24||559352000||423621||0.00075241
07:25||559352000||423621||0.00075241
07:26||563721000||423621||0.00075241
07:27||561519000||422493||0.00075241
07:28||561519000||422493||0.00075241
07:29||561373000||422493||0.00075241
07:30||561353500||422493||0.00075241
07:31||561353500||422493||0.00075241
07:32||561350000||422493||0.00075241
07:33||559987000||421340||0.00075241
07:34||559987000||421340||0.00075241
07:35||559987000||421340||0.00075241
07:36||559987000||421340||0.00075241
07:37||559987000||421340||0.00075241
07:38||559987000||421340||0.00075241
07:39||559987000||421340||0.00075241
07:40||559987000||421340||0.00075241
07:41||559987000||421340||0.00075241
07:42||558501500||419105||0.00075241
07:43||558502000||419105||0.00075241
07:44||558502000||419105||0.00075241
07:45||558502000||419105||0.00075241
07:46||558502000||419105||0.00075241
07:47||558502000||419105||0.00075241
07:48||558502000||419105||0.00075241
07:49||558502000||419105||0.00075241
07:50||558502000||419105||0.00075241
07:51||558502000||419105||0.00075241
07:52||558502000||419105||0.00075241
07:53||558502000||419105||0.00075241
07:54||558502000||419105||0.00075241
07:55||558502000||419105||0.00075241
07:56||558502000||419105||0.00075241
07:57||561509000||425864||0.00075241
07:58||563377500||425864||0.00075241
07:59||563402500||425864||0.00075241
08:00||563402500||425864||0.00075241
08:01||563406000||425728||0.00075241
08:02||563406000||425728||0.00075241
08:03||563406000||425728||0.00075241
08:04||563458500||425728||0.00075241
08:05||563458500||425728||0.00075241
08:06||563903500||425728||0.00075241
08:07||563903500||425728||0.00075241
08:08||563853500||425728||0.00075241
08:09||563853500||425728||0.00075241
08:10||563854500||425728||0.00075241
08:11||563855500||425728||0.00075241
08:12||563855500||425728||0.00075241
08:13||564075500||425728||0.00075241
08:14||564035500||425728||0.00075241
08:15||564316000||425728||0.00075241
08:16||564351000||425668||0.00075241
08:17||564902000||425668||0.00075241
08:18||564902000||425668||0.00075241
08:19||564902000||425668||0.00075241
08:20||564902000||425668||0.00075241
08:21||564902000||425668||0.00075241
08:22||564902000||424354||0.00075241
08:23||564902000||425721||0.00075241
08:24||564507500||425721||0.00075241
08:25||565478000||425873||0.00075241
08:26||565488500||425873||0.00075241
08:27||565488500||425873||0.00075241
08:28||565488500||425873||0.00075241
08:29||565488500||425873||0.00075241
08:30||565488500||425873||0.00075241
08:31||565894000||425873||0.00075241
08:32||565894000||425695||0.00075241
08:33||565894000||425695||0.00075241
08:34||566011500||425695||0.00075241
08:35||567540500||426616||0.00075241
08:36||567540500||426616||0.00075241
08:37||567540500||426616||0.00075241
08:38||567540500||426616||0.00075241
08:39||567999500||426616||0.00075241
08:40||567999500||427368||0.00075241
08:41||567999500||427368||0.00075241
08:42||567999500||427368||0.00075241
08:43||567999500||427368||0.00075241
08:44||568499500||428121||0.00075241
08:45||569777000||428121||0.00075241
08:46||569777000||428121||0.00075241
08:47||569996500||428871||0.00075241
08:48||569998000||428871||0.00075241
08:49||569599500||428870||0.00075241
08:50||569607500||428870||0.00075241
08:51||569607500||428873||0.00075241
08:52||569607500||428873||0.00075241
08:53||569607500||428873||0.00075241
08:54||569607500||428873||0.00075241
08:55||569607500||428873||0.00075241
08:56||569607500||428873||0.00075241
08:57||569607000||428873||0.00075241
08:58||569607000||428873||0.00075241
08:59||569496000||428873||0.00075241
09:00||569506500||428872||0.00075241
09:01||569506500||428873||0.00075241
09:02||569506500||428873||0.00075241
09:03||569506500||428873||0.00075241
09:04||569506500||428873||0.00075241
09:05||569506500||428873||0.00075241
09:06||569661500||428873||0.00075241
09:07||569661500||428873||0.00075241
09:08||569999500||428873||0.00075241
09:09||569999500||428873||0.00075241
09:10||569999500||428873||0.00075241
09:11||569999500||428873||0.00075241
09:12||571778000||429626||0.00075241
09:13||572010000||429626||0.00075241
09:14||572248500||430754||0.00075241
09:15||573761500||432616||0.00075241
09:16||574997500||432616||0.00075241
09:17||574998500||432616||0.00075241
09:18||574998500||432616||0.00075241
09:19||576765000||433388||0.00075241
09:20||578451000||434574||0.00075241
09:21||578499500||435269||0.00075241
09:22||579189000||436322||0.00075241
09:23||579820000||436322||0.00075241
09:24||579790500||436240||0.00075241
09:25||579789500||436239||0.00075241
09:26||579789500||436239||0.00075241
09:27||579789500||436239||0.00075241
09:28||579789500||436239||0.00075241
09:29||579789500||436239||0.00075241
09:30||578487000||436239||0.00075241
09:31||578717000||436239||0.00075241
09:32||578717000||436239||0.00075241
09:33||579341500||435564||0.00075241
09:34||579341500||436239||0.00075241
09:35||578717000||436239||0.00075241
09:36||578717000||436239||0.00075241
09:37||578739500||434625||0.00075241
09:38||578761500||434692||0.00075241
09:39||578761500||434692||0.00075241
09:40||578761500||434692||0.00075241
09:41||578782500||434692||0.00075241
09:42||578782500||434692||0.00075241
09:43||578782500||434692||0.00075241
09:44||578802500||434692||0.00075241
09:45||578797500||434692||0.00075241
09:46||578797500||434692||0.00075241
09:47||579249000||434692||0.00075241
09:48||578697500||434692||0.00075241
09:49||577734500||434693||0.00075241
09:50||576394000||434692||0.00075241
09:51||576394000||434692||0.00075241
09:52||576394000||432677||0.00075241
09:53||576394000||432677||0.00075241
09:54||577616500||432677||0.00075241
09:55||577616500||432677||0.00075241
09:56||577616500||432677||0.00075241
09:57||577616500||432677||0.00075241
09:58||577500500||432677||0.00075241
09:59||577500500||432677||0.00075241
10:00||577250500||434140||0.00075241
10:01||577255000||434148||0.00075241
10:02||577499500||434148||0.00075241
10:03||577499500||434148||0.00075241
10:04||577499500||434148||0.00075241
10:05||577249000||434148||0.00075241
10:06||577250000||434516||0.00075241
10:07||577250000||434516||0.00075241
10:08||577250000||434516||0.00075241
10:09||577245000||434516||0.00075241
10:10||577245000||434140||0.00075241
10:11||577245500||434140||0.00075241
10:12||577245000||434148||0.00075241
10:13||577050000||434509||0.00075241
10:14||577000500||434141||0.00075241
10:15||577000500||434141||0.00075241
10:16||577000500||433388||0.00075241
10:17||576561000||433388||0.00075241
10:18||576561000||434215||0.00075241
10:19||576022500||434215||0.00075241
10:20||576022500||434215||0.00075241
10:21||576842500||433405||0.00075241
10:22||576887500||433896||0.00075241
10:23||576882500||433896||0.00075241
10:24||576887000||433896||0.00075241
10:25||576887000||433896||0.00075241
10:26||576887000||433896||0.00075241
10:27||576903500||434215||0.00075241
10:28||577098500||434215||0.00075241
10:29||577304000||434215||0.00075241
10:30||577854000||435344||0.00075241
10:31||577854000||435344||0.00075241
10:32||578560000||435344||0.00075241
10:33||577693500||435344||0.00075241
10:34||577693500||435344||0.00075241
10:35||577693500||433980||0.00075241
10:36||577693500||433980||0.00075241
10:37||577633000||433980||0.00075241
10:38||577633000||433980||0.00075241
10:39||577693500||433980||0.00075241
10:40||577711500||433980||0.00075241
10:41||578153500||434007||0.00075241
10:42||578303500||434007||0.00075241
10:43||578303500||434007||0.00075241
10:44||578303500||434007||0.00075241
10:45||578303500||434007||0.00075241
10:46||578303500||434898||0.00075241
10:47||578309500||434898||0.00075241
10:48||578309500||434898||0.00075241
10:49||578309500||434898||0.00075241
10:50||578309500||434898||0.00075241
10:51||578309500||434898||0.00075241
10:52||578309500||435344||0.00075241
10:53||578309500||435344||0.00075241
10:54||578309500||435344||0.00075241
10:55||578309500||434907||0.00075241
10:56||578599500||434907||0.00075241
10:57||578599500||434907||0.00075241
10:58||578599500||434907||0.00075241
10:59||579509000||435743||0.00075241
11:00||579709500||435975||0.00075241
11:01||580218500||436397||0.00075241
11:02||580203500||436397||0.00075241
11:03||580192500||436397||0.00075241
11:04||579440500||436397||0.00075241
11:05||579440500||436397||0.00075241
11:06||579440500||435976||0.00075241
11:07||579439500||435976||0.00075241
11:08||579439500||435976||0.00075241
11:09||579439500||435976||0.00075241
11:10||578599500||435975||0.00075241
11:11||578599500||435344||0.00075241
11:12||578599500||435344||0.00075241
11:13||578599500||435344||0.00075241
11:14||577800000||435344||0.00075241
11:15||577000500||435344||0.00075241
11:16||576000000||432634||0.00075241
11:17||576000500||432634||0.00075241
11:18||576001000||432634||0.00075241
11:19||575735500||432634||0.00075241
11:20||575000500||432636||0.00075241
11:21||575000500||432636||0.00075241
11:22||575000500||432636||0.00075241
11:23||575000500||432635||0.00075241
11:24||575000500||432635||0.00075241
11:25||575999500||432636||0.00075241
11:26||575764500||433388||0.00075241
11:27||576499500||433388||0.00075241
11:28||575734500||433764||0.00075241
11:29||575749500||433764||0.00075241
11:30||575735000||433764||0.00075241
11:31||575735000||433764||0.00075241
11:32||575686000||433764||0.00075241
11:33||575686000||433764||0.00075241
11:34||575658500||433764||0.00075241
11:35||576145000||433764||0.00075241
11:36||575645000||433764||0.00075241
11:37||575645000||433605||0.00075241
11:38||575658000||433605||0.00075241
11:39||575658000||433605||0.00075241
11:40||575658000||433605||0.00075241
11:41||575714000||433605||0.00075241
11:42||575714000||433605||0.00075241
11:43||575737500||433605||0.00075241
11:44||575737500||433605||0.00075241
11:45||575787500||433605||0.00075241
11:46||575773000||433605||0.00075241
11:47||575773000||433605||0.00075241
11:48||575773000||433605||0.00075241
11:49||575773000||433605||0.00075241
11:50||575773000||433605||0.00075241
11:51||575801500||433605||0.00075241
11:52||577479500||433764||0.00075241
11:53||576767500||433764||0.00075241
11:54||576767500||433764||0.00075241
11:55||576801500||433764||0.00075241
11:56||576543500||433764||0.00075241
11:57||576543500||433764||0.00075241
11:58||576821500||433764||0.00075241
11:59||576821000||433764||0.00075241
12:00||576821500||435268||0.00075241
12:01||576788000||432744||0.00075241
12:02||576788000||432744||0.00075241
12:03||576788000||432744||0.00075241
12:04||576788000||432744||0.00075241
12:05||576788000||432744||0.00075241
12:06||576788000||432744||0.00075241
12:07||576821500||432744||0.00075241
12:08||576821500||435218||0.00075241
12:09||576821500||435218||0.00075241
12:10||576821500||435218||0.00075241
12:11||576859000||432850||0.00075241
12:12||576892500||435218||0.00075241
12:13||576892500||432850||0.00075241
12:14||576892500||432850||0.00075241
12:15||576860500||432850||0.00075241
12:16||576899000||432850||0.00075241
12:17||576899000||432850||0.00075241
12:18||576899000||435220||0.00075241
12:19||576828500||435220||0.00075241
12:20||576828500||435220||0.00075241
12:21||576828500||435220||0.00075241
12:22||576967500||433011||0.00075241
12:23||576967500||433011||0.00075241
12:24||576997000||433011||0.00075241
12:25||576828500||435220||0.00075241
12:26||576899000||435220||0.00075241
12:27||576899000||435220||0.00075241
12:28||576899000||435220||0.00075241
12:29||576917500||435220||0.00075241
12:30||577070500||432982||0.00075241
12:31||577242000||435220||0.00075241
12:32||577444500||435220||0.00075241
12:33||577494500||435220||0.00075241
12:34||577494500||433839||0.00075241
12:35||577494500||433839||0.00075241
12:36||577494500||433839||0.00075241
12:37||577494500||435185||0.00075241
12:38||576440000||435185||0.00075241
12:39||576463000||434576||0.00075241
12:40||576463000||434576||0.00075241
12:41||577103500||435269||0.00075241
12:42||578499500||435269||0.00075241
12:43||578499500||435269||0.00075241
12:44||577275000||436321||0.00075241
12:45||577951000||436119||0.00075241
12:46||576383500||436119||0.00075241
12:47||576383500||436119||0.00075241
12:48||576383500||433760||0.00075241
12:49||576636000||433592||0.00075241
12:50||577118500||434892||0.00075241
12:51||577118500||434865||0.00075241
12:52||577001500||434865||0.00075241
12:53||577019000||433418||0.00075241
12:54||577883000||436171||0.00075241
12:55||577948500||436117||0.00075241
12:56||578064000||436117||0.00075241
12:57||576598000||436117||0.00075241
12:58||576598000||433911||0.00075241
12:59||576598000||433911||0.00075241
13:00||576598000||433911||0.00075241
13:01||576598000||433911||0.00075241
13:02||576598000||433911||0.00075241
13:03||576598000||433911||0.00075241
13:04||576598000||433911||0.00075241
13:05||576598000||433764||0.00075241
13:06||576266000||433764||0.00075241
13:07||576217000||433419||0.00075241
13:08||577295000||433419||0.00075241
13:09||576795500||435643||0.00075241
13:10||576795500||435191||0.00075241
13:11||577499500||435191||0.00075241
13:12||577499500||434516||0.00075241
13:13||578248000||434516||0.00075241
13:14||578247500||434516||0.00075241
13:15||578264500||435644||0.00075241
13:16||579851000||436169||0.00075241
13:17||579956000||436322||0.00075241
13:18||580458000||437150||0.00075241
13:19||580951000||437150||0.00075241
13:20||581703000||440158||0.00075241
13:21||582872000||440158||0.00075241
13:22||582872000||440158||0.00075241
13:23||583917500||440158||0.00075241
13:24||583917500||440035||0.00075241
13:25||584000000||440159||0.00075241
13:26||587500000||443921||0.00075241
13:27||588430000||445687||0.00075241
13:28||590836500||444551||0.00075241
13:29||590836500||444551||0.00075241
13:30||590831500||444551||0.00075241
13:31||592871500||445246||0.00075241
13:32||594455500||445246||0.00075241
13:33||594458000||447621||0.00075241
13:34||594000500||446932||0.00075241
13:35||588921000||446918||0.00075241
13:36||589950000||443921||0.00075241
13:37||592000000||443921||0.00075241
13:38||592000000||446931||0.00075241
13:39||594000500||447683||0.00075241
13:40||594499500||446931||0.00075241
13:41||594998000||447683||0.00075241
13:42||595501000||448436||0.00075241
13:43||595501000||448436||0.00075241
13:44||595501000||448436||0.00075241
13:45||596971000||449188||0.00075241
13:46||597456000||449188||0.00075241
13:47||596972500||449188||0.00075241
13:48||595988500||449167||0.00075241
13:49||595004500||447685||0.00075241
13:50||595004500||447685||0.00075241
13:51||595004500||447685||0.00075241
13:52||592305500||446931||0.00075241
13:53||593347500||446931||0.00075241
13:54||593348500||446931||0.00075241
13:55||593196000||448862||0.00075241
13:56||592048000||448862||0.00075241
13:57||592049000||448862||0.00075241
13:58||592702500||447676||0.00075241
13:59||592217500||447676||0.00075241
14:00||592247500||446924||0.00075241
14:01||592247500||446924||0.00075241
14:02||592249000||446924||0.00075241
14:03||590506500||444304||0.00075241
14:04||591251500||445426||0.00075241
14:05||591258500||446171||0.00075241
14:06||591748500||446171||0.00075241
14:07||591117000||446171||0.00075241
14:08||591286500||446171||0.00075241
14:09||590759500||444298||0.00075241
14:10||590758500||444298||0.00075241
14:11||590661000||444523||0.00075241
14:12||590660000||444523||0.00075241
14:13||591261000||445426||0.00075241
14:14||590761000||444674||0.00075241
14:15||590711000||444674||0.00075241
14:16||590711000||444599||0.00075241
14:17||591511000||444599||0.00075241
14:18||590525500||444317||0.00075241
14:19||590981000||444317||0.00075241
14:20||590981000||444317||0.00075241
14:21||590981000||444317||0.00075241
14:22||590980000||444317||0.00075241
14:23||590712000||444314||0.00075241
14:24||590749000||444314||0.00075241
14:25||590748000||444597||0.00075241
14:26||590895500||444597||0.00075241
14:27||590895500||444595||0.00075241
14:28||590448000||443921||0.00075241
14:29||590448500||443921||0.00075241
14:30||590698000||443921||0.00075241
14:31||590698000||444597||0.00075241
14:32||591249500||445426||0.00075241
14:33||591254500||445426||0.00075241
14:34||591399000||445425||0.00075241
14:35||591800000||446028||0.00075241
14:36||591799000||446028||0.00075241
14:37||591799000||446027||0.00075241
14:38||591798500||446027||0.00075241
14:39||592398500||446027||0.00075241
14:40||592390000||446013||0.00075241
14:41||592000500||445427||0.00075241
14:42||592000500||445426||0.00075241
14:43||592000500||445426||0.00075241
14:44||592000500||445426||0.00075241
14:45||592000500||445427||0.00075241
14:46||592000500||445427||0.00075241
14:47||592000500||445427||0.00075241
14:48||592398000||445426||0.00075241
14:49||592398500||445426||0.00075241
14:50||592398500||445426||0.00075241
14:51||592250000||445426||0.00075241
14:52||592499500||445802||0.00075241
14:53||592250000||445802||0.00075241
14:54||592250000||446026||0.00075241
14:55||592399000||446026||0.00075241
14:56||592495500||446171||0.00075241
14:57||592495500||446171||0.00075241
14:58||592245500||446171||0.00075241
14:59||592495000||446171||0.00075241
15:00||592545000||446171||0.00075241
15:01||592545000||446171||0.00075241
15:02||592547500||446171||0.00075241
15:03||592500000||446179||0.00075241
15:04||592501000||445426||0.00075241
15:05||594480000||446923||0.00075241
15:06||593340000||447614||0.00075241
15:07||592903000||445428||0.00075241
15:08||592147500||445654||0.00075241
15:09||587295500||443921||0.00075241
15:10||587132000||440347||0.00075241
15:11||586947500||440347||0.00075241
15:12||586780000||442849||0.00075241
15:13||586653500||442849||0.00075241
15:14||586518500||440385||0.00075241
15:15||586419500||442106||0.00075241
15:16||586307000||442106||0.00075241
15:17||585345000||441838||0.00075241
15:18||585335500||441838||0.00075241
15:19||585307500||440390||0.00075241
15:20||587365000||440385||0.00075241
15:21||585900000||440385||0.00075241
15:22||585900500||440385||0.00075241
15:23||586400500||442040||0.00075241
15:24||586383500||442040||0.00075241
15:25||586383500||442040||0.00075241
15:26||586383500||442040||0.00075241
15:27||586383500||442040||0.00075241
15:28||586383500||440393||0.00075241
15:29||586405500||440393||0.00075241
15:30||586405000||440393||0.00075241
15:31||587118500||440393||0.00075241
15:32||587155000||440393||0.00075241
15:33||587664000||440393||0.00075241
15:34||587999500||443919||0.00075241
15:35||587999500||443919||0.00075241
15:36||589001000||443921||0.00075241
15:37||588945500||443921||0.00075241
15:38||588945500||443921||0.00075241
15:39||589005500||443921||0.00075241
15:40||588948500||445335||0.00075241
15:41||588751000||445335||0.00075241
15:42||588460500||445335||0.00075241
15:43||588460500||445335||0.00075241
15:44||588462000||445335||0.00075241
15:45||588462000||445335||0.00075241
15:46||588510000||445335||0.00075241
15:47||588510000||445335||0.00075241
15:48||588481500||445335||0.00075241
15:49||588479000||443876||0.00075241
15:50||587989000||443876||0.00075241
15:51||588009000||443876||0.00075241
15:52||588509000||443876||0.00075241
15:53||589999500||443876||0.00075241
15:54||589999500||443876||0.00075241
15:55||589999500||443921||0.00075241
15:56||589999500||443921||0.00075241
15:57||588976000||443885||0.00075241
15:58||588976000||443885||0.00075241
15:59||588976000||443885||0.00075241
16:00||588976000||443885||0.00075241
16:01||589000000||443921||0.00075241
16:02||589499500||443921||0.00075241
16:03||589469500||443921||0.00075241
16:04||589469500||443921||0.00075241
16:05||589469500||444628||0.00075241
16:06||589470000||444628||0.00075241
16:07||589863500||445276||0.00075241
16:08||591723500||445219||0.00075241
16:09||591723500||445219||0.00075241
16:10||591723500||445219||0.00075241
16:11||590863000||445219||0.00075241
16:12||591113000||445219||0.00075241
16:13||591112000||445219||0.00075241
16:14||590863500||443924||0.00075241
16:15||590863500||443924||0.00075241
16:16||590736500||443924||0.00075241
16:17||590491500||443921||0.00075241
16:18||590491500||443921||0.00075241
16:19||590491500||443921||0.00075241
16:20||590491500||444659||0.00075241
16:21||590490000||443921||0.00075241
16:22||590479500||443921||0.00075241
16:23||590479500||444643||0.00075241
16:24||590000500||444643||0.00075241
16:25||590930500||444643||0.00075241
16:26||590490000||444643||0.00075241
16:27||588991000||443921||0.00075241
16:28||588991000||443921||0.00075241
16:29||588471500||443921||0.00075241
16:30||588374000||443921||0.00075241
16:31||587699500||443921||0.00075241
16:32||587502000||443921||0.00075241
16:33||588472000||443921||0.00075241
16:34||587237000||442402||0.00075241
16:35||587087000||442402||0.00075241
16:36||587169500||442402||0.00075241
16:37||587169500||442402||0.00075241
16:38||588584500||442402||0.00075241
16:39||589036500||444602||0.00075241
16:40||589036500||441791||0.00075241
16:41||588556000||444602||0.00075241
16:42||588556000||441791||0.00075241
16:43||588556000||441791||0.00075241
16:44||588556000||441791||0.00075241
16:45||588556000||443879||0.00075241
16:46||588556000||441791||0.00075241
16:47||588556000||441791||0.00075241
16:48||588556000||443879||0.00075241
16:49||588556500||443879||0.00075241
16:50||589037000||443879||0.00075241
16:51||590037000||443297||0.00075241
16:52||590037000||443297||0.00075241
16:53||590037000||443297||0.00075241
16:54||590037000||443297||0.00075241
16:55||590930500||443297||0.00075241
16:56||590930500||443297||0.00075241
16:57||590490000||443297||0.00075241
16:58||590075000||444659||0.00075241
16:59||590075000||444659||0.00075241
17:00||590052000||444659||0.00075241
17:01||589170500||443298||0.00075241
17:02||590051500||443298||0.00075241
17:03||590101500||443298||0.00075241
17:04||590101500||444623||0.00075241
17:05||590101500||444623||0.00075241
17:06||590101500||443372||0.00075241
17:07||587992500||443156||0.00075241
17:08||587992500||443156||0.00075241
17:09||587992500||443156||0.00075241
17:10||586456500||441599||0.00075241
17:11||586456500||441599||0.00075241
17:12||586456500||441599||0.00075241
17:13||584287000||440159||0.00075241
17:14||584287000||440159||0.00075241
17:15||582470500||437150||0.00075241
17:16||582470500||437150||0.00075241
17:17||582440000||437150||0.00075241
17:18||581939500||436397||0.00075241
17:19||581866500||439206||0.00075241
17:20||581866500||439206||0.00075241
17:21||581969500||439206||0.00075241
17:22||581969000||439206||0.00075241
17:23||581886500||439360||0.00075241
17:24||581814500||439360||0.00075241
17:25||581704500||439360||0.00075241
17:26||581668500||439360||0.00075241
17:27||581409500||439360||0.00075241
17:28||581270000||439360||0.00075241
17:29||581167000||439360||0.00075241
17:30||580924000||439360||0.00075241
17:31||580746500||439360||0.00075241
17:32||582450500||439360||0.00075241
17:33||582121000||439360||0.00075241
17:34||581689000||439360||0.00075241
17:35||581371500||439360||0.00075241
17:36||581112500||439360||0.00075241
17:37||581000500||439360||0.00075241
17:38||581112500||439360||0.00075241
17:39||581090500||439360||0.00075241
17:40||581067500||438038||0.00075241
17:41||581447000||438038||0.00075241
17:42||581373000||437150||0.00075241
17:43||584430000||442417||0.00075241
17:44||583093500||440408||0.00075241
17:45||583539500||440289||0.00075241
17:46||583539500||440289||0.00075241
17:47||583977500||439396||0.00075241
17:48||583977500||439396||0.00075241
17:49||581977000||438725||0.00075241
17:50||581977000||438725||0.00075241
17:51||581977000||438725||0.00075241
17:52||581977000||438725||0.00075241
17:53||581477500||436398||0.00075241
17:54||581477500||436398||0.00075241
17:55||581477500||438620||0.00075241
17:56||581477500||438620||0.00075241
17:57||581477500||438620||0.00075241
17:58||581477500||438620||0.00075241
17:59||581477500||436398||0.00075241
18:00||581477500||436398||0.00075241
18:01||581477500||438620||0.00075241
18:03||581477500||438620||0.00075241
18:04||581477500||436398||0.00075241
18:02||581477500||436397||0.00075241
18:05||581477000||436397||0.00075241
18:07||581477000||436397||0.00075241
18:06||581477000||436397||0.00075241
18:08||581477000||436397||0.00075241
18:09||581477000||436397||0.00075241
18:10||581477000||436397||0.00075241
18:11||581477000||436397||0.00075241
18:12||581477000||436397||0.00075241
18:13||581477000||436397||0.00075241
18:14||581477000||436397||0.00075241
18:15||581477000||436397||0.00075241
18:16||581477000||436397||0.00075241
18:17||581477500||436397||0.00075241
18:18||581477500||438620||0.00075241
18:19||581477500||438620||0.00075241
18:20||581477500||438620||0.00075241
18:21||581477500||438620||0.00075241
18:22||581477500||438620||0.00075241
18:23||581478500||438620||0.00075241
18:24||581478500||438620||0.00075241
18:25||581478500||438620||0.00075241
18:26||580002000||436400||0.00075241
18:27||580002000||436398||0.00075241
18:28||580002000||436398||0.00075241
18:29||580002000||436398||0.00075241
18:31||581225500||436398||0.00075241
18:32||581225500||438241||0.00075241
18:30||580002000||438241||0.00075241
18:33||581225500||438241||0.00075241
18:35||581254000||436398||0.00075241
18:36||581203500||436398||0.00075241
18:34||581250000||436398||0.00075241
18:37||581115000||436398||0.00075241
18:38||581115000||436398||0.00075241
18:39||581115000||436398||0.00075241
18:40||581116000||438069||0.00075241
18:41||581116000||438069||0.00075241
18:42||581111000||436397||0.00075241
18:43||581111000||436397||0.00075241
18:44||581111000||436397||0.00075241
18:45||581111000||436397||0.00075241
18:46||581111000||436397||0.00075241
18:47||580576000||437263||0.00075241
18:48||580576000||437263||0.00075241
18:49||580576500||437263||0.00075241
18:50||580576500||437263||0.00075241
18:51||580615000||437263||0.00075241
18:52||580615000||437263||0.00075241
18:53||580615000||436457||0.00075241
18:54||580615000||436457||0.00075241
18:55||580614000||436458||0.00075241
18:56||580613500||436458||0.00075241
18:57||580611500||436458||0.00075241
18:58||580611500||436458||0.00075241
18:59||580612500||437259||0.00075241
19:00||580611500||437259||0.00075241
19:01||580614500||437263||0.00075241
19:02||580614000||437263||0.00075241
19:04||580615500||437263||0.00075241
19:05||580615500||437263||0.00075241
19:03||580615000||436860||0.00075241
19:06||580615500||437263||0.00075241
19:07||581075000||437263||0.00075241
19:08||581125000||437263||0.00075241
19:09||581824000||437263||0.00075241
19:10||582774000||438277||0.00075241
19:11||583573500||439706||0.00075241
19:12||583568000||440896||0.00075241
19:13||583583000||440896||0.00075241
19:14||583582000||440896||0.00075241
19:15||585003500||440162||0.00075241
19:16||585497000||440162||0.00075241
19:17||585792000||441348||0.00075241
19:19||585792000||441348||0.00075241
19:20||585792000||441348||0.00075241
19:18||585792000||441348||0.00075241
19:21||586502000||442417||0.00075241
19:23||586992000||442417||0.00075241
19:22||586502000||443154||0.00075241
19:25||587266500||443154||0.00075241
19:26||587314000||443154||0.00075241
19:24||587064000||443154||0.00075241
19:27||588146000||443154||0.00075241
19:28||588146000||443154||0.00075241
19:29||588770000||443154||0.00075241
19:30||588977500||443154||0.00075241
19:31||589478000||443921||0.00075241
19:32||589478000||443921||0.00075241
19:33||589463500||443921||0.00075241
19:34||588632000||443884||0.00075241
19:35||587650000||443884||0.00075241
19:36||587405000||443884||0.00075241
19:37||587740500||442406||0.00075241
19:38||587747500||442406||0.00075241
19:39||587742500||442406||0.00075241
19:40||588722500||443921||0.00075241
19:41||588747000||442073||0.00075241
19:43||589974000||444623||0.00075241
19:44||590431000||444608||0.00075241
19:42||589949500||444608||0.00075241
19:45||590451000||444608||0.00075241
19:46||590451000||444608||0.00075241
19:47||590451000||444608||0.00075241
19:48||590451000||444608||0.00075241
19:49||589989500||443913||0.00075241
19:50||589989500||443913||0.00075241
19:51||589989500||443913||0.00075241
19:53||589989500||443913||0.00075241
19:54||589989500||443914||0.00075241
19:52||589989500||443914||0.00075241
19:55||589989500||443914||0.00075241
19:56||589989500||443914||0.00075241
19:57||589989500||443914||0.00075241
19:58||589989500||443914||0.00075241
19:59||589989500||443914||0.00075241
20:00||589989500||443914||0.00075241
20:01||589989500||443914||0.00075241
20:02||589989500||443914||0.00075241
20:03||587650500||444599||0.00075241
20:04||587650500||441901||0.00075241
20:05||586331000||441664||0.00075241
20:06||585237500||440660||0.00075241
20:07||587269000||440159||0.00075241
20:08||585840500||440159||0.00075241
20:09||585843500||441429||0.00075241
20:10||588093000||441429||0.00075241
20:11||588043000||441429||0.00075241
20:12||588043000||441429||0.00075241
20:13||588018000||443470||0.00075241
20:14||587993000||443395||0.00075241
20:15||587942500||443395||0.00075241
20:16||587893000||441428||0.00075241
20:17||587842500||441428||0.00075241
20:18||584598500||440159||0.00075241
20:19||583994000||440159||0.00075241
20:20||581284000||436461||0.00075241
20:21||581284000||438254||0.00075241
20:22||580660500||438254||0.00075241
20:25||580217000||436560||0.00075241
20:23||580653000||436560||0.00075241
20:26||582608500||436575||0.00075241
20:24||580150500||436575||0.00075241
20:27||582609000||440159||0.00075241
20:28||582609000||440159||0.00075241
20:29||582609000||440159||0.00075241
20:30||582609500||440159||0.00075241
20:31||582609500||440159||0.00075241
20:32||582609500||440159||0.00075241
20:34||582609500||440159||0.00075241
20:35||582959500||440159||0.00075241
20:33||582609500||440159||0.00075241
20:36||581939000||440159||0.00075241
20:37||581964500||440159||0.00075241
20:38||581964500||440159||0.00075241
20:39||581964500||440159||0.00075241
20:40||581588000||436561||0.00075241
20:41||581964500||436561||0.00075241
20:42||580976500||436561||0.00075241
20:43||580976500||436561||0.00075241
20:44||580976500||437127||0.00075241
20:45||580976500||437127||0.00075241
20:46||580977500||437138||0.00075241
20:47||580977500||437127||0.00075241
20:48||580978500||437140||0.00075241
20:49||580493500||436397||0.00075241
20:50||581479500||436397||0.00075241
20:51||581479500||436397||0.00075241
20:53||580000500||436397||0.00075241
20:54||580000500||436397||0.00075241
20:52||581479500||436397||0.00075241
20:55||580000500||436397||0.00075241
20:56||580000500||436397||0.00075241
20:57||579900000||436397||0.00075241
20:58||579000500||434893||0.00075241
20:59||579000500||429626||0.00075241
21:00||575750000||429626||0.00075241
21:01||573251000||430003||0.00075241
21:02||573251500||430003||0.00075241
21:03||573181000||430003||0.00075241
21:04||573213500||430003||0.00075241
21:05||573212500||430003||0.00075241
21:06||573396500||430378||0.00075241
21:07||573397000||432480||0.00075241
21:08||574009000||432480||0.00075241
21:09||573011500||431899||0.00075241
21:11||574996500||431897||0.00075241
21:10||574513000||431897||0.00075241
21:12||577003000||432640||0.00075241
21:13||577342500||432640||0.00075241
21:14||577342500||432640||0.00075241
21:15||577003000||432640||0.00075241
21:16||577002500||435645||0.00075241
21:17||575011500||432639||0.00075241
21:18||577002500||432653||0.00075241
21:19||577075000||432748||0.00075241
21:20||577075000||435645||0.00075241
21:21||577078500||435645||0.00075241
21:22||577438000||435645||0.00075241
21:23||577438000||435645||0.00075241
21:24||577493500||435645||0.00075241
21:25||577493500||435645||0.00075241
21:26||577438000||433294||0.00075241
21:27||575946500||433294||0.00075241
21:28||575992500||433294||0.00075241
21:29||575992500||433294||0.00075241
21:30||575993000||433294||0.00075241
21:31||575995000||433473||0.00075241
21:32||575635500||432753||0.00075241
21:33||577582000||435646||0.00075241
21:34||577553000||435646||0.00075241
21:36||578222500||435646||0.00075241
21:37||578905000||435646||0.00075241
21:35||577582000||435646||0.00075241
21:38||578905000||435646||0.00075241
21:39||578905000||435646||0.00075241
21:40||579000500||435646||0.00075241
21:41||579000500||435646||0.00075241
21:43||579498500||435646||0.00075241
21:42||579000500||435646||0.00075241
21:44||579498500||435646||0.00075241
21:45||579498500||436395||0.00075241
21:46||579498500||436395||0.00075241
21:47||579996500||436395||0.00075241
21:48||579996000||436395||0.00075241
21:49||579996000||436395||0.00075241
21:50||581497500||438655||0.00075241
21:51||581497500||438655||0.00075241
21:53||581492500||438655||0.00075241
21:52||581492500||438655||0.00075241
21:54||581000000||438655||0.00075241
21:55||580999000||438655||0.00075241
21:56||580999000||438655||0.00075241
21:57||580999000||438655||0.00075241
21:58||580992500||438655||0.00075241
21:59||580992000||437895||0.00075241
22:00||580990500||437895||0.00075241
22:01||580992500||437895||0.00075241
22:02||580992500||437891||0.00075241
22:03||580994000||437891||0.00075241
22:04||580994500||437893||0.00075241
22:06||580994000||437893||0.00075241
22:07||580994000||436397||0.00075241
22:08||580994000||436397||0.00075241
22:05||580994500||436397||0.00075241
22:09||580994500||436397||0.00075241
22:10||580994500||436397||0.00075241
22:11||580496500||436397||0.00075241
22:12||580496500||437148||0.00075241
22:13||580496500||437148||0.00075241
22:14||580496500||434151||0.00075241
22:15||577014000||434151||0.00075241
22:16||577579500||434151||0.00075241
22:17||577578000||434151||0.00075241
22:18||577576000||432756||0.00075241
22:19||577576500||432756||0.00075241
22:20||577496500||432756||0.00075241
22:21||577000000||432756||0.00075241
22:22||576500000||432756||0.00075241
22:23||576500000||432756||0.00075241
22:24||576499500||432756||0.00075241
22:25||573425000||429626||0.00075241
22:26||572913000||429626||0.00075241
22:27||572412000||429626||0.00075241
22:28||572412000||429626||0.00075241
22:29||572412000||431883||0.00075241
22:30||572499000||431883||0.00075241
22:31||572500500||431883||0.00075241
22:32||572418500||431883||0.00075241
22:33||572418500||431883||0.00075241
22:34||572418500||431883||0.00075241
22:35||572418500||431883||0.00075241
22:36||572443500||431883||0.00075241
22:37||572944500||431883||0.00075241
22:39||573829000||431883||0.00075241
22:40||574426500||431883||0.00075241
22:38||573584500||431883||0.00075241
22:41||574751000||431883||0.00075241
22:42||574751000||431883||0.00075241
22:43||574750000||431177||0.00075241
22:44||571956500||431177||0.00075241
22:45||571956500||431177||0.00075241
22:46||571956500||431177||0.00075241
22:47||571935000||431177||0.00075241
22:48||571935000||431130||0.00075241
22:49||571935000||431130||0.00075241
22:50||571956500||431130||0.00075241
22:51||571956500||431130||0.00075241
22:52||571956500||429560||0.00075241
22:53||571647500||429560||0.00075241
22:54||571663000||429560||0.00075241
22:55||571663000||429560||0.00075241
22:56||571455000||429560||0.00075241
22:57||571455000||430408||0.00075241
22:58||571471500||430414||0.00075241
22:59||572031000||430429||0.00075241
23:00||572027000||430367||0.00075241
23:01||571454500||430367||0.00075241
23:02||571491000||430367||0.00075241
23:03||571775500||430367||0.00075241
23:04||572722000||431130||0.00075241
23:05||573480500||431130||0.00075241
23:06||574149500||431130||0.00075241
23:07||576195500||432635||0.00075241
23:08||576081000||432635||0.00075241
23:09||576083500||432635||0.00075241
23:10||576124500||432635||0.00075241
23:11||576187500||433531||0.00075241
23:12||576187500||433531||0.00075241
23:13||576591000||433531||0.00075241
23:14||576343000||433531||0.00075241
23:15||576492500||433531||0.00075241
23:16||576492500||433759||0.00075241
23:17||576492500||433759||0.00075241
23:18||576994500||433760||0.00075241
23:19||576994500||433760||0.00075241
23:20||576994500||434136||0.00075241
23:21||576994500||434136||0.00075241
23:22||576994500||434136||0.00075241
23:23||576996000||434140||0.00075241
23:24||576997500||434140||0.00075241
23:25||576999500||434140||0.00075241
23:26||576999500||434140||0.00075241
23:27||576999500||434140||0.00075241
23:28||576999500||434140||0.00075241
23:29||576987500||434140||0.00075241
23:30||576987500||434140||0.00075241
23:31||576987500||434140||0.00075241
23:32||576987500||434140||0.00075241
23:33||576987500||434140||0.00075241
23:34||575306000||433348||0.00075241
23:35||575000500||433348||0.00075241
23:36||575000500||433348||0.00075241
23:37||575005500||433348||0.00075241
23:38||575005500||433348||0.00075241
23:39||575005500||433348||0.00075241
23:40||575006500||432645||0.00075241
23:41||575000500||432645||0.00075241
23:42||575007500||432645||0.00075241
23:43||575008500||432648||0.00075241
23:45||575008500||432635||0.00075241
23:46||575000500||432635||0.00075241
23:47||575000500||432635||0.00075241
23:48||575008500||432635||0.00075241
23:44||575000500||432636||0.00075241
23:50||574484500||432635||0.00075241
23:49||575000500||432635||0.00075241
23:51||572571500||431883||0.00075241
23:52||571726500||430802||0.00075241
23:53||572444500||431883||0.00075241
23:54||572413500||431883||0.00075241
23:55||572444000||431883||0.00075241
23:56||572413500||431883||0.00075241
23:57||572418500||431836||0.00075241
23:58||572418500||431836||0.00075241
23:59||572325500||431836||0.00075241
