00:00||856170000||644055||0.00075241
00:01||856170000||644055||0.00075241
00:02||856170000||644055||0.00075241
00:03||856165000||644055||0.00075241
00:04||856160000||644552||0.00075241
00:05||856140000||644552||0.00075241
00:06||856135000||644552||0.00075241
00:07||855680500||644552||0.00075241
00:08||855680500||644552||0.00075241
00:09||855680500||644552||0.00075241
00:10||855680500||644552||0.00075241
00:11||856140000||643818||0.00075241
00:12||856137500||643818||0.00075241
00:13||856087500||643818||0.00075241
00:14||856087500||644439||0.00075241
00:15||856087500||643818||0.00075241
00:16||855837500||644062||0.00075241
00:17||855250000||642934||0.00075241
00:18||855250000||642934||0.00075241
00:19||855500000||642934||0.00075241
00:20||855500000||642934||0.00075241
00:21||854800000||642633||0.00075241
00:22||854800000||643686||0.00075241
00:23||855300000||643686||0.00075241
00:24||855300000||644439||0.00075241
00:25||855300000||644439||0.00075241
00:26||854800000||642633||0.00075241
00:27||855300000||642633||0.00075241
00:28||855300000||642633||0.00075241
00:29||855300000||642633||0.00075241
00:30||855300000||642633||0.00075241
00:31||855300000||642633||0.00075241
00:32||855300000||642633||0.00075241
00:33||855300000||642633||0.00075241
00:34||855299500||642633||0.00075241
00:35||855299500||642633||0.00075241
00:36||855299500||642633||0.00075241
00:37||855299500||642633||0.00075241
00:38||855299500||642633||0.00075241
00:39||855299500||642633||0.00075241
00:40||855299500||642633||0.00075241
00:41||855299500||642633||0.00075241
00:42||855276500||642598||0.00075241
00:43||855276500||644438||0.00075241
00:44||855276500||644438||0.00075241
00:45||855276500||644438||0.00075241
00:46||855276500||642598||0.00075241
00:47||855276500||642598||0.00075241
00:48||855276500||642598||0.00075241
00:49||855076500||642598||0.00075241
00:50||855076500||642598||0.00075241
00:51||855076500||642598||0.00075241
00:52||855076500||642598||0.00075241
00:53||855076500||642598||0.00075241
00:54||855076500||642598||0.00075241
00:55||855076500||642598||0.00075241
00:56||855076500||642598||0.00075241
00:57||854054500||642598||0.00075241
00:58||854054500||642598||0.00075241
00:59||854054500||642598||0.00075241
01:00||854054500||642598||0.00075241
01:01||854054500||642598||0.00075241
01:02||853883500||642558||0.00075241
01:03||853883500||642558||0.00075241
01:04||853883500||642558||0.00075241
01:05||853883500||642558||0.00075241
01:06||853500000||641805||0.00075241
01:07||853500000||641805||0.00075241
01:08||853500000||641805||0.00075241
01:09||853500000||641805||0.00075241
01:10||853500000||641805||0.00075241
01:11||854549500||641805||0.00075241
01:12||854549500||641805||0.00075241
01:13||854549500||641805||0.00075241
01:14||854550000||641805||0.00075241
01:15||854549500||641805||0.00075241
01:16||854549500||641805||0.00075241
01:17||854549500||641805||0.00075241
01:18||854549500||641805||0.00075241
01:19||854549500||641805||0.00075241
01:20||853054000||639555||0.00075241
01:21||848995500||638789||0.00075241
01:22||848750000||638789||0.00075241
01:23||848995500||638796||0.00075241
01:24||848999500||638796||0.00075241
01:25||848999500||638796||0.00075241
01:26||848999500||638796||0.00075241
01:27||848999500||638796||0.00075241
01:28||848999500||638796||0.00075241
01:29||848999500||638796||0.00075241
01:30||848999500||638795||0.00075241
01:31||848999500||638795||0.00075241
01:32||848999500||638795||0.00075241
01:33||848999500||638795||0.00075241
01:34||848999500||638795||0.00075241
01:35||848999500||638795||0.00075241
01:36||848999500||638795||0.00075241
01:37||848999500||638795||0.00075241
01:38||848999500||638795||0.00075241
01:39||848999500||638795||0.00075241
01:40||848999500||638795||0.00075241
01:41||848999500||638795||0.00075241
01:42||848999500||638795||0.00075241
01:43||848999500||638795||0.00075241
01:44||848999500||638795||0.00075241
01:45||848999500||638795||0.00075241
01:46||848999500||638795||0.00075241
01:47||848999500||638795||0.00075241
01:48||848999500||638795||0.00075241
01:49||848999500||638795||0.00075241
01:50||848999500||638795||0.00075241
01:51||851832500||643059||0.00075241
01:52||851832500||638795||0.00075241
01:53||851832500||638795||0.00075241
01:54||851832500||638795||0.00075241
01:55||851833000||638795||0.00075241
01:56||851833000||638795||0.00075241
01:57||851833000||638796||0.00075241
01:58||851833000||638796||0.00075241
01:59||851833000||638796||0.00075241
02:00||851833000||638796||0.00075241
02:01||851833000||638796||0.00075241
02:02||851889500||638796||0.00075241
02:03||851889500||638796||0.00075241
02:04||851889500||638796||0.00075241
02:05||851889500||638796||0.00075241
02:06||851889500||638796||0.00075241
02:07||851889500||638796||0.00075241
02:08||851889500||638796||0.00075241
02:09||852149500||638796||0.00075241
02:10||852200500||638796||0.00075241
02:11||852876500||638796||0.00075241
02:12||852985000||638796||0.00075241
02:13||853055500||638796||0.00075241
02:14||853124500||638796||0.00075241
02:15||853237000||638796||0.00075241
02:16||854083000||638796||0.00075241
02:17||854083000||638796||0.00075241
02:18||854083000||638796||0.00075241
02:19||854083000||638796||0.00075241
02:20||854083000||638796||0.00075241
02:21||854000000||638796||0.00075241
02:22||853999500||638796||0.00075241
02:23||853999500||638796||0.00075241
02:24||853999500||638796||0.00075241
02:25||853999500||638796||0.00075241
02:26||853999500||638796||0.00075241
02:27||853999500||638796||0.00075241
02:28||853999500||638796||0.00075241
02:29||854000000||642934||0.00075241
02:30||854000000||642181||0.00075241
02:31||854000000||642934||0.00075241
02:32||854000000||642934||0.00075241
02:33||854000000||642934||0.00075241
02:34||854000000||642934||0.00075241
02:35||854000000||642934||0.00075241
02:36||854000000||642934||0.00075241
02:37||854000000||642934||0.00075241
02:38||854000000||642934||0.00075241
02:39||854000000||642181||0.00075241
02:40||853750000||642181||0.00075241
02:41||853750000||642181||0.00075241
02:42||853750000||642181||0.00075241
02:43||853750000||642181||0.00075241
02:44||853750000||642181||0.00075241
02:45||853749500||642181||0.00075241
02:46||853749500||642181||0.00075241
02:47||853749500||642181||0.00075241
02:48||853749500||642181||0.00075241
02:49||852350000||642181||0.00075241
02:50||852599500||642181||0.00075241
02:51||852599500||640451||0.00075241
02:52||851600000||640451||0.00075241
02:53||851600000||640451||0.00075241
02:54||851600000||640451||0.00075241
02:55||851600000||640451||0.00075241
02:56||851600000||640451||0.00075241
02:57||851600000||640451||0.00075241
02:58||851600000||640451||0.00075241
02:59||851600000||640451||0.00075241
03:00||851608000||640451||0.00075241
03:01||851608000||641053||0.00075241
03:02||851608000||641053||0.00075241
03:03||851608000||641053||0.00075241
03:04||851608000||641053||0.00075241
03:05||851608000||641053||0.00075241
03:06||851608000||641053||0.00075241
03:07||851608000||641053||0.00075241
03:08||851600000||641053||0.00075241
03:09||851600000||641053||0.00075241
03:10||851600000||640451||0.00075241
03:11||851600000||640451||0.00075241
03:12||851600000||640451||0.00075241
03:13||851600000||640451||0.00075241
03:14||851600000||640451||0.00075241
03:15||851600000||640451||0.00075241
03:16||851600000||640451||0.00075241
03:17||847779500||637366||0.00075241
03:18||847779500||637366||0.00075241
03:19||847779500||637366||0.00075241
03:20||847779500||637366||0.00075241
03:21||847779500||637366||0.00075241
03:22||847779500||637366||0.00075241
03:23||847779500||637366||0.00075241
03:24||847779500||637366||0.00075241
03:25||847352500||637366||0.00075241
03:26||847104500||637366||0.00075241
03:27||847104500||637366||0.00075241
03:28||847139500||637366||0.00075241
03:29||847139500||637366||0.00075241
03:30||847139500||637366||0.00075241
03:31||847391000||637366||0.00075241
03:32||847342500||637366||0.00075241
03:33||847342500||637366||0.00075241
03:34||847389500||637366||0.00075241
03:35||847603500||637744||0.00075241
03:36||847603500||637744||0.00075241
03:37||847604000||637744||0.00075241
03:38||847608500||637746||0.00075241
03:39||847814500||637746||0.00075241
03:40||847814500||637746||0.00075241
03:41||848152000||638571||0.00075241
03:42||848148500||638571||0.00075241
03:43||848148500||638571||0.00075241
03:44||847753500||638571||0.00075241
03:45||847753500||638571||0.00075241
03:46||847638000||638571||0.00075241
03:47||847609500||638571||0.00075241
03:48||847609000||638571||0.00075241
03:49||847608500||638571||0.00075241
03:50||847608500||637744||0.00075241
03:51||847608500||637744||0.00075241
03:52||847608500||637744||0.00075241
03:53||847608500||637744||0.00075241
03:54||847608500||637744||0.00075241
03:55||847107500||637367||0.00075241
03:56||847107500||637367||0.00075241
03:57||847107500||637367||0.00075241
03:58||847107500||637367||0.00075241
03:59||847107500||637367||0.00075241
04:00||847107500||637367||0.00075241
04:01||847107500||637367||0.00075241
04:02||847107500||637367||0.00075241
04:03||847107500||637367||0.00075241
04:04||847107000||637366||0.00075241
04:05||847106500||637366||0.00075241
04:06||847106500||637366||0.00075241
04:07||847107500||637377||0.00075241
04:08||847107500||637377||0.00075241
04:09||847107500||637377||0.00075241
04:10||847107500||637377||0.00075241
04:11||847107500||637377||0.00075241
04:12||847107500||637377||0.00075241
04:13||846058000||635787||0.00075241
04:14||845005500||635787||0.00075241
04:15||845004500||635786||0.00075241
04:16||845010500||635793||0.00075241
04:17||845010500||635793||0.00075241
04:18||845015500||635802||0.00075241
04:19||845015500||635802||0.00075241
04:20||845016500||635802||0.00075241
04:21||845022500||635802||0.00075241
04:22||845022500||635803||0.00075241
04:23||848510500||641052||0.00075241
04:24||846768500||641052||0.00075241
04:25||849383500||641052||0.00075241
04:26||846402000||641052||0.00075241
04:27||846402000||641052||0.00075241
04:28||849389500||636787||0.00075241
04:29||849389500||636787||0.00075241
04:30||848505000||636787||0.00075241
04:31||848507500||636787||0.00075241
04:32||848507500||636787||0.00075241
04:33||842429500||634162||0.00075241
04:34||844040500||634162||0.00075241
04:35||844126500||633543||0.00075241
04:36||844401000||633679||0.00075241
04:37||846420000||633679||0.00075241
04:38||847602500||637744||0.00075241
04:39||847604500||637746||0.00075241
04:40||848836500||637746||0.00075241
04:41||847484500||637746||0.00075241
04:42||848072500||637746||0.00075241
04:43||848072500||637746||0.00075241
04:44||847997500||637746||0.00075241
04:45||847989500||637746||0.00075241
04:46||847357000||637746||0.00075241
04:47||846724500||637746||0.00075241
04:48||846403500||637746||0.00075241
04:49||846404500||637088||0.00075241
04:50||846411000||637099||0.00075241
04:51||846411000||637099||0.00075241
04:52||846084500||637099||0.00075241
04:53||846084500||637099||0.00075241
04:54||846084500||637099||0.00075241
04:55||846084500||637099||0.00075241
04:56||846084500||637099||0.00075241
04:57||846085500||637099||0.00075241
04:58||846086500||636598||0.00075241
04:59||846086500||636598||0.00075241
05:00||843052000||632031||0.00075241
05:01||841161000||632897||0.00075241
05:02||841162000||632900||0.00075241
05:03||841168500||632900||0.00075241
05:04||841006500||632900||0.00075241
05:05||841006500||632900||0.00075241
05:06||841006500||632900||0.00075241
05:07||842502500||635034||0.00075241
05:08||842502500||635034||0.00075241
05:09||842502500||635034||0.00075241
05:10||842500000||635034||0.00075241
05:11||842500000||635034||0.00075241
05:12||842500000||635034||0.00075241
05:13||842500000||635034||0.00075241
05:14||843250000||635034||0.00075241
05:15||843250000||635034||0.00075241
05:16||843250000||635034||0.00075241
05:17||843250000||635034||0.00075241
05:18||843250000||635034||0.00075241
05:19||843250000||635034||0.00075241
05:20||843250000||635034||0.00075241
05:21||843439000||635034||0.00075241
05:22||843465000||635034||0.00075241
05:23||843465000||635034||0.00075241
05:24||843465500||635034||0.00075241
05:25||847500000||635034||0.00075241
05:26||847500000||635034||0.00075241
05:27||847500000||635034||0.00075241
05:28||847500000||635034||0.00075241
05:29||845500000||635034||0.00075241
05:30||845500000||635034||0.00075241
05:31||845500000||635034||0.00075241
05:32||846250000||635034||0.00075241
05:33||846250000||635034||0.00075241
05:34||846250000||635034||0.00075241
05:35||846250000||635034||0.00075241
05:36||846250000||635034||0.00075241
05:37||846250000||635034||0.00075241
05:38||846250000||635034||0.00075241
05:39||846250000||635034||0.00075241
05:40||846250000||635034||0.00075241
05:41||846250000||635034||0.00075241
05:42||846250000||637291||0.00075241
05:43||846250000||637291||0.00075241
05:44||846250000||637291||0.00075241
05:45||846250000||637291||0.00075241
05:46||846250000||637291||0.00075241
05:47||846250000||637291||0.00075241
05:48||846250000||637291||0.00075241
05:49||846250000||637291||0.00075241
05:50||846250000||637291||0.00075241
05:51||845500000||635034||0.00075241
05:52||846225000||635034||0.00075241
05:53||846225000||635034||0.00075241
05:54||846225000||635034||0.00075241
05:55||846500000||635034||0.00075241
05:56||846225000||635034||0.00075241
05:57||846225000||635034||0.00075241
05:58||846225000||635034||0.00075241
05:59||846500000||635034||0.00075241
06:00||846500000||635034||0.00075241
06:01||845500000||635034||0.00075241
06:02||845500000||635034||0.00075241
06:03||845100000||635034||0.00075241
06:04||845000000||635034||0.00075241
06:05||844510000||635034||0.00075241
06:06||844010000||634296||0.00075241
06:07||844010000||634296||0.00075241
06:08||844000000||634296||0.00075241
06:09||843500000||634296||0.00075241
06:10||843500000||634296||0.00075241
06:11||843500000||634281||0.00075241
06:12||843950000||634281||0.00075241
06:13||843950000||634281||0.00075241
06:14||843950000||634281||0.00075241
06:15||843900000||634281||0.00075241
06:16||843850000||634281||0.00075241
06:17||843850000||634281||0.00075241
06:18||843850000||634281||0.00075241
06:19||844250000||634281||0.00075241
06:20||843800500||634281||0.00075241
06:21||843800500||634281||0.00075241
06:22||843800500||634281||0.00075241
06:23||843469500||634883||0.00075241
06:24||843469500||634883||0.00075241
06:25||843469500||634883||0.00075241
06:26||843400500||634883||0.00075241
06:27||843469500||634883||0.00075241
06:28||843468500||634383||0.00075241
06:29||843366000||634884||0.00075241
06:30||843366000||634884||0.00075241
06:31||842971000||634884||0.00075241
06:32||843366000||634884||0.00075241
06:33||842940500||634884||0.00075241
06:34||842940500||634884||0.00075241
06:35||842940500||634884||0.00075241
06:36||842940500||634884||0.00075241
06:37||843366000||634244||0.00075241
06:38||843366000||634244||0.00075241
06:39||843366000||634244||0.00075241
06:40||843366000||634244||0.00075241
06:41||843366000||634244||0.00075241
06:42||842475500||634229||0.00075241
06:43||842475500||634229||0.00075241
06:44||842475500||633544||0.00075241
06:45||842035000||633544||0.00075241
06:46||841975500||633544||0.00075241
06:47||841965500||632776||0.00075241
06:48||841965500||632776||0.00075241
06:49||840512500||632776||0.00075241
06:50||841476500||632040||0.00075241
06:51||840021000||632040||0.00075241
06:52||840010000||632039||0.00075241
06:53||840019500||632039||0.00075241
06:54||840005000||632038||0.00075241
06:55||840000500||632038||0.00075241
06:56||840000500||632025||0.00075241
06:57||840000500||632024||0.00075241
06:58||839957000||632024||0.00075241
06:59||839333500||631020||0.00075241
07:00||838683000||631020||0.00075241
07:01||838800000||631020||0.00075241
07:02||838149500||630217||0.00075241
07:03||838149500||630217||0.00075241
07:04||837874500||630217||0.00075241
07:05||837874500||630217||0.00075241
07:06||837799500||630217||0.00075241
07:07||837799500||630217||0.00075241
07:08||837799500||630519||0.00075241
07:09||837699500||630519||0.00075241
07:10||837699500||630369||0.00075241
07:11||837699500||630369||0.00075241
07:12||837699500||630369||0.00075241
07:13||836900500||629015||0.00075241
07:14||836493500||629007||0.00075241
07:15||836643500||629007||0.00075241
07:16||835793500||629007||0.00075241
07:17||835643500||629007||0.00075241
07:18||835643500||629007||0.00075241
07:19||835643500||629007||0.00075241
07:20||835643500||629007||0.00075241
07:21||835421000||628293||0.00075241
07:22||836640000||628864||0.00075241
07:23||836845500||632025||0.00075241
07:24||837946500||632025||0.00075241
07:25||837515000||632025||0.00075241
07:26||837515500||632025||0.00075241
07:27||837824000||632025||0.00075241
07:28||837823500||632025||0.00075241
07:29||837824000||632025||0.00075241
07:30||837824000||632025||0.00075241
07:31||837824000||632025||0.00075241
07:32||836647500||629502||0.00075241
07:33||837844500||629502||0.00075241
07:34||837844500||631271||0.00075241
07:35||838500000||631271||0.00075241
07:36||838500000||631271||0.00075241
07:37||838500000||631271||0.00075241
07:38||838500000||631271||0.00075241
07:39||838500000||631271||0.00075241
07:40||838250000||630895||0.00075241
07:41||838300000||630895||0.00075241
07:42||836725000||628299||0.00075241
07:43||837413500||628299||0.00075241
07:44||836796000||628299||0.00075241
07:45||836811000||629466||0.00075241
07:46||836978000||629746||0.00075241
07:47||837594500||629753||0.00075241
07:48||837680500||630678||0.00075241
07:49||837680500||630678||0.00075241
07:50||841734000||635786||0.00075241
07:51||840050000||628262||0.00075241
07:52||837223500||628262||0.00075241
07:53||838063500||628262||0.00075241
07:54||838710000||631228||0.00075241
07:55||838711000||631077||0.00075241
07:56||838486000||630867||0.00075241
07:57||838480500||630867||0.00075241
07:58||837987500||630876||0.00075241
07:59||836250000||628638||0.00075241
08:00||836000000||628262||0.00075241
08:01||835635500||628262||0.00075241
08:02||835006500||628262||0.00075241
08:03||835007000||628262||0.00075241
08:04||835007500||628263||0.00075241
08:05||835007500||628263||0.00075241
08:06||835012500||628272||0.00075241
08:07||835018000||628272||0.00075241
08:08||835018000||628272||0.00075241
08:09||836497000||630493||0.00075241
08:10||836497000||630493||0.00075241
08:11||836497000||630493||0.00075241
08:12||836497500||628284||0.00075241
08:13||836497500||628284||0.00075241
08:14||836983500||630493||0.00075241
08:15||836497500||630493||0.00075241
08:16||836482500||628262||0.00075241
08:17||836250000||628262||0.00075241
08:18||836305500||630226||0.00075241
08:19||836305500||630226||0.00075241
08:20||836310000||630226||0.00075241
08:21||836310000||630226||0.00075241
08:22||836310000||630226||0.00075241
08:23||836309500||628269||0.00075241
08:24||836359500||628345||0.00075241
08:25||836359000||628345||0.00075241
08:26||837555000||632024||0.00075241
08:27||837455500||632024||0.00075241
08:28||839750000||631798||0.00075241
08:29||837406000||631798||0.00075241
08:30||838060500||631798||0.00075241
08:31||838110500||631873||0.00075241
08:32||838114500||631873||0.00075241
08:33||838114500||631873||0.00075241
08:34||838114500||631873||0.00075241
08:35||837719500||631873||0.00075241
08:36||836035500||629345||0.00075241
08:37||836036000||629345||0.00075241
08:38||836036000||629345||0.00075241
08:39||836434500||629345||0.00075241
08:40||836209500||629330||0.00075241
08:41||836209500||629330||0.00075241
08:42||836209500||629330||0.00075241
08:43||835749500||628638||0.00075241
08:44||835749500||628638||0.00075241
08:45||835749500||628638||0.00075241
08:46||835749500||628638||0.00075241
08:47||835749500||628638||0.00075241
08:48||835749500||628638||0.00075241
08:49||835750000||628638||0.00075241
08:50||835750000||628638||0.00075241
08:51||835755000||628638||0.00075241
08:52||835755000||628638||0.00075241
08:53||835755000||628638||0.00075241
08:54||835760500||629014||0.00075241
08:55||835766000||628663||0.00075241
08:56||835766000||628663||0.00075241
08:57||835766000||629014||0.00075241
08:58||836209000||629014||0.00075241
08:59||835771000||629014||0.00075241
09:00||835771000||629014||0.00075241
09:01||835771000||629014||0.00075241
09:02||835771000||629014||0.00075241
09:03||835771000||629014||0.00075241
09:04||835985500||629330||0.00075241
09:05||835985500||628677||0.00075241
09:06||835999000||628677||0.00075241
09:07||836012500||628677||0.00075241
09:08||835974500||629254||0.00075241
09:09||835974500||629254||0.00075241
09:10||836002500||629254||0.00075241
09:11||836156000||629254||0.00075241
09:12||836211500||629254||0.00075241
09:13||836262500||629254||0.00075241
09:14||836318500||629254||0.00075241
09:15||836318500||629254||0.00075241
09:16||836318500||629254||0.00075241
09:17||836318500||629254||0.00075241
09:18||836318500||629254||0.00075241
09:19||836538000||629345||0.00075241
09:20||836538000||629345||0.00075241
09:21||836538000||629345||0.00075241
09:22||836815000||629428||0.00075241
09:23||839208500||633170||0.00075241
09:24||838639000||633170||0.00075241
09:25||839351000||633170||0.00075241
09:26||839475000||631068||0.00075241
09:27||839786000||631068||0.00075241
09:28||839902000||631702||0.00075241
09:29||839902000||631876||0.00075241
09:30||839953000||631953||0.00075241
09:31||839999500||632023||0.00075241
09:32||840667000||632024||0.00075241
09:33||842280000||633199||0.00075241
09:34||842181000||633199||0.00075241
09:35||842399500||634131||0.00075241
09:36||842399500||634131||0.00075241
09:37||842399500||634131||0.00075241
09:38||842399500||634131||0.00075241
09:39||842499000||634280||0.00075241
09:40||842499500||634280||0.00075241
09:41||842499500||634280||0.00075241
09:42||842499500||634280||0.00075241
09:43||842500000||634280||0.00075241
09:44||842744000||634280||0.00075241
09:45||842899000||634280||0.00075241
09:46||842899000||634280||0.00075241
09:47||843297500||634879||0.00075241
09:48||843297000||634879||0.00075241
09:49||843297000||634131||0.00075241
09:50||843297000||634131||0.00075241
09:51||843892000||634879||0.00075241
09:52||843842000||634951||0.00075241
09:53||843887000||635026||0.00075241
09:54||843887000||635026||0.00075241
09:55||843887000||635026||0.00075241
09:56||843892000||635026||0.00075241
09:57||843892000||635026||0.00075241
09:58||843892000||635026||0.00075241
09:59||843395000||634131||0.00075241
10:00||843195000||634131||0.00075241
10:01||843195000||634131||0.00075241
10:02||843195000||634131||0.00075241
10:03||843195000||634131||0.00075241
10:04||843345000||634131||0.00075241
10:05||843445000||634131||0.00075241
10:06||843445000||634131||0.00075241
10:07||843445000||634131||0.00075241
10:08||843445000||634131||0.00075241
10:09||843445000||634131||0.00075241
10:10||843790000||634725||0.00075241
10:11||843790000||634725||0.00075241
10:12||843790000||634725||0.00075241
10:13||843845000||634725||0.00075241
10:14||843895000||634725||0.00075241
10:15||843895000||634725||0.00075241
10:16||843895000||634725||0.00075241
10:17||843895000||634725||0.00075241
10:18||843895000||634725||0.00075241
10:19||843895000||634883||0.00075241
10:20||843895000||634883||0.00075241
10:21||843895000||634883||0.00075241
10:22||843895000||634883||0.00075241
10:23||843895000||634883||0.00075241
10:24||842550000||634131||0.00075241
10:25||842550000||633754||0.00075241
10:26||842399500||633754||0.00075241
10:27||841999500||633754||0.00075241
10:28||841999500||633754||0.00075241
10:29||841999500||633529||0.00075241
10:30||841999500||633529||0.00075241
10:31||841999500||633529||0.00075241
10:32||841999500||633528||0.00075241
10:33||841999500||633528||0.00075241
10:34||841999500||633528||0.00075241
10:35||841999500||633528||0.00075241
10:36||841999500||633528||0.00075241
10:37||841999500||633529||0.00075241
10:38||841999500||633528||0.00075241
10:39||841999500||633528||0.00075241
10:40||841999500||633528||0.00075241
10:41||841999500||633529||0.00075241
10:42||841999500||633529||0.00075241
10:43||841999500||633529||0.00075241
10:44||841999500||633529||0.00075241
10:45||841999500||633529||0.00075241
10:46||841999500||633528||0.00075241
10:47||841999500||633528||0.00075241
10:48||841999500||633528||0.00075241
10:49||841999500||633528||0.00075241
10:50||841999500||633528||0.00075241
10:51||841999500||633529||0.00075241
10:52||841999500||633529||0.00075241
10:53||841999500||633529||0.00075241
10:54||841999500||633529||0.00075241
10:55||841999500||633529||0.00075241
10:56||841999500||633528||0.00075241
10:57||841999500||633529||0.00075241
10:58||841999500||633529||0.00075241
10:59||841999500||633529||0.00075241
11:00||841999500||633528||0.00075241
11:01||841999500||633529||0.00075241
11:02||842799500||633529||0.00075241
11:03||842799500||633529||0.00075241
11:04||842799500||634130||0.00075241
11:05||842799500||634130||0.00075241
11:06||842799500||634130||0.00075241
11:07||842799500||634130||0.00075241
11:08||842799500||634131||0.00075241
11:09||842799500||634131||0.00075241
11:10||842799500||634130||0.00075241
11:11||842799500||634130||0.00075241
11:12||842799500||634130||0.00075241
11:13||842799500||634130||0.00075241
11:14||842799500||634130||0.00075241
11:15||842799500||634131||0.00075241
11:16||842799500||634131||0.00075241
11:17||842799500||634131||0.00075241
11:18||842799500||634131||0.00075241
11:19||842799500||634131||0.00075241
11:20||842799500||634131||0.00075241
11:21||842799500||634131||0.00075241
11:22||842799500||634131||0.00075241
11:23||842799500||634131||0.00075241
11:24||842799500||634131||0.00075241
11:25||842799500||634131||0.00075241
11:26||842799500||634130||0.00075241
11:27||842799500||634130||0.00075241
11:28||842799500||634130||0.00075241
11:29||842799500||634130||0.00075241
11:30||842799500||634130||0.00075241
11:31||842799500||634130||0.00075241
11:32||842799500||634130||0.00075241
11:33||842799500||634130||0.00075241
11:34||842799500||634131||0.00075241
11:35||842799500||634131||0.00075241
11:36||842799500||634131||0.00075241
11:37||842799500||634131||0.00075241
11:38||842799500||634131||0.00075241
11:39||842799500||634131||0.00075241
11:40||842799500||634131||0.00075241
11:41||842799500||634131||0.00075241
11:42||842799500||634131||0.00075241
11:43||842799500||634131||0.00075241
11:44||842799500||634131||0.00075241
11:45||843389500||635018||0.00075241
11:46||843496500||635018||0.00075241
11:47||843984500||635018||0.00075241
11:48||843990500||635031||0.00075241
11:49||843990500||635031||0.00075241
11:50||843990500||635031||0.00075241
11:51||843489500||635031||0.00075241
11:52||843495000||635031||0.00075241
11:53||843495000||635031||0.00075241
11:54||843495000||635031||0.00075241
11:55||843505000||635031||0.00075241
11:56||843505000||635031||0.00075241
11:57||843505000||635031||0.00075241
11:58||843505000||635031||0.00075241
11:59||843996500||635024||0.00075241
12:00||843998500||635031||0.00075241
12:01||843998500||635031||0.00075241
12:02||843998500||635031||0.00075241
12:03||843998500||635031||0.00075241
12:04||843998500||635033||0.00075241
12:05||843998500||635033||0.00075241
12:06||843998500||635033||0.00075241
12:07||843998500||635033||0.00075241
12:08||843998500||635033||0.00075241
12:09||843998500||635033||0.00075241
12:10||843998500||635033||0.00075241
12:11||843998500||635033||0.00075241
12:12||843998500||635033||0.00075241
12:13||843998500||635033||0.00075241
12:14||844255000||635034||0.00075241
12:15||844499500||635034||0.00075241
12:16||844499500||635034||0.00075241
12:17||844499500||635034||0.00075241
12:18||844749500||635786||0.00075241
12:19||844749500||635786||0.00075241
12:20||844749500||635786||0.00075241
12:21||845199500||635786||0.00075241
12:22||845581500||636463||0.00075241
12:23||845836000||636463||0.00075241
12:24||845575000||636463||0.00075241
12:25||845700000||636463||0.00075241
12:26||845700000||636463||0.00075241
12:27||845550000||636463||0.00075241
12:28||845575000||636463||0.00075241
12:29||845575000||636463||0.00075241
12:30||845525000||636463||0.00075241
12:31||845526000||636388||0.00075241
12:32||845526000||636388||0.00075241
12:33||845526000||636388||0.00075241
12:34||845252000||635975||0.00075241
12:35||845252000||635975||0.00075241
12:36||845252000||635976||0.00075241
12:37||845251500||635976||0.00075241
12:38||845251500||635976||0.00075241
12:39||845251500||635976||0.00075241
12:40||845251500||635976||0.00075241
12:41||845251000||635974||0.00075241
12:42||845251000||635974||0.00075241
12:43||845251000||635974||0.00075241
12:44||845250500||635974||0.00075241
12:45||844875000||635974||0.00075241
12:46||844875500||635974||0.00075241
12:47||845200000||635976||0.00075241
12:48||845200000||635976||0.00075241
12:49||845200000||635976||0.00075241
12:50||845200000||635976||0.00075241
12:51||845200000||635410||0.00075241
12:52||845450000||635410||0.00075241
12:53||845400000||635410||0.00075241
12:54||845400000||635410||0.00075241
12:55||845150000||635410||0.00075241
12:56||845150000||635410||0.00075241
12:57||845150000||635410||0.00075241
12:58||845150000||635410||0.00075241
12:59||845150000||635410||0.00075241
13:00||845150000||635410||0.00075241
13:01||845150000||636388||0.00075241
13:02||845150000||636388||0.00075241
13:03||845150000||636388||0.00075241
13:04||845150000||636388||0.00075241
13:05||844750000||636388||0.00075241
13:06||844750000||636388||0.00075241
13:07||844750000||636388||0.00075241
13:08||844750500||636388||0.00075241
13:09||844750500||635786||0.00075241
13:10||844750500||635786||0.00075241
13:11||844750500||635786||0.00075241
13:12||844750500||635786||0.00075241
13:13||844750500||635786||0.00075241
13:14||844750500||635786||0.00075241
13:15||844750500||635786||0.00075241
13:16||844750500||635410||0.00075241
13:17||844750500||635410||0.00075241
13:18||844199000||635409||0.00075241
13:19||843200000||633717||0.00075241
13:20||843199500||633717||0.00075241
13:21||842500000||633717||0.00075241
13:22||842500000||633529||0.00075241
13:23||842500000||633529||0.00075241
13:24||842500000||633529||0.00075241
13:25||842500000||633529||0.00075241
13:26||842500000||633529||0.00075241
13:27||842500000||633529||0.00075241
13:28||842500500||633529||0.00075241
13:29||842501000||633529||0.00075241
13:30||842606000||633529||0.00075241
13:31||842606000||633529||0.00075241
13:32||842610000||633529||0.00075241
13:33||842610000||633529||0.00075241
13:34||842610000||633694||0.00075241
13:35||842611000||633694||0.00075241
13:36||842419000||634281||0.00075241
13:37||842420500||634281||0.00075241
13:38||842420500||634281||0.00075241
13:39||842615500||633992||0.00075241
13:40||842615500||633992||0.00075241
13:41||842615500||633992||0.00075241
13:42||842615500||633992||0.00075241
13:43||842615500||633992||0.00075241
13:44||842615500||633992||0.00075241
13:45||842615500||633992||0.00075241
13:46||842615500||633992||0.00075241
13:47||842615500||633992||0.00075241
13:48||842615500||633992||0.00075241
13:49||842615500||633992||0.00075241
13:50||842615500||633992||0.00075241
13:51||842615500||633992||0.00075241
13:52||842615500||633991||0.00075241
13:53||842615500||633991||0.00075241
13:54||842615500||633991||0.00075241
13:55||842615500||633991||0.00075241
13:56||842615500||633992||0.00075241
13:57||842613500||633991||0.00075241
13:58||842613500||633991||0.00075241
13:59||842613500||633991||0.00075241
14:00||843306000||633992||0.00075241
14:01||843306000||633992||0.00075241
14:02||843306000||633992||0.00075241
14:03||843306000||633992||0.00075241
14:04||842806000||633992||0.00075241
14:05||842806000||633992||0.00075241
14:06||842419000||633989||0.00075241
14:07||842419000||633989||0.00075241
14:08||842620500||634281||0.00075241
14:09||842620500||634281||0.00075241
14:10||842632500||634281||0.00075241
14:11||842755000||634281||0.00075241
14:12||842782000||634281||0.00075241
14:13||842999500||634281||0.00075241
14:14||842999500||634280||0.00075241
14:15||842999500||634280||0.00075241
14:16||842999500||634280||0.00075241
14:17||842999500||634280||0.00075241
14:18||842999500||634280||0.00075241
14:19||842999500||634280||0.00075241
14:20||842999500||634280||0.00075241
14:21||842999500||634280||0.00075241
14:22||842999500||634280||0.00075241
14:23||842999500||634281||0.00075241
14:24||842755000||633905||0.00075241
14:25||843454000||635333||0.00075241
14:26||843478000||635333||0.00075241
14:27||844199000||635333||0.00075241
14:28||844199000||635333||0.00075241
14:29||844199500||635334||0.00075241
14:30||844198500||635334||0.00075241
14:31||844198500||635334||0.00075241
14:32||844198500||635034||0.00075241
14:33||844198000||635034||0.00075241
14:34||844198000||635331||0.00075241
14:35||844198000||635331||0.00075241
14:36||843698500||634282||0.00075241
14:37||843478000||633951||0.00075241
14:38||843478000||633950||0.00075241
14:39||843448000||633950||0.00075241
14:40||843308500||633700||0.00075241
14:41||843308500||633700||0.00075241
14:42||843308500||633700||0.00075241
14:43||843308000||633699||0.00075241
14:44||843308000||633699||0.00075241
14:45||843308000||635327||0.00075241
14:46||843307500||635326||0.00075241
14:47||843113000||635326||0.00075241
14:48||842863000||635034||0.00075241
14:49||842863500||635034||0.00075241
14:50||842863500||635034||0.00075241
14:51||842890000||635034||0.00075241
14:52||842902000||635034||0.00075241
14:53||842902000||635034||0.00075241
14:54||843009500||634657||0.00075241
14:55||843009500||634657||0.00075241
14:56||843010000||634657||0.00075241
14:57||843010000||634657||0.00075241
14:58||843010000||634657||0.00075241
14:59||843010000||633920||0.00075241
15:00||843010000||633920||0.00075241
15:01||843024500||633920||0.00075241
15:02||843034500||633920||0.00075241
15:03||843035000||633920||0.00075241
15:04||843255000||633920||0.00075241
15:05||843255000||633920||0.00075241
15:06||843255000||633920||0.00075241
15:07||843298000||633920||0.00075241
15:08||843298000||633920||0.00075241
15:09||843499500||634657||0.00075241
15:10||843499500||634657||0.00075241
15:11||843499500||634657||0.00075241
15:12||843499500||634657||0.00075241
15:13||843499500||634657||0.00075241
15:14||843499500||634657||0.00075241
15:15||843499500||634657||0.00075241
15:16||843499500||634657||0.00075241
15:17||843499500||634657||0.00075241
15:18||843499500||634657||0.00075241
15:19||843499500||634657||0.00075241
15:20||843499500||634657||0.00075241
15:21||843499500||634657||0.00075241
15:22||843499500||634657||0.00075241
15:23||843499500||634657||0.00075241
15:24||843499500||634657||0.00075241
15:25||843499500||634657||0.00075241
15:26||843499500||634657||0.00075241
15:27||843499500||634657||0.00075241
15:28||843499500||634657||0.00075241
15:29||843499500||634657||0.00075241
15:30||843499500||634657||0.00075241
15:31||843499500||634657||0.00075241
15:32||843499500||634657||0.00075241
15:33||843499500||634657||0.00075241
15:34||843499500||634657||0.00075241
15:35||843499500||634657||0.00075241
15:36||843499500||634657||0.00075241
15:37||843499500||634657||0.00075241
15:38||843499500||634657||0.00075241
15:39||843499500||634657||0.00075241
15:40||843499500||634657||0.00075241
15:41||843944500||635327||0.00075241
15:42||843944500||635327||0.00075241
15:43||843944500||635327||0.00075241
15:44||843944500||635327||0.00075241
15:45||843944500||635327||0.00075241
15:46||843944500||635327||0.00075241
15:47||843954000||635327||0.00075241
15:48||843963000||635327||0.00075241
15:49||843976500||635327||0.00075241
15:50||843986000||635327||0.00075241
15:51||843986000||635327||0.00075241
15:52||843986000||635327||0.00075241
15:53||843986000||635327||0.00075241
15:54||843989000||635331||0.00075241
15:55||843989000||634719||0.00075241
15:56||843791000||634719||0.00075241
15:57||843791000||634719||0.00075241
15:58||843783000||634719||0.00075241
15:59||843980500||634719||0.00075241
16:00||843956500||634719||0.00075241
16:01||843957500||634719||0.00075241
16:02||843958000||634719||0.00075241
16:03||843760500||634719||0.00075241
16:04||843760500||634719||0.00075241
16:05||843760500||635034||0.00075241
16:06||843760500||635034||0.00075241
16:07||843760500||635034||0.00075241
16:08||843760500||635034||0.00075241
16:09||843760000||634673||0.00075241
16:10||843762500||635034||0.00075241
16:11||843762500||635034||0.00075241
16:12||843763000||635034||0.00075241
16:13||843762500||634676||0.00075241
16:14||843762500||634676||0.00075241
16:15||843762500||634676||0.00075241
16:16||843960500||634676||0.00075241
16:17||843983500||634676||0.00075241
16:18||844005500||634676||0.00075241
16:19||844201000||635331||0.00075241
16:20||844201000||635331||0.00075241
16:21||844394500||635331||0.00075241
16:22||844394500||635331||0.00075241
16:23||844394500||635331||0.00075241
16:24||844394500||635331||0.00075241
16:25||844447000||635410||0.00075241
16:26||844447000||635410||0.00075241
16:27||844249500||635410||0.00075241
16:28||844249500||635410||0.00075241
16:29||844249500||635410||0.00075241
16:30||844249500||635410||0.00075241
16:31||844249500||635033||0.00075241
16:32||844248000||635033||0.00075241
16:33||844466000||635703||0.00075241
16:34||844466000||635703||0.00075241
16:35||844467000||635703||0.00075241
16:36||844467000||635703||0.00075241
16:37||844467000||635703||0.00075241
16:38||844467500||635702||0.00075241
16:39||844494000||635702||0.00075241
16:40||844494000||635702||0.00075241
16:41||844494500||635702||0.00075241
16:42||844500000||635702||0.00075241
16:43||844500000||635702||0.00075241
16:44||844883500||635702||0.00075241
16:45||844883500||635702||0.00075241
16:46||844882500||635702||0.00075241
16:47||844882500||635702||0.00075241
16:48||844882500||635702||0.00075241
16:49||844882500||635702||0.00075241
16:50||844887500||635702||0.00075241
16:51||844887500||635702||0.00075241
16:52||844887500||635702||0.00075241
16:53||844887500||635702||0.00075241
16:54||844887500||635702||0.00075241
16:55||844882500||635702||0.00075241
16:56||844882500||635702||0.00075241
16:57||844878500||635702||0.00075241
16:58||844878500||635702||0.00075241
16:59||844878500||635702||0.00075241
17:00||844878500||635702||0.00075241
17:01||844887500||635702||0.00075241
17:02||844887500||635702||0.00075241
17:03||844887500||635702||0.00075241
17:04||844887500||635702||0.00075241
17:05||844887500||635702||0.00075241
17:06||844887500||635702||0.00075241
17:07||844887500||635701||0.00075241
17:08||844887500||635701||0.00075241
17:09||844878000||635701||0.00075241
17:10||844878500||635702||0.00075241
17:11||844878500||635702||0.00075241
17:12||844869500||635702||0.00075241
17:13||844869500||635688||0.00075241
17:14||844869500||635687||0.00075241
17:15||844869500||635687||0.00075241
17:16||844869500||635687||0.00075241
17:17||844869500||635688||0.00075241
17:18||844869500||635687||0.00075241
17:19||844869500||635687||0.00075241
17:20||844869500||635687||0.00075241
17:21||844869500||635687||0.00075241
17:22||844869500||635687||0.00075241
17:23||844869500||635687||0.00075241
17:24||844869500||635687||0.00075241
17:25||844869500||635687||0.00075241
17:26||844869500||635687||0.00075241
17:27||844878500||635687||0.00075241
17:28||844878500||635687||0.00075241
17:29||844878500||635687||0.00075241
17:30||844879000||635687||0.00075241
17:31||844879000||635687||0.00075241
17:32||844879000||635687||0.00075241
17:33||844879000||635702||0.00075241
17:34||844879000||635702||0.00075241
17:35||844879000||635702||0.00075241
17:36||844875500||635702||0.00075241
17:37||844875500||635688||0.00075241
17:38||844875500||635688||0.00075241
17:39||844870000||635688||0.00075241
17:40||844869500||635688||0.00075241
17:41||844869500||635688||0.00075241
17:42||844869500||635688||0.00075241
17:43||844869500||635688||0.00075241
17:44||844869500||635688||0.00075241
17:45||844685000||635687||0.00075241
17:46||844405500||635410||0.00075241
17:47||844100500||635410||0.00075241
17:48||844100500||635109||0.00075241
17:49||844100500||635109||0.00075241
17:50||844074000||635109||0.00075241
17:51||844093000||635109||0.00075241
17:52||844392000||635560||0.00075241
17:53||844392000||635560||0.00075241
17:54||844477000||635688||0.00075241
17:55||844781000||635688||0.00075241
17:56||844781000||635688||0.00075241
17:57||844869500||635688||0.00075241
17:58||844869500||635688||0.00075241
17:59||844869500||635688||0.00075241
18:00||844869500||635688||0.00075241
18:01||844869500||635688||0.00075241
18:02||844869500||635687||0.00075241
18:03||844879500||635687||0.00075241
18:04||844819000||635553||0.00075241
18:05||844818000||635597||0.00075241
18:06||844844500||635597||0.00075241
18:07||844843500||635635||0.00075241
18:08||844879500||635635||0.00075241
18:09||844879500||635635||0.00075241
18:10||844879500||635635||0.00075241
18:11||844879500||635635||0.00075241
18:12||844879500||635635||0.00075241
18:13||844879500||635635||0.00075241
18:14||844879500||635635||0.00075241
18:15||844872500||635690||0.00075241
18:16||844872500||635690||0.00075241
18:17||844872500||635690||0.00075241
18:18||844872500||635690||0.00075241
18:19||844872500||635690||0.00075241
18:20||844872500||635690||0.00075241
18:21||844872500||635690||0.00075241
18:22||844872500||635690||0.00075241
18:23||844872500||635690||0.00075241
18:24||844872500||635690||0.00075241
18:25||844872500||635690||0.00075241
18:26||844872500||635690||0.00075241
18:27||844872500||635690||0.00075241
18:28||844872500||635690||0.00075241
18:29||844872500||635690||0.00075241
18:30||844872500||635690||0.00075241
18:31||844872500||635690||0.00075241
18:32||844872500||635690||0.00075241
18:33||844872500||635690||0.00075241
18:34||844872500||635690||0.00075241
18:35||844872500||635690||0.00075241
18:36||844872500||635690||0.00075241
18:37||844872500||635690||0.00075241
18:38||844872500||635690||0.00075241
18:39||844872500||635690||0.00075241
18:40||844872500||635690||0.00075241
18:41||844872500||635690||0.00075241
18:42||844872500||635690||0.00075241
18:43||844872500||635690||0.00075241
18:44||844872500||635690||0.00075241
18:45||844872500||635690||0.00075241
18:46||844872500||635690||0.00075241
18:47||844047500||635097||0.00075241
18:48||843867000||635030||0.00075241
18:49||843867000||635030||0.00075241
18:50||843739500||635030||0.00075241
18:51||843745500||635030||0.00075241
18:52||843739500||635030||0.00075241
18:53||843739500||634837||0.00075241
18:54||843739500||634837||0.00075241
18:55||843739500||634837||0.00075241
18:56||843739500||634837||0.00075241
18:57||843627500||634837||0.00075241
18:58||843519500||634837||0.00075241
18:59||843020000||634281||0.00075241
19:00||843000000||634281||0.00075241
19:01||842520500||633921||0.00075241
19:02||842410500||633754||0.00075241
19:03||842300500||633754||0.00075241
19:04||842145500||633521||0.00075241
19:05||842001000||633521||0.00075241
19:06||841997500||633521||0.00075241
19:07||841991500||633521||0.00075241
19:08||842146000||633755||0.00075241
19:09||842146500||633755||0.00075241
19:10||842147000||633755||0.00075241
19:11||842147000||633755||0.00075241
19:12||842147000||633755||0.00075241
19:13||842147000||633755||0.00075241
19:14||842147500||633755||0.00075241
19:15||842300500||633755||0.00075241
19:16||842300500||633755||0.00075241
19:17||843070000||633755||0.00075241
19:18||843735500||633755||0.00075241
19:19||843737500||633755||0.00075241
19:20||843739500||633755||0.00075241
19:21||843869500||634838||0.00075241
19:22||843995500||634838||0.00075241
19:23||844443000||635702||0.00075241
19:24||844882500||635702||0.00075241
19:25||844884500||635702||0.00075241
19:26||844884500||635702||0.00075241
19:27||844884500||635702||0.00075241
19:28||844884500||635702||0.00075241
19:29||844884500||635702||0.00075241
19:30||844884500||635702||0.00075241
19:31||844882500||635702||0.00075241
19:32||844882500||635698||0.00075241
19:33||844882500||635698||0.00075241
19:34||844882500||635698||0.00075241
19:35||844882500||635698||0.00075241
19:36||844882500||635698||0.00075241
19:37||844882500||635698||0.00075241
19:38||844882500||635698||0.00075241
19:39||844882500||635698||0.00075241
19:40||844882500||635698||0.00075241
19:41||844885000||635702||0.00075241
19:42||844888500||635702||0.00075241
19:43||844888500||635702||0.00075241
19:44||844943000||635702||0.00075241
19:45||844996500||635702||0.00075241
19:46||844996500||635784||0.00075241
19:47||844997000||635784||0.00075241
19:48||845895500||636462||0.00075241
19:49||845899500||636573||0.00075241
19:50||846510000||636573||0.00075241
19:51||846510500||636919||0.00075241
19:52||846507500||636919||0.00075241
19:53||846507500||636919||0.00075241
19:54||846507500||636920||0.00075241
19:55||846507500||636920||0.00075241
19:56||846507500||636920||0.00075241
19:57||846507500||636920||0.00075241
19:58||846507500||636920||0.00075241
19:59||846507500||636921||0.00075241
20:00||846507500||636921||0.00075241
20:01||846507500||636921||0.00075241
20:02||846510000||636921||0.00075241
20:03||846510500||636921||0.00075241
20:04||846513500||636921||0.00075241
20:05||846513500||636921||0.00075241
20:06||846513500||636921||0.00075241
20:07||846513500||636925||0.00075241
20:08||846513500||636924||0.00075241
20:09||846513500||636924||0.00075241
20:10||846513500||636924||0.00075241
20:11||846513500||636925||0.00075241
20:12||846513500||636925||0.00075241
20:13||846513500||636925||0.00075241
20:14||846513500||636925||0.00075241
20:15||846513500||636924||0.00075241
20:16||846513500||636924||0.00075241
20:17||846513500||636925||0.00075241
20:18||846676000||636925||0.00075241
20:19||846838000||637170||0.00075241
20:20||846918000||637290||0.00075241
20:21||846994500||637161||0.00075241
20:22||846995500||637161||0.00075241
20:23||846996500||637161||0.00075241
20:24||846997000||637161||0.00075241
20:25||846997000||637161||0.00075241
20:26||846997000||637161||0.00075241
20:27||846997000||637161||0.00075241
20:28||846997000||637161||0.00075241
20:29||847420000||637291||0.00075241
20:30||847420000||637291||0.00075241
20:31||847839500||637291||0.00075241
20:32||847842000||637923||0.00075241
20:33||847843000||637927||0.00075241
20:34||847846500||637927||0.00075241
20:35||847846500||637927||0.00075241
20:36||847846500||637927||0.00075241
20:37||847844500||637924||0.00075241
20:38||847846000||637924||0.00075241
20:39||847846500||637924||0.00075241
20:40||847846500||637924||0.00075241
20:41||847846500||637924||0.00075241
20:42||847846500||637924||0.00075241
20:43||847846500||637928||0.00075241
20:44||847846500||637928||0.00075241
20:45||847846500||637928||0.00075241
20:46||847846500||637928||0.00075241
20:47||847846500||637928||0.00075241
20:48||847846500||637928||0.00075241
20:49||847846500||637927||0.00075241
20:50||847846500||637927||0.00075241
20:51||847846500||637927||0.00075241
20:52||847846500||637927||0.00075241
20:53||847846500||637927||0.00075241
20:54||847846500||637927||0.00075241
20:55||847922000||637960||0.00075241
20:56||848499000||638043||0.00075241
20:57||848998500||638043||0.00075241
20:58||848998500||638043||0.00075241
20:59||848998500||638043||0.00075241
21:00||848998500||638043||0.00075241
21:01||848998500||638043||0.00075241
21:02||849248500||638796||0.00075241
21:03||849993500||639548||0.00075241
21:04||850500500||640300||0.00075241
21:05||851500000||640300||0.00075241
21:06||852502500||642558||0.00075241
21:07||851502000||641052||0.00075241
21:08||851549500||641052||0.00075241
21:09||851549500||641052||0.00075241
21:10||851150500||641052||0.00075241
21:11||851599000||640451||0.00075241
21:12||851599500||641052||0.00075241
21:13||851595000||641045||0.00075241
21:14||851550000||640451||0.00075241
21:15||851595000||640451||0.00075241
21:16||851595000||640451||0.00075241
21:17||851595000||642558||0.00075241
21:18||852572000||642558||0.00075241
21:19||852015000||642558||0.00075241
21:20||851305500||642558||0.00075241
21:21||851305500||642558||0.00075241
21:22||851305500||642558||0.00075241
21:23||851305500||640476||0.00075241
21:24||851234500||640476||0.00075241
21:25||851200500||640451||0.00075241
21:26||850601000||639549||0.00075241
21:27||850601500||639549||0.00075241
21:28||850301500||639549||0.00075241
21:29||851003000||641054||0.00075241
21:30||851008500||641054||0.00075241
21:31||851921500||641054||0.00075241
21:32||851863000||639586||0.00075241
21:33||851499500||639586||0.00075241
21:34||851500500||639592||0.00075241
21:35||850060500||639592||0.00075241
21:36||850060500||639592||0.00075241
21:37||850060500||639592||0.00075241
21:38||851442500||639592||0.00075241
21:39||850063000||641674||0.00075241
21:40||850064500||641674||0.00075241
21:41||851473500||641760||0.00075241
21:42||851014000||641760||0.00075241
21:43||851014000||641760||0.00075241
21:44||851014500||641760||0.00075241
21:45||851014500||641760||0.00075241
21:46||851014500||641760||0.00075241
21:47||851014500||641760||0.00075241
21:48||850995000||641760||0.00075241
21:49||850995000||641760||0.00075241
21:50||850995500||641760||0.00075241
21:51||850995500||641760||0.00075241
21:52||850996000||641760||0.00075241
21:53||850996000||641760||0.00075241
21:54||851011000||641760||0.00075241
21:55||851011500||641760||0.00075241
21:56||851011500||641760||0.00075241
21:57||851011500||640994||0.00075241
21:58||851461000||640994||0.00075241
21:59||851711000||640994||0.00075241
22:00||851461500||640994||0.00075241
22:01||851246500||640994||0.00075241
22:02||851250000||640994||0.00075241
22:03||851250500||640669||0.00075241
22:04||851489500||640669||0.00075241
22:05||851489500||640669||0.00075241
22:06||851489500||640669||0.00075241
22:07||851489500||640669||0.00075241
22:08||851489500||640669||0.00075241
22:09||851489500||640669||0.00075241
22:10||851489500||640669||0.00075241
22:11||851489500||640669||0.00075241
22:12||851705500||640994||0.00075241
22:13||852214500||641760||0.00075241
22:14||852645000||642407||0.00075241
22:15||852663500||642427||0.00075241
22:16||852514500||642427||0.00075241
22:17||852518500||642427||0.00075241
22:18||852538000||642427||0.00075241
22:19||852538500||642427||0.00075241
22:20||852540500||642427||0.00075241
22:21||852541000||640718||0.00075241
22:22||851556500||640718||0.00075241
22:23||851556500||640718||0.00075241
22:24||851556500||640718||0.00075241
22:25||851556500||640718||0.00075241
22:26||852527500||640720||0.00075241
22:27||852528500||642200||0.00075241
22:28||852780000||642428||0.00075241
22:29||852834500||642428||0.00075241
22:30||853000500||642428||0.00075241
22:31||853027500||642558||0.00075241
22:32||853625500||642558||0.00075241
22:33||853626000||642558||0.00075241
22:34||853626500||642558||0.00075241
22:35||853253500||641996||0.00075241
22:36||853627000||642557||0.00075241
22:37||853626500||642557||0.00075241
22:38||853627000||642557||0.00075241
22:39||853378000||642557||0.00075241
22:40||853253500||642557||0.00075241
22:41||853253500||642557||0.00075241
22:42||852497500||641064||0.00075241
22:43||851788000||641064||0.00075241
22:44||851550500||640714||0.00075241
22:45||851550500||640715||0.00075241
22:46||851550500||640715||0.00075241
22:47||851550500||640715||0.00075241
22:48||850826000||640668||0.00075241
22:49||850826000||640668||0.00075241
22:50||850826000||640668||0.00075241
22:51||850875500||640668||0.00075241
22:52||850875500||640668||0.00075241
22:53||850875500||640668||0.00075241
22:54||850875500||640668||0.00075241
22:55||850875500||639698||0.00075241
22:56||850690500||639698||0.00075241
22:57||850690500||639698||0.00075241
22:58||850690500||639698||0.00075241
22:59||850690500||639698||0.00075241
23:00||850690500||639699||0.00075241
23:01||850137000||639698||0.00075241
23:02||850137000||639698||0.00075241
23:03||850123000||639623||0.00075241
23:04||850123000||639602||0.00075241
23:05||850123000||639602||0.00075241
23:06||850122500||639679||0.00075241
23:07||850122500||639679||0.00075241
23:08||850122500||639679||0.00075241
23:09||850122500||639679||0.00075241
23:10||850122500||639679||0.00075241
23:11||850122500||639679||0.00075241
23:12||850122500||639679||0.00075241
23:13||850123000||639601||0.00075241
23:14||850123000||639601||0.00075241
23:15||850123000||639601||0.00075241
23:16||850123000||639601||0.00075241
23:17||850123000||639601||0.00075241
23:18||850123000||639601||0.00075241
23:19||850123000||639679||0.00075241
23:20||850123000||639679||0.00075241
23:21||850121500||639679||0.00075241
23:22||850121500||639679||0.00075241
23:23||850121500||639602||0.00075241
23:24||850135500||639602||0.00075241
23:25||850170500||639602||0.00075241
23:26||850170500||639602||0.00075241
23:27||850170500||639676||0.00075241
23:28||850170500||639676||0.00075241
23:29||850170500||639676||0.00075241
23:30||850170500||639676||0.00075241
23:31||850170500||639676||0.00075241
23:32||850170500||639676||0.00075241
23:33||850170500||639676||0.00075241
23:34||850170500||639676||0.00075241
23:35||850170500||639676||0.00075241
23:36||850170500||639677||0.00075241
23:37||850170500||639676||0.00075241
23:38||850170500||639676||0.00075241
23:39||850170500||639676||0.00075241
23:40||850170500||639676||0.00075241
23:41||850170500||639677||0.00075241
23:42||850170500||639677||0.00075241
23:43||850170500||639677||0.00075241
23:44||850170500||639677||0.00075241
23:45||850170500||639677||0.00075241
23:46||850170500||639677||0.00075241
23:47||850170500||639677||0.00075241
23:48||850170500||639677||0.00075241
23:49||850172000||639677||0.00075241
23:50||850685000||640451||0.00075241
23:51||850685000||640451||0.00075241
23:52||850685000||640451||0.00075241
23:53||850685000||640451||0.00075241
23:54||850685000||640451||0.00075241
23:55||850685000||640451||0.00075241
23:56||850685000||640451||0.00075241
23:57||850684500||640451||0.00075241
23:58||850684500||640451||0.00075241
23:59||850684500||640451||0.00075241
