00:00||660494000||497342||0.00075241
00:01||660494000||497327||0.00075241
00:02||660494000||497327||0.00075241
00:04||660494000||497327||0.00075241
00:03||660494000||496962||0.00075241
00:05||658050000||492829||0.00075241
00:06||658050000||497327||0.00075241
00:07||658050000||497327||0.00075241
00:08||658050000||497327||0.00075241
00:10||658050000||497327||0.00075241
00:09||658050000||495123||0.00075241
00:11||658050000||497327||0.00075241
00:12||658050000||495123||0.00075241
00:13||658050000||497327||0.00075241
00:14||659029500||495860||0.00075241
00:15||659029500||497327||0.00075241
00:16||659029500||497327||0.00075241
00:18||659029500||497327||0.00075241
00:17||659029500||495860||0.00075241
00:19||659029500||497327||0.00075241
00:20||659029500||497327||0.00075241
00:21||659029500||497327||0.00075241
00:22||659029500||497327||0.00075241
00:23||659029500||497327||0.00075241
00:24||659029500||497327||0.00075241
00:25||659029500||497327||0.00075241
00:26||659029500||497327||0.00075241
00:27||659029500||497327||0.00075241
00:28||659029500||497327||0.00075241
00:29||659029500||497327||0.00075241
00:30||659029500||497327||0.00075241
00:31||659029500||497327||0.00075241
00:32||659029500||497327||0.00075241
00:34||659029500||497327||0.00075241
00:33||659029500||497327||0.00075241
00:35||659029500||494393||0.00075241
00:36||659029500||497327||0.00075241
00:37||659029500||497327||0.00075241
00:38||658461500||497327||0.00075241
00:39||658403000||497327||0.00075241
00:40||658176500||497327||0.00075241
00:41||657890000||497327||0.00075241
00:42||657531000||497327||0.00075241
00:43||657815500||497327||0.00075241
00:44||657556000||497327||0.00075241
00:45||657447500||497327||0.00075241
00:46||657080500||497327||0.00075241
00:47||657080500||497327||0.00075241
00:48||657080500||497327||0.00075241
00:49||657080500||497327||0.00075241
00:50||657080500||497327||0.00075241
00:51||657080500||497327||0.00075241
00:52||657080500||497327||0.00075241
00:53||658373500||496425||0.00075241
00:54||658053500||496425||0.00075241
00:55||658053500||495858||0.00075241
00:56||658013500||494333||0.00075241
00:57||658013500||494333||0.00075241
00:58||657992000||494333||0.00075241
00:59||657992000||494333||0.00075241
01:00||657992000||494333||0.00075241
01:01||657992000||494333||0.00075241
01:02||657992000||494333||0.00075241
01:03||657992000||494333||0.00075241
01:04||657992000||494333||0.00075241
01:05||657992000||495826||0.00075241
01:06||657970500||495826||0.00075241
01:07||657970500||495826||0.00075241
01:08||657970500||495826||0.00075241
01:09||657970500||495826||0.00075241
01:10||657970500||495826||0.00075241
01:11||657970500||495826||0.00075241
01:12||657970500||495826||0.00075241
01:13||657970500||495826||0.00075241
01:14||657970500||495826||0.00075241
01:15||657970500||495826||0.00075241
01:16||657970500||495826||0.00075241
01:17||657970500||495826||0.00075241
01:18||657970500||495826||0.00075241
01:19||657988000||495826||0.00075241
01:20||657988000||495826||0.00075241
01:21||657970500||495826||0.00075241
01:22||657970500||495826||0.00075241
01:23||657970500||495826||0.00075241
01:24||657990500||494333||0.00075241
01:25||657990500||494333||0.00075241
01:26||657990500||494333||0.00075241
01:27||657990500||494333||0.00075241
01:28||657990500||494333||0.00075241
01:29||657990500||494333||0.00075241
01:30||657990500||495823||0.00075241
01:31||657990500||495823||0.00075241
01:32||657990500||495823||0.00075241
01:33||657990500||495823||0.00075241
01:34||657990500||495823||0.00075241
01:35||657990500||495823||0.00075241
01:36||657990500||495823||0.00075241
01:37||657990500||495823||0.00075241
01:38||657990500||495823||0.00075241
01:39||657990500||495823||0.00075241
01:40||657990500||494333||0.00075241
01:41||657800000||494333||0.00075241
01:42||657750500||494333||0.00075241
01:43||657752500||494333||0.00075241
01:44||657752500||494333||0.00075241
01:45||657752500||494333||0.00075241
01:46||657751500||494333||0.00075241
01:47||657751500||494333||0.00075241
01:48||657751500||494333||0.00075241
01:49||657753500||494333||0.00075241
01:50||657753500||494333||0.00075241
01:51||657753500||494333||0.00075241
01:52||657753500||494333||0.00075241
01:53||657753500||494333||0.00075241
01:54||657753500||494333||0.00075241
01:55||657753500||494340||0.00075241
01:56||657753500||494340||0.00075241
01:57||657753500||494340||0.00075241
01:58||657768500||495460||0.00075241
01:59||657768500||495460||0.00075241
02:00||657768500||495460||0.00075241
02:01||657768500||495460||0.00075241
02:02||657768500||495460||0.00075241
02:03||657768500||494362||0.00075241
02:04||657784000||494362||0.00075241
02:05||657898000||494362||0.00075241
02:06||657948000||494362||0.00075241
02:07||658016500||494362||0.00075241
02:08||658067500||494362||0.00075241
02:09||658122000||494362||0.00075241
02:10||658163000||494362||0.00075241
02:11||658206500||494362||0.00075241
02:12||657754500||495460||0.00075241
02:13||657844000||495460||0.00075241
02:14||657948500||495460||0.00075241
02:15||658049000||495460||0.00075241
02:16||658078500||495460||0.00075241
02:17||658078500||495460||0.00075241
02:18||658078500||495460||0.00075241
02:19||658078500||495460||0.00075241
02:20||658078500||495460||0.00075241
02:21||657753500||495460||0.00075241
02:22||657753500||495460||0.00075241
02:23||657753500||495460||0.00075241
02:24||657753000||495460||0.00075241
02:25||657752000||495460||0.00075241
02:26||657752000||495460||0.00075241
02:27||657752000||495460||0.00075241
02:28||657752000||495460||0.00075241
02:29||657752000||495460||0.00075241
02:30||657752000||495460||0.00075241
02:31||657752000||495460||0.00075241
02:32||657752000||495460||0.00075241
02:33||657752000||495460||0.00075241
02:34||657752000||495460||0.00075241
02:35||657752000||495460||0.00075241
02:36||657752000||495460||0.00075241
02:37||657752000||495460||0.00075241
02:38||657752000||495460||0.00075241
02:39||657752000||495458||0.00075241
02:40||657753000||495458||0.00075241
02:41||657753000||495458||0.00075241
02:42||657753000||495458||0.00075241
02:43||657753000||495458||0.00075241
02:44||657753000||495458||0.00075241
02:45||657753000||495458||0.00075241
02:46||657753000||495458||0.00075241
02:47||657753000||495458||0.00075241
02:48||657753000||495458||0.00075241
02:49||657753000||495458||0.00075241
02:50||657753000||495458||0.00075241
02:51||657753000||495458||0.00075241
02:52||657753000||495458||0.00075241
02:53||657753000||495458||0.00075241
02:54||657753000||495458||0.00075241
02:55||657753000||495458||0.00075241
02:56||657752000||495458||0.00075241
02:57||657752000||495458||0.00075241
02:58||657752000||495458||0.00075241
02:59||657752000||495458||0.00075241
03:00||657752000||495458||0.00075241
03:01||657752000||495458||0.00075241
03:02||657753500||495458||0.00075241
03:03||657753500||495458||0.00075241
03:04||657753500||495458||0.00075241
03:05||657753500||495458||0.00075241
03:06||657753500||495458||0.00075241
03:07||657753500||495458||0.00075241
03:08||657753500||495458||0.00075241
03:09||657753500||495458||0.00075241
03:10||657753500||495458||0.00075241
03:11||657753500||495458||0.00075241
03:12||657754500||495458||0.00075241
03:13||657754500||495458||0.00075241
03:14||657504500||495458||0.00075241
03:15||657754500||494340||0.00075241
03:16||656810500||494333||0.00075241
03:17||656810500||494333||0.00075241
03:18||656811500||494333||0.00075241
03:19||656811500||494333||0.00075241
03:20||656811500||494333||0.00075241
03:21||656811500||494333||0.00075241
03:22||656811500||494333||0.00075241
03:23||656811500||494333||0.00075241
03:24||656811500||494333||0.00075241
03:25||656811500||494333||0.00075241
03:26||656811500||494333||0.00075241
03:27||656811500||494333||0.00075241
03:28||656811500||494333||0.00075241
03:29||656811500||494333||0.00075241
03:30||656811500||494333||0.00075241
03:31||656842500||494333||0.00075241
03:32||656842500||494333||0.00075241
03:33||656842500||494333||0.00075241
03:34||656842500||494333||0.00075241
03:35||656842500||494333||0.00075241
03:36||656842500||494333||0.00075241
03:37||656842500||494333||0.00075241
03:38||656842500||494333||0.00075241
03:39||656842500||494333||0.00075241
03:40||656842500||494333||0.00075241
03:41||656842500||494333||0.00075241
03:42||656842500||494333||0.00075241
03:43||656842500||494333||0.00075241
03:44||656842500||494333||0.00075241
03:45||656842500||494333||0.00075241
03:46||656842500||494333||0.00075241
03:47||656842500||494333||0.00075241
03:48||656842500||494333||0.00075241
03:49||656842500||494333||0.00075241
03:50||656875500||494333||0.00075241
03:51||657125500||494333||0.00075241
03:52||657264000||494333||0.00075241
03:53||657264000||494333||0.00075241
03:54||657264000||494333||0.00075241
03:55||657264000||494333||0.00075241
03:56||657264000||494333||0.00075241
03:57||657264000||494333||0.00075241
03:58||657264000||494333||0.00075241
03:59||656843500||494333||0.00075241
04:00||656843500||494333||0.00075241
04:01||656843500||494333||0.00075241
04:02||656843500||494333||0.00075241
04:03||656843500||494333||0.00075241
04:04||656851000||494333||0.00075241
04:05||657132500||494333||0.00075241
04:06||657367500||494333||0.00075241
04:07||657368500||494333||0.00075241
04:08||657368500||494333||0.00075241
04:09||657368500||494333||0.00075241
04:10||657368500||494333||0.00075241
04:11||657368500||494333||0.00075241
04:12||657368500||494333||0.00075241
04:13||657368500||494333||0.00075241
04:14||657368500||494333||0.00075241
04:15||657368500||494333||0.00075241
04:16||657368500||494333||0.00075241
04:17||657368500||494333||0.00075241
04:18||657368500||494333||0.00075241
04:19||657368500||494333||0.00075241
04:20||657368500||494333||0.00075241
04:21||657368500||494333||0.00075241
04:22||657368500||494333||0.00075241
04:23||657368500||495461||0.00075241
04:24||657460000||495461||0.00075241
04:25||657623000||495461||0.00075241
04:26||657695000||495461||0.00075241
04:27||657695000||495461||0.00075241
04:28||657695000||495461||0.00075241
04:29||657695000||495461||0.00075241
04:30||657695000||495461||0.00075241
04:31||657695000||495461||0.00075241
04:32||657695000||495461||0.00075241
04:33||657695000||495461||0.00075241
04:34||657695000||495461||0.00075241
04:35||657695000||495461||0.00075241
04:36||657695000||495461||0.00075241
04:37||657695000||495461||0.00075241
04:38||657695000||495461||0.00075241
04:39||657695000||495461||0.00075241
04:40||657695000||495461||0.00075241
04:41||657695000||495461||0.00075241
04:42||657695000||495461||0.00075241
04:43||657695000||495461||0.00075241
04:44||657695000||495461||0.00075241
04:45||657695000||495461||0.00075241
04:46||657695000||495461||0.00075241
04:47||657694500||495461||0.00075241
04:48||657694500||495461||0.00075241
04:49||657694500||495461||0.00075241
04:50||657694500||495461||0.00075241
04:51||657694500||495461||0.00075241
04:52||657694500||495461||0.00075241
04:53||657694500||495461||0.00075241
04:54||657710500||495461||0.00075241
04:55||657710500||495461||0.00075241
04:56||657710500||495461||0.00075241
04:57||657776000||495461||0.00075241
04:58||657661000||495461||0.00075241
04:59||657657000||495461||0.00075241
05:00||657457000||495461||0.00075241
05:01||657475000||495461||0.00075241
05:02||657475000||495461||0.00075241
05:03||657475000||495461||0.00075241
05:04||657475000||495461||0.00075241
05:05||657475000||495461||0.00075241
05:06||657475000||495461||0.00075241
05:07||657475000||495461||0.00075241
05:08||657475000||495461||0.00075241
05:09||657475000||495461||0.00075241
05:10||657475000||495461||0.00075241
05:11||657450000||495461||0.00075241
05:13||657450000||495461||0.00075241
05:12||657450000||494671||0.00075241
05:14||657450000||495461||0.00075241
05:15||657450000||495461||0.00075241
05:16||657450000||495461||0.00075241
05:17||657450000||495461||0.00075241
05:18||657450000||495461||0.00075241
05:19||657450000||495461||0.00075241
05:20||657450000||495461||0.00075241
05:21||657450000||495461||0.00075241
05:22||657450000||495461||0.00075241
05:23||657450000||495461||0.00075241
05:24||657450000||495461||0.00075241
05:25||657450000||495461||0.00075241
05:26||657450000||495461||0.00075241
05:27||657450000||495461||0.00075241
05:28||657450000||495461||0.00075241
05:29||657450000||495461||0.00075241
05:30||657450000||495461||0.00075241
05:32||657450000||495461||0.00075241
05:31||657450000||494671||0.00075241
05:33||657450000||495461||0.00075241
05:34||657450000||495461||0.00075241
05:35||657450000||495461||0.00075241
05:36||657450000||495461||0.00075241
05:37||657450000||495461||0.00075241
05:38||657450000||495461||0.00075241
05:39||657450000||495461||0.00075241
05:40||657450000||495461||0.00075241
05:41||657450000||494784||0.00075241
05:42||657450000||494784||0.00075241
05:43||657300000||494333||0.00075241
05:44||657300000||494333||0.00075241
05:45||657300000||494333||0.00075241
05:46||657300000||494333||0.00075241
05:47||657051000||494371||0.00075241
05:48||657051000||494333||0.00075241
05:49||656400000||493881||0.00075241
05:50||656400000||492979||0.00075241
05:51||656400000||492979||0.00075241
05:52||656400000||492979||0.00075241
05:53||656400000||492979||0.00075241
05:54||656400000||492979||0.00075241
05:56||656400000||492979||0.00075241
05:55||656400000||493881||0.00075241
05:57||656400000||492979||0.00075241
05:58||655800000||492979||0.00075241
05:59||655800000||492979||0.00075241
06:00||655539000||492979||0.00075241
06:02||655389000||492979||0.00075241
06:01||655389000||493121||0.00075241
06:03||655389000||492979||0.00075241
06:04||655389000||492979||0.00075241
06:05||655389000||492979||0.00075241
06:06||655389000||492979||0.00075241
06:07||655389000||492979||0.00075241
06:08||655389000||492979||0.00075241
06:09||655389000||492979||0.00075241
06:10||655389000||492979||0.00075241
06:11||655389000||492979||0.00075241
06:12||655389000||492979||0.00075241
06:13||655389000||492979||0.00075241
06:14||655389000||492979||0.00075241
06:15||655389000||492979||0.00075241
06:16||655389000||492979||0.00075241
06:17||655389000||492979||0.00075241
06:18||655389000||492979||0.00075241
06:19||655389000||492979||0.00075241
06:20||655389000||492979||0.00075241
06:21||655390000||492979||0.00075241
06:22||655394000||492979||0.00075241
06:23||655394000||492979||0.00075241
06:24||655394000||492979||0.00075241
06:25||655394000||492979||0.00075241
06:26||655394000||492979||0.00075241
06:27||656354000||494709||0.00075241
06:28||656354000||492985||0.00075241
06:29||656354000||492985||0.00075241
06:30||656447000||492985||0.00075241
06:31||656315500||492985||0.00075241
06:32||656315500||492985||0.00075241
06:33||656315500||492985||0.00075241
06:34||656315500||492985||0.00075241
06:35||656315500||492985||0.00075241
06:36||656315500||492985||0.00075241
06:37||656315500||493818||0.00075241
06:38||656315500||492985||0.00075241
06:39||656315500||492985||0.00075241
06:40||656315500||492985||0.00075241
06:41||656314500||492927||0.00075241
06:42||656314500||492927||0.00075241
06:43||656314500||492927||0.00075241
06:44||655813500||492927||0.00075241
06:45||655813500||492927||0.00075241
06:46||655813500||492927||0.00075241
06:47||655813500||492927||0.00075241
06:48||655813500||492927||0.00075241
06:49||655813500||492927||0.00075241
06:50||655813500||492927||0.00075241
06:51||655813500||492927||0.00075241
06:52||655813500||492927||0.00075241
06:53||655813500||492927||0.00075241
06:54||655813500||492927||0.00075241
06:55||655813500||493440||0.00075241
06:56||655813500||492927||0.00075241
06:57||656365500||494784||0.00075241
06:58||656500000||493957||0.00075241
06:59||656500000||494783||0.00075241
07:00||656951000||495461||0.00075241
07:01||656951000||495461||0.00075241
07:04||657105000||493362||0.00075241
07:03||656952500||494297||0.00075241
07:05||657106000||493362||0.00075241
07:06||657106000||493362||0.00075241
07:02||656951000||494296||0.00075241
07:07||657105000||493364||0.00075241
07:08||657189000||493364||0.00075241
07:09||657319000||493364||0.00075241
07:10||657414000||493364||0.00075241
07:11||658249000||493364||0.00075241
07:12||658249000||493364||0.00075241
07:13||658249000||495273||0.00075241
07:14||658249000||493364||0.00075241
07:15||658249000||493364||0.00075241
07:16||658249000||493364||0.00075241
07:17||658249000||493364||0.00075241
07:18||658249000||493364||0.00075241
07:19||658249000||495085||0.00075241
07:20||658249000||495085||0.00075241
07:21||658249000||495085||0.00075241
07:23||658249000||495085||0.00075241
07:22||658249000||495273||0.00075241
07:24||658249000||495085||0.00075241
07:25||658350000||495612||0.00075241
07:26||658349500||495612||0.00075241
07:27||658349500||495612||0.00075241
07:28||658349500||495085||0.00075241
07:29||658349500||495085||0.00075241
07:30||658349500||495085||0.00075241
07:31||658349500||495348||0.00075241
07:32||657850500||495085||0.00075241
07:33||657850500||495085||0.00075241
07:34||657850000||495085||0.00075241
07:35||657849000||494334||0.00075241
07:36||655319500||492979||0.00075241
07:37||654564500||492500||0.00075241
07:38||654564500||492076||0.00075241
07:39||654564500||492076||0.00075241
07:40||654564500||492076||0.00075241
07:41||654565500||492076||0.00075241
07:42||654564500||492076||0.00075241
07:43||654565500||492076||0.00075241
07:44||654565500||492076||0.00075241
07:45||654565500||492076||0.00075241
07:46||654564500||492076||0.00075241
07:47||654565500||492076||0.00075241
07:48||654564500||492076||0.00075241
07:49||654564500||492500||0.00075241
07:50||654564500||492076||0.00075241
07:51||653590500||490610||0.00075241
07:52||653590500||490610||0.00075241
07:53||653617000||490610||0.00075241
07:54||653766000||492918||0.00075241
07:55||653976000||492918||0.00075241
07:56||654124000||492918||0.00075241
07:58||654457500||491706||0.00075241
07:59||654576500||491706||0.00075241
08:00||654621500||491706||0.00075241
08:01||654058500||491706||0.00075241
08:02||654222500||491706||0.00075241
07:57||654351500||492340||0.00075241
08:03||654000000||491706||0.00075241
08:04||653751000||492076||0.00075241
08:05||653751000||492076||0.00075241
08:06||653751000||492076||0.00075241
08:07||653750000||492076||0.00075241
08:08||653749000||492076||0.00075241
08:09||653749000||492076||0.00075241
08:10||653749000||492076||0.00075241
08:11||653849000||492226||0.00075241
08:12||653849000||492226||0.00075241
08:13||653849000||491962||0.00075241
08:14||653849000||492226||0.00075241
08:15||653849000||492226||0.00075241
08:16||653849000||492226||0.00075241
08:17||653849000||492226||0.00075241
08:18||653849000||492226||0.00075241
08:19||653849000||492226||0.00075241
08:20||653849000||492226||0.00075241
08:21||653849000||492226||0.00075241
08:22||653850000||492226||0.00075241
08:23||654198500||492226||0.00075241
08:24||654198500||492226||0.00075241
08:25||654198500||492226||0.00075241
08:26||654197500||492226||0.00075241
08:27||654197500||492225||0.00075241
08:28||654197500||492225||0.00075241
08:29||654197500||492224||0.00075241
08:30||654197500||492225||0.00075241
08:31||653850500||492225||0.00075241
08:32||653850000||492225||0.00075241
08:33||653850500||492225||0.00075241
08:34||653850500||492225||0.00075241
08:35||653850000||492225||0.00075241
08:36||653850000||492225||0.00075241
08:37||653850000||491963||0.00075241
08:38||653850000||492225||0.00075241
08:39||654196500||492224||0.00075241
08:40||653852000||492225||0.00075241
08:41||653852000||492225||0.00075241
08:42||653852000||492225||0.00075241
08:43||653851500||492225||0.00075241
08:44||653851500||492225||0.00075241
08:45||653851500||492225||0.00075241
08:46||653851500||492225||0.00075241
08:47||653851500||492225||0.00075241
08:48||653851500||492225||0.00075241
08:50||653851500||492225||0.00075241
08:49||653851500||491964||0.00075241
08:51||653889000||492225||0.00075241
08:52||653916500||492225||0.00075241
08:53||653948000||492225||0.00075241
08:54||653953000||492225||0.00075241
08:55||654196500||492225||0.00075241
08:56||654196500||492225||0.00075241
08:58||654196500||492225||0.00075241
08:59||654197500||492225||0.00075241
09:00||654197500||492225||0.00075241
08:57||654196500||492223||0.00075241
09:02||654197500||492225||0.00075241
09:01||654197500||492224||0.00075241
09:03||654197500||492224||0.00075241
09:04||654489500||492527||0.00075241
09:05||654751500||492602||0.00075241
09:06||655066500||492828||0.00075241
09:07||655537500||492925||0.00075241
09:08||655545500||492925||0.00075241
09:09||655606500||492925||0.00075241
09:10||656397000||493497||0.00075241
09:11||656397000||493497||0.00075241
09:13||656408000||493497||0.00075241
09:12||656397000||493879||0.00075241
09:14||656449000||494249||0.00075241
09:15||656530500||494249||0.00075241
09:16||656578000||494249||0.00075241
09:17||657408500||494250||0.00075241
09:18||657410500||494250||0.00075241
09:19||657459000||495010||0.00075241
09:20||657515000||495010||0.00075241
09:22||657571000||495010||0.00075241
09:23||657607500||494935||0.00075241
09:24||657613500||494935||0.00075241
09:25||657613500||494935||0.00075241
09:21||657522000||494726||0.00075241
09:26||657400000||494333||0.00075241
09:27||657399500||494333||0.00075241
09:28||657395000||494333||0.00075241
09:29||657395000||494333||0.00075241
09:30||657395000||494333||0.00075241
09:32||657395000||494333||0.00075241
09:33||657395000||494333||0.00075241
09:34||657395000||494333||0.00075241
09:35||657395000||494333||0.00075241
09:31||657395000||494630||0.00075241
09:36||657393500||494334||0.00075241
09:37||657393500||494334||0.00075241
09:38||657392500||494334||0.00075241
09:39||657392500||494334||0.00075241
09:40||657390500||494334||0.00075241
09:41||657390500||494334||0.00075241
09:42||657387500||494334||0.00075241
09:43||657387500||494334||0.00075241
09:44||657387500||494334||0.00075241
09:45||657395000||494334||0.00075241
09:46||657395000||494630||0.00075241
09:47||657400000||494634||0.00075241
09:48||657399000||494922||0.00075241
09:49||657399000||494922||0.00075241
09:50||657399000||494922||0.00075241
09:52||657399000||494922||0.00075241
09:51||657399000||494633||0.00075241
09:53||657399000||494922||0.00075241
09:54||657399000||494922||0.00075241
09:55||657399000||494922||0.00075241
09:56||657399000||494921||0.00075241
09:57||657440500||494921||0.00075241
09:58||657503500||494921||0.00075241
09:59||657352500||494921||0.00075241
10:00||657748000||494873||0.00075241
10:02||657749500||494873||0.00075241
10:04||657749000||494920||0.00075241
10:03||657749500||494897||0.00075241
10:05||657749000||494920||0.00075241
10:06||657749000||494920||0.00075241
10:07||657748000||494920||0.00075241
10:08||657748000||494920||0.00075241
10:09||657748000||494920||0.00075241
10:10||657748000||494920||0.00075241
10:11||657748000||494920||0.00075241
10:12||657748000||494873||0.00075241
10:13||657748000||494873||0.00075241
10:14||657777500||494873||0.00075241
10:15||657777500||494917||0.00075241
10:16||657777500||494917||0.00075241
10:17||658267000||495461||0.00075241
10:18||658313000||495461||0.00075241
10:19||658351500||495461||0.00075241
10:20||658387000||495461||0.00075241
10:21||658413500||495461||0.00075241
10:22||658437500||495461||0.00075241
10:23||658493500||495461||0.00075241
10:24||658492000||495345||0.00075241
10:25||658060000||495345||0.00075241
10:26||658065000||495345||0.00075241
10:27||657793500||495345||0.00075241
10:28||657789500||494927||0.00075241
10:29||657789500||494925||0.00075241
10:30||657782500||494917||0.00075241
10:31||657756500||494926||0.00075241
10:32||657756500||494926||0.00075241
10:33||657051000||494878||0.00075241
10:34||657050000||494878||0.00075241
10:35||657050000||494878||0.00075241
10:36||657050000||494878||0.00075241
10:37||657051000||494878||0.00075241
10:38||657051000||494408||0.00075241
10:39||657051000||494408||0.00075241
10:40||657051000||494334||0.00075241
10:42||657051000||494408||0.00075241
10:41||657051000||494334||0.00075241
10:43||657395000||494926||0.00075241
10:44||657301000||494926||0.00075241
10:45||657051000||494926||0.00075241
10:46||657051000||494926||0.00075241
10:47||657051000||494926||0.00075241
10:48||657051000||494926||0.00075241
10:49||657051000||494334||0.00075241
10:50||657051000||494334||0.00075241
10:51||657051000||494334||0.00075241
10:52||657051000||494334||0.00075241
10:53||657051000||494334||0.00075241
10:54||657051000||494334||0.00075241
10:55||657002500||494334||0.00075241
10:56||657002500||494335||0.00075241
10:57||657002500||494408||0.00075241
10:58||657051000||494408||0.00075241
10:59||657002500||494408||0.00075241
11:00||657002500||494408||0.00075241
11:01||657000500||494258||0.00075241
11:02||657000500||494333||0.00075241
11:03||657000500||494258||0.00075241
11:04||657000500||494258||0.00075241
11:06||657000500||494258||0.00075241
11:08||657000500||494258||0.00075241
11:07||657000500||494258||0.00075241
11:09||657000500||494258||0.00075241
11:05||657000500||494333||0.00075241
11:10||657000500||494258||0.00075241
11:12||657000500||494258||0.00075241
11:11||657000500||494333||0.00075241
11:13||657000500||494258||0.00075241
11:14||657000500||494258||0.00075241
11:15||657000500||494258||0.00075241
11:16||657000500||494258||0.00075241
11:17||657000500||494258||0.00075241
11:18||657000500||494258||0.00075241
11:19||657000500||494334||0.00075241
11:20||657000500||494334||0.00075241
11:21||657000500||494334||0.00075241
11:22||657000500||494334||0.00075241
11:24||657000500||494334||0.00075241
11:25||657000500||494334||0.00075241
11:26||657000500||494334||0.00075241
11:27||657000500||494334||0.00075241
11:23||657000500||494333||0.00075241
11:28||657000500||494334||0.00075241
11:29||657000500||494334||0.00075241
11:31||657000500||494334||0.00075241
11:32||657000500||494334||0.00075241
11:33||657000500||494334||0.00075241
11:30||657000500||494333||0.00075241
11:35||657000500||494334||0.00075241
11:36||657000500||494334||0.00075241
11:37||657100000||494408||0.00075241
11:38||657100000||494408||0.00075241
11:34||657000500||494333||0.00075241
11:39||657100000||494408||0.00075241
11:40||657100000||494408||0.00075241
11:41||657100000||494408||0.00075241
11:42||657100000||494408||0.00075241
11:43||657100000||494408||0.00075241
11:44||657100000||494483||0.00075241
11:45||657150000||494559||0.00075241
11:46||657150000||494559||0.00075241
11:47||657150000||494559||0.00075241
11:48||657150000||494559||0.00075241
11:49||657150000||494559||0.00075241
11:50||657150000||494559||0.00075241
11:51||657150000||494559||0.00075241
11:52||657150000||494333||0.00075241
11:53||657150000||494333||0.00075241
11:54||657150000||494559||0.00075241
11:55||657150000||494559||0.00075241
11:56||657150000||494333||0.00075241
11:57||657150000||494446||0.00075241
11:58||657150000||494333||0.00075241
12:00||657150000||494559||0.00075241
11:59||657150000||494446||0.00075241
12:01||657050000||494559||0.00075241
12:02||657050000||494559||0.00075241
12:03||657050000||494333||0.00075241
12:04||657050000||494333||0.00075241
12:05||657050000||494370||0.00075241
12:06||657050000||494333||0.00075241
12:08||657050000||494333||0.00075241
12:09||657050000||494333||0.00075241
12:10||657050000||494408||0.00075241
12:11||657050000||494408||0.00075241
12:07||657050000||494370||0.00075241
12:12||657050000||494408||0.00075241
12:13||657050000||494408||0.00075241
12:14||657050000||494408||0.00075241
12:15||657050000||494408||0.00075241
12:16||657050000||494408||0.00075241
12:17||657050000||494408||0.00075241
12:18||657050000||494408||0.00075241
12:19||657050000||494408||0.00075241
12:20||657050000||494408||0.00075241
12:21||657050000||494408||0.00075241
12:22||657050000||494408||0.00075241
12:23||657050000||494408||0.00075241
12:24||657050000||494333||0.00075241
12:25||657050000||494333||0.00075241
12:26||657050000||494333||0.00075241
12:27||657050000||494333||0.00075241
12:28||657049000||494333||0.00075241
12:29||657049000||494333||0.00075241
12:30||657049000||494333||0.00075241
12:31||657050000||494407||0.00075241
12:32||657050000||494407||0.00075241
12:33||657050000||494407||0.00075241
12:34||657050500||494407||0.00075241
12:35||657097500||494407||0.00075241
12:36||657097500||494407||0.00075241
12:37||657097500||494407||0.00075241
12:38||657097500||494408||0.00075241
12:39||657097500||494408||0.00075241
12:40||657097500||494406||0.00075241
12:41||657097500||494406||0.00075241
12:42||657097500||494406||0.00075241
12:43||657097500||494406||0.00075241
12:44||657097500||494407||0.00075241
12:45||657097500||494407||0.00075241
12:46||657097500||494407||0.00075241
12:47||657097500||494407||0.00075241
12:48||657097500||494407||0.00075241
12:49||657097500||494407||0.00075241
12:50||657097500||494407||0.00075241
12:51||657097500||494407||0.00075241
12:52||657097500||494407||0.00075241
12:53||657097500||494407||0.00075241
12:54||657097500||494407||0.00075241
12:55||657097500||494407||0.00075241
12:56||657097500||494407||0.00075241
12:57||657097500||494407||0.00075241
12:58||657097500||494407||0.00075241
12:59||657097500||494407||0.00075241
13:00||657097500||494407||0.00075241
13:01||657097500||494407||0.00075241
13:02||657097500||494407||0.00075241
13:03||657097500||494407||0.00075241
13:04||657097500||494407||0.00075241
13:05||657097500||494407||0.00075241
13:06||657097500||494407||0.00075241
13:07||657097500||494407||0.00075241
13:08||657097500||494407||0.00075241
13:09||657097500||494407||0.00075241
13:10||657097500||494407||0.00075241
13:11||657097500||494407||0.00075241
13:12||657097500||494407||0.00075241
13:13||657097500||494407||0.00075241
13:14||657031000||494380||0.00075241
13:15||657000500||494380||0.00075241
13:16||656938500||494333||0.00075241
13:17||656611500||494145||0.00075241
13:18||656236500||493957||0.00075241
13:19||656002500||493957||0.00075241
13:20||656002500||493957||0.00075241
13:21||656002500||493957||0.00075241
13:22||656002500||493957||0.00075241
13:23||656002500||493957||0.00075241
13:24||656002500||493957||0.00075241
13:25||656002500||493957||0.00075241
13:26||656002500||493957||0.00075241
13:27||656002500||493957||0.00075241
13:28||656002500||493957||0.00075241
13:29||656002500||493957||0.00075241
13:30||656002500||493957||0.00075241
13:31||656002500||493583||0.00075241
13:32||656002500||493583||0.00075241
13:33||656002500||493583||0.00075241
13:34||656002500||493583||0.00075241
13:35||656002500||493583||0.00075241
13:36||656002500||493583||0.00075241
13:37||656002500||493583||0.00075241
13:38||656002500||493583||0.00075241
13:39||656002500||493583||0.00075241
13:40||656002500||493583||0.00075241
13:41||656002500||493583||0.00075241
13:42||656002500||493583||0.00075241
13:43||656002500||493582||0.00075241
13:44||656002500||493582||0.00075241
13:45||656002500||493582||0.00075241
13:46||655604500||493558||0.00075241
13:47||655605500||493558||0.00075241
13:48||655605500||493558||0.00075241
13:49||655605500||493511||0.00075241
13:50||655605500||493511||0.00075241
13:51||655605500||493511||0.00075241
13:52||655605500||493511||0.00075241
13:53||655018000||492828||0.00075241
13:54||654442000||492757||0.00075241
13:55||654442000||492757||0.00075241
13:56||654442000||492757||0.00075241
13:57||654442000||492757||0.00075241
13:58||654442000||492757||0.00075241
13:59||654434500||492757||0.00075241
14:00||654101500||492757||0.00075241
14:01||654101500||492757||0.00075241
14:02||654101500||492757||0.00075241
14:03||654101500||492152||0.00075241
14:04||654101500||492152||0.00075241
14:05||654101500||492152||0.00075241
14:06||654101500||492152||0.00075241
14:07||654101500||492152||0.00075241
14:08||654101500||492152||0.00075241
14:09||654101500||492152||0.00075241
14:10||653788500||491991||0.00075241
14:11||653788500||491991||0.00075241
14:12||653945000||492152||0.00075241
14:13||654101500||492152||0.00075241
14:14||654101500||492152||0.00075241
14:15||654101500||492152||0.00075241
14:16||654101500||492152||0.00075241
14:17||654101500||492152||0.00075241
14:18||654101500||492152||0.00075241
14:19||654101500||492152||0.00075241
14:20||654101500||492152||0.00075241
14:21||654101500||492152||0.00075241
14:22||654101500||492152||0.00075241
14:23||654101500||492152||0.00075241
14:24||654101500||492152||0.00075241
14:25||653919500||492152||0.00075241
14:26||653944500||492152||0.00075241
14:27||653944500||492152||0.00075241
14:28||653945000||492152||0.00075241
14:29||653945000||492152||0.00075241
14:30||653945000||492152||0.00075241
14:31||653945000||492152||0.00075241
14:32||653945000||492152||0.00075241
14:33||653976500||492152||0.00075241
14:34||653976500||492152||0.00075241
14:35||653976500||492152||0.00075241
14:36||653975500||492152||0.00075241
14:37||654099500||492151||0.00075241
14:38||654099500||492151||0.00075241
14:39||654099500||492151||0.00075241
14:40||654099500||492151||0.00075241
14:41||654099500||492151||0.00075241
14:42||654099500||492151||0.00075241
14:43||654099500||492151||0.00075241
14:44||654099500||492151||0.00075241
14:45||654099500||492151||0.00075241
14:46||654099500||492151||0.00075241
14:47||654099500||492151||0.00075241
14:48||654099500||492151||0.00075241
14:49||654099500||492151||0.00075241
14:50||655049500||492152||0.00075241
14:51||655049500||492150||0.00075241
14:52||655049500||492150||0.00075241
14:53||655049500||493580||0.00075241
14:54||655049500||493580||0.00075241
14:55||655044500||493580||0.00075241
14:56||655044500||493580||0.00075241
14:57||655043500||493580||0.00075241
14:58||655043500||493580||0.00075241
14:59||655043500||493580||0.00075241
15:00||655043500||493580||0.00075241
15:01||655043500||492150||0.00075241
15:02||655043500||492150||0.00075241
15:03||655043500||492150||0.00075241
15:04||655044000||492150||0.00075241
15:05||655043500||492150||0.00075241
15:06||655043500||492150||0.00075241
15:07||655044000||492150||0.00075241
15:08||655044000||492150||0.00075241
15:09||655045000||493571||0.00075241
15:10||655043500||493571||0.00075241
15:11||655982500||493571||0.00075241
15:12||655042000||492153||0.00075241
15:13||655975500||492153||0.00075241
15:14||655975500||492153||0.00075241
15:15||655975500||492153||0.00075241
15:16||655975500||493562||0.00075241
15:17||655043000||493565||0.00075241
15:18||655090500||493565||0.00075241
15:19||655978500||493565||0.00075241
15:20||656490500||493583||0.00075241
15:21||656491500||494333||0.00075241
15:22||655610500||494333||0.00075241
15:23||655615500||494333||0.00075241
15:24||655755500||494333||0.00075241
15:25||655755500||494333||0.00075241
15:26||655755500||494325||0.00075241
15:27||655750000||492474||0.00075241
15:28||655751000||492474||0.00075241
15:29||655754500||492474||0.00075241
15:30||655759500||492474||0.00075241
15:31||655764500||492474||0.00075241
15:32||655734500||492504||0.00075241
15:33||655750000||494106||0.00075241
15:34||655804500||494106||0.00075241
15:35||656690500||494106||0.00075241
15:36||656690500||494106||0.00075241
15:37||656690500||494106||0.00075241
15:38||656690500||494106||0.00075241
15:39||656690500||494100||0.00075241
15:40||656690500||494100||0.00075241
15:41||656690500||494100||0.00075241
15:42||656690500||494100||0.00075241
15:43||656690500||494100||0.00075241
15:44||656690500||494100||0.00075241
15:45||656690500||494100||0.00075241
15:46||656690500||494100||0.00075241
15:47||656690500||494100||0.00075241
15:48||656690500||494100||0.00075241
15:49||656690500||494100||0.00075241
15:50||656690500||494100||0.00075241
15:51||656690500||494100||0.00075241
15:52||656690500||494100||0.00075241
15:53||656690500||494100||0.00075241
15:54||656690500||494100||0.00075241
15:55||656690500||494100||0.00075241
15:56||656690500||494100||0.00075241
15:57||656690500||494100||0.00075241
15:58||656690500||494100||0.00075241
15:59||656690500||494100||0.00075241
16:00||657020000||494333||0.00075241
16:01||657039500||494363||0.00075241
16:02||657039500||494363||0.00075241
16:03||657039500||494363||0.00075241
16:04||657118500||494482||0.00075241
16:05||657099500||494482||0.00075241
16:06||657099500||494482||0.00075241
16:07||657099500||494407||0.00075241
16:08||657099500||494407||0.00075241
16:09||657198000||494483||0.00075241
16:10||657198000||494483||0.00075241
16:11||657449000||494859||0.00075241
16:12||657449500||494859||0.00075241
16:13||657450500||494860||0.00075241
16:14||657451000||494860||0.00075241
16:15||657450500||494860||0.00075241
16:16||657698500||494860||0.00075241
16:17||657698500||494860||0.00075241
16:18||657698500||494858||0.00075241
16:19||657698500||494858||0.00075241
16:20||657698500||494858||0.00075241
16:21||657698500||494858||0.00075241
16:22||657698500||494859||0.00075241
16:23||657698500||494859||0.00075241
16:24||657698500||494859||0.00075241
16:25||657698500||494859||0.00075241
16:26||657601000||495085||0.00075241
16:27||657650000||495085||0.00075241
16:28||657999500||495085||0.00075241
16:29||657999500||495085||0.00075241
16:30||657999500||495085||0.00075241
16:31||657999500||495085||0.00075241
16:32||657999500||495085||0.00075241
16:33||657999500||495085||0.00075241
16:34||657999500||495085||0.00075241
16:35||657999500||495085||0.00075241
16:36||657999500||495085||0.00075241
16:37||657999500||495085||0.00075241
16:38||657999500||495085||0.00075241
16:39||657999500||495085||0.00075241
16:40||657999500||495085||0.00075241
16:41||657999500||495085||0.00075241
16:42||657999500||495085||0.00075241
16:43||657999500||495085||0.00075241
16:44||657999500||495085||0.00075241
16:45||657999500||495085||0.00075241
16:46||657999500||495085||0.00075241
16:47||657999500||495085||0.00075241
16:48||657999500||495085||0.00075241
16:49||657999500||495085||0.00075241
16:50||657999500||495085||0.00075241
16:51||657999500||495085||0.00075241
16:52||657999500||495085||0.00075241
16:53||657999500||495085||0.00075241
16:54||657999500||495085||0.00075241
16:55||657999500||495085||0.00075241
16:56||657999500||495085||0.00075241
16:57||657999500||495085||0.00075241
16:58||657999500||495085||0.00075241
16:59||657999500||495085||0.00075241
17:00||657999500||495085||0.00075241
17:01||657999500||495085||0.00075241
17:02||657999500||495085||0.00075241
17:03||657999500||495085||0.00075241
17:04||657620000||495085||0.00075241
17:05||657620000||495085||0.00075241
17:06||657620000||495085||0.00075241
17:07||657620000||495085||0.00075241
17:08||657620000||495085||0.00075241
17:09||657584500||495085||0.00075241
17:10||657571500||495085||0.00075241
17:11||657611500||495085||0.00075241
17:12||657611500||495085||0.00075241
17:13||657611500||495085||0.00075241
17:14||657611500||495085||0.00075241
17:15||657610500||494561||0.00075241
17:16||657610500||494561||0.00075241
17:17||657610500||494561||0.00075241
17:18||657610500||494561||0.00075241
17:19||657610500||494561||0.00075241
17:20||657610500||494561||0.00075241
17:21||657610500||495024||0.00075241
17:22||657610500||495024||0.00075241
17:23||657610500||495024||0.00075241
17:24||657610500||495024||0.00075241
17:25||657651500||495085||0.00075241
17:26||657651500||495085||0.00075241
17:27||657999500||495085||0.00075241
17:28||657999500||495085||0.00075241
17:29||657999500||495085||0.00075241
17:30||657999500||495085||0.00075241
17:31||657999500||495085||0.00075241
17:32||657999500||495085||0.00075241
17:33||657999500||495085||0.00075241
17:34||657999500||495085||0.00075241
17:35||657999500||495085||0.00075241
17:36||657999500||494562||0.00075241
17:37||657652500||494562||0.00075241
17:38||657652500||495085||0.00075241
17:39||657652500||495085||0.00075241
17:40||657652000||495085||0.00075241
17:41||657651000||494561||0.00075241
17:42||657749000||494561||0.00075241
17:43||657749000||494561||0.00075241
17:44||657749000||494561||0.00075241
17:45||657749000||494561||0.00075241
17:46||657748500||494561||0.00075241
17:47||657743500||494561||0.00075241
17:48||657743500||494561||0.00075241
17:49||657696000||494561||0.00075241
17:50||657748500||495010||0.00075241
17:51||657696500||495010||0.00075241
17:52||657696500||495004||0.00075241
17:53||657881500||494996||0.00075241
17:54||657881500||494996||0.00075241
17:55||657881500||494996||0.00075241
17:56||657881500||494996||0.00075241
17:57||657939000||495083||0.00075241
17:58||657940500||495083||0.00075241
17:59||657940500||495083||0.00075241
18:00||657940000||494996||0.00075241
18:01||657940000||494996||0.00075241
18:02||657997500||494996||0.00075241
18:03||657997500||495083||0.00075241
18:04||657997500||495084||0.00075241
18:05||657997500||495084||0.00075241
18:06||657997500||495084||0.00075241
18:07||657997500||495084||0.00075241
18:08||657998000||495085||0.00075241
18:09||657998500||495085||0.00075241
18:10||657998500||495085||0.00075241
18:11||657998500||495085||0.00075241
18:12||657998500||495085||0.00075241
18:13||657998500||495085||0.00075241
18:14||657998500||495084||0.00075241
18:15||657998500||495084||0.00075241
18:16||657998500||495085||0.00075241
18:17||657998500||495085||0.00075241
18:18||657998500||495085||0.00075241
18:19||657998500||495085||0.00075241
18:20||657998500||495084||0.00075241
18:21||657998500||495085||0.00075241
18:22||657998500||495085||0.00075241
18:23||657998500||495085||0.00075241
18:24||657998500||495085||0.00075241
18:25||657998500||495085||0.00075241
18:26||657998500||495085||0.00075241
18:27||657998500||495085||0.00075241
18:28||657998500||495084||0.00075241
18:29||657998500||495084||0.00075241
18:30||657998500||495084||0.00075241
18:31||657998500||495084||0.00075241
18:32||657998500||495084||0.00075241
18:33||657998500||495084||0.00075241
18:34||657998500||495084||0.00075241
18:35||657998500||495084||0.00075241
18:36||657998500||495085||0.00075241
18:37||657998500||495085||0.00075241
18:38||657998500||495085||0.00075241
18:39||657998500||495085||0.00075241
18:40||657998500||495085||0.00075241
18:41||657998500||495085||0.00075241
18:42||657998500||495084||0.00075241
18:43||657998500||495084||0.00075241
18:44||657998500||495084||0.00075241
18:45||657998500||495085||0.00075241
18:46||657998500||495085||0.00075241
18:47||657998500||495085||0.00075241
18:48||657998500||495085||0.00075241
18:49||657998500||495085||0.00075241
18:50||657998500||495085||0.00075241
18:51||657998500||495085||0.00075241
18:52||657998500||495085||0.00075241
18:53||657998500||495085||0.00075241
18:54||657998500||495084||0.00075241
18:55||657998500||495084||0.00075241
18:56||657998500||495084||0.00075241
18:57||657998500||495084||0.00075241
18:58||657998500||495085||0.00075241
18:59||657998500||495085||0.00075241
19:00||657998500||495085||0.00075241
19:01||657998500||495085||0.00075241
19:02||657998500||495085||0.00075241
19:03||658098500||495235||0.00075241
19:04||658098500||495235||0.00075241
19:05||658198500||495084||0.00075241
19:06||658198500||495235||0.00075241
19:07||658198500||495235||0.00075241
19:08||658198500||495235||0.00075241
19:09||658198500||495234||0.00075241
19:10||658198500||495234||0.00075241
19:11||658198500||495235||0.00075241
19:12||658198500||495235||0.00075241
19:13||658198500||495235||0.00075241
19:14||658198500||495235||0.00075241
19:15||658198500||495235||0.00075241
19:16||658198500||495235||0.00075241
19:17||658198500||495235||0.00075241
19:18||658198500||495234||0.00075241
19:19||658447500||495610||0.00075241
19:20||658448000||495610||0.00075241
19:21||658400000||495537||0.00075241
19:22||658399500||495610||0.00075241
19:23||658399500||495610||0.00075241
19:24||658448500||495610||0.00075241
19:25||658448500||495610||0.00075241
19:26||658448500||495236||0.00075241
19:27||658449000||495236||0.00075241
19:28||658449000||495236||0.00075241
19:29||658448000||495236||0.00075241
19:30||658472500||495236||0.00075241
19:31||658472500||495236||0.00075241
19:32||658472500||495236||0.00075241
19:33||658472500||495236||0.00075241
19:34||658692500||495236||0.00075241
19:35||658692500||495607||0.00075241
19:36||658472000||495273||0.00075241
19:37||658478000||495273||0.00075241
19:38||658477500||495273||0.00075241
19:39||658483500||495273||0.00075241
19:40||658483500||495273||0.00075241
19:41||658545500||495388||0.00075241
19:42||658595500||495463||0.00075241
19:43||658594000||495463||0.00075241
19:44||658594000||495601||0.00075241
19:45||658594000||495601||0.00075241
19:46||658594000||495601||0.00075241
19:47||658594000||495601||0.00075241
19:48||658594000||495601||0.00075241
19:49||658594000||495601||0.00075241
19:50||658594000||495601||0.00075241
19:51||658594000||495601||0.00075241
19:52||658594000||495601||0.00075241
19:53||658684500||495601||0.00075241
19:54||658684500||495601||0.00075241
19:55||658684500||495601||0.00075241
19:56||658684500||495601||0.00075241
19:57||658684500||495601||0.00075241
19:58||658684500||495601||0.00075241
19:59||658684500||495601||0.00075241
20:00||658684500||495601||0.00075241
20:01||658684500||495601||0.00075241
20:02||658684500||495601||0.00075241
20:03||658684500||495601||0.00075241
20:04||658684500||495601||0.00075241
20:05||658684500||495601||0.00075241
20:06||658684500||495601||0.00075241
20:07||658684500||495601||0.00075241
20:08||658684500||495601||0.00075241
20:09||658684500||495601||0.00075241
20:10||658684500||495601||0.00075241
20:11||658684500||495601||0.00075241
20:12||658684500||495601||0.00075241
20:13||658684500||495600||0.00075241
20:14||658794500||495762||0.00075241
20:15||658800000||495762||0.00075241
20:16||659349500||496589||0.00075241
20:17||659349500||496589||0.00075241
20:18||659349500||496589||0.00075241
20:19||659350000||496589||0.00075241
20:20||659499500||496589||0.00075241
20:21||659499500||496589||0.00075241
20:22||659350000||496589||0.00075241
20:23||659475000||496589||0.00075241
20:24||659475000||496589||0.00075241
20:25||659475500||496589||0.00075241
20:26||659475500||496589||0.00075241
20:27||659475500||496364||0.00075241
20:28||659471000||496364||0.00075241
20:29||659466000||496364||0.00075241
20:30||659475500||496027||0.00075241
20:31||659475500||496027||0.00075241
20:32||659475500||496027||0.00075241
20:33||659495500||496027||0.00075241
20:34||659496000||496027||0.00075241
20:35||659500000||496027||0.00075241
20:36||659400000||496027||0.00075241
20:37||659550000||496027||0.00075241
20:38||659645000||496589||0.00075241
20:39||657606500||495083||0.00075241
20:40||657354500||494333||0.00075241
20:41||656809500||494333||0.00075241
20:42||657882500||494189||0.00075241
20:43||657838000||494189||0.00075241
20:44||657734500||494189||0.00075241
20:45||657641000||494189||0.00075241
20:46||657641000||494189||0.00075241
20:47||657641000||494189||0.00075241
20:48||657641000||494189||0.00075241
20:49||658236500||494189||0.00075241
20:50||657641000||495441||0.00075241
20:51||657623000||495441||0.00075241
20:52||657603500||495441||0.00075241
20:53||657603500||495441||0.00075241
20:54||657603500||495441||0.00075241
20:55||657603500||495441||0.00075241
20:56||657604000||495441||0.00075241
20:57||657604000||495441||0.00075241
20:58||657604000||495441||0.00075241
20:59||657604000||495441||0.00075241
21:00||657605000||495441||0.00075241
21:01||657715000||495385||0.00075241
21:02||657811500||495385||0.00075241
21:03||657645500||495385||0.00075241
21:04||657645500||495385||0.00075241
21:05||657645500||494552||0.00075241
21:06||657653500||494552||0.00075241
21:07||657653000||494552||0.00075241
21:08||657653500||495085||0.00075241
21:09||657999500||495085||0.00075241
21:10||657999500||495085||0.00075241
21:11||657999500||495085||0.00075241
21:12||657999500||495085||0.00075241
21:13||657999500||495085||0.00075241
21:14||657999500||495085||0.00075241
21:15||657999500||495085||0.00075241
21:16||657999500||495085||0.00075241
21:17||657999500||495085||0.00075241
21:18||657999500||495085||0.00075241
21:19||657999500||495085||0.00075241
21:20||657999500||495085||0.00075241
21:21||657999500||495085||0.00075241
21:22||657999500||495085||0.00075241
21:23||657999500||495085||0.00075241
21:24||657999500||495085||0.00075241
21:25||657999500||495085||0.00075241
21:26||657999500||495085||0.00075241
21:27||657999500||495085||0.00075241
21:28||657999500||495085||0.00075241
21:29||657999500||495085||0.00075241
21:30||657999500||495085||0.00075241
21:31||657999500||495085||0.00075241
21:32||657999500||495085||0.00075241
21:33||658198500||495085||0.00075241
21:34||658198500||495085||0.00075241
21:35||658198500||495085||0.00075241
21:36||658195000||495085||0.00075241
21:37||658195000||495379||0.00075241
21:38||658195000||495379||0.00075241
21:39||658195000||495379||0.00075241
21:40||658195000||495379||0.00075241
21:41||658195000||495379||0.00075241
21:42||658194500||495379||0.00075241
21:43||658195000||495379||0.00075241
21:44||658195000||495378||0.00075241
21:45||658195000||495086||0.00075241
21:46||658195000||495086||0.00075241
21:47||658195000||495378||0.00075241
21:48||658195000||495086||0.00075241
21:49||658195000||495377||0.00075241
21:50||658195000||495377||0.00075241
21:51||658387500||495377||0.00075241
21:52||658387500||495377||0.00075241
21:53||658387500||495377||0.00075241
21:54||658387500||495377||0.00075241
21:55||658387500||495377||0.00075241
21:56||658387500||495377||0.00075241
21:57||658387500||495377||0.00075241
21:58||658387500||495377||0.00075241
21:59||658185500||495363||0.00075241
22:00||658185500||495363||0.00075241
22:01||658002500||495363||0.00075241
22:02||658002500||495363||0.00075241
22:03||658002500||495363||0.00075241
22:04||658002500||495363||0.00075241
22:05||658002500||495363||0.00075241
22:06||658002000||495363||0.00075241
22:07||658002000||495363||0.00075241
22:08||658002000||495363||0.00075241
22:09||658002000||495088||0.00075241
22:10||658002500||495088||0.00075241
22:11||658002500||495087||0.00075241
22:12||658002500||495088||0.00075241
22:13||658002500||495088||0.00075241
22:14||658002500||495088||0.00075241
22:15||658002500||495088||0.00075241
22:16||658002500||495088||0.00075241
22:17||658002500||495088||0.00075241
22:18||658002500||495088||0.00075241
22:19||658002500||495088||0.00075241
22:20||658002500||495088||0.00075241
22:21||658001500||495087||0.00075241
22:22||658001500||495087||0.00075241
22:23||658001500||495087||0.00075241
22:24||658001500||495087||0.00075241
22:25||658001500||495087||0.00075241
22:26||658001500||495087||0.00075241
22:27||658002000||495087||0.00075241
22:28||658001500||495087||0.00075241
22:29||658001500||495086||0.00075241
22:30||658001500||495086||0.00075241
22:31||658001500||495086||0.00075241
22:32||658001500||495087||0.00075241
22:33||658500500||495838||0.00075241
22:34||658490500||495838||0.00075241
22:35||658490500||495838||0.00075241
22:36||658490500||495838||0.00075241
22:37||658490500||495838||0.00075241
22:38||657724500||495085||0.00075241
22:39||657724500||495085||0.00075241
22:40||657161500||494709||0.00075241
22:41||657931500||494245||0.00075241
22:42||657931500||494245||0.00075241
22:43||657931500||494245||0.00075241
22:44||657931500||494245||0.00075241
22:45||657931500||494245||0.00075241
22:46||657931500||494245||0.00075241
22:47||657931500||494245||0.00075241
22:48||657989500||494245||0.00075241
22:49||657989500||494245||0.00075241
22:50||657990000||494245||0.00075241
22:51||657990000||494245||0.00075241
22:52||657990000||494245||0.00075241
22:53||657990000||494245||0.00075241
22:54||658010000||494245||0.00075241
22:55||658010000||494245||0.00075241
22:56||658010000||494245||0.00075241
22:57||658009500||494245||0.00075241
22:58||658009500||494245||0.00075241
22:59||658145000||494245||0.00075241
23:00||658489000||494245||0.00075241
23:01||658009500||494245||0.00075241
23:02||658008000||494364||0.00075241
23:03||658027500||494364||0.00075241
23:04||658027500||494364||0.00075241
23:05||658050000||494364||0.00075241
23:06||658049500||494364||0.00075241
23:07||658049500||494364||0.00075241
23:08||658049500||494364||0.00075241
23:09||658031500||494364||0.00075241
23:10||658031500||494364||0.00075241
23:11||658031500||494364||0.00075241
23:12||658031500||494364||0.00075241
23:13||658031500||494364||0.00075241
23:14||658031500||494364||0.00075241
23:15||658031500||495819||0.00075241
23:16||658031500||495819||0.00075241
23:17||658032000||495819||0.00075241
23:18||658099000||495819||0.00075241
23:19||658252500||495819||0.00075241
23:20||658252500||494732||0.00075241
23:21||658497500||494732||0.00075241
23:22||658497500||494732||0.00075241
23:23||658497500||494732||0.00075241
23:24||658563500||495838||0.00075241
23:25||659054500||495838||0.00075241
23:26||659054500||495918||0.00075241
23:27||659054500||495918||0.00075241
23:28||658563500||495918||0.00075241
23:29||658662500||495918||0.00075241
23:30||658662500||495918||0.00075241
23:31||659339000||495918||0.00075241
23:32||659339000||496214||0.00075241
23:33||659339000||496214||0.00075241
23:34||659339000||496214||0.00075241
23:35||659189000||496214||0.00075241
23:36||659189000||496214||0.00075241
23:37||659189000||496214||0.00075241
23:38||659189000||496214||0.00075241
23:39||659189000||496214||0.00075241
23:40||659189000||496214||0.00075241
23:41||659189000||496214||0.00075241
23:42||658710500||496214||0.00075241
23:43||658759500||496214||0.00075241
23:44||658709500||496214||0.00075241
23:45||658709500||496214||0.00075241
23:46||658709500||496214||0.00075241
23:47||658709500||496214||0.00075241
23:48||658650500||496214||0.00075241
23:49||658650500||496214||0.00075241
23:50||658650500||496214||0.00075241
23:51||658650500||496214||0.00075241
23:52||658650500||496214||0.00075241
23:53||658650500||496214||0.00075241
23:54||658650500||496214||0.00075241
23:55||658650500||496214||0.00075241
23:56||658650500||496214||0.00075241
23:57||658650500||496214||0.00075241
23:58||658650500||496214||0.00075241
23:59||658650500||496214||0.00075241
